5.299999999999989814e+04 -5.339468582218208703e-12
5.301412126411793724e+04 -5.414273697433366628e-12
5.302824252818313835e+04 -5.238078207962973723e-12
5.304236379239799135e+04 -5.287094736504337631e-12
5.305648505650544394e+04 -5.252417209401705710e-12
5.307060632059637283e+04 -5.324301896833780542e-12
5.308472758470466215e+04 -5.542016551821268617e-12
5.309884884880174650e+04 -5.354026252423757752e-12
5.311297011302177270e+04 -5.311803897422833048e-12
5.312709137707515765e+04 -5.156000902983486945e-12
5.314121264122008142e+04 -5.133690798872783618e-12
5.315533390529080498e+04 -5.271933300809240750e-12
5.316945516949574812e+04 -5.291294206278502157e-12
5.318357643357762572e+04 -5.172597603741683868e-12
5.319769769770981657e+04 -5.082904536037333312e-12
5.321181896178271563e+04 -5.127865026560352225e-12
5.322594022590143140e+04 -5.239454778938528181e-12
5.324006149011623347e+04 -5.181454213766713924e-12
5.325418275421375438e+04 -5.053400360100370916e-12
5.326830401827663445e+04 -4.883868275689593661e-12
5.328242528242696426e+04 -5.042136626671746792e-12
5.329654654649869190e+04 -5.163341453946202152e-12
5.331066781071543664e+04 -4.974780398081327267e-12
5.332478907479164627e+04 -5.064419073882559584e-12
5.333891033892774431e+04 -4.998086765185853743e-12
5.335303160301639582e+04 -5.127357573663847935e-12
5.336715286720979930e+04 -5.215004850240022394e-12
5.338127413132165384e+04 -5.304565881855636895e-12
5.339539539538791723e+04 -5.107304784748999428e-12
5.340951665948341542e+04 -5.221448498182593795e-12
5.342363792357264174e+04 -4.941701926348922903e-12
5.343775918777677725e+04 -5.259104289279792308e-12
5.345188045187937678e+04 -5.001588128711955656e-12
5.346600171600054455e+04 -5.151303737052501558e-12
5.348012298012715473e+04 -5.241056728039947329e-12
5.349424424418929266e+04 -4.973418551844140204e-12
5.350836550840039126e+04 -4.932843421314084978e-12
5.352248677250604669e+04 -5.068224253575604536e-12
5.353660803660682723e+04 -4.932920963066739987e-12
5.355072930072531744e+04 -4.928833478128890334e-12
5.356485056491677824e+04 -4.928342004774544984e-12
5.357897182900808548e+04 -4.859916580920962255e-12
5.359309309312675032e+04 -5.073002956144783860e-12
5.360721435717950953e+04 -4.964133003788405101e-12
5.362133562131666258e+04 -4.834387213663036912e-12
5.363545688551382045e+04 -4.773419319215408528e-12
5.364957814959960524e+04 -4.699970787743986237e-12
5.366369941372302856e+04 -4.576414099649236473e-12
5.367782067780997022e+04 -4.442175087621333372e-12
5.369194194189763220e+04 -4.337545962347750625e-12
5.370606320607657835e+04 -4.262956327673449902e-12
5.372018447021561587e+04 -4.098330782169123488e-12
5.373430573429576907e+04 -4.127399208283371210e-12
5.374842699837743567e+04 -4.120039399923695354e-12
5.376254826252078783e+04 -4.003198831451917371e-12
5.377666952669349848e+04 -4.055251165704564716e-12
5.379079079078431096e+04 -4.009053694725714542e-12
5.380491205492075096e+04 -3.993834819746863621e-12
5.381903331902248465e+04 -3.871320694345012970e-12
5.383315458318838500e+04 -3.645294372693294792e-12
5.384727584731305978e+04 -3.546191096017778136e-12
5.386139711141191219e+04 -3.376990484673833647e-12
5.387551837551374047e+04 -3.431398367333427117e-12
5.388963963961190893e+04 -3.337304677124692769e-12
5.390376090382369148e+04 -3.428509143191561815e-12
5.391788216791507875e+04 -3.289087637856081385e-12
5.393200343202136719e+04 -3.155905119403984258e-12
5.394612469611366396e+04 -3.104108457825877926e-12
5.396024596018152806e+04 -2.966227953979095389e-12
5.397436722440490121e+04 -2.930511423729013780e-12
5.398848848852263473e+04 -2.747553450915973193e-12
5.400260975261410204e+04 -2.838829415190706649e-12
5.401673101667383889e+04 -2.768233641726479228e-12
5.403085228087190626e+04 -2.705243925463913156e-12
5.404497354497462948e+04 -2.816385943362754830e-12
5.405909480907775287e+04 -2.555977588097139181e-12
5.407321607319462055e+04 -2.573137157984583057e-12
5.408733733729728556e+04 -2.479890383510264830e-12
5.410145860152266687e+04 -2.499964785780212463e-12
5.411557986557943514e+04 -2.435525847963398786e-12
5.412970112967425666e+04 -2.260890348492138068e-12
5.414382239378699160e+04 -2.262994526408970928e-12
5.415794365787291463e+04 -2.123005132729077770e-12
5.417206492208833515e+04 -2.203930451003415055e-12
5.418618618622282520e+04 -1.930495081291729900e-12
5.420030745029728860e+04 -1.767982932670866456e-12
5.421442871438954171e+04 -1.637228894895055913e-12
5.422854997850384825e+04 -1.461249065223205322e-12
5.424267124268497719e+04 -1.559011699284784029e-12
5.425679250679993856e+04 -1.508141031688187482e-12
5.427091377091140748e+04 -1.399140477304548921e-12
5.428503503500815714e+04 -1.180815065777818478e-12
5.429915629920906940e+04 -9.957971660877689174e-13
5.431327756332750141e+04 -1.110199420318855188e-12
5.432739882739337190e+04 -1.146218332674403180e-12
5.434152009152590472e+04 -1.024364899881041180e-12
5.435564135559710121e+04 -1.055147644056632435e-12
5.436976261982485448e+04 -9.370088402174147302e-13
5.438388388387185842e+04 -1.092291065475124297e-12
5.439800514799987286e+04 -1.018853801629583185e-12
5.441212641208487912e+04 -1.004147296329439522e-12
5.442624767619103659e+04 -9.407709980661852266e-13
5.444036894040150946e+04 -7.657380587002059252e-13
5.445449020449335512e+04 -7.089447172085997226e-13
5.446861146859768633e+04 -9.201377215525297700e-13
5.448273273271160724e+04 -8.578367645301924905e-13
5.449685399688303733e+04 -6.958853339463624273e-13
5.451097526099665993e+04 -6.152611685819409857e-13
5.452509652507777355e+04 -6.449831169972984174e-13
5.453921778921267105e+04 -6.761932114926749658e-13
5.455333905327424873e+04 -7.453698786936462955e-13
5.456746031752306590e+04 -6.562142767438295445e-13
5.458158158160617313e+04 -7.189905227124284305e-13
5.459570284568727948e+04 -4.722278769867226208e-13
5.460982410977317340e+04 -3.865156615062008805e-13
5.462394537389264588e+04 -4.143708716119309974e-13
5.463806663810443570e+04 -5.661703761427238783e-13
5.465218790222459211e+04 -4.159770204648149368e-13
5.466630916631070431e+04 -4.292117689589486873e-13
5.468043043040231714e+04 -5.341404082150461194e-13
5.469455169462207414e+04 -3.635887060949830302e-13
5.470867295872118120e+04 -2.221287848046305760e-13
5.472279422278761194e+04 -7.445364107820755187e-14
5.473691548688057082e+04 -2.199162328134128898e-13
5.475103675100304827e+04 -3.606673180028752480e-13
5.476515801517645014e+04 -1.207447357848338629e-13
5.477927927932483726e+04 -8.972147901316020719e-14
5.479340054340963252e+04 -3.025611956631465353e-13
5.480752180751287960e+04 -3.598576878668296826e-13
5.482164307162097248e+04 -9.876958746168982854e-14
5.483576433578547585e+04 -3.301304129374192711e-13
5.484988559992223600e+04 -3.683178311102856906e-13
5.486400686402153224e+04 -1.484172054853634006e-13
5.487812812810512696e+04 -2.514205147772512445e-13
5.489224939218474901e+04 1.008345612304623091e-13
5.490637065638505010e+04 1.081171351363702734e-13
5.492049192052046419e+04 2.021268303158085063e-13
5.493461318460897019e+04 2.831959644695748833e-13
5.494873444869347441e+04 2.121111760421033945e-13
5.496285571287187486e+04 1.277678746731850546e-13
5.497697697698902630e+04 1.858629342529576697e-13
5.499109824109863985e+04 4.792018480530467315e-13
5.500521950522422412e+04 5.449740533104945116e-13
5.501934076929746516e+04 6.891767196062564572e-13
5.503346203351864096e+04 8.079919907301964434e-13
5.504758329757367756e+04 7.742997406861539052e-13
5.506170456167258089e+04 9.868149497107615794e-13
5.507582582580800226e+04 1.006534933930264480e-12
5.508994708990996151e+04 1.190583612928605600e-12
5.510406835412078362e+04 1.186768189939305911e-12
5.511818961822632264e+04 1.230882379325684124e-12
5.513231088228301815e+04 1.221224180152168669e-12
5.514643214640503720e+04 1.370160478513585726e-12
5.516055341060258797e+04 1.141187979992820727e-12
5.517467467467536335e+04 1.516079921261792588e-12
5.518879593877675507e+04 1.587262225869617761e-12
5.520291720287882345e+04 1.618561641908343417e-12
5.521703846699353016e+04 1.538339013757142796e-12
5.523115973118735565e+04 1.488008372739143436e-12
5.524528099530284089e+04 1.736186232275528004e-12
5.525940225937965442e+04 1.975686380955987140e-12
5.527352352350748697e+04 2.152839272915033033e-12
5.528764478759960912e+04 2.124413306341938946e-12
5.530176605177333840e+04 1.985205271300425702e-12
5.531588731592090335e+04 2.120634759219159297e-12
5.533000857998286665e+04 2.375291708503159658e-12
5.534412984409688215e+04 2.510555255022552067e-12
5.535825110830147605e+04 2.470956720357508924e-12
5.537237237241300318e+04 2.627747988019599111e-12
5.538649363651160093e+04 2.525588726339175540e-12
5.540061490060953656e+04 2.798602481976978898e-12
5.541473616471939022e+04 2.814519335162688521e-12
5.542885742887183733e+04 2.962619370817795618e-12
5.544297869302015897e+04 3.218187563736697467e-12
5.545709995709596842e+04 3.221852205405114481e-12
5.547122122117310209e+04 3.166885448501813390e-12
5.548534248527267482e+04 3.337824756952189631e-12
5.549946374951853068e+04 3.477013534596742227e-12
5.551358501362022071e+04 3.442229758903699233e-12
5.552770627771471482e+04 3.584836519642832934e-12
5.554182754182761710e+04 3.506701475268531216e-12
5.555594880588578962e+04 3.564023780578778431e-12
5.557007007007543143e+04 3.777686648515867856e-12
5.558419133419882564e+04 4.124838924060873141e-12
5.559831259828247130e+04 3.862333970917653686e-12
5.561243386237740197e+04 4.036813772285828761e-12
5.562655512661070679e+04 4.036561787197939469e-12
5.564067639070139558e+04 3.720551590661173343e-12
5.565479765479626076e+04 3.909143786146665276e-12
5.566891891889311955e+04 3.848648517388272008e-12
5.568304018297323637e+04 3.861310051023940002e-12
5.569716144719058502e+04 4.039679436846305261e-12
5.571128271129877976e+04 4.006975869756857525e-12
5.572540397537709941e+04 3.853070753247755329e-12
5.573952523950555042e+04 3.972446537542804297e-12
5.575364650357555365e+04 3.904093431360785596e-12
5.576776776780655200e+04 4.115342978700046949e-12
5.578188903187599499e+04 4.067633802059789866e-12
5.579601029601838673e+04 4.067260536344234900e-12
5.581013156008002261e+04 4.089549948996501527e-12
5.582425282430560765e+04 4.079840123609857734e-12
5.583837408841543947e+04 4.057379852776046952e-12
5.585249535251378984e+04 4.132005953585017703e-12
5.586661661659047968e+04 3.891877685978163015e-12
5.588073788068670547e+04 4.030452275579227324e-12
5.589485914490724826e+04 4.185936498639097892e-12
5.590898040901624336e+04 4.201238344317619608e-12
5.592310167307851953e+04 3.978086906193007839e-12
5.593722293717816501e+04 4.079169392571039151e-12
5.595134420129707723e+04 3.983841180297575228e-12
5.596546546550440689e+04 4.164103527267982638e-12
5.597958672958224633e+04 3.976071844953599181e-12
5.599370799371964677e+04 4.329082056761278542e-12
5.600782925780597725e+04 4.276818300873915281e-12
5.602195052201112412e+04 4.487502418259864787e-12
5.603607178609842958e+04 4.529386846917316111e-12
5.605019305018760497e+04 4.410309757141082008e-12
5.606431431429750955e+04 4.397405662250080243e-12
5.607843557838879497e+04 4.494635849772290615e-12
5.609255684260283306e+04 4.488872561567018929e-12
5.610667810667994490e+04 4.388103110322560565e-12
5.612079937079983210e+04 4.217832484251752040e-12
5.613492063490390865e+04 4.101898037766747772e-12
5.614904189902466896e+04 4.166380816891535323e-12
5.616316316321404156e+04 4.313549122319229846e-12
5.617728442731624818e+04 4.279451237743463946e-12
5.619140569138885621e+04 4.157283130889128950e-12
5.620552695550816134e+04 3.980999280184410718e-12
5.621964821961737471e+04 4.116421392929840870e-12
5.623376948378134693e+04 4.214410403838668797e-12
5.624789074791339226e+04 4.321250442176068401e-12
5.626201201200245850e+04 4.274600012636794175e-12
5.627613327609874250e+04 4.097056646224483129e-12
5.629025454032223206e+04 4.120671131680379182e-12
5.630437580441533646e+04 4.047162779358823674e-12
5.631849706847943889e+04 4.162490822705494724e-12
5.633261833259285049e+04 4.071060799255076481e-12
5.634673959671067860e+04 4.024234185020205120e-12
5.636086086089356832e+04 4.107977638960393309e-12
5.637498212499557121e+04 4.012103663862429409e-12
5.638910338908930134e+04 4.046628489026129681e-12
5.640322465321482741e+04 3.910286938008794171e-12
5.641734591728019586e+04 3.925719078415687474e-12
5.643146718147381762e+04 3.950326753876530578e-12
5.644558844557672273e+04 3.829855756345828727e-12
5.645970970968650363e+04 3.864946830926541678e-12
5.647383097382113192e+04 3.766595617062113545e-12
5.648795223798385996e+04 3.660595529017676632e-12
5.650207350210322329e+04 3.764949314487907705e-12
5.651619476620182832e+04 3.692437430026100958e-12
5.653031603031787381e+04 3.874306745313092887e-12
5.654443729441676260e+04 3.858423080407250775e-12
5.655855855861164309e+04 3.734447236629721305e-12
5.657267982269170170e+04 3.816971328583638026e-12
5.658680108677640965e+04 3.558068328135751074e-12
5.660092235091539624e+04 3.562036990837035124e-12
5.661504361501556559e+04 3.524830060981758122e-12
5.662916487917376071e+04 3.563385008624276920e-12
5.664328614330855635e+04 3.584016646210531724e-12
5.665740740741669288e+04 3.694703247157847660e-12
