5.300000000000042201e+04 -3.490633591688371771e-12
5.301412126408860058e+04 -3.188547400760541978e-12
5.302824252820202673e+04 -3.296349532202318455e-12
5.304236379241288523e+04 -3.210591006804506996e-12
5.305648505649635626e+04 -3.178065202998410231e-12
5.307060632060690114e+04 -3.140797177185333318e-12
5.308472758471299312e+04 -3.178071658893842060e-12
5.309884884880980826e+04 -3.095062489054797198e-12
5.311297011300537270e+04 -3.349030372551201805e-12
5.312709137710065988e+04 -3.221529286679338987e-12
5.314121264120065462e+04 -3.010653734885242943e-12
5.315533390529219469e+04 -3.060518019672909235e-12
5.316945516949648299e+04 -2.908228483988871900e-12
5.318357643359660869e+04 -2.756468869721537584e-12
5.319769769770082348e+04 -2.767723843057699347e-12
5.321181896179552859e+04 -2.703296158612360787e-12
5.322594022588730149e+04 -2.678888961215835133e-12
5.324006149011029629e+04 -2.574175046480552696e-12
5.325418275418955454e+04 -2.469589075854738947e-12
5.326830401830483606e+04 -2.390058557670923213e-12
5.328242528240779939e+04 -2.475718557300949984e-12
5.329654654649509757e+04 -2.554840251015710129e-12
5.331066781071065634e+04 -2.358773777490864395e-12
5.332478907481042552e+04 -2.356946856900230980e-12
5.333891033889205573e+04 -2.303948748417507944e-12
5.335303160298951116e+04 -2.427222995707296882e-12
5.336715286720909353e+04 -2.357889515449887506e-12
5.338127413131142384e+04 -2.186800314451524760e-12
5.339539539540048281e+04 -2.171774168925450670e-12
5.340951665949788730e+04 -2.304296975504441290e-12
5.342363792359561194e+04 -2.475460272575374684e-12
5.343775918778743653e+04 -2.367850570834937792e-12
5.345188045189547847e+04 -1.963506591025577491e-12
5.346600171598773159e+04 -2.140361640269118080e-12
5.348012298010236555e+04 -2.255007240956065735e-12
5.349424424419959541e+04 -2.095173600193449500e-12
5.350836550840066047e+04 -2.129204679163604856e-12
5.352248677250082983e+04 -2.048097504153739042e-12
5.353660803660019155e+04 -2.066863911824930326e-12
5.355072930070503935e+04 -2.009061052075305809e-12
5.356485056488798000e+04 -1.818136161270692047e-12
5.357897182899549807e+04 -1.720237397875618092e-12
5.359309309310124081e+04 -1.943347666273042251e-12
5.360721435719636065e+04 -2.043409888262287334e-12
5.362133562131247163e+04 -1.807806532946437743e-12
5.363545688549440820e+04 -1.860495638797805895e-12
5.364957814958967356e+04 -1.829136909270072818e-12
5.366369941369024309e+04 -1.935958698318023765e-12
5.367782067780206853e+04 -1.797362654836358275e-12
5.369194194189718837e+04 -1.448431777484243032e-12
5.370606320609524846e+04 -1.663610489260575876e-12
5.372018447019394080e+04 -1.420494281269033218e-12
5.373430573431211815e+04 -1.591231880507850315e-12
5.374842699839184206e+04 -1.487561546596646816e-12
5.376254826249554026e+04 -1.638933513688274003e-12
5.377666952669837337e+04 -1.548734872844717091e-12
5.379079079080585507e+04 -1.429592496447949124e-12
5.380491205489413551e+04 -1.379983537433784924e-12
5.381903331900146441e+04 -1.212378221278614909e-12
5.383315458320813923e+04 -1.357123211709384379e-12
5.384727584729840601e+04 -1.343738575413471432e-12
5.386139711140198779e+04 -1.408689774288379508e-12
5.387551837548727781e+04 -1.378683554853631855e-12
5.388963963961049740e+04 -1.222177488011477834e-12
5.390376090379653033e+04 -1.360551879083314455e-12
5.391788216790695151e+04 -1.316691210235085991e-12
5.393200343200316274e+04 -1.322087654099982230e-12
5.394612469609711115e+04 -1.125767004146654435e-12
5.396024596019057935e+04 -9.587850731670535718e-13
5.397436722441051825e+04 -9.517421803338247588e-13
5.398848848849923525e+04 -7.938979824385108409e-13
5.400260975260807754e+04 -5.015759176309090821e-13
5.401673101669121388e+04 -7.118348458217350106e-13
5.403085228089192242e+04 -6.892184746913826633e-13
5.404497354499052017e+04 -9.160436218268847587e-13
5.405909480909519334e+04 -7.362550528257220830e-13
5.407321607321089687e+04 -5.342053825761570840e-13
5.408733733731142274e+04 -6.000007386870864626e-13
5.410145860150738008e+04 -7.658750923337244774e-13
5.411557986561352300e+04 -7.532059844481817379e-13
5.412970112971017079e+04 -5.217093122515090798e-13
5.414382239381089312e+04 -5.061410182340505202e-13
5.415794365790174197e+04 -4.748494887087676000e-13
5.417206492209126009e+04 -4.480589899152942655e-13
5.418618618620380585e+04 -4.753506031375204306e-13
5.420030745031165861e+04 -4.023207314789513295e-13
5.421442871439974988e+04 -4.661605475320109636e-14
5.422854997848903440e+04 4.942830158735488810e-14
5.424267124271086504e+04 -4.422346077949549980e-14
5.425679250680692348e+04 -1.156131437319690595e-13
5.427091377088845911e+04 -2.957073011419905293e-14
5.428503503500860825e+04 2.135239488674888782e-14
5.429915629919534695e+04 -4.357943630186354137e-14
5.431327756331262208e+04 -6.274063176037604618e-14
5.432739882739860332e+04 -6.909528701392403869e-14
5.434152009149720834e+04 2.686352964800058747e-13
5.435564135560771683e+04 1.763003411480706802e-13
5.436976261980021081e+04 7.773662052350972549e-14
5.438388388390789623e+04 2.327774925524120702e-13
5.439800514799766825e+04 1.917000971681172979e-13
5.441212641211255686e+04 3.244332094316321822e-13
5.442624767620694183e+04 1.261434135549737603e-13
5.444036894039768231e+04 2.677870309468916358e-13
5.445449020449556701e+04 3.986057745816496585e-13
5.446861146860417648e+04 4.342515121259649286e-13
5.448273273269182391e+04 6.115859605136240209e-13
5.449685399688914185e+04 4.019311476286691165e-13
5.451097526100293180e+04 3.421567943573747779e-13
5.452509652510967135e+04 2.095792104838105439e-13
5.453921778920356883e+04 4.816174387439293479e-13
5.455333905330597190e+04 3.706092949581756601e-13
5.456746031750771363e+04 3.736298714875308812e-13
5.458158158159246523e+04 4.119898239779779074e-13
5.459570284569972137e+04 2.946032555054951288e-13
5.460982410979944689e+04 4.710960898886668277e-13
5.462394537389672041e+04 5.904571841973401237e-13
5.463806663810394821e+04 7.029985053315754482e-13
5.465218790219444782e+04 7.030943655970796067e-13
5.466630916628853447e+04 5.824685026833362271e-13
5.468043043040010525e+04 6.764884467230005040e-13
5.469455169460814068e+04 9.002869527001052811e-13
5.470867295870200905e+04 8.512718382490797147e-13
5.472279422279576102e+04 8.155325880375991788e-13
5.473691548688783951e+04 9.205784189421896368e-13
5.475103675099784596e+04 7.847800279642834421e-13
5.476515801519213710e+04 8.414089907278722778e-13
5.477927927930141595e+04 6.894782952315922868e-13
5.479340054339505150e+04 6.732728238983235935e-13
5.480752180750417756e+04 5.813530022059797804e-13
5.482164307160983299e+04 7.266556450588300160e-13
5.483576433579884906e+04 9.317972001372937327e-13
5.484988559989661007e+04 9.000844723433771826e-13
5.486400686399900587e+04 9.680627036430724085e-13
5.487812812808882882e+04 1.108728057243860688e-12
5.489224939220377564e+04 1.048846496981757812e-12
5.490637065641039953e+04 1.449891025142423882e-12
5.492049192048943951e+04 1.254328649452553449e-12
5.493461318460835901e+04 1.105468221317134953e-12
5.494873444869789091e+04 1.283029604210885499e-12
5.496285571290433290e+04 1.164484300324971879e-12
5.497697697698882257e+04 1.229006671236645201e-12
5.499109824109554756e+04 1.256290263497880158e-12
5.500521950520844985e+04 1.317566101540081437e-12
5.501934076930959418e+04 1.299998045004289340e-12
5.503346203350565338e+04 1.042642968371274857e-12
5.504758329760906054e+04 1.118102017410997148e-12
5.506170456168964301e+04 1.366244922529062733e-12
5.507582582579023438e+04 1.429383775486357837e-12
5.508994708991065272e+04 1.380302341382258934e-12
5.510406835410436906e+04 1.534469711195904184e-12
5.511818961819339893e+04 1.510254625596776477e-12
5.513231088229583838e+04 1.312529133670825615e-12
5.514643214640378574e+04 1.313129336312798417e-12
5.516055341060349747e+04 1.266868737246055462e-12
5.517467467470575502e+04 1.438988582823483620e-12
5.518879593879185268e+04 1.351849253881873303e-12
5.520291720290814555e+04 1.382105883806101285e-12
5.521703846699866699e+04 1.288165758109958750e-12
5.523115973119092087e+04 1.082212520905828496e-12
5.524528099530724285e+04 1.233619310706148936e-12
5.525940225940996606e+04 1.333543073301699398e-12
5.527352352350149886e+04 1.290829695324999636e-12
5.528764478761164355e+04 1.354419874062943839e-12
5.530176605179963371e+04 1.476208776320405962e-12
5.531588731590023963e+04 1.624422245480268922e-12
5.533000858000305016e+04 1.451266913402200774e-12
5.534412984408850753e+04 1.462175615983378150e-12
5.535825110831357597e+04 1.311497168567694116e-12
5.537237237238780654e+04 1.357374913472005387e-12
5.538649363648919825e+04 1.423313668714801221e-12
5.540061490059059724e+04 1.472474921162421868e-12
5.541473616469329863e+04 1.511897161901210728e-12
5.542885742888794630e+04 1.461436122506631727e-12
5.544297869299667218e+04 1.699403753891224363e-12
5.545709995710067597e+04 1.516223785639761216e-12
5.547122122120297718e+04 1.708087520146730842e-12
5.548534248531243065e+04 1.674982862171055185e-12
5.549946374950428435e+04 1.609605182931250946e-12
5.551358501361149683e+04 1.707843565552682543e-12
5.552770627771072759e+04 1.749335996759971314e-12
5.554182754179540643e+04 1.680481720013484970e-12
5.555594880590969842e+04 1.712259398028110344e-12
5.557007007009191148e+04 1.741128988600451819e-12
5.558419133420642902e+04 1.755595476464197254e-12
5.559831259828796465e+04 1.636687273001732385e-12
5.561243386239027313e+04 1.680237961052631588e-12
5.562655512660427485e+04 1.813868540597779669e-12
5.564067639068799326e+04 1.895554202964983606e-12
5.565479765479088383e+04 2.127357823644464528e-12
5.566891891890476109e+04 1.924763999663267068e-12
5.568304018301200995e+04 2.083168588845390577e-12
5.569716144719581644e+04 1.975537660903306496e-12
5.571128271130242501e+04 1.863687511846675835e-12
5.572540397539277910e+04 1.806993011962793327e-12
5.573952523949222086e+04 1.751902508643948813e-12
5.575364650359272491e+04 1.785772288044903493e-12
5.576776776779673673e+04 1.851317038033157626e-12
5.578188903190186829e+04 1.883749891617524811e-12
5.579601029600123729e+04 1.864851138089979227e-12
5.581013156011223327e+04 1.539109543679499848e-12
5.582425282430192601e+04 1.643357191148872173e-12
5.583837408840382705e+04 1.623573197414374918e-12
5.585249535248747998e+04 1.673725331994196695e-12
5.586661661660403479e+04 1.629071859623609989e-12
5.588073788069824514e+04 1.626757127661477030e-12
5.589485914490987489e+04 1.688884361367910903e-12
5.590898040899422631e+04 1.778928060721102116e-12
5.592310167309605458e+04 1.773514694584846439e-12
5.593722293719270237e+04 1.904264379701802349e-12
5.595134420129409409e+04 1.841807112795561320e-12
5.596546546549635241e+04 1.572112472393824165e-12
5.597958672959933756e+04 1.702145944384227864e-12
5.599370799369382439e+04 1.495767009347980908e-12
5.600782925780627556e+04 1.321195684205180282e-12
5.602195052200031932e+04 1.292774484915564365e-12
5.603607178610926348e+04 1.362626882222463334e-12
5.605019305021018954e+04 1.396840389146868692e-12
5.606431431429398071e+04 1.238321158912529985e-12
5.607843557841140137e+04 1.346005494716823544e-12
5.609255684260854468e+04 1.243623992293663702e-12
5.610667810669766186e+04 9.372761033938430825e-13
5.612079937080202944e+04 8.234985761009940159e-13
5.613492063490072178e+04 9.073477459706681123e-13
5.614904189900801430e+04 9.078923887852875607e-13
5.616316316318983445e+04 9.546062699646288767e-13
5.617728442729874951e+04 8.120657721906624766e-13
5.619140569140785374e+04 8.170962841644862678e-13
5.620552695550244971e+04 6.782123664365159276e-13
5.621964821960523113e+04 6.457736438563016621e-13
5.623376948379232635e+04 5.837121429033563783e-13
5.624789074789114966e+04 7.773287508366875008e-13
5.626201201200075593e+04 6.124755046508635441e-13
5.627613327609800035e+04 8.349407704046811256e-13
5.629025454029729735e+04 6.318602110345566659e-13
5.630437580440938473e+04 6.481200683960094183e-13
5.631849706848717324e+04 3.166227497581879954e-13
5.633261833259190462e+04 2.568650253084607202e-13
5.634673959668967291e+04 6.716029874047848612e-14
5.636086086090162280e+04 5.607533065069054268e-14
5.637498212500006775e+04 2.804223921063130087e-13
5.638910338909292477e+04 1.365236130601112842e-13
5.640322465319277399e+04 1.139459773023504125e-13
5.641734591730948159e+04 2.292408356548936917e-13
5.643146718148975197e+04 1.307293490933727566e-13
5.644558844561220758e+04 2.504842530233927368e-13
5.645970970968739857e+04 4.865603019204691999e-15
5.647383097379973333e+04 6.396521740126673447e-14
5.648795223801058455e+04 -1.781689213102603302e-14
5.650207350210096047e+04 -1.254284523868142999e-13
5.651619476620617206e+04 -2.719510638431010213e-13
5.653031603029186226e+04 -2.454349406054839294e-13
5.654443729440857715e+04 -3.783453943601814767e-13
5.655855855859762232e+04 -2.271577137381561472e-13
5.657267982270212087e+04 -4.039373463850606068e-13
5.658680108680113335e+04 -4.813278819580938861e-13
5.660092235088952293e+04 -6.710474766488890393e-13
5.661504361499291554e+04 -6.433430773854103856e-13
5.662916487918739585e+04 -9.354519998271616216e-13
5.664328614329609991e+04 -8.229633040223561111e-13
5.665740740740335605e+04 -6.451511193727355047e-13
