5.300000000000109867e+04 5.489109413165707008e-12
5.301412126409386838e+04 5.273569731364998059e-12
5.302824252822957351e+04 5.174521965171859587e-12
5.304236379236957146e+04 5.039920565740865486e-12
5.305648505652945460e+04 5.078428991634582342e-12
5.307060632061585784e+04 4.827560404232066756e-12
5.308472758468247775e+04 5.070566494074638570e-12
5.309884884878119192e+04 4.952346848401084711e-12
5.311297011301728344e+04 4.851664018958445522e-12
5.312709137710363575e+04 4.396971465665954661e-12
5.314121264117627288e+04 4.426248300877195429e-12
5.315533390529597818e+04 4.455855985108175820e-12
5.316945516948223667e+04 4.295371604437701421e-12
5.318357643362772069e+04 3.972238718385846976e-12
5.319769769771304709e+04 4.094878068174522927e-12
5.321181896178677562e+04 4.187082096030523786e-12
5.322594022587883956e+04 4.059801526617081754e-12
5.324006149009539513e+04 3.721264555055069592e-12
5.325418275420971622e+04 3.674498479447406106e-12
5.326830401827175956e+04 3.587340399143230887e-12
5.328242528238837986e+04 3.669581016951790313e-12
5.329654654653239413e+04 3.569397218618975406e-12
5.331066781070959405e+04 3.431014085801248777e-12
5.332478907477991015e+04 3.464438503475546434e-12
5.333891033888322272e+04 3.290064645804218509e-12
5.335303160296994611e+04 3.231303823531678037e-12
5.336715286716962146e+04 3.048120497072448300e-12
5.338127413128800254e+04 2.968427156109395733e-12
5.339539539543353749e+04 2.545277259873163837e-12
5.340951665953130578e+04 2.518910671791220802e-12
5.342363792360988737e+04 2.263648440921776653e-12
5.343775918779322819e+04 2.208321321170270069e-12
5.345188045192587742e+04 2.049039366686206344e-12
5.346600171597475855e+04 1.897576939995647456e-12
5.348012298009023652e+04 2.079384264230266364e-12
5.349424424421680305e+04 1.737175832187074760e-12
5.350836550840822019e+04 1.880413881944753036e-12
5.352248677250540641e+04 1.772925223317173815e-12
5.353660803662273975e+04 1.666330626741103296e-12
5.355072930067448033e+04 1.600355489774731012e-12
5.356485056488248665e+04 1.741570990807968359e-12
5.357897182901924680e+04 1.429655092587815666e-12
5.359309309310735989e+04 1.454837193906290167e-12
5.360721435718663997e+04 1.069705662165422419e-12
5.362133562126800825e+04 9.565219640275269010e-13
5.363545688553430955e+04 8.271443003145794586e-13
5.364957814962424891e+04 1.060469526021052636e-12
5.366369941369968728e+04 1.125808055897603404e-12
5.367782067778882629e+04 1.015247634728085648e-12
5.369194194192174473e+04 8.080763906992244779e-13
5.370606320608074020e+04 3.825181269329725059e-13
5.372018447023427143e+04 4.866865377683975307e-13
5.373430573433278187e+04 4.054493155214417359e-13
5.374842699842852744e+04 2.414298988327726321e-13
5.376254826252406929e+04 -2.751236635625756837e-13
5.377666952671112085e+04 -3.334010911142081111e-13
5.379079079077133065e+04 -4.904318904436317067e-13
5.380491205493371672e+04 -4.501760677854691959e-13
5.381903331900629564e+04 -5.085671924906151127e-13
5.383315458320721518e+04 -6.756118261914260706e-13
5.384727584727977228e+04 -8.752031791778447770e-13
5.386139711143407476e+04 -7.726153769584279003e-13
5.387551837548839831e+04 -1.015782557970529213e-12
5.388963963963362767e+04 -1.166237831517651742e-12
5.390376090382372786e+04 -1.134264931341567111e-12
5.391788216790631122e+04 -1.142872702833683388e-12
5.393200343200015050e+04 -1.196569274494504803e-12
5.394612469613126450e+04 -1.437884573724752395e-12
5.396024596019905584e+04 -1.505869410909944786e-12
5.397436722441521124e+04 -1.554515550163205380e-12
5.398848848849954084e+04 -1.799469400730518280e-12
5.400260975263167347e+04 -1.736372329023233158e-12
5.401673101668094750e+04 -1.751134049858503594e-12
5.403085228089462180e+04 -1.742106641324315085e-12
5.404497354497677588e+04 -1.867791693006735840e-12
5.405909480909061676e+04 -1.956672079125701002e-12
5.407321607321942429e+04 -2.303907064749969177e-12
5.408733733729402593e+04 -2.368518805572717607e-12
5.410145860152667592e+04 -2.514075889382655578e-12
5.411557986563187296e+04 -2.472890368251733529e-12
5.412970112969178444e+04 -2.360423762182266421e-12
5.414382239378618397e+04 -2.500129685017362382e-12
5.415794365791058226e+04 -2.482613535486526958e-12
5.417206492212063313e+04 -2.610038226345093660e-12
5.418618618622505892e+04 -2.477626860757802152e-12
5.420030745032728737e+04 -2.644446524397929360e-12
5.421442871441303578e+04 -2.573932471002489680e-12
5.422854997847953928e+04 -2.586014429929577139e-12
5.424267124268425687e+04 -2.682244403688345648e-12
5.425679250678879180e+04 -2.639199000762636423e-12
5.427091377090936294e+04 -2.664630314605229897e-12
5.428503503497284692e+04 -2.660478065467962086e-12
5.429915629922401422e+04 -2.560461903769805024e-12
5.431327756328140094e+04 -2.560467721961029502e-12
5.432739882737599692e+04 -2.563648333163794562e-12
5.434152009151772654e+04 -2.587592614299241604e-12
5.435564135557171539e+04 -2.720527132247476099e-12
5.436976261976945534e+04 -2.846604426988286665e-12
5.438388388391693297e+04 -2.702302617935049386e-12
5.439800514798391669e+04 -2.540343568213780873e-12
5.441212641208818968e+04 -2.577054900293008751e-12
5.442624767617629550e+04 -2.396653638937660878e-12
5.444036894040358311e+04 -2.547408306908214411e-12
5.445449020447243674e+04 -2.462259078336638910e-12
5.446861146862403257e+04 -2.598211298133349854e-12
5.448273273269492347e+04 -2.311162591631641849e-12
5.449685399689796759e+04 -2.230107430285088169e-12
5.451097526102608390e+04 -2.117373672268559543e-12
5.452509652507567807e+04 -1.928459912302397532e-12
5.453921778919901408e+04 -1.974295137920287923e-12
5.455333905330474954e+04 -2.105972441714746497e-12
5.456746031752879935e+04 -1.922168508191563164e-12
5.458158158161713072e+04 -1.944831817559067868e-12
5.459570284572013043e+04 -1.768905230104682670e-12
5.460982410978321423e+04 -1.578182012667679564e-12
5.462394537392719940e+04 -1.596849679211711077e-12
5.463806663808455778e+04 -1.709637255497067132e-12
5.465218790222500684e+04 -1.608999517036418454e-12
5.466630916630534921e+04 -1.714821748727427418e-12
5.468043043041083729e+04 -1.611538672656674529e-12
5.469455169459253375e+04 -1.457707151226860942e-12
5.470867295867014764e+04 -1.400515786037148218e-12
5.472279422279495338e+04 -1.394748503985793644e-12
5.473691548693156074e+04 -1.230452965638591801e-12
5.475103675100527471e+04 -1.250442331289138006e-12
5.476515801521053072e+04 -1.230731753968102476e-12
5.477927927927090059e+04 -1.353954256214723993e-12
5.479340054341000359e+04 -1.421780305264412686e-12
5.480752180751435662e+04 -1.245628262900075335e-12
5.482164307162445766e+04 -1.176335059963257984e-12
5.483576433578080469e+04 -1.148582772671329789e-12
5.484988559991389775e+04 -1.220883495621980955e-12
5.486400686401884013e+04 -1.161366308490246646e-12
5.487812812810362084e+04 -1.210702630677521733e-12
5.489224939219204680e+04 -9.804414099246874839e-13
5.490637065637152409e+04 -7.846132145373934708e-13
5.492049192049082922e+04 -9.339259407827911835e-13
5.493461318462537747e+04 -1.035032528486286308e-12
5.494873444869190280e+04 -1.214619727919463261e-12
5.496285571288506617e+04 -1.333908163199738321e-12
5.497697697698469710e+04 -1.197967579785476333e-12
5.499109824109706096e+04 -1.158626425272743054e-12
5.500521950520064274e+04 -1.038980656081425455e-12
5.501934076928876311e+04 -9.018483131646642342e-13
5.503346203350013820e+04 -8.748596634709608772e-13
5.504758329758619220e+04 -1.017944985708994287e-12
5.506170456171582919e+04 -7.442223613578939811e-13
5.507582582579885639e+04 -7.907155274334294800e-13
5.508994708986949991e+04 -8.897033238326439217e-13
5.510406835407454491e+04 -8.431180363960527760e-13
5.511818961818653042e+04 -9.498639059439621432e-13
5.513231088229283341e+04 -8.497323501198510175e-13
5.514643214641922532e+04 -8.746162691380663823e-13
5.516055341057151236e+04 -9.005174019220439168e-13
5.517467467473095894e+04 -6.565877954348896332e-13
5.518879593877644220e+04 -5.332954748935732709e-13
5.520291720290343073e+04 -5.426743991475793367e-13
5.521703846697001427e+04 -6.445169880409826253e-13
5.523115973121952266e+04 -8.745663296633888060e-13
5.524528099528319581e+04 -1.107567433633726545e-12
5.525940225940051459e+04 -9.983173176129087779e-13
5.527352352348828572e+04 -6.858290548310388851e-13
5.528764478759795747e+04 -8.611767322585793450e-13
5.530176605179001490e+04 -7.848895786205605119e-13
5.531588731592630211e+04 -9.349707909568700271e-13
5.533000858001977031e+04 -1.005765572078895208e-12
5.534412984408703051e+04 -9.931565819967155143e-13
5.535825110827107710e+04 -1.084250062602726487e-12
5.537237237236827059e+04 -1.206347714545931378e-12
5.538649363651492604e+04 -1.118680178872654383e-12
5.540061490059692733e+04 -1.313362675437977088e-12
5.541473616467848478e+04 -1.267688904626568381e-12
5.542885742888713139e+04 -1.168290925746021786e-12
5.544297869299837475e+04 -1.113199442739109989e-12
5.545709995708291535e+04 -1.122886731128018330e-12
5.547122122117099934e+04 -1.017647288258003857e-12
5.548534248528664466e+04 -9.437271687498473673e-13
5.549946374949218443e+04 -9.317853312614183053e-13
5.551358501357208297e+04 -9.108776610959274682e-13
5.552770627771251020e+04 -1.066700458472349912e-12
5.554182754178791947e+04 -9.416588017695127658e-13
5.555594880590495450e+04 -1.008457455218796049e-12
5.557007007009632798e+04 -9.185993705494688011e-13
5.558419133419420541e+04 -1.100489604009037730e-12
5.559831259828416660e+04 -9.293213272778131495e-13
5.561243386239539541e+04 -9.691003006801952544e-13
5.562655512663413538e+04 -9.255550181584417632e-13
5.564067639067540586e+04 -9.226401043549323017e-13
5.565479765479639900e+04 -9.387564940469900769e-13
5.566891891887813836e+04 -9.126163305735364059e-13
5.568304018300135067e+04 -8.177061165242077639e-13
5.569716144718747819e+04 -8.494298041761733211e-13
5.571128271129061613e+04 -7.665836096309897961e-13
5.572540397538527031e+04 -4.909904368011903678e-13
5.573952523951031617e+04 -5.857241657167071212e-13
5.575364650362949760e+04 -4.904910420544148072e-13
5.576776776780997170e+04 -3.700709685809609275e-13
5.578188903189213306e+04 -5.037875483996312086e-13
5.579601029599487083e+04 -7.261452412231563636e-13
5.581013156011266256e+04 -5.991981268942728242e-13
5.582425282430601510e+04 -3.090982639445466631e-13
5.583837408839639102e+04 -1.659251839888759652e-13
5.585249535251997440e+04 3.265788849797139815e-13
5.586661661657183868e+04 2.398965630204641744e-13
5.588073788067785790e+04 -9.474991658737524618e-15
5.589485914492657321e+04 3.969648177717480804e-14
5.590898040902149660e+04 3.949125712137461949e-13
5.592310167312748672e+04 4.058488313188621440e-13
5.593722293720889138e+04 4.632006816165193419e-13
5.595134420133151434e+04 4.815454385475871828e-13
5.596546546550103812e+04 5.267915723039898997e-13
5.597958672958818352e+04 5.324468541742715581e-13
5.599370799373358750e+04 4.384336112720640587e-13
5.600782925782295206e+04 5.318359440956917882e-13
5.602195052199508063e+04 7.349625755249396034e-13
5.603607178609055700e+04 1.041466828632339688e-12
5.605019305018612067e+04 1.082008954783677925e-12
5.606431431426911877e+04 7.417514349854749076e-13
5.607843557840663561e+04 7.030022814298415431e-13
5.609255684260214912e+04 6.617862147949905820e-13
5.610667810672472842e+04 8.971844135498510727e-13
5.612079937080821401e+04 8.915388286649437461e-13
5.613492063487953419e+04 8.432866294425133339e-13
5.614904189901203063e+04 7.501849031654884749e-13
5.616316316317563178e+04 1.063030984707669412e-12
5.617728442731311225e+04 1.111660396661159330e-12
5.619140569141308515e+04 1.211468558023038077e-12
5.620552695550727367e+04 1.228709798018512680e-12
5.621964821956786909e+04 1.050106842600825451e-12
5.623376948377017834e+04 1.069537661893813096e-12
5.624789074792202155e+04 9.445367325295479013e-13
5.626201201202825177e+04 9.369992657981180637e-13
5.627613327611243585e+04 1.396986433711126115e-12
5.629025454030719993e+04 1.339991432475242548e-12
5.630437580436936696e+04 1.140757170975231826e-12
5.631849706846944900e+04 1.076664946143910781e-12
5.633261833259477135e+04 1.273904537752431701e-12
5.634673959668115276e+04 1.556564873523008200e-12
5.636086086089444871e+04 1.389173572595066548e-12
5.637498212498734210e+04 1.211837043467260866e-12
5.638910338912429870e+04 1.249732862309957278e-12
5.640322465318840113e+04 9.592519078350219084e-13
5.641734591731498222e+04 1.070604330284984136e-12
5.643146718151745881e+04 1.095806795272744713e-12
5.644558844557829434e+04 9.419379404492403219e-13
5.645970970969424525e+04 9.668795565304325667e-13
5.647383097382682172e+04 8.852833033999939617e-13
5.648795223801197426e+04 8.597734439758687240e-13
5.650207350210498407e+04 9.300659212555060041e-13
5.651619476620669593e+04 9.986148805648473826e-13
5.653031603028847167e+04 1.015617574720114556e-12
5.654443729440912284e+04 1.082862289496614676e-12
5.655855855857990537e+04 7.883997528269989067e-13
5.657267982268177002e+04 7.880846008023346396e-13
5.658680108678252145e+04 9.862987394409710539e-13
5.660092235093160707e+04 1.020692976865014064e-12
5.661504361498868820e+04 1.127974604854852382e-12
5.662916487916890765e+04 9.099737675599924077e-13
5.664328614331052086e+04 1.115547918097709156e-12
5.665740740739290050e+04 1.026591653068190116e-12
