5.300000000000096043e+04 -1.224032971054757915e-12
5.301412126411423378e+04 -1.284642706112786987e-12
5.302824252820413676e+04 -1.343609514331836186e-12
5.304236379240974929e+04 -1.466624845878056860e-12
5.305648505649901927e+04 -1.363737382527031667e-12
5.307060632060938951e+04 -1.317759732970632486e-12
5.308472758469192922e+04 -1.360994486936125158e-12
5.309884884878548473e+04 -1.135543695138299407e-12
5.311297011301398743e+04 -1.134236676478309605e-12
5.312709137709919014e+04 -1.193950495238949396e-12
5.314121264118830732e+04 -1.383879238838680871e-12
5.315533390529544704e+04 -1.566164314794157084e-12
5.316945516950891761e+04 -1.314640060694598923e-12
5.318357643361158989e+04 -1.197919607167380643e-12
5.319769769770117273e+04 -1.168879697256945084e-12
5.321181896180073818e+04 -1.166207129016504602e-12
5.322594022588906228e+04 -1.201488252858625693e-12
5.324006149008392822e+04 -9.910583130616603363e-13
5.325418275418563280e+04 -1.094917757122128126e-12
5.326830401830688788e+04 -1.050032598799182557e-12
5.328242528240814863e+04 -1.180828320547255835e-12
5.329654654650755401e+04 -1.081784527306140216e-12
5.331066781070301658e+04 -7.838104441431585040e-13
5.332478907481324131e+04 -1.074747022118444987e-12
5.333891033891857660e+04 -1.068185241812912032e-12
5.335303160299380397e+04 -9.920167891148950680e-13
5.336715286721324082e+04 -9.035509126743476444e-13
5.338127413130253990e+04 -7.430014358471307559e-13
5.339539539539423276e+04 -7.940259591432501752e-13
5.340951665949122253e+04 -7.849361974415437073e-13
5.342363792358554201e+04 -9.081840089047725258e-13
5.343775918779985659e+04 -7.490710536221338922e-13
5.345188045191430137e+04 -7.611883723076503773e-13
5.346600171601319016e+04 -5.092943678118747384e-13
5.348012298010996892e+04 -5.562437724629347935e-13
5.349424424420516880e+04 -2.553858811626499804e-13
5.350836550841358257e+04 -3.684339061991269377e-13
5.352248677250582841e+04 -1.758760735504208660e-13
5.353660803660700913e+04 -2.475697471332693037e-13
5.355072930070763687e+04 -2.761003477897801231e-13
5.356485056488332339e+04 -1.967054747933904526e-13
5.357897182900743064e+04 -9.518949940220801972e-15
5.359309309308988304e+04 1.430339654937708953e-13
5.360721435721056332e+04 1.271134906669677497e-13
5.362133562130641076e+04 2.944536501109043609e-13
5.363545688549522310e+04 4.231430322587694109e-13
5.364957814961026452e+04 5.767674889822170219e-13
5.366369941368739092e+04 3.308183695179507804e-13
5.367782067780465877e+04 3.137812304453890951e-13
5.369194194189651898e+04 3.557038088416003941e-13
5.370606320608565875e+04 3.059910743465654907e-13
5.372018447018733423e+04 2.939830821380337588e-13
5.373430573429531069e+04 4.473504669332884493e-13
5.374842699841377907e+04 4.633111011912009703e-13
5.376254826250167389e+04 3.301398491778910780e-13
5.377666952669624879e+04 4.479070263685987033e-13
5.379079079079976509e+04 4.124353547281480227e-13
5.380491205489523418e+04 5.393409619520027925e-13
5.381903331900008197e+04 5.239453960297318519e-13
5.383315458321371261e+04 4.354136400729826448e-13
5.384727584730685339e+04 8.555877796538453744e-13
5.386139711139762949e+04 7.634816409442639810e-13
5.387551837550697383e+04 6.812753499247539713e-13
5.388963963961099216e+04 7.272537085561806332e-13
5.390376090378677327e+04 6.369016925421821217e-13
5.391788216788792488e+04 6.620844276865001408e-13
5.393200343200661882e+04 8.179262264826604325e-13
5.394612469611196138e+04 7.038201970436183611e-13
5.396024596018674492e+04 8.741732807412497697e-13
5.397436722441742313e+04 6.536889793595593198e-13
5.398848848850144714e+04 5.841619812156324626e-13
5.400260975260564737e+04 6.189270273603833730e-13
5.401673101670976030e+04 8.471158801466547341e-13
5.403085228090923920e+04 8.288207130523747985e-13
5.404497354501236987e+04 8.365640701993759818e-13
5.405909480908721889e+04 9.821338213773339955e-13
5.407321607320522889e+04 9.082814655649663785e-13
5.408733733728626976e+04 8.546545079947739994e-13
5.410145860149914370e+04 9.971765257813181442e-13
5.411557986560493009e+04 1.060371097160461909e-12
5.412970112970599439e+04 1.149998696341704484e-12
5.414382239378674421e+04 1.094012452770544427e-12
5.415794365791857854e+04 9.876081384359728411e-13
5.417206492209885619e+04 1.066817362697860133e-12
5.418618618619746121e+04 8.946355100426479923e-13
5.420030745030426624e+04 7.418014785908907742e-13
5.421442871439024748e+04 9.537326591440457978e-13
5.422854997849233769e+04 1.023888284530634872e-12
5.424267124271109060e+04 9.722258515551280422e-13
5.425679250679026154e+04 9.091377703528585549e-13
5.427091377091535833e+04 8.792158355694382853e-13
5.428503503500800434e+04 1.051742814378999455e-12
5.429915629918699415e+04 1.003690217907705633e-12
5.431327756328766554e+04 7.712033390722398139e-13
5.432739882738846063e+04 8.949271332630955470e-13
5.434152009150378581e+04 5.934036783573464499e-13
5.435564135559685383e+04 5.353871595980313795e-13
5.436976261978998082e+04 5.507578434329696361e-13
5.438388388388353633e+04 7.541685206088593765e-13
5.439800514801828103e+04 9.115805982843522668e-13
5.441212641211283335e+04 5.087331582327820172e-13
5.442624767620919010e+04 5.627765362282817741e-13
5.444036894039547042e+04 6.446966187821005414e-13
5.445449020449011732e+04 6.473712497862577331e-13
5.446861146860088047e+04 8.654945891714606027e-13
5.448273273270997743e+04 8.588024679835792439e-13
5.449685399688945472e+04 7.658824400650300872e-13
5.451097526099140669e+04 6.468135300463568551e-13
5.452509652509314037e+04 6.912454605039252474e-13
5.453921778918673226e+04 5.878651577780256728e-13
5.455333905331237474e+04 6.584214750165823649e-13
5.456746031751595001e+04 5.391934743462592642e-13
5.458158158160729363e+04 6.438109196112454545e-13
5.459570284570965305e+04 4.872252366497527535e-13
5.460982410981266003e+04 4.266098934528689651e-13
5.462394537389876496e+04 6.231121170960889873e-13
5.463806663810590544e+04 6.442997946121018043e-13
5.465218790221786185e+04 5.548325753098321930e-13
5.466630916629227431e+04 4.505500713033439553e-13
5.468043043038766336e+04 2.686419009557272672e-13
5.469455169459087483e+04 3.444709000996161029e-13
5.470867295870895032e+04 4.384560876323725714e-13
5.472279422280131257e+04 9.765271249696064505e-14
5.473691548689899355e+04 1.588966829365066251e-13
5.475103675100402324e+04 5.232389088780410761e-15
5.476515801520054083e+04 9.408454233225500876e-15
5.477927927931168233e+04 6.973114282780345231e-14
5.479340054341840005e+04 -1.061189483293503430e-13
5.480752180749349645e+04 -1.648680060535560837e-13
5.482164307158977317e+04 -4.499770186837200963e-13
5.483576433578469005e+04 -5.498756341013063924e-13
5.484988559989741043e+04 -4.480857222009771839e-13
5.486400686401682469e+04 -2.337527111451977498e-13
5.487812812811567710e+04 -1.866090199365717202e-13
5.489224939221517707e+04 -3.955914797567139536e-13
5.490637065641866502e+04 -4.559809503266198025e-13
5.492049192050984857e+04 -6.312271674057117579e-13
5.493461318460928305e+04 -4.265659397265768903e-13
5.494873444868488150e+04 -3.673692622758487529e-13
5.496285571289010113e+04 -4.923956917537961280e-13
5.497697697699202399e+04 -3.180001068623754984e-13
5.499109824110519548e+04 -4.426905636999664652e-13
5.500521950519492384e+04 -6.770808577550108658e-13
5.501934076929405273e+04 -6.427270751262755591e-13
5.503346203350173892e+04 -8.438578827042902362e-13
5.504758329758708715e+04 -9.855331359851317344e-13
5.506170456169877434e+04 -8.737037530756574938e-13
5.507582582578778238e+04 -8.242154730575451657e-13
5.508994708990271465e+04 -9.824725103204885313e-13
5.510406835409350606e+04 -9.346491384672122007e-13
5.511818961820581171e+04 -1.065515767718046615e-12
5.513231088231225294e+04 -1.434576943008436807e-12
5.514643214640927908e+04 -1.196955587436657330e-12
5.516055341059669445e+04 -1.107093348882641153e-12
5.517467467471602140e+04 -1.264316167987127448e-12
5.518879593879069580e+04 -1.242486970955223080e-12
5.520291720289007208e+04 -1.285596669870391290e-12
5.521703846698720736e+04 -1.420353929336373541e-12
5.523115973118384136e+04 -1.581754876349021706e-12
5.524528099528507300e+04 -1.557316025370036096e-12
5.525940225939165975e+04 -1.317503241194734928e-12
5.527352352350571164e+04 -1.415744168120493710e-12
5.528764478760743805e+04 -1.350992467980711219e-12
5.530176605178849422e+04 -1.605209531189680151e-12
5.531588731588462542e+04 -1.923115455533405510e-12
5.533000858001465531e+04 -1.760128501068084885e-12
5.534412984409364435e+04 -1.790180905656586030e-12
5.535825110829138430e+04 -1.776576205408601534e-12
5.537237237240350078e+04 -1.830043040945285488e-12
5.538649363650965824e+04 -1.526121107527951634e-12
5.540061490059511561e+04 -1.554025143705517047e-12
5.541473616471236892e+04 -1.447967631520814393e-12
5.542885742890163237e+04 -1.438044190970733320e-12
5.544297869300348975e+04 -1.349139074781262544e-12
5.545709995711054944e+04 -1.385407617830018133e-12
5.547122122119533742e+04 -1.597756765881268168e-12
5.548534248528588796e+04 -1.390627957106039173e-12
5.549946374949107121e+04 -1.524734930310333857e-12
5.551358501358427748e+04 -1.451899259164831278e-12
5.552770627769098792e+04 -1.538132580650255389e-12
5.554182754179027688e+04 -1.743233692691974954e-12
5.555594880590089451e+04 -1.702930899504296881e-12
5.557007007009167137e+04 -1.348504259247450299e-12
5.558419133419674472e+04 -1.313881801644615681e-12
5.559831259830661293e+04 -1.092449789257837090e-12
5.561243386238668609e+04 -1.105277601121022126e-12
5.562655512659785018e+04 -1.085326034762237671e-12
5.564067639071411395e+04 -1.301543380473216274e-12
5.565479765480376955e+04 -1.228781968821514435e-12
5.566891891889516410e+04 -1.086385779621688670e-12
5.568304018300351163e+04 -1.096300969116903107e-12
5.569716144718666328e+04 -1.060637331528067675e-12
5.571128271131376823e+04 -9.856666999357877754e-13
5.572540397540190315e+04 -8.193197612214388328e-13
5.573952523951575859e+04 -7.091609590770212381e-13
5.575364650359655207e+04 -5.320520663617555148e-13
5.576776776780215005e+04 -4.444382402589346800e-13
5.578188903189010307e+04 -3.154639388727013816e-13
5.579601029598990863e+04 -3.138219789542137286e-13
5.581013156009693921e+04 -4.600734735405388287e-13
5.582425282430288644e+04 -2.407815785098293334e-13
5.583837408839345153e+04 2.743546204433528365e-14
5.585249535251693305e+04 -1.827911021424374446e-13
5.586661661660062964e+04 -2.331158328476687448e-13
5.588073788071185845e+04 3.229688043365164369e-14
5.589485914491320000e+04 1.654152741267212740e-13
5.590898040900538035e+04 1.527994112354265393e-13
5.592310167309195094e+04 4.873968571034115765e-14
5.593722293720338348e+04 1.629141731202309436e-13
5.595134420129250793e+04 1.233116882143701421e-13
5.596546546549101186e+04 2.529018777897450889e-14
5.597958672958630632e+04 -2.082444218048626493e-14
5.599370799368351436e+04 1.675265127907566109e-13
5.600782925779574725e+04 8.885528309072935075e-14
5.602195052199240308e+04 2.879908824637727125e-13
5.603607178610816482e+04 3.783584981283787650e-13
5.605019305020897446e+04 2.910210823635948017e-13
5.606431431429488293e+04 4.648594632060436803e-13
5.607843557840162248e+04 5.217705984586759038e-13
5.609255684259468399e+04 5.082955944793785675e-13
5.610667810669218306e+04 4.011814315807999286e-13
5.612079937078669172e+04 6.262676298917002285e-13
5.613492063491598674e+04 6.111068322649354620e-13
5.614904189898852201e+04 6.030744303521327120e-13
5.616316316321172053e+04 7.707843401922865491e-13
5.617728442728325899e+04 6.474135364424498770e-13
5.619140569139533181e+04 8.578474083827503505e-13
5.620552695550055796e+04 7.487983731179135603e-13
5.621964821961127745e+04 8.442089303789049862e-13
5.623376948379758687e+04 6.959132369493370827e-13
5.624789074789656297e+04 8.694344678703443265e-13
5.626201201199879870e+04 6.745909641008100718e-13
5.627613327609714906e+04 8.869839458810396815e-13
5.629025454029592220e+04 9.626213658447407241e-13
5.630437580440507736e+04 1.085315583095501882e-12
5.631849706849862559e+04 1.351564747063941464e-12
5.633261833258977276e+04 1.122495867707035866e-12
5.634673959670044133e+04 1.296540009230224967e-12
5.636086086090590106e+04 1.480528218940662036e-12
5.637498212498489738e+04 1.388567633995839832e-12
5.638910338910599239e+04 1.439333796136443387e-12
5.640322465321740310e+04 1.322180162228719716e-12
5.641734591730816464e+04 1.459014109066482543e-12
5.643146718149210938e+04 1.438619048508609148e-12
5.644558844559652789e+04 1.597970639768722837e-12
5.645970970968673646e+04 1.765105554222848504e-12
5.647383097381600237e+04 1.798397013537486823e-12
5.648795223799323867e+04 1.885364678906053712e-12
5.650207350209386641e+04 1.793454115981361009e-12
5.651619476618397312e+04 2.045776015025618198e-12
5.653031603028557583e+04 2.317241908433574275e-12
5.654443729439539311e+04 2.130287444498532763e-12
5.655855855860975134e+04 2.305880205882028809e-12
5.657267982270628272e+04 2.289007830061338145e-12
5.658680108681098500e+04 2.351162510681804191e-12
5.660092235088982852e+04 2.606015936497372597e-12
5.661504361501368112e+04 2.547485016036207248e-12
5.662916487919701467e+04 2.651079588343178371e-12
5.664328614330093842e+04 2.783803994166359822e-12
5.665740740739773173e+04 2.867711033870282902e-12
