5.300000000000362343e+04 -1.096655847594172736e-11
5.301412126408811309e+04 -1.099920722248324761e-11
5.302824252830806654e+04 -1.093068743795471294e-11
5.304236379238137306e+04 -1.088894723711097226e-11
5.305648505648965511e+04 -1.080589175631445720e-11
5.307060632061308570e+04 -1.066026143494855946e-11
5.308472758458584576e+04 -1.059048101127924470e-11
5.309884884887062799e+04 -1.030709142818212168e-11
5.311297011304272746e+04 -1.023495404517478896e-11
5.312709137704113527e+04 -1.028100830168316014e-11
5.314121264121353306e+04 -1.035943247887321812e-11
5.315533390517954103e+04 -1.029685429725322657e-11
5.316945516946292628e+04 -9.992315104477686555e-12
5.318357643369495781e+04 -9.727440257056749439e-12
5.319769769769882259e+04 -9.718503554144057202e-12
5.321181896168099047e+04 -9.698730609182078158e-12
5.322594022603715712e+04 -9.552598219029357119e-12
5.324006149012566311e+04 -9.587908567977972976e-12
5.325418275431880465e+04 -9.373274009745377083e-12
5.326830401825606532e+04 -9.174086950864873467e-12
5.328242528234846395e+04 -9.223881665394853680e-12
5.329654654652833415e+04 -9.092065677097476769e-12
5.331066781082037778e+04 -8.883641220749558474e-12
5.332478907479446207e+04 -8.866185749982048584e-12
5.333891033900882030e+04 -8.698318610696697438e-12
5.335303160313366971e+04 -8.674204729799286401e-12
5.336715286723991449e+04 -8.446552830934117990e-12
5.338127413127820182e+04 -8.115520321764512037e-12
5.339539539541085105e+04 -8.193792025554096630e-12
5.340951665954745840e+04 -8.419312334131353135e-12
5.342363792357667990e+04 -8.339582109885433445e-12
5.343775918793943856e+04 -7.900169563774307681e-12
5.345188045204909577e+04 -7.680282873985912626e-12
5.346600171612565464e+04 -7.831017713217110035e-12
5.348012298003681644e+04 -7.535905142866145974e-12
5.349424424409538915e+04 -7.450558916280026264e-12
5.350836550828554755e+04 -7.301685345969367284e-12
5.352248677248978493e+04 -7.378194189965413110e-12
5.353660803647907596e+04 -7.272062983814959770e-12
5.355072930085329426e+04 -7.454577288965848437e-12
5.356485056484067172e+04 -7.244558847746035141e-12
5.357897182908913237e+04 -7.247735883142383071e-12
5.359309309311722609e+04 -6.940365301842486607e-12
5.360721435729111545e+04 -6.965539814442004919e-12
5.362133562141656876e+04 -6.888055383668418419e-12
5.363545688536791567e+04 -6.867915530603304429e-12
5.364957814955353388e+04 -6.705965695676621270e-12
5.366369941379413649e+04 -6.645716226330415731e-12
5.367782067791432928e+04 -6.620401997069107527e-12
5.369194194193314615e+04 -6.215633108444361347e-12
5.370606320615745790e+04 -6.138208209117972033e-12
5.372018447022383043e+04 -6.206381435578894916e-12
5.373430573444177571e+04 -5.861931267167501675e-12
5.374842699857040134e+04 -5.958350342932329488e-12
5.376254826261862036e+04 -5.780464304069161388e-12
5.377666952678270900e+04 -5.539201572490686790e-12
5.379079079069637373e+04 -5.533118430529112357e-12
5.380491205478883785e+04 -5.526800807561229600e-12
5.381903331904187507e+04 -5.601444737854256575e-12
5.383315458329398098e+04 -5.452396217984485651e-12
5.384727584715692501e+04 -5.315913693183332031e-12
5.386139711142281158e+04 -5.273590479008494449e-12
5.387551837562123546e+04 -5.067988299228729531e-12
5.388963963945868454e+04 -4.904968113179987267e-12
5.390376090375119384e+04 -4.969878044392499722e-12
5.391788216779843060e+04 -4.881054695319057589e-12
5.393200343207707920e+04 -4.700186009458553125e-12
5.394612469597507152e+04 -4.321271992829866949e-12
5.396024596023718186e+04 -4.443200901182508005e-12
5.397436722456950520e+04 -4.359906687133457060e-12
5.398848848855247343e+04 -4.341698568783522373e-12
5.400260975258929102e+04 -4.134326239645257036e-12
5.401673101673928613e+04 -4.014273179343079327e-12
5.403085228091344470e+04 -4.142128504010592252e-12
5.404497354512539459e+04 -4.110231797587747236e-12
5.405909480897419417e+04 -3.884104632727327234e-12
5.407321607319071336e+04 -3.822353512998755753e-12
5.408733733746064536e+04 -3.805744239230694002e-12
5.410145860154335242e+04 -3.771596272161794760e-12
5.411557986566374166e+04 -3.793609543422383534e-12
5.412970112966928718e+04 -3.704388913058461528e-12
5.414382239389915048e+04 -3.689842586174911423e-12
5.415794365787594143e+04 -3.555806925346318686e-12
5.417206492210921715e+04 -3.391118643848556892e-12
5.418618618619303743e+04 -3.346766500759033416e-12
5.420030745018053858e+04 -3.043032197448150100e-12
5.421442871437942085e+04 -3.003943120261870282e-12
5.422854997848807398e+04 -3.103073914192911417e-12
5.424267124283737212e+04 -2.871467426335346793e-12
5.425679250684702856e+04 -2.716486415513235419e-12
5.427091377092061157e+04 -2.717968627055700123e-12
5.428503503497369820e+04 -2.761543216549176529e-12
5.429915629924879613e+04 -2.792023317514222608e-12
5.431327756336249877e+04 -2.645614835088530254e-12
5.432739882748615491e+04 -2.586970284961666232e-12
5.434152009165209893e+04 -2.593977986746040491e-12
5.435564135573166277e+04 -2.472985787491137635e-12
5.436976261974113004e+04 -2.447015497383164892e-12
5.438388388401131670e+04 -2.338901529562791804e-12
5.439800514802258840e+04 -2.199780182245053492e-12
5.441212641213549796e+04 -1.815109839150630667e-12
5.442624767627540859e+04 -2.116793344851939903e-12
5.444036894027833478e+04 -2.006847266370881050e-12
5.445449020441214816e+04 -1.836560598981579859e-12
5.446861146845087933e+04 -1.740328622050801557e-12
5.448273273260561837e+04 -1.604363656362016867e-12
5.449685399695956585e+04 -1.648263846423838191e-12
5.451097526104031567e+04 -1.562788837523373894e-12
5.452509652510087471e+04 -1.583753626356793566e-12
5.453921778917565098e+04 -1.543097292703481231e-12
5.455333905316849996e+04 -1.178033449504383661e-12
5.456746031757453602e+04 -1.196519786250403243e-12
5.458158158161705796e+04 -1.026774976523347731e-12
5.459570284582788736e+04 -1.257032894862768153e-12
5.460982410984172020e+04 -1.233183868159011374e-12
5.462394537383702118e+04 -1.047674159272100828e-12
5.463806663814964122e+04 -8.981676117371585637e-13
5.465218790211031592e+04 -9.977333497109887746e-13
5.466630916623568919e+04 -1.033265119195353262e-12
5.468043043040901102e+04 -9.230323178257519655e-13
5.469455169455683790e+04 -7.983515986996006285e-13
5.470867295864745392e+04 -9.597644356740142254e-13
5.472279422296491975e+04 -9.400340131743190874e-13
5.473691548694776429e+04 -1.007673886465453235e-12
5.475103675087773445e+04 -8.729870245001709634e-13
5.476515801513846964e+04 -8.132223112240012687e-13
5.477927927932586317e+04 -9.273525999937886411e-13
5.479340054341091309e+04 -8.143983610380224941e-13
5.480752180762913486e+04 -8.601039333556656843e-13
5.482164307151242974e+04 -8.224557601770605418e-13
5.483576433581729361e+04 -6.278705429112879730e-13
5.484988560003794555e+04 -5.608235542371397480e-13
5.486400686387591850e+04 -4.880955646018724729e-13
5.487812812808842136e+04 -4.816005622198916325e-13
5.489224939214716869e+04 -3.924783409829688836e-13
5.490637065642504604e+04 -2.884222309919667256e-13
5.492049192055715685e+04 -4.397390204927062162e-13
5.493461318463614589e+04 -2.980444567430494838e-13
5.494873444864685735e+04 -3.000393676879078089e-13
5.496285571296337730e+04 -2.598082586574337287e-13
5.497697697700059507e+04 -9.878176862605611362e-14
5.499109824106379529e+04 -7.805753543641345920e-14
5.500521950533206837e+04 1.155168621544979095e-13
5.501934076930836454e+04 -8.876104665699921370e-14
5.503346203334508755e+04 -6.828708853108420779e-14
5.504758329759663320e+04 -1.274248992204408908e-13
5.506170456156510772e+04 -2.583697845047466066e-13
5.507582582566752535e+04 -2.511555450464221547e-13
5.508994708977233677e+04 -1.323234868755375857e-13
5.510406835401080025e+04 -6.726712419043292726e-15
5.511818961806775042e+04 3.985603754914049692e-14
5.513231088231750618e+04 1.999057258754839258e-13
5.514643214638274367e+04 3.497403038337586870e-13
5.516055341056820180e+04 2.939313944774786284e-13
5.517467467484668305e+04 2.573863754632652732e-13
5.518879593882088375e+04 3.270843359289365143e-13
5.520291720288513898e+04 5.025028570521482636e-13
5.521703846695961693e+04 5.445053303686171460e-13
5.523115973112615757e+04 7.606287822448941722e-13
5.524528099529133033e+04 7.015371388003028016e-13
5.525940225925017876e+04 7.963427908533322553e-13
5.527352352338565834e+04 9.118896850809178578e-13
5.528764478775544558e+04 8.968002856076289031e-13
5.530176605181270133e+04 1.239181432497040200e-12
5.531588731582058972e+04 1.076539088898877378e-12
5.533000858014778350e+04 1.277048292624533657e-12
5.534412984415802202e+04 1.347710905520300924e-12
5.535825110840130947e+04 1.650240000757311158e-12
5.537237237241191906e+04 1.810071002134766311e-12
5.538649363646841084e+04 1.642848381884888471e-12
5.540061490056307957e+04 2.154332856784616365e-12
5.541473616483781370e+04 2.031148928330856064e-12
5.542885742896953161e+04 2.187884294454048657e-12
5.544297869294245902e+04 2.542754895979966287e-12
5.545709995709452051e+04 2.535479910146950620e-12
5.547122122121766733e+04 2.565833658652639060e-12
5.548534248523555289e+04 2.828520421657198749e-12
5.549946374947894219e+04 2.882453482963015410e-12
5.551358501355674525e+04 2.952185461398513665e-12
5.552770627759214403e+04 3.099444393069882529e-12
5.554182754168887914e+04 3.282082013361393938e-12
5.555594880584201746e+04 3.207927698848377511e-12
5.557007007014561532e+04 3.414348739758979730e-12
5.558419133406019682e+04 3.697446284659775644e-12
5.559831259833087825e+04 4.074506321932887467e-12
5.561243386240849941e+04 3.925969286538016084e-12
5.562655512662715046e+04 3.885657992292949702e-12
5.564067639055481413e+04 4.015839903111134048e-12
5.565479765465612581e+04 4.111960106712480841e-12
5.566891891887788370e+04 4.176351263885130488e-12
5.568304018285102939e+04 4.057788919617874225e-12
5.569716144707574858e+04 4.266338513497655069e-12
5.571128271116664837e+04 4.548172533804874593e-12
5.572540397525305161e+04 4.749928253139194385e-12
5.573952523943945562e+04 4.845144550685135660e-12
5.575364650346879353e+04 5.045281986597682087e-12
5.576776776791075099e+04 5.034041477424826114e-12
5.578188903174470761e+04 5.240297288196268220e-12
5.579601029604786891e+04 5.393572540817051468e-12
5.581013156004130724e+04 5.452622876726853315e-12
5.582425282446576603e+04 5.374746024372761646e-12
5.583837408840878197e+04 5.430117559831264621e-12
5.585249535253467184e+04 5.527462410346385329e-12
5.586661661673273920e+04 5.596076655487566071e-12
5.588073788080691156e+04 5.879645592255965577e-12
5.589485914475877507e+04 6.170980345564885581e-12
5.590898040906053939e+04 6.175840055540179573e-12
5.592310167322408961e+04 6.432777781643966286e-12
5.593722293715876003e+04 6.440825461363053513e-12
5.595134420136644621e+04 6.557507097869870111e-12
5.596546546533799119e+04 6.748926214086738640e-12
5.597958672972140630e+04 7.152491109565105617e-12
5.599370799386164435e+04 7.341169349355907757e-12
5.600782925794723997e+04 7.640576080933790928e-12
5.602195052192240109e+04 7.504868679873698239e-12
5.603607178617079626e+04 7.289097556970629121e-12
5.605019305006819923e+04 7.518884083442445950e-12
5.606431431423832692e+04 7.543678323736397871e-12
5.607843557825937751e+04 7.779670699846666351e-12
5.609255684252506762e+04 7.808702607239073478e-12
5.610667810679547256e+04 7.898704435981524592e-12
5.612079937076401984e+04 8.122003249636324656e-12
5.613492063482808589e+04 8.202212762778556730e-12
5.614904189887891698e+04 8.193076508025004250e-12
5.616316316309342074e+04 8.141097050129255482e-12
5.617728442731872929e+04 8.420214492560285364e-12
5.619140569137396233e+04 8.622111143483888521e-12
5.620552695541004505e+04 8.734535674052347061e-12
5.621964821946348820e+04 8.677142499244121054e-12
5.623376948396940861e+04 8.907925266260874077e-12
5.624789074775569316e+04 9.149686118111815964e-12
5.626201201198274794e+04 9.497519859593507478e-12
5.627613327620008204e+04 9.648151429987731330e-12
5.629025454017865559e+04 9.638014074979267145e-12
5.630437580451657414e+04 9.614206355810300395e-12
5.631849706840221188e+04 9.848915768487090440e-12
5.633261833248060429e+04 1.001625016206640019e-11
5.634673959671867487e+04 1.005453009754179333e-11
5.636086086100246030e+04 9.951373033896219612e-12
5.637498212492822495e+04 1.003441575795405037e-11
5.638910338904325909e+04 1.049832853190562174e-11
5.640322465307755920e+04 1.041667568490072582e-11
5.641734591722848563e+04 1.071838105929692405e-11
5.643146718155735289e+04 1.104528402991502386e-11
5.644558844575278636e+04 1.112893421771976445e-11
5.645970970968151232e+04 1.133383902911807500e-11
5.647383097369364987e+04 1.144165169491997851e-11
5.648795223805667047e+04 1.148381939837560781e-11
5.650207350215374026e+04 1.169586798343760168e-11
5.651619476623318769e+04 1.174426583508155696e-11
5.653031603023969365e+04 1.191367532482031794e-11
5.654443729449131206e+04 1.199217422005124598e-11
5.655855855852871900e+04 1.211879396345753968e-11
5.657267982256181131e+04 1.208155400591686072e-11
5.658680108692243812e+04 1.225150292346287761e-11
5.660092235086923029e+04 1.252727688543090598e-11
5.661504361501575477e+04 1.273595283177004365e-11
5.662916487910431897e+04 1.303849407628199267e-11
5.664328614343371737e+04 1.328210161792354645e-11
5.665740740747995005e+04 1.351585366773520277e-11
