5.300000000000072032e+04 -4.123542349372861952e-12
5.301412126412901853e+04 -4.161260337414189881e-12
5.302824252817206434e+04 -4.208631165549345061e-12
5.304236379237092478e+04 -4.342563073710744690e-12
5.305648505647775892e+04 -4.266790522375709465e-12
5.307060632060216449e+04 -4.259548172045539575e-12
5.308472758472873102e+04 -4.311100021430397479e-12
5.309884884880389291e+04 -4.480110738193006104e-12
5.311297011297549034e+04 -4.313737481290616380e-12
5.312709137710215145e+04 -4.159476020388441116e-12
5.314121264117166720e+04 -4.193643148187321022e-12
5.315533390527553274e+04 -4.432922546783542838e-12
5.316945516946900170e+04 -4.645579293764426262e-12
5.318357643357345660e+04 -4.867209791281110128e-12
5.319769769769786944e+04 -4.858540680942400898e-12
5.321181896181830962e+04 -4.868773597472612365e-12
5.322594022591628163e+04 -4.715704513503517071e-12
5.324006149009116052e+04 -4.904579745020809270e-12
5.325418275423075829e+04 -4.810464579393934035e-12
5.326830401832482312e+04 -4.946236307996177287e-12
5.328242528241153923e+04 -5.035893874564207566e-12
5.329654654647258576e+04 -5.033074861747142110e-12
5.331066781068432465e+04 -5.120197680840918805e-12
5.332478907481307397e+04 -5.214595854638747331e-12
5.333891033888157835e+04 -5.128073645788396649e-12
5.335303160299338197e+04 -5.210724299970057004e-12
5.336715286721105076e+04 -5.268143543827318398e-12
5.338127413130681816e+04 -5.330693103740645177e-12
5.339539539542569401e+04 -5.521513237925954210e-12
5.340951665947191941e+04 -5.602854916097106480e-12
5.342363792362690583e+04 -5.773291988261219286e-12
5.343775918782841472e+04 -5.746760748935360057e-12
5.345188045189900731e+04 -5.687793146205195184e-12
5.346600171600130125e+04 -5.765301086015208683e-12
5.348012298008720245e+04 -5.686928211965696719e-12
5.349424424420660944e+04 -5.669265669848968674e-12
5.350836550839133997e+04 -5.694263043903940365e-12
5.352248677246976877e+04 -5.477826660302639522e-12
5.353660803658934310e+04 -5.583213672174661722e-12
5.355072930071003066e+04 -5.482353230410754594e-12
5.356485056487353722e+04 -5.473749782013777149e-12
5.357897182902077475e+04 -5.220142901490938192e-12
5.359309309311804100e+04 -5.626191464973607605e-12
5.360721435720714362e+04 -5.499214997403584676e-12
5.362133562131265353e+04 -5.443140970786994582e-12
5.363545688552934007e+04 -5.412622444730093522e-12
5.364957814961764234e+04 -5.463873786689721243e-12
5.366369941369713342e+04 -5.423239217734810257e-12
5.367782067779064528e+04 -5.564762088538060175e-12
5.369194194192087889e+04 -5.611899964172631018e-12
5.370606320607652015e+04 -5.837918858494869404e-12
5.372018447019385349e+04 -6.082126515283768977e-12
5.373430573428719799e+04 -5.891642609544808828e-12
5.374842699840551359e+04 -5.851164970318596289e-12
5.376254826250547922e+04 -5.744597893127568575e-12
5.377666952669779857e+04 -5.630438480520821024e-12
5.379079079079681105e+04 -5.717269462340124754e-12
5.380491205490429275e+04 -5.681136088852114283e-12
5.381903331901095953e+04 -5.649368309673168038e-12
5.383315458318364836e+04 -5.537190142116359931e-12
5.384727584727144858e+04 -5.545350256804639485e-12
5.386139711138886196e+04 -5.517746173024133910e-12
5.387551837546982279e+04 -5.620763054684272228e-12
5.388963963959103421e+04 -5.331621041075642535e-12
5.390376090377856599e+04 -5.477350669026090980e-12
5.391788216791323794e+04 -5.535479058964002427e-12
5.393200343201868964e+04 -5.676340628468528233e-12
5.394612469610474363e+04 -5.433937894763677088e-12
5.396024596018824377e+04 -5.607485585815308799e-12
5.397436722437944263e+04 -5.394760951553999811e-12
5.398848848850196373e+04 -5.614404366119235553e-12
5.400260975260056148e+04 -5.386179872145974356e-12
5.401673101668668824e+04 -5.246167688410589669e-12
5.403085228088106669e+04 -5.202095809287643105e-12
5.404497354499626817e+04 -5.154204208547280686e-12
5.405909480912116851e+04 -5.262672418595254837e-12
5.407321607319141185e+04 -5.005411589737469720e-12
5.408733733727318031e+04 -4.801797492090401409e-12
5.410145860147029452e+04 -4.765602155924982685e-12
5.411557986561906000e+04 -4.797183815867683042e-12
5.412970112967206660e+04 -4.554333124373729995e-12
5.414382239383142587e+04 -4.594045073686106984e-12
5.415794365790145093e+04 -4.519858408526500987e-12
5.417206492207342671e+04 -4.527975461466021876e-12
5.418618618620844063e+04 -4.787596074155787538e-12
5.420030745027784724e+04 -4.666460138041073832e-12
5.421442871437937720e+04 -4.581175795514773549e-12
5.422854997849992651e+04 -4.581754383575277247e-12
5.424267124267683539e+04 -4.551785602877362119e-12
5.425679250680383848e+04 -4.499114090223770995e-12
5.427091377087950241e+04 -4.437275916180039621e-12
5.428503503499041108e+04 -4.402099553932565404e-12
5.429915629917167098e+04 -4.148203032573444115e-12
5.431327756329358090e+04 -4.249998347792954214e-12
5.432739882741148904e+04 -4.210453327783148528e-12
5.434152009152822575e+04 -4.087382849830571284e-12
5.435564135561438889e+04 -4.074519236157732499e-12
5.436976261977427930e+04 -3.953378849365629620e-12
5.438388388388748717e+04 -3.700339343508316028e-12
5.439800514797245705e+04 -3.831427976880780920e-12
5.441212641210347647e+04 -3.827014234334514182e-12
5.442624767623176740e+04 -3.742710832664838102e-12
5.444036894038893661e+04 -3.745914279966461246e-12
5.445449020452096011e+04 -3.576326246765459884e-12
5.446861146862238820e+04 -3.401408729695258319e-12
5.448273273270198115e+04 -3.461530445093162941e-12
5.449685399689307815e+04 -3.170755437489992552e-12
5.451097526100277901e+04 -3.095300502677681622e-12
5.452509652509124862e+04 -2.983498561862713013e-12
5.453921778922074009e+04 -2.701146432316758670e-12
5.455333905330031121e+04 -2.556798941998954131e-12
5.456746031749388931e+04 -2.461637563730506898e-12
5.458158158157175785e+04 -2.520491125077717153e-12
5.459570284572249511e+04 -2.184609947167318669e-12
5.460982410977230029e+04 -2.152775118822519921e-12
5.462394537392287020e+04 -1.976562281229252746e-12
5.463806663808046142e+04 -1.807318973222341841e-12
5.465218790216944035e+04 -1.629655677208466892e-12
5.466630916627978877e+04 -1.519582102046364131e-12
5.468043043041347846e+04 -1.480343889771338759e-12
5.469455169462704362e+04 -1.381168925314553852e-12
5.470867295867667417e+04 -1.330516286165185902e-12
5.472279422279833670e+04 -1.147464433654954701e-12
5.473691548692773358e+04 -1.038856345174771135e-12
5.475103675102714624e+04 -6.839101993622297883e-13
5.476515801521526737e+04 -6.847609145544870505e-13
5.477927927928601275e+04 -5.813159586509830885e-13
5.479340054339903145e+04 -4.517625199725217773e-13
5.480752180750980187e+04 -4.590255630624983434e-13
5.482164307159231248e+04 -4.946900547975807221e-13
5.483576433577916032e+04 -1.410814242417883532e-13
5.484988559991320653e+04 -4.390822419173346052e-14
5.486400686398666585e+04 1.580818964175814435e-13
5.487812812811737967e+04 1.846821501434645473e-13
5.489224939218409418e+04 4.048829398003524449e-13
5.490637065641671506e+04 3.824435492236627866e-13
5.492049192047554243e+04 6.407808639994118939e-13
5.493461318462287454e+04 8.968411659824051434e-13
5.494873444870661478e+04 1.066952645085096897e-12
5.496285571292889654e+04 1.181045702138052506e-12
5.497697697700059507e+04 1.312429467442279341e-12
5.499109824112508068e+04 1.496913513255523808e-12
5.500521950517079677e+04 1.127400242549447267e-12
5.501934076927507704e+04 1.439820108113954453e-12
5.503346203352366138e+04 1.649503080086762876e-12
5.504758329762770154e+04 1.658202824958146355e-12
5.506170456171183469e+04 2.101685660248878878e-12
5.507582582580942108e+04 2.234397808251057739e-12
5.508994708988175262e+04 2.411420322323000012e-12
5.510406835407078324e+04 2.694489299933526427e-12
5.511818961818998650e+04 2.705773674546517002e-12
5.513231088231909962e+04 2.755987835271611191e-12
5.514643214640951192e+04 2.928586491621403710e-12
5.516055341059378406e+04 3.055922683746325976e-12
5.517467467469883559e+04 3.243179906179635593e-12
5.518879593882962945e+04 3.240203038817790807e-12
5.520291720293245453e+04 3.284761371199198604e-12
5.521703846698573034e+04 3.337596345095058225e-12
5.523115973121031857e+04 3.523845980408417718e-12
5.524528099532855413e+04 3.483448511176203265e-12
5.525940225937731884e+04 3.797570269533264811e-12
5.527352352349081775e+04 3.782468022935019744e-12
5.528764478761170903e+04 3.982048304041985155e-12
5.530176605177441525e+04 4.286802831521399745e-12
5.531588731590256793e+04 4.306274140489011441e-12
5.533000858002751193e+04 4.244843347928840549e-12
5.534412984412286460e+04 4.100015993667149099e-12
5.535825110831463826e+04 4.408064253618067532e-12
5.537237237238932721e+04 4.323652012655891648e-12
5.538649363647837890e+04 4.400765836313003554e-12
5.540061490060270444e+04 4.620859809712567797e-12
5.541473616471771675e+04 4.597141514098245021e-12
5.542885742887989909e+04 4.594604049976754676e-12
5.544297869302459731e+04 4.715556814706480384e-12
5.545709995709561190e+04 4.609182966275319008e-12
5.547122122122049768e+04 4.779841474089760438e-12
5.548534248532783386e+04 4.884879194488293655e-12
5.549946374951773760e+04 4.827569382383834442e-12
5.551358501362086099e+04 4.909016316185174760e-12
5.552770627770508872e+04 4.931582984574973822e-12
5.554182754177768220e+04 4.841532486774645899e-12
5.555594880589616514e+04 5.018611645831532256e-12
5.557007007008132496e+04 4.977581833604122023e-12
5.558419133416913974e+04 5.134382666060954074e-12
5.559831259831699572e+04 5.115507747863399540e-12
5.561243386238675157e+04 5.116467938159213197e-12
5.562655512657960207e+04 4.995390670064619372e-12
5.564067639072918246e+04 5.138087941688380152e-12
5.565479765478656918e+04 5.389977323147302121e-12
5.566891891891918203e+04 5.334937356510973235e-12
5.568304018296944560e+04 5.453886160395777027e-12
5.569716144717790303e+04 5.222715664797365010e-12
5.571128271127612970e+04 5.675983169824181899e-12
5.572540397540829872e+04 5.569960173493646274e-12
5.573952523952766933e+04 5.549047538664223856e-12
5.575364650357235223e+04 5.755698154310344007e-12
5.576776776782220259e+04 5.692705462991837321e-12
5.578188903192568978e+04 5.742061509996028901e-12
5.579601029602924245e+04 5.444950818627828903e-12
5.581013156007806538e+04 5.598379309246295388e-12
5.582425282431663800e+04 5.378797683955453062e-12
5.583837408839103591e+04 5.419747152785850775e-12
5.585249535252097849e+04 5.280079578642547192e-12
5.586661661661443213e+04 5.313235853564692152e-12
5.588073788068688009e+04 5.259517217903699721e-12
5.589485914487798436e+04 5.327478483615902923e-12
5.590898040901838976e+04 5.315159471012600740e-12
5.592310167309275130e+04 5.599465621335117800e-12
5.593722293723054463e+04 5.581434135403185543e-12
5.595134420130025683e+04 5.609095153173660201e-12
5.596546546550402127e+04 5.390701222934489966e-12
5.597958672959307296e+04 5.505016813856869515e-12
5.599370799370405439e+04 5.492553298740954310e-12
5.600782925776900811e+04 5.666009722005619359e-12
5.602195052198665508e+04 5.495979511116021716e-12
5.603607178612930147e+04 5.566184496242075048e-12
5.605019305018579325e+04 5.531998323012031440e-12
5.606431431427528878e+04 5.437933661013315037e-12
5.607843557842925657e+04 5.133797719889894760e-12
5.609255684257692337e+04 5.236910782422428750e-12
5.610667810672656196e+04 5.319888055633349528e-12
5.612079937082917604e+04 5.470985200514318076e-12
5.613492063489271823e+04 5.396651258393856005e-12
5.614904189900892379e+04 5.377557158785170579e-12
5.616316316318900499e+04 5.328048863933690047e-12
5.617728442732028634e+04 5.185965901391551667e-12
5.619140569142867753e+04 5.161904267807259557e-12
5.620552695547061012e+04 5.238304480256081472e-12
5.621964821957663662e+04 5.174010803916015333e-12
5.623376948381410330e+04 5.092314169772878622e-12
5.624789074790770974e+04 5.170248883303644364e-12
5.626201201202921948e+04 5.202403235604333446e-12
5.627613327612489957e+04 5.050004758895774962e-12
5.629025454029250250e+04 5.206171283123238902e-12
5.630437580439275916e+04 5.233576358043373327e-12
5.631849706850612711e+04 5.457210064991913467e-12
5.633261833259003470e+04 5.303367834779332498e-12
5.634673959670194017e+04 5.252230823207684394e-12
5.636086086087980948e+04 5.395685056793518830e-12
5.637498212497264467e+04 5.126477800610953788e-12
5.638910338907668483e+04 5.214013954691810614e-12
5.640322465322570497e+04 5.086676028536736743e-12
5.641734591731325781e+04 5.242158188864464424e-12
5.643146718150974630e+04 5.129699166224140555e-12
5.644558844559801219e+04 5.092466764426198057e-12
5.645970970972520445e+04 5.014045135228930438e-12
5.647383097377225931e+04 5.104871784925008219e-12
5.648795223798788356e+04 5.249131302113133660e-12
5.650207350211498124e+04 5.153145334706709464e-12
5.651619476622099319e+04 5.312727667128333603e-12
5.653031603028442623e+04 5.554341185910295600e-12
5.654443729443238408e+04 5.390594637881186280e-12
5.655855855861784221e+04 5.165554054469842351e-12
5.657267982269779168e+04 5.172600921800948977e-12
5.658680108682480204e+04 5.076574493690993523e-12
5.660092235087948939e+04 5.027472771109002347e-12
5.661504361500874074e+04 5.080768997025123886e-12
5.662916487921660155e+04 4.849005231910926628e-12
5.664328614328934782e+04 4.957012652346679100e-12
5.665740740738900786e+04 5.005594397087282589e-12
