5.299999999999893771e+04 -1.869652768460913783e-11
5.301412126410529891e+04 -1.856225134187016275e-11
5.302824252819033427e+04 -1.837209012874951035e-11
5.304236379241899704e+04 -1.828084048351555153e-11
5.305648505651504820e+04 -1.802436221319673994e-11
5.307060632060767239e+04 -1.778841392566871290e-11
5.308472758470643748e+04 -1.750288768701249601e-11
5.309884884879775200e+04 -1.748327692657515993e-11
5.311297011298150028e+04 -1.713673354155649074e-11
5.312709137710795767e+04 -1.690164855842582444e-11
5.314121264120705746e+04 -1.672501296325494098e-11
5.315533390529641474e+04 -1.662421196718108398e-11
5.316945516948983277e+04 -1.632496477307852959e-11
5.318357643358779751e+04 -1.617744595426043250e-11
5.319769769769636332e+04 -1.598204224965911163e-11
5.321181896180755575e+04 -1.573432577742891292e-11
5.322594022590450913e+04 -1.568146379073952188e-11
5.324006149009246292e+04 -1.536194796712227761e-11
5.325418275419201382e+04 -1.527227453445144292e-11
5.326830401830450865e+04 -1.530806718969528344e-11
5.328242528239436797e+04 -1.520123284024282536e-11
5.329654654648902942e+04 -1.482995211313621321e-11
5.331066781071738660e+04 -1.457546726119172655e-11
5.332478907478281326e+04 -1.459658938108136052e-11
5.333891033890531980e+04 -1.427494717373382868e-11
5.335303160298886360e+04 -1.420377255078873613e-11
5.336715286720160657e+04 -1.387850263399795174e-11
5.338127413128061016e+04 -1.382283698617300073e-11
5.339539539540277474e+04 -1.380728769299807617e-11
5.340951665947960282e+04 -1.363299600130807939e-11
5.342363792361324886e+04 -1.334778835218556695e-11
5.343775918781311339e+04 -1.313917548608308523e-11
5.345188045191242418e+04 -1.310108814394839350e-11
5.346600171599585883e+04 -1.292161464842194999e-11
5.348012298010229279e+04 -1.264311759346381851e-11
5.349424424420763535e+04 -1.255476268202867488e-11
5.350836550838554831e+04 -1.224068869722245642e-11
5.352248677250683249e+04 -1.202516815087853719e-11
5.353660803658627265e+04 -1.188785379144442796e-11
5.355072930070818256e+04 -1.175066474389357405e-11
5.356485056490174611e+04 -1.158807290494369297e-11
5.357897182900738699e+04 -1.141386756200317497e-11
5.359309309309234231e+04 -1.114746277420391280e-11
5.360721435721861053e+04 -1.072207734150954836e-11
5.362133562130865903e+04 -1.040060409647333714e-11
5.363545688549839542e+04 -1.029033776873368144e-11
5.364957814961775148e+04 -1.045413365640404047e-11
5.366369941370689776e+04 -1.009223586711830471e-11
5.367782067781093792e+04 -9.757086562126368024e-12
5.369194194191872521e+04 -9.869259813012925678e-12
5.370606320610775583e+04 -9.840021423345034873e-12
5.372018447019746964e+04 -9.676067998643182309e-12
5.373430573430229560e+04 -9.172101395495890559e-12
5.374842699839257693e+04 -8.924470905820305275e-12
5.376254826250211045e+04 -8.644693194175661589e-12
5.377666952669675084e+04 -8.456638361390728246e-12
5.379079079079245275e+04 -8.525381779998801868e-12
5.380491205491887376e+04 -8.148005226669396084e-12
5.381903331899671321e+04 -8.165237258494057277e-12
5.383315458319884783e+04 -8.081870433811075396e-12
5.384727584731401294e+04 -7.886335265252744179e-12
5.386139711140416330e+04 -7.699089430166495925e-12
5.387551837549969787e+04 -7.529819222200468888e-12
5.388963963961816626e+04 -7.265613874007328327e-12
5.390376090378723165e+04 -7.107369061076618965e-12
5.391788216791797458e+04 -6.822637611758274993e-12
5.393200343201770738e+04 -6.999030163396379045e-12
5.394612469610085100e+04 -6.868147577355431313e-12
5.396024596019366436e+04 -6.547422248714203547e-12
5.397436722437899152e+04 -6.388410623733408965e-12
5.398848848848578928e+04 -6.099006967354596336e-12
5.400260975258003600e+04 -5.902985199057891899e-12
5.401673101668650634e+04 -5.938196593190412855e-12
5.403085228089172597e+04 -5.674440492859280248e-12
5.404497354499503854e+04 -5.730829375545223267e-12
5.405909480908937257e+04 -5.819825127996436591e-12
5.407321607318938186e+04 -5.739990692232999080e-12
5.408733733729592495e+04 -5.344729181632272673e-12
5.410145860148300562e+04 -4.974163999294459940e-12
5.411557986559934943e+04 -5.201093639654631501e-12
5.412970112969733600e+04 -4.935114443529012219e-12
5.414382239378232771e+04 -4.805260132672705760e-12
5.415794365790447046e+04 -4.705603129361249043e-12
5.417206492209564021e+04 -4.569841069965491680e-12
5.418618618621091446e+04 -4.420026941725265981e-12
5.420030745029146055e+04 -4.241388590210962841e-12
5.421442871439005103e+04 -4.242223514506184485e-12
5.422854997850750806e+04 -4.348571044503348195e-12
5.424267124269493070e+04 -4.547479307214373171e-12
5.425679250681646954e+04 -4.336901732415084921e-12
5.427091377091343020e+04 -4.345515221582837641e-12
5.428503503499130602e+04 -4.139808038505673896e-12
5.429915629921326763e+04 -4.023502205313664497e-12
5.431327756329544354e+04 -3.800201263122881769e-12
5.432739882739906170e+04 -3.891990496492369839e-12
5.434152009148888465e+04 -3.855122583262540438e-12
5.435564135560855357e+04 -3.756887148422157556e-12
5.436976261979065748e+04 -3.698167655128975029e-12
5.438388388389761531e+04 -3.396359806804157261e-12
5.439800514801224199e+04 -3.119723900634636340e-12
5.441212641211007576e+04 -3.218000788733887175e-12
5.442624767620593047e+04 -3.183083668795944977e-12
5.444036894040650077e+04 -3.004419976596892591e-12
5.445449020450507669e+04 -2.849927342744497378e-12
5.446861146859871224e+04 -3.020444078035494689e-12
5.448273273271432845e+04 -2.985663768499611840e-12
5.449685399688075267e+04 -2.998877544056088166e-12
5.451097526100584946e+04 -2.953527678854489704e-12
5.452509652511247259e+04 -3.187285388692159927e-12
5.453921778918295604e+04 -2.850925882905992661e-12
5.455333905330561538e+04 -2.568317338466708961e-12
5.456746031747882080e+04 -2.543699082949295379e-12
5.458158158161364554e+04 -2.423370965345570528e-12
5.459570284570504737e+04 -2.088533218945904306e-12
5.460982410978090775e+04 -2.221366451800793020e-12
5.462394537391052290e+04 -2.053528505195937419e-12
5.463806663811849285e+04 -2.034439352726193824e-12
5.465218790219253424e+04 -2.057351286644478606e-12
5.466630916630783759e+04 -1.942833363267815091e-12
5.468043043040403427e+04 -1.762240995946801209e-12
5.469455169457983720e+04 -2.102566978047055765e-12
5.470867295868513611e+04 -1.878072533547946456e-12
5.472279422281686857e+04 -1.731676907623839742e-12
5.473691548688668263e+04 -1.724884432287347850e-12
5.475103675100793771e+04 -1.560689392212694667e-12
5.476515801521120011e+04 -1.561345027501363236e-12
5.477927927929654106e+04 -1.245092402957430467e-12
5.479340054338741174e+04 -1.339898203157758300e-12
5.480752180751696142e+04 -1.362223492900190285e-12
5.482164307158580050e+04 -1.304622505206710760e-12
5.483576433580521552e+04 -1.128163159624989104e-12
5.484988559990454087e+04 -1.176240737146870282e-12
5.486400686398972903e+04 -1.180605194041679926e-12
5.487812812811622280e+04 -9.905345317565992653e-13
5.489224939220035594e+04 -8.636195938533107159e-13
5.490637065640611399e+04 -8.296991098635593852e-13
5.492049192049374687e+04 -7.702340438225384007e-13
5.493461318458503956e+04 -5.073647209796986310e-13
5.494873444869322702e+04 -4.914589737218927838e-13
5.496285571291708038e+04 -2.726141836204477322e-13
5.497697697700522986e+04 -1.638939338810441817e-14
5.499109824109877809e+04 -1.005576721555264192e-13
5.500521950519988604e+04 1.717668021358284858e-13
5.501934076930441370e+04 1.298225491910536904e-13
5.503346203350032738e+04 9.341809218404565164e-14
5.504758329759031767e+04 2.742366214545019172e-13
5.506170456168708188e+04 1.966208871471554485e-13
5.507582582578918664e+04 1.236654951866093023e-13
5.508994708991196239e+04 5.274706249745945191e-13
5.510406835411855718e+04 6.875856683265994703e-13
5.511818961820099503e+04 5.727226429079110711e-13
5.513231088228181034e+04 7.683881768386538517e-13
5.514643214640828228e+04 8.598457841371975963e-13
5.516055341060908540e+04 9.140710410749453149e-13
5.517467467471440614e+04 1.153581525784637043e-12
5.518879593881042092e+04 1.205020186267596970e-12
5.520291720288152283e+04 1.353773521219051540e-12
5.521703846700319991e+04 1.637757054142412863e-12
5.523115973120952549e+04 1.790061893385435322e-12
5.524528099531670887e+04 1.909979872738876183e-12
5.525940225940651726e+04 2.079364626459089228e-12
5.527352352351602167e+04 2.269244574457787498e-12
5.528764478760922066e+04 2.296343873433527223e-12
5.530176605179390026e+04 2.614580395285263350e-12
5.531588731590301177e+04 2.756951979062296317e-12
5.533000857999259460e+04 2.871018164451861264e-12
5.534412984411294747e+04 2.912737134314872722e-12
5.535825110829988262e+04 2.925439701837959305e-12
5.537237237241485127e+04 3.294709726172553203e-12
5.538649363649020961e+04 3.404529808848104756e-12
5.540061490057997435e+04 3.588014822657194016e-12
5.541473616469439730e+04 3.599973575167801040e-12
5.542885742889445100e+04 4.096330795470802275e-12
5.544297869299377635e+04 4.238122033623683908e-12
5.545709995711821102e+04 4.495397949600326399e-12
5.547122122120417043e+04 4.476485888967938314e-12
5.548534248528545140e+04 4.518144216961086401e-12
5.549946374947926961e+04 4.667524477523689321e-12
5.551358501361608069e+04 4.956836292230028353e-12
5.552770627770201827e+04 5.185458778218247248e-12
5.554182754181086784e+04 5.478967479048565417e-12
5.555594880588786327e+04 5.481696363192420328e-12
5.557007007009685913e+04 5.660486172903434865e-12
5.558419133417976263e+04 5.675768510020809354e-12
5.559831259830494673e+04 5.839732114939944715e-12
5.561243386238230596e+04 6.068080101256366774e-12
5.562655512660525710e+04 6.253679670701563904e-12
5.564067639070742734e+04 6.376133183309440046e-12
5.565479765481446520e+04 6.537728532789078191e-12
5.566891891889849649e+04 6.586216541517136205e-12
5.568304018300392636e+04 6.907233214794013045e-12
5.569716144718632131e+04 7.210843913684722804e-12
5.571128271128673805e+04 7.472781929743524063e-12
5.572540397540971026e+04 7.595554178363049667e-12
5.573952523948749877e+04 7.446809632088386972e-12
5.575364650361680833e+04 7.888439762008827709e-12
5.576776776781515946e+04 7.965493313957392187e-12
5.578188903189606935e+04 8.159360684616532873e-12
5.579601029601314076e+04 8.225586586757594839e-12
5.581013156011581304e+04 8.549955554318757545e-12
5.582425282429983781e+04 8.690082802999056872e-12
5.583837408841181605e+04 8.969912221358826237e-12
5.585249535249949986e+04 9.239253232835256387e-12
5.586661661658368394e+04 9.365233934395576138e-12
5.588073788068205613e+04 9.670696700442212547e-12
5.589485914490184950e+04 9.939254054904706855e-12
5.590898040898041654e+04 1.007082054647800471e-11
5.592310167309243843e+04 1.023475163329301102e-11
5.593722293721380265e+04 1.056650748369768432e-11
5.595134420128155762e+04 1.073236680620081165e-11
5.596546546549501363e+04 1.098992630348193771e-11
5.597958672961456614e+04 1.131990332570395106e-11
5.599370799370778695e+04 1.153070647654089474e-11
5.600782925780203368e+04 1.160858997253449802e-11
5.602195052198419580e+04 1.192317831464995704e-11
5.603607178608767572e+04 1.216636979015594958e-11
5.605019305021177570e+04 1.253172563080336615e-11
5.606431431430675002e+04 1.255642972239744694e-11
5.607843557841131405e+04 1.282098822891967133e-11
5.609255684258208930e+04 1.280864746192451302e-11
5.610667810670120525e+04 1.281072510511809672e-11
5.612079937078529474e+04 1.316143490884786714e-11
5.613492063491158478e+04 1.349620088105373291e-11
5.614904189901064819e+04 1.364710187565721211e-11
5.616316316321293561e+04 1.357115921245513156e-11
5.617728442728106165e+04 1.383945525026101725e-11
5.619140569138863793e+04 1.417521287816489135e-11
5.620552695548551128e+04 1.436404170041929133e-11
5.621964821959353867e+04 1.456223280710410401e-11
5.623376948377893859e+04 1.464689881793383693e-11
5.624789074789793813e+04 1.499290843731534857e-11
5.626201201198795752e+04 1.509966947455556704e-11
5.627613327611459681e+04 1.515602012649746666e-11
5.629025454028859531e+04 1.530602086764157045e-11
5.630437580437886209e+04 1.530692551543934139e-11
5.631849706851207156e+04 1.565877843306383073e-11
5.633261833261029824e+04 1.594656541234679362e-11
5.634673959671021294e+04 1.593433567563510312e-11
5.636086086090379831e+04 1.613270079812039540e-11
5.637498212498487555e+04 1.610331849387003997e-11
5.638910338911605504e+04 1.634378899504128972e-11
5.640322465319762705e+04 1.629894740831414849e-11
5.641734591731660475e+04 1.665139326866619330e-11
5.643146718150239030e+04 1.691698942496163734e-11
5.644558844559794670e+04 1.700622144634060410e-11
5.645970970969151676e+04 1.704942716736089492e-11
5.647383097380325489e+04 1.715132777337935134e-11
5.648795223801713291e+04 1.731183361989269996e-11
5.650207350209686410e+04 1.755283730078931752e-11
5.651619476618728368e+04 1.771767655087281057e-11
5.653031603030104452e+04 1.793094844102057273e-11
5.654443729438057926e+04 1.760796456892179915e-11
5.655855855860566953e+04 1.783026828925260502e-11
5.657267982271880464e+04 1.805422369490848391e-11
5.658680108679375553e+04 1.808723806632099976e-11
5.660092235089182213e+04 1.816134536085305685e-11
5.661504361501701351e+04 1.816793100932905108e-11
5.662916487920616055e+04 1.856156471050998905e-11
5.664328614329415723e+04 1.872644204485957887e-11
5.665740740738652676e+04 1.877817219645613228e-11
