5.299999999999795546e+04 1.432224344122510947e-11
5.301412126409630582e+04 1.399917110771158174e-11
5.302824252819171670e+04 1.377261374424549791e-11
5.304236379239754024e+04 1.366848572568252135e-11
5.305648505654257315e+04 1.340316117092222766e-11
5.307060632058110787e+04 1.305744793790309736e-11
5.308472758470386907e+04 1.263392048422728356e-11
5.309884884884420171e+04 1.251922163855064477e-11
5.311297011297338759e+04 1.243374360003135405e-11
5.312709137711211224e+04 1.214432339858464635e-11
5.314121264124453592e+04 1.191988804910520151e-11
5.315533390526776930e+04 1.186026206033035430e-11
5.316945516950936872e+04 1.172284067926595313e-11
5.318357643361228111e+04 1.144883148169487337e-11
5.319769769771426945e+04 1.126266091455340733e-11
5.321181896173670248e+04 1.102792111257660262e-11
5.322594022592371039e+04 1.077851161520663069e-11
5.324006149009399815e+04 1.051833080077334009e-11
5.325418275422270381e+04 1.033590067587597579e-11
5.326830401835883822e+04 1.009606598792227603e-11
5.328242528236446378e+04 9.732317225756568840e-12
5.329654654649467557e+04 9.707257867810151733e-12
5.331066781068455020e+04 9.440865943442568531e-12
5.332478907482122304e+04 9.167393149678460980e-12
5.333891033885155048e+04 8.977918028686535831e-12
5.335303160295392445e+04 8.583081213064963257e-12
5.336715286722815654e+04 8.324447840436674645e-12
5.338127413125745079e+04 7.945716244327923635e-12
5.339539539545849402e+04 7.935378067418324795e-12
5.340951665955570206e+04 7.672224914562635246e-12
5.342363792361161177e+04 7.642806935809158084e-12
5.343775918783152156e+04 7.439740774356991884e-12
5.345188045186205272e+04 7.257827757113952689e-12
5.346600171595659049e+04 7.078442751487464460e-12
5.348012298008013022e+04 7.039529344327491439e-12
5.349424424423548044e+04 6.649970940098267930e-12
5.350836550845207967e+04 6.370717194420904400e-12
5.352248677253817732e+04 6.030067651931891053e-12
5.353660803654373740e+04 5.862023130434871755e-12
5.355072930073674797e+04 5.850869486419804100e-12
5.356485056487856491e+04 5.624383642974039755e-12
5.357897182895165315e+04 5.494421189715056603e-12
5.359309309309079254e+04 5.285968375687004411e-12
5.360721435723495961e+04 5.270698818457593746e-12
5.362133562133401574e+04 5.368013847924985592e-12
5.363545688544744917e+04 4.998521732107087534e-12
5.364957814957584924e+04 4.721384160406527646e-12
5.366369941375886992e+04 4.454190276240327626e-12
5.367782067779239878e+04 4.052125114528311513e-12
5.369194194187170069e+04 3.836419797673263126e-12
5.370606320606140071e+04 3.883948136638012734e-12
5.372018447013857076e+04 3.885898436793545084e-12
5.373430573435737460e+04 3.523882118296334587e-12
5.374842699835668463e+04 3.504681715498415161e-12
5.376254826253944339e+04 3.406399422524736512e-12
5.377666952672446496e+04 3.063687998415684071e-12
5.379079079074766923e+04 2.812227553912171531e-12
5.380491205486446415e+04 2.776641530728715914e-12
5.381903331893712311e+04 2.354213256075462047e-12
5.383315458318182937e+04 2.483946260537524494e-12
5.384727584731177922e+04 2.565572903934998745e-12
5.386139711134426761e+04 2.333667882201502345e-12
5.387551837550188793e+04 2.129557798891172071e-12
5.388963963962839625e+04 2.054484713664271899e-12
5.390376090376600769e+04 1.838500713586459627e-12
5.391788216796211054e+04 1.738286203291205331e-12
5.393200343205143145e+04 1.642027396979289213e-12
5.394612469605026854e+04 1.720237956225838269e-12
5.396024596022653714e+04 1.292511191948675877e-12
5.397436722442397149e+04 1.234405038324078232e-12
5.398848848853094387e+04 1.266601516875645631e-12
5.400260975255499216e+04 1.257596060908817483e-12
5.401673101665965805e+04 9.395927755314256020e-13
5.403085228085489507e+04 8.383096092187065518e-13
5.404497354502413509e+04 8.274075168663189917e-13
5.405909480904475640e+04 6.633090732037604362e-13
5.407321607325629884e+04 5.472312981460832948e-13
5.408733733730782114e+04 4.838157496476725787e-13
5.410145860148195788e+04 6.201904606139887934e-13
5.411557986556561809e+04 3.185644047193913627e-13
5.412970112971245544e+04 1.736260319720621271e-13
5.414382239385804132e+04 4.525539436001687881e-14
5.415794365784757247e+04 1.200543358374759660e-14
5.417206492214994796e+04 -1.102416723140835756e-13
5.418618618620293273e+04 -1.268513473447783363e-13
5.420030745031038532e+04 -5.685174476374473938e-13
5.421442871441422903e+04 -3.850179358077456130e-13
5.422854997850960353e+04 -3.836901850861121974e-13
5.424267124264789163e+04 -5.415896081463767760e-13
5.425679250685192528e+04 -5.897769545788891723e-13
5.427091377094733616e+04 -6.743190712216467361e-13
5.428503503505200206e+04 -6.711065249353956678e-13
5.429915629915263708e+04 -9.651431993380475986e-13
5.431327756329447584e+04 -1.256857874135669106e-12
5.432739882736728032e+04 -1.300182940940458535e-12
5.434152009154466941e+04 -1.305007096048407613e-12
5.435564135556232941e+04 -1.449969442803570086e-12
5.436976261984929442e+04 -1.241352246020588203e-12
5.438388388386711449e+04 -1.510554041052607615e-12
5.439800514804242266e+04 -1.445236988275583290e-12
5.441212641203700332e+04 -1.499719455997886905e-12
5.442624767623648950e+04 -1.811978101312912371e-12
5.444036894044806104e+04 -2.204943577512677975e-12
5.445449020447325893e+04 -2.149730092589327289e-12
5.446861146862783789e+04 -2.281859036004968768e-12
5.448273273268734920e+04 -2.113977947073543917e-12
5.449685399687392055e+04 -2.338904310546350173e-12
5.451097526103940618e+04 -2.439484102858517250e-12
5.452509652508037107e+04 -2.549292455593336470e-12
5.453921778923360398e+04 -2.585311618930511108e-12
5.455333905328892433e+04 -2.677988935055749725e-12
5.456746031752294948e+04 -2.851356271023650253e-12
5.458158158156413265e+04 -2.862699894432498776e-12
5.459570284572596574e+04 -2.768139039916224262e-12
5.460982410982374859e+04 -2.926421871682251100e-12
5.462394537389820471e+04 -3.016668632725526762e-12
5.463806663815437059e+04 -2.952423554319490392e-12
5.465218790222288953e+04 -3.092179623671117426e-12
5.466630916630585853e+04 -3.266890790487856826e-12
5.468043043038194446e+04 -3.280288752475255624e-12
5.469455169457188458e+04 -3.386412680281837639e-12
5.470867295871442911e+04 -3.295031948668049646e-12
5.472279422273980890e+04 -3.298636469982374257e-12
5.473691548688838520e+04 -3.291315685087945867e-12
5.475103675104618014e+04 -3.473941432041910181e-12
5.476515801520177047e+04 -3.602097853122987021e-12
5.477927927932678722e+04 -3.845303988256320620e-12
5.479340054344174860e+04 -3.677180557189615386e-12
5.480752180753536959e+04 -3.768056372809159165e-12
5.482164307163174817e+04 -4.008826807219823596e-12
5.483576433583431208e+04 -4.180128168444396582e-12
5.484988559985192842e+04 -4.035810137768050164e-12
5.486400686406128807e+04 -4.213658566639124563e-12
5.487812812808005401e+04 -4.166754765196728870e-12
5.489224939218641521e+04 -4.054887162135412753e-12
5.490637065642709058e+04 -4.128586273584113321e-12
5.492049192055408639e+04 -4.098928730171872720e-12
5.493461318458482128e+04 -4.074467289828135533e-12
5.494873444873075641e+04 -4.229482990585198272e-12
5.496285571283544414e+04 -4.226717267179088522e-12
5.497697697704557504e+04 -4.464125434700923876e-12
5.499109824111882335e+04 -4.336197351426161286e-12
5.500521950524155545e+04 -4.425600724415820312e-12
5.501934076931556046e+04 -4.397140068726356914e-12
5.503346203352271550e+04 -4.378342516969821031e-12
5.504758329762426729e+04 -4.622285765134242352e-12
5.506170456173111597e+04 -4.648532976695607453e-12
5.507582582578917936e+04 -4.656715305569097362e-12
5.508994708995152905e+04 -4.773488955440729880e-12
5.510406835407645849e+04 -4.650430197813065445e-12
5.511818961824541475e+04 -4.727741607510339037e-12
5.513231088228056615e+04 -4.757858720958105282e-12
5.514643214641711529e+04 -4.808687359848753934e-12
5.516055341063915694e+04 -4.394753543956341027e-12
5.517467467470063275e+04 -4.715172298332718224e-12
5.518879593882874178e+04 -4.668310422167435275e-12
5.520291720289822842e+04 -4.781498262145491290e-12
5.521703846702652663e+04 -4.792125004246935137e-12
5.523115973117903923e+04 -4.583787777096894096e-12
5.524528099526304140e+04 -4.372778792956810718e-12
5.525940225943160476e+04 -4.503327966202620761e-12
5.527352352352397429e+04 -4.408466208651443983e-12
5.528764478763881925e+04 -4.600499531698746662e-12
5.530176605179982289e+04 -4.627684243912772578e-12
5.531588731583674235e+04 -4.630147427034664523e-12
5.533000857996575360e+04 -4.469752660598097641e-12
5.534412984412430524e+04 -4.681549454024856958e-12
5.535825110834153747e+04 -4.469308088935765191e-12
5.537237237236290821e+04 -4.627945911437294196e-12
5.538649363654725312e+04 -4.591645345874027416e-12
5.540061490061251243e+04 -4.514784559814234703e-12
5.541473616475928429e+04 -4.428344695795310465e-12
5.542885742892502458e+04 -4.446450275823312956e-12
5.544297869303825428e+04 -4.470588242480871320e-12
5.545709995708706992e+04 -4.453169839379835397e-12
5.547122122123892768e+04 -4.531231080026985886e-12
5.548534248527096497e+04 -4.437688126799397707e-12
5.549946374950079917e+04 -4.478006619129137191e-12
5.551358501363012329e+04 -4.559464567373931387e-12
5.552770627765692188e+04 -4.618208020294564950e-12
5.554182754183778889e+04 -4.484498312664863761e-12
5.555594880591239053e+04 -4.619242060183646286e-12
5.557007007011532551e+04 -4.517191345544528988e-12
5.558419133418736601e+04 -4.385082984691709945e-12
5.559831259827125177e+04 -4.122801871752657374e-12
5.561243386234594072e+04 -4.027158444599737529e-12
5.562655512657624786e+04 -4.058036148064310673e-12
5.564067639074541512e+04 -4.129790879767949846e-12
5.565479765482825314e+04 -4.310608635692147867e-12
5.566891891886967642e+04 -4.129975128789126726e-12
5.568304018293455738e+04 -4.083162399339902110e-12
5.569716144726212951e+04 -3.970715648569843274e-12
5.571128271128229972e+04 -4.105365634328721818e-12
5.572540397538874822e+04 -3.775450541556832937e-12
5.573952523955793731e+04 -3.953404806901513628e-12
5.575364650364356930e+04 -3.844478259106033921e-12
5.576776776779367356e+04 -3.914580596938063745e-12
5.578188903186211246e+04 -3.846418165652073336e-12
5.579601029594596184e+04 -3.516603354400756051e-12
5.581013156007803627e+04 -3.460780608075896056e-12
5.582425282425071055e+04 -3.672545796743548797e-12
5.583837408842857258e+04 -3.490577405389734357e-12
5.585249535250095505e+04 -3.480973125485783268e-12
5.586661661658179219e+04 -3.594465435363321313e-12
5.588073788069079455e+04 -3.549092871343192254e-12
5.589485914491880976e+04 -3.357365830864256840e-12
5.590898040905957168e+04 -3.504054598549362725e-12
5.592310167311348778e+04 -3.317669610220764121e-12
5.593722293719067966e+04 -3.321405169953514186e-12
5.595134420128848433e+04 -2.960561151202754453e-12
5.596546546550529456e+04 -3.233869927669369785e-12
5.597958672953927453e+04 -3.153895327304365898e-12
5.599370799364366394e+04 -3.055516465857670972e-12
5.600782925780701771e+04 -2.928751969824073973e-12
5.602195052200457576e+04 -2.824713312913466593e-12
5.603607178606823436e+04 -2.615105843423996302e-12
5.605019305020817410e+04 -2.690113000129355064e-12
5.606431431430940575e+04 -2.494528892629187882e-12
5.607843557834803505e+04 -2.555461172464997142e-12
5.609255684265743184e+04 -2.507943051690171985e-12
5.610667810670551262e+04 -2.332765970496809827e-12
5.612079937075625639e+04 -2.352226432806530280e-12
5.613492063493933529e+04 -2.031781190075156964e-12
5.614904189893610601e+04 -2.065883192937138845e-12
5.616316316323052888e+04 -1.972276182330083986e-12
5.617728442734059354e+04 -1.793171047663027687e-12
5.619140569138504361e+04 -1.517620175205294727e-12
5.620552695555183891e+04 -1.504691285146769970e-12
5.621964821959009714e+04 -1.476080353359425135e-12
5.623376948375622305e+04 -1.372326753249274106e-12
5.624789074785175762e+04 -1.428745546034739291e-12
5.626201201199027855e+04 -1.598300839337582987e-12
5.627613327604503866e+04 -1.532358635069711621e-12
5.629025454031457775e+04 -1.321172301744852309e-12
5.630437580437490396e+04 -1.307660784822789511e-12
5.631849706843707099e+04 -1.177681783651082069e-12
5.633261833260707499e+04 -1.007922535862086322e-12
5.634673959667315648e+04 -1.033779965139997051e-12
5.636086086093548511e+04 -9.897461448011909510e-13
5.637498212496632186e+04 -7.603236608154225793e-13
5.638910338914626482e+04 -9.373683756921851247e-13
5.640322465316894522e+04 -7.799122378840763920e-13
5.641734591730062675e+04 -4.657613416727291509e-13
5.643146718144409533e+04 -4.635535694440457507e-13
5.644558844558196142e+04 -3.608537731611407239e-13
5.645970970970464259e+04 -4.007757587905944843e-13
5.647383097373676719e+04 -4.259678801145374835e-13
5.648795223798415827e+04 -4.087126756863374739e-13
5.650207350204281829e+04 -4.448082342460343338e-13
5.651619476617764303e+04 -6.111148955033868269e-14
5.653031603025459481e+04 -2.506150285125247304e-13
5.654443729434793204e+04 -2.419749130357995637e-13
5.655855855863147735e+04 -1.422610501919314152e-13
5.657267982264928287e+04 -1.915130764649995868e-13
5.658680108676256350e+04 7.549659571772849486e-15
5.660092235090987378e+04 -1.631897158252742363e-13
5.661504361496656202e+04 2.259972306483219487e-14
5.662916487921198859e+04 1.062160336928972906e-13
5.664328614330070559e+04 3.004971246307322042e-13
5.665740740738705790e+04 2.191682851890986313e-13
