5.300000000000028376e+04 -9.564510270019862755e-12
5.301412126411055942e+04 -9.256414526808869034e-12
5.302824252819808316e+04 -8.893007357350926684e-12
5.304236379241968825e+04 -8.557095430989707050e-12
5.305648505650554580e+04 -8.401773059184245106e-12
5.307060632060498028e+04 -8.183763974608438355e-12
5.308472758469753899e+04 -8.221737196760093143e-12
5.309884884877554578e+04 -8.084747633396042454e-12
5.311297011302056490e+04 -7.765579472170481106e-12
5.312709137711527001e+04 -7.563501318517944725e-12
5.314121264121767308e+04 -7.523776287048228072e-12
5.315533390530516044e+04 -7.285664548778205443e-12
5.316945516950154706e+04 -7.139784376085140398e-12
5.318357643357274355e+04 -7.080966039367352561e-12
5.319769769770280982e+04 -6.783126643448779714e-12
5.321181896177452290e+04 -6.871602695877704085e-12
5.322594022589560336e+04 -6.701294896599124071e-12
5.324006149007048953e+04 -6.160791514611490504e-12
5.325418275420306600e+04 -6.030159728894094166e-12
5.326830401829865150e+04 -6.116539186896626716e-12
5.328242528237096849e+04 -5.998320384303501536e-12
5.329654654649060103e+04 -5.900484345642631852e-12
5.331066781067925331e+04 -5.458221759673464422e-12
5.332478907482144132e+04 -5.352976769255177971e-12
5.333891033890771359e+04 -5.144493645770909579e-12
5.335303160301606840e+04 -4.997456241031802158e-12
5.336715286722635938e+04 -4.982463068065236332e-12
5.338127413131023786e+04 -4.955091600720054420e-12
5.339539539540944679e+04 -4.651981507160214113e-12
5.340951665947137371e+04 -4.692137796640109663e-12
5.342363792357382772e+04 -4.584082741198990501e-12
5.343775918780015490e+04 -4.475001629175860112e-12
5.345188045188525575e+04 -4.511558587850600388e-12
5.346600171598721499e+04 -4.302830651448430941e-12
5.348012298008004291e+04 -4.244593503363987841e-12
5.349424424422683660e+04 -3.841270057904360499e-12
5.350836550840571726e+04 -3.715429523783817692e-12
5.352248677247176965e+04 -3.486422281111872052e-12
5.353660803660053352e+04 -3.475230153729822017e-12
5.355072930070157599e+04 -3.349476535110753830e-12
5.356485056492272270e+04 -3.393386622665134505e-12
5.357897182902060013e+04 -3.364032640947055546e-12
5.359309309311353718e+04 -3.328341517789864039e-12
5.360721435718673456e+04 -3.373809777326113481e-12
5.362133562127516780e+04 -3.232841132678155431e-12
5.363545688552807405e+04 -3.050014292340023896e-12
5.364957814959381358e+04 -2.839284643806197037e-12
5.366369941370309971e+04 -2.674734291107120490e-12
5.367782067780509533e+04 -2.610103238181584109e-12
5.369194194187605171e+04 -2.401837099163758099e-12
5.370606320608809619e+04 -2.458962326338827349e-12
5.372018447019989253e+04 -2.162796344279634843e-12
5.373430573427461059e+04 -2.229790657905977326e-12
5.374842699840231944e+04 -2.198044314561710375e-12
5.376254826251760824e+04 -2.192475858022330787e-12
5.377666952672346815e+04 -2.126051059464208803e-12
5.379079079079604708e+04 -2.211815469962038681e-12
5.380491205488800915e+04 -2.056076722558808650e-12
5.381903331899369368e+04 -2.010636789398596567e-12
5.383315458317683806e+04 -1.897273747297753810e-12
5.384727584728731745e+04 -1.667201941876372214e-12
5.386139711142396845e+04 -1.521645862759141507e-12
5.387551837551662175e+04 -1.220553082967759940e-12
5.388963963960662659e+04 -1.267291824729248385e-12
5.390376090380879032e+04 -1.367996738838200276e-12
5.391788216792920139e+04 -1.215399674227272212e-12
5.393200343198141491e+04 -9.132099112638804104e-13
5.394612469610368862e+04 -1.017719965003884608e-12
5.396024596019230376e+04 -9.859265954493992234e-13
5.397436722438911238e+04 -1.027048305362600581e-12
5.398848848851029470e+04 -9.034348772330439434e-13
5.400260975258133112e+04 -8.578956911067946861e-13
5.401673101670188771e+04 -7.642948329381860962e-13
5.403085228089959855e+04 -7.306829321720821682e-13
5.404497354498925415e+04 -4.442729523598259473e-13
5.405909480909079866e+04 -2.852225639080696471e-13
5.407321607321695046e+04 -3.683911276018493120e-13
5.408733733727820072e+04 -3.275623079908782266e-13
5.410145860150633962e+04 -2.093301167590789518e-13
5.411557986562452425e+04 -1.640865871827198002e-13
5.412970112970993068e+04 -1.666308711303897147e-13
5.414382239381278487e+04 -1.107761261805593426e-13
5.415794365790808661e+04 -1.714226759767754184e-13
5.417206492211668228e+04 -1.052841287264996540e-13
5.418618618621354835e+04 3.313182258090265564e-14
5.420030745028769161e+04 -1.279270829717540767e-13
5.421442871438097791e+04 -2.084452955794900385e-14
5.422854997847078630e+04 -1.101549837279121029e-14
5.424267124269810301e+04 5.447795992319580791e-14
5.425679250682387647e+04 1.333633763902922244e-13
5.427091377088154695e+04 2.778274515813005689e-13
5.428503503499162616e+04 2.675625704148489013e-13
5.429915629920148058e+04 1.987520492249222071e-13
5.431327756331663113e+04 1.780716923694138592e-13
5.432739882738192682e+04 2.358740969716268284e-13
5.434152009151788661e+04 1.439366388458696009e-13
5.435564135558235284e+04 3.177959681700426540e-13
5.436976261980720301e+04 3.050721141337523810e-13
5.438388388390490582e+04 2.553427267021924577e-13
5.439800514801705140e+04 3.067668281001136989e-13
5.441212641210702714e+04 3.614480201427079597e-13
5.442624767620131024e+04 5.127832332210958805e-13
5.444036894042516360e+04 6.315130170819580112e-13
5.445449020452841796e+04 5.515518622248796195e-13
5.446861146862433816e+04 5.665276631561415066e-13
5.448273273267384502e+04 5.273657843850264281e-13
5.449685399688012694e+04 6.490857713163344086e-13
5.451097526099569950e+04 7.103057089274945582e-13
5.452509652507965075e+04 6.545945875561662536e-13
5.453921778920701036e+04 7.527556603170736307e-13
5.455333905332138966e+04 5.961535116942354564e-13
5.456746031747291272e+04 4.448831394609955861e-13
5.458158158159849700e+04 5.190174702472600142e-13
5.459570284568067291e+04 6.977352156614692324e-13
5.460982410977847030e+04 7.766595808956170294e-13
5.462394537388004392e+04 8.099753825122052238e-13
5.463806663808626763e+04 8.437284725588704677e-13
5.465218790218701906e+04 7.004264426848330448e-13
5.466630916631529544e+04 7.480220573214521900e-13
5.468043043040836346e+04 6.950189817592598416e-13
5.469455169462168124e+04 7.376503989953283806e-13
5.470867295869880763e+04 7.496594546363004249e-13
5.472279422282084852e+04 7.152630460338487649e-13
5.473691548690777563e+04 8.028816170131568250e-13
5.475103675101033150e+04 9.268612963328842767e-13
5.476515801519747038e+04 7.412066869868962263e-13
5.477927927928129793e+04 7.520222727374808475e-13
5.479340054340974166e+04 7.352875808941479580e-13
5.480752180748133105e+04 1.039358613566084482e-12
5.482164307160828321e+04 1.007519545600257498e-12
5.483576433580998855e+04 1.087018183848600725e-12
5.484988559989938221e+04 1.122645904609427132e-12
5.486400686400367704e+04 1.031956577427816921e-12
5.487812812809654133e+04 1.234968837590147412e-12
5.489224939219222870e+04 1.193702618899192757e-12
5.490637065638092463e+04 1.296688027578966459e-12
5.492049192048492114e+04 1.086316442142237081e-12
5.493461318460719485e+04 1.002426773008474582e-12
5.494873444872880646e+04 9.064477164016966790e-13
5.496285571289429936e+04 9.837251684290461753e-13
5.497697697697373951e+04 9.939967992397880752e-13
5.499109824109229521e+04 1.021765942348557000e-12
5.500521950521144026e+04 1.115794683705198791e-12
5.501934076933014876e+04 9.866080410902878358e-13
5.503346203352818702e+04 1.030281559144794101e-12
5.504758329758656328e+04 1.055710899332912830e-12
5.506170456167668453e+04 1.114705003427010837e-12
5.507582582579884911e+04 1.117493602368003196e-12
5.508994708987932972e+04 8.284043457222739042e-13
5.510406835410740314e+04 8.744209861946219421e-13
5.511818961820540426e+04 9.760728422025107986e-13
5.513231088227919099e+04 8.743904468204566965e-13
5.514643214639819780e+04 9.518896412602238100e-13
5.516055341059695638e+04 8.868095710145323249e-13
5.517467467469142866e+04 9.875448031978366220e-13
5.518879593881121400e+04 1.105762056692272331e-12
5.520291720290017111e+04 9.026853982844194669e-13
5.521703846700530994e+04 1.005558829258920266e-12
5.523115973118144029e+04 1.020665418379542147e-12
5.524528099531165935e+04 1.078492608560787881e-12
5.525940225937982905e+04 1.064426571159913952e-12
5.527352352352072194e+04 1.004911306006690713e-12
5.528764478759161284e+04 8.006473741032085095e-13
5.530176605183051288e+04 1.040327242846675246e-12
5.531588731592441763e+04 1.079064889876668061e-12
5.533000858001762390e+04 1.105194643972273603e-12
5.534412984410823265e+04 1.225432807357126284e-12
5.535825110829153709e+04 1.283881407412691796e-12
5.537237237243053096e+04 1.270300680501270823e-12
5.538649363651971362e+04 1.083459240259279314e-12
5.540061490059897915e+04 1.250500543651142914e-12
5.541473616469314584e+04 1.506825920413387328e-12
5.542885742892418057e+04 1.314730158716274622e-12
5.544297869300386810e+04 1.085380343934126812e-12
5.545709995708405040e+04 1.085428144693689981e-12
5.547122122122531437e+04 1.113413055119931076e-12
5.548534248532662605e+04 1.245568434723446923e-12
5.549946374951595499e+04 1.326846102166825177e-12
5.551358501360855007e+04 1.160772321556488348e-12
5.552770627770115243e+04 1.302777755827377295e-12
5.554182754178006871e+04 9.970418846638063323e-13
5.555594880589161039e+04 1.156803973313501870e-12
5.557007007012801478e+04 1.403299212391524469e-12
5.558419133418042475e+04 1.466728386033787457e-12
5.559831259828076145e+04 1.305825939448774695e-12
5.561243386237884260e+04 1.185030764435124507e-12
5.562655512657783402e+04 1.141605544770571110e-12
5.564067639071374288e+04 1.218059761494334396e-12
5.565479765478010813e+04 1.323278527884804855e-12
5.566891891887316160e+04 1.272137911547070240e-12
5.568304018302401528e+04 1.361719854465469198e-12
5.569716144722313766e+04 1.303320382968343284e-12
5.571128271131915244e+04 1.312521586584610201e-12
5.572540397541075072e+04 1.355233335652722101e-12
5.573952523950776231e+04 1.348801920493360452e-12
5.575364650359875668e+04 1.206232171699851717e-12
5.576776776777581836e+04 1.252589613883899616e-12
5.578188903188843688e+04 1.530882980462382633e-12
5.579601029599872709e+04 1.713782849738735552e-12
5.581013156010922830e+04 1.631212348789026381e-12
5.582425282428858191e+04 1.928276365488529094e-12
5.583837408840565331e+04 1.671967364912431347e-12
5.585249535247557651e+04 1.819792099060499190e-12
5.586661661657839431e+04 1.742918740491307932e-12
5.588073788068017893e+04 1.902631257982938193e-12
5.589485914487086848e+04 1.972480117894484776e-12
5.590898040902437060e+04 1.912433069291122447e-12
5.592310167311835539e+04 1.879158872039339237e-12
5.593722293720889138e+04 2.052419806669722613e-12
5.595134420129458158e+04 2.089790706055911771e-12
5.596546546551925712e+04 2.251551574614744804e-12
5.597958672960603144e+04 2.412527271437791588e-12
5.599370799372409965e+04 2.435019741810347809e-12
5.600782925780410005e+04 2.558544871314600288e-12
5.602195052198370104e+04 2.574476687437123629e-12
5.603607178607545939e+04 2.731320716755343546e-12
5.605019305021948821e+04 2.978743644648590141e-12
5.606431431427939970e+04 2.863306138102635040e-12
5.607843557837128901e+04 2.865486826457887579e-12
5.609255684260714042e+04 3.016533685880207472e-12
5.610667810669042228e+04 3.024924932181655602e-12
5.612079937082154356e+04 3.133509668724693094e-12
5.613492063487283303e+04 3.339715063885799558e-12
5.614904189898988989e+04 3.431870502327157020e-12
5.616316316321722115e+04 3.404913529531334870e-12
5.617728442731976247e+04 3.486565636257957273e-12
5.619140569137511920e+04 3.465119913999907492e-12
5.620552695549341297e+04 3.591611788794450117e-12
5.621964821961429698e+04 3.488858302318482615e-12
5.623376948378897214e+04 3.611745203162642970e-12
5.624789074789616279e+04 3.780319007758091038e-12
5.626201201197244518e+04 3.958503863223096769e-12
5.627613327612374269e+04 3.890031488147116748e-12
5.629025454031375557e+04 4.018394231559002471e-12
5.630437580438219447e+04 4.206479155449072459e-12
5.631849706852189411e+04 3.999237634564473817e-12
5.633261833262089203e+04 3.793561145955940340e-12
5.634673959671633202e+04 3.919505525013635524e-12
5.636086086090893514e+04 4.008073693489634216e-12
5.637498212503051036e+04 4.047439831987955846e-12
5.638910338907301775e+04 4.031784640631422530e-12
5.640322465317854221e+04 4.353476228297298620e-12
5.641734591730431566e+04 4.496704122734050564e-12
5.643146718151037931e+04 4.485004444231361676e-12
5.644558844558314013e+04 4.517502321739870590e-12
5.645970970971282804e+04 4.563804881570346485e-12
5.647383097379129322e+04 4.203244637385304645e-12
5.648795223801841348e+04 4.397906591711553978e-12
5.650207350207726995e+04 4.403090318526394213e-12
5.651619476618541376e+04 4.493323104194213899e-12
5.653031603029256803e+04 4.576253881239148942e-12
5.654443729438825540e+04 4.708704032193303790e-12
5.655855855862509634e+04 4.685429488282340664e-12
5.657267982270108041e+04 4.678785625302698423e-12
5.658680108679599653e+04 4.699914888828455606e-12
5.660092235091843759e+04 4.561984026710693331e-12
5.661504361497603531e+04 4.619718492270379233e-12
5.662916487920021609e+04 4.559060213584085508e-12
5.664328614331127756e+04 4.627703874715166714e-12
5.665740740737342276e+04 4.791395805440423393e-12
