5.300000000000403088e+04 -8.981367475301393722e-12
5.301412126418171101e+04 -8.703489767016801124e-12
5.302824252818212699e+04 -8.594613535721782100e-12
5.304236379246623983e+04 -8.380146712627509924e-12
5.305648505644711258e+04 -8.380744487374210242e-12
5.307060632056782924e+04 -8.413592569080293427e-12
5.308472758463478385e+04 -8.401927258584398763e-12
5.309884884873498231e+04 -8.261056785798052165e-12
5.311297011307237699e+04 -8.375000809897119715e-12
5.312709137701115105e+04 -8.091331189956977941e-12
5.314121264112702920e+04 -8.117941042313104919e-12
5.315533390527738811e+04 -7.858819241950817946e-12
5.316945516945829877e+04 -8.037168104382699231e-12
5.318357643357842608e+04 -7.862206891971228371e-12
5.319769769778398768e+04 -7.586916510049360865e-12
5.321181896183824574e+04 -7.652877658355762795e-12
5.322594022591294924e+04 -7.707816820603939701e-12
5.324006149002342136e+04 -7.552105115427562454e-12
5.325418275425831234e+04 -7.341502741970582575e-12
5.326830401839425031e+04 -7.263136836759177649e-12
5.328242528246864094e+04 -7.291687313781904642e-12
5.329654654643089452e+04 -7.530328552903724901e-12
5.331066781072691083e+04 -7.455743098850066344e-12
5.332478907485635136e+04 -7.257277379934509240e-12
5.333891033881391195e+04 -7.211766830524324773e-12
5.335303160303750337e+04 -7.148915531081239647e-12
5.336715286711893714e+04 -7.187704470200416486e-12
5.338127413128769695e+04 -7.111351411028746587e-12
5.339539539541415434e+04 -7.088900089584687667e-12
5.340951665948076698e+04 -7.095140570440281909e-12
5.342363792366526468e+04 -6.847845582805178939e-12
5.343775918781700602e+04 -6.635145498865213094e-12
5.345188045191372657e+04 -6.657371669745542856e-12
5.346600171595296706e+04 -6.476791911612592525e-12
5.348012298016124259e+04 -6.581722465874636949e-12
5.349424424413989618e+04 -6.568543191030407684e-12
5.350836550832586363e+04 -6.569293461985848432e-12
5.352248677241960104e+04 -6.465738058089962058e-12
5.353660803657866200e+04 -6.397049124107616300e-12
5.355072930073645693e+04 -6.508608803736798298e-12
5.356485056487809925e+04 -6.440800381651373033e-12
5.357897182895515289e+04 -6.306353627640946726e-12
5.359309309310529352e+04 -6.639660980017161982e-12
5.360721435720367299e+04 -6.397574937270293190e-12
5.362133562127879122e+04 -6.261104599270169699e-12
5.363545688549911574e+04 -6.316457692170124217e-12
5.364957814957262599e+04 -6.272486826230361538e-12
5.366369941361844394e+04 -6.037909035205620213e-12
5.367782067784573155e+04 -6.044912949664995108e-12
5.369194194189285918e+04 -6.071105927092741946e-12
5.370606320617183519e+04 -5.968734468776585807e-12
5.372018447011793614e+04 -6.104377638244118568e-12
5.373430573439346335e+04 -5.855020271445261579e-12
5.374842699831075879e+04 -5.800025341134377166e-12
5.376254826247249730e+04 -5.746255922661141026e-12
5.377666952660919196e+04 -5.633709044406379818e-12
5.379079079079338408e+04 -5.774438538301284512e-12
5.380491205491519213e+04 -5.704134062427814933e-12
5.381903331898371835e+04 -5.621920853660511324e-12
5.383315458328109526e+04 -5.472900276852668479e-12
5.384727584729267983e+04 -5.455193050979114108e-12
5.386139711144530156e+04 -5.431836277883383873e-12
5.387551837543767033e+04 -5.387826616769562745e-12
5.388963963959187822e+04 -5.284171453854670661e-12
5.390376090379818197e+04 -5.183272133839817078e-12
5.391788216797568748e+04 -4.902187935142245011e-12
5.393200343193825393e+04 -4.859049087131830168e-12
5.394612469609086111e+04 -4.839393789303798801e-12
5.396024596013649716e+04 -4.716420015250020328e-12
5.397436722446015483e+04 -4.725057483645617667e-12
5.398848848849701608e+04 -4.585254917302310222e-12
5.400260975253296783e+04 -4.640507558412293729e-12
5.401673101667375886e+04 -4.471614153693309473e-12
5.403085228097342770e+04 -4.314269240966193241e-12
5.404497354498809727e+04 -4.512845110465235564e-12
5.405909480915169115e+04 -4.606998226819812538e-12
5.407321607314170978e+04 -4.469610660061606814e-12
5.408733733723701152e+04 -4.411483019445549869e-12
5.410145860148735665e+04 -4.405141394029019315e-12
5.411557986559341225e+04 -4.251430757785966984e-12
5.412970112974852964e+04 -4.241955036522333297e-12
5.414382239387779555e+04 -4.147768667161421085e-12
5.415794365786886192e+04 -4.208815644625333129e-12
5.417206492205561517e+04 -3.815415953175415911e-12
5.418618618626068928e+04 -3.850285886943783030e-12
5.420030745029622631e+04 -3.758995300217904082e-12
5.421442871432744141e+04 -3.706563622478699758e-12
5.422854997855543479e+04 -3.583954245952679500e-12
5.424267124278964184e+04 -3.557502864954868670e-12
5.425679250672844501e+04 -3.687910071466520528e-12
5.427091377090759488e+04 -3.678581217647534608e-12
5.428503503503217507e+04 -3.518269859646922431e-12
5.429915629927608825e+04 -3.559877683823982551e-12
5.431327756322024652e+04 -3.460386074410657357e-12
5.432739882734237472e+04 -3.399844819751428486e-12
5.434152009146308410e+04 -3.218564670172540667e-12
5.435564135568771599e+04 -2.909563879885508219e-12
5.436976261989341583e+04 -2.935506766994774673e-12
5.438388388393682544e+04 -2.820264316913956520e-12
5.439800514807702712e+04 -2.845824794450366944e-12
5.441212641219924262e+04 -2.917730264024688626e-12
5.442624767624951346e+04 -2.751631497379801726e-12
5.444036894040201150e+04 -2.641281395856066490e-12
5.445449020451901742e+04 -2.838927566719650765e-12
5.446861146858220309e+04 -2.551882073865508677e-12
5.448273273268663615e+04 -2.641873022260448958e-12
5.449685399689056794e+04 -2.541304846767017949e-12
5.451097526093020861e+04 -2.488119434217546373e-12
5.452509652502819517e+04 -2.617314291539889864e-12
5.453921778921315126e+04 -2.653328682942963872e-12
5.455333905338204204e+04 -2.434033419413160587e-12
5.456746031741273327e+04 -2.473019798257453348e-12
5.458158158156570425e+04 -2.388239873063642744e-12
5.459570284573919344e+04 -2.439349743801018378e-12
5.460982410984145827e+04 -2.371079936252690794e-12
5.462394537387669698e+04 -2.510150936456621818e-12
5.463806663805292192e+04 -2.319735908929037498e-12
5.465218790228277066e+04 -2.243334355789794941e-12
5.466630916634597088e+04 -2.071398300991130059e-12
5.468043043031055277e+04 -2.213058879063423401e-12
5.469455169458082673e+04 -2.018356984802445047e-12
5.470867295876676508e+04 -2.132284555591087516e-12
5.472279422278869606e+04 -2.093625164642425121e-12
5.473691548691275239e+04 -2.016467105609054513e-12
5.475103675103899150e+04 -1.980075846800846879e-12
5.476515801516200008e+04 -1.799852865715035447e-12
5.477927927935690241e+04 -1.751342271639536744e-12
5.479340054332061845e+04 -1.776376243242304775e-12
5.480752180743331701e+04 -1.723305830673076330e-12
5.482164307160708995e+04 -1.733684925275485632e-12
5.483576433576447016e+04 -1.585549709761320789e-12
5.484988559995214018e+04 -1.352645653388790353e-12
5.486400686409043556e+04 -1.439670156510234285e-12
5.487812812814551580e+04 -1.472765211065454406e-12
5.489224939214160258e+04 -1.285962291351043156e-12
5.490637065642125526e+04 -1.292140422819758123e-12
5.492049192058941844e+04 -9.755967422623323709e-13
5.493461318462967029e+04 -1.022062276448209368e-12
5.494873444865788042e+04 -7.470779261002713808e-13
5.496285571281392913e+04 -5.217998925139727452e-13
5.497697697691966459e+04 -5.358409744390584780e-13
5.499109824102034327e+04 -4.065034062978596301e-13
5.500521950515082426e+04 -5.875687968774987091e-13
5.501934076932141033e+04 -3.998361785276294622e-13
5.503346203358266212e+04 -3.825529284848506222e-13
5.504758329762767244e+04 -2.037903085939319398e-13
5.506170456167313387e+04 -2.795545124450807257e-13
5.507582582589265803e+04 -1.482938121041562588e-13
5.508994708985809120e+04 -1.345630915715333753e-13
5.510406835419112031e+04 -8.052141410892763499e-14
5.511818961824572034e+04 3.888458947345783879e-14
5.513231088222137623e+04 2.024949228109190348e-13
5.514643214643819374e+04 4.821388506715927517e-13
5.516055341050961579e+04 6.453418346814463885e-13
5.517467467462941568e+04 5.563817294829009720e-13
5.518879593882359040e+04 8.387690303662380077e-13
5.520291720290991361e+04 7.436571189956597542e-13
5.521703846697724657e+04 9.849132221260762081e-13
5.523115973121474963e+04 9.032881759083285633e-13
5.524528099521883996e+04 8.088690355030692907e-13
5.525940225933218608e+04 1.270226787566920743e-12
5.527352352351004083e+04 1.155376445852473031e-12
5.528764478763368243e+04 1.354997013967216735e-12
5.530176605185286462e+04 1.592417937033627064e-12
5.531588731589294912e+04 1.570667699806471338e-12
5.533000857996702689e+04 1.488973376492191613e-12
5.534412984415755636e+04 1.734477551181944257e-12
5.535825110835472151e+04 1.594512876432751827e-12
5.537237237246153381e+04 1.719962613916580290e-12
5.538649363650114537e+04 1.999185337030340158e-12
5.540061490068618878e+04 2.090536887601166771e-12
5.541473616464886436e+04 1.998897144308767433e-12
5.542885742892057169e+04 2.228304092848367323e-12
5.544297869306356006e+04 2.429673214879575997e-12
5.545709995712026284e+04 2.368734309686254482e-12
5.547122122119709093e+04 2.719905454174185680e-12
5.548534248521478003e+04 2.624488723578867285e-12
5.549946374955949432e+04 2.848104106848400246e-12
5.551358501352102030e+04 2.799901103081503088e-12
5.552770627761031210e+04 2.782598455451695175e-12
5.554182754175387527e+04 3.385015460389943295e-12
5.555594880599153839e+04 3.335917396535853928e-12
5.557007007007321226e+04 3.386281845714546725e-12
5.558419133426082408e+04 3.368319680125755270e-12
5.559831259823038272e+04 3.404072204103938784e-12
5.561243386234452919e+04 3.538084590719110303e-12
5.562655512660392560e+04 3.508403511480982433e-12
5.564067639063762908e+04 3.487254599451723787e-12
5.565479765474385931e+04 3.798089847254921105e-12
5.566891891899055190e+04 3.936998739052967345e-12
5.568304018299008749e+04 4.111734974093451987e-12
5.569716144717294810e+04 4.336433851152743364e-12
5.571128271126027539e+04 4.246049408849502647e-12
5.572540397533109353e+04 4.365056376355864043e-12
5.573952523956885852e+04 4.335705056097227742e-12
5.575364650368505681e+04 4.317077830381730744e-12
5.576776776789886935e+04 4.462374070480018185e-12
5.578188903183601360e+04 4.541180924410848254e-12
5.579601029608408135e+04 4.853656653859920214e-12
5.581013156002758478e+04 4.935276157909945858e-12
5.582425282421182783e+04 5.001820965754628894e-12
5.583837408830961067e+04 5.341622353159744876e-12
5.585249535249596374e+04 5.521546057188537763e-12
5.586661661656042270e+04 5.437352216231387221e-12
5.588073788072710886e+04 5.424621856972684865e-12
5.589485914491742733e+04 5.631491580468527349e-12
5.590898040907892573e+04 5.627584352224127739e-12
5.592310167317366722e+04 5.881113585776135631e-12
5.593722293720117887e+04 6.167427512490900895e-12
5.595134420139234862e+04 6.238381114758874911e-12
5.596546546544670127e+04 6.173210764509383814e-12
5.597958672956400551e+04 6.400240123096009430e-12
5.599370799367604923e+04 6.365535068817387893e-12
5.600782925774716568e+04 6.681122725442673367e-12
5.602195052208648121e+04 6.828275591728016509e-12
5.603607178601704800e+04 6.864659922826571137e-12
5.605019305017546867e+04 7.218621548762807080e-12
5.606431431432723912e+04 7.295100692250164920e-12
5.607843557843793678e+04 7.602605097252108886e-12
5.609255684255540109e+04 7.623327262366731455e-12
5.610667810660912801e+04 7.955558048662840492e-12
5.612079937089640589e+04 7.989611898234061690e-12
5.613492063492674788e+04 8.206055716470612971e-12
5.614904189899876656e+04 8.608167695580382417e-12
5.616316316321792692e+04 8.582823362585151436e-12
5.617728442721164902e+04 8.633631185181646717e-12
5.619140569142012100e+04 8.929233784999409659e-12
5.620552695549638884e+04 8.944771252209585186e-12
5.621964821951711201e+04 9.200024099923307023e-12
5.623376948388350138e+04 9.326670945635206231e-12
5.624789074785841512e+04 9.491783206425478819e-12
5.626201201201945514e+04 9.442626949810303797e-12
5.627613327606976964e+04 9.564837290260300002e-12
5.629025454026577791e+04 9.971061557820203690e-12
5.630437580440982128e+04 9.855892541461708613e-12
5.631849706856380362e+04 9.930079998595790664e-12
5.633261833260309504e+04 1.023459717519527926e-11
5.634673959671593184e+04 1.021997416565932477e-11
5.636086086087970034e+04 1.040488859172227649e-11
5.637498212507396966e+04 1.038484811323752748e-11
5.638910338918226626e+04 1.083840249314802695e-11
5.640322465317259048e+04 1.067009517266570235e-11
5.641734591738618474e+04 1.086510742831914386e-11
5.643146718151345704e+04 1.094435211350005603e-11
5.644558844553283416e+04 1.112395160071707935e-11
5.645970970972087525e+04 1.122461953522951606e-11
5.647383097381613334e+04 1.125792242107433202e-11
5.648795223800808890e+04 1.134787734537907586e-11
5.650207350219464570e+04 1.151112466673070914e-11
5.651619476621190552e+04 1.138780035056847887e-11
5.653031603028053360e+04 1.159975224186590148e-11
5.654443729441213509e+04 1.177779992212061106e-11
5.655855855867526407e+04 1.194180097828251240e-11
5.657267982275698159e+04 1.188218110900715757e-11
5.658680108681930142e+04 1.211165733464328954e-11
5.660092235096876539e+04 1.242779366587310844e-11
5.661504361497270293e+04 1.234531512582608743e-11
5.662916487913262245e+04 1.242618366614970621e-11
5.664328614325349190e+04 1.262348206598870110e-11
5.665740740736747102e+04 1.272676590366618237e-11
