5.299999999999959255e+04 4.505588594234935630e-13
5.301412126407792675e+04 3.598594498285431184e-13
5.302824252822110429e+04 4.514203697776216311e-13
5.304236379241238319e+04 6.734680612135316431e-13
5.305648505648030550e+04 5.658004053055196883e-13
5.307060632062092191e+04 6.801954387429510136e-13
5.308472758469988912e+04 8.445637241060134636e-13
5.309884884880184109e+04 6.175764494292431058e-13
5.311297011297404242e+04 7.449724968218817495e-13
5.312709137711651420e+04 4.564843921954059268e-13
5.314121264122150023e+04 5.866505969510282892e-13
5.315533390532363410e+04 9.012601150214132186e-13
5.316945516951007448e+04 9.611706231580802060e-13
5.318357643358170753e+04 1.001598357748852435e-12
5.319769769769139384e+04 1.011072363312168984e-12
5.321181896180367767e+04 9.946236777328912062e-13
5.322594022587731888e+04 1.019414026705728713e-12
5.324006149008718785e+04 9.674772441167908441e-13
5.325418275420880673e+04 8.922708788455811399e-13
5.326830401832568896e+04 1.045915224170389868e-12
5.328242528240618412e+04 1.095257803132099460e-12
5.329654654647885764e+04 1.349391946146985521e-12
5.331066781069333956e+04 1.202366569548992145e-12
5.332478907480717317e+04 1.251778051950151428e-12
5.333891033888036327e+04 1.139831916306282387e-12
5.335303160297570867e+04 1.236622229644836948e-12
5.336715286720653239e+04 1.385323024890394457e-12
5.338127413127946056e+04 1.392930660160858417e-12
5.339539539537339442e+04 1.300641675931333433e-12
5.340951665948595473e+04 1.402601377436168161e-12
5.342363792361002561e+04 1.180588626782250431e-12
5.343775918777882907e+04 1.279086202156001013e-12
5.345188045188404794e+04 1.261535604948048394e-12
5.346600171598639281e+04 1.376343732980665913e-12
5.348012298008207290e+04 1.384256325744971562e-12
5.349424424418572744e+04 1.492386471537175831e-12
5.350836550840985728e+04 1.495664058172699372e-12
5.352248677251880872e+04 1.385317482184697490e-12
5.353660803659966041e+04 1.353695368058479360e-12
5.355072930072162126e+04 1.295032892487932048e-12
5.356485056492329022e+04 1.353303248800538793e-12
5.357897182899210020e+04 1.435900649098011990e-12
5.359309309307825606e+04 1.585000519153757144e-12
5.360721435718431894e+04 1.520657748368266101e-12
5.362133562130967039e+04 1.516416817746494103e-12
5.363545688550412888e+04 1.758110738206109815e-12
5.364957814957949449e+04 1.821950100897703802e-12
5.366369941367489810e+04 1.774507148463029001e-12
5.367782067780124635e+04 1.753648099356455522e-12
5.369194194190134294e+04 1.843321469899491160e-12
5.370606320609325485e+04 1.948374218544288824e-12
5.372018447017970175e+04 1.793830542050007478e-12
5.373430573427389754e+04 2.072740579530717258e-12
5.374842699839416309e+04 2.199402707480763816e-12
5.376254826247254823e+04 2.102704011806966243e-12
5.377666952671698527e+04 2.152912013620943540e-12
5.379079079080430529e+04 2.332810416944627091e-12
5.380491205492020526e+04 2.383313160285082220e-12
5.381903331900085323e+04 2.394958276274085476e-12
5.383315458320219477e+04 2.432739966637286380e-12
5.384727584732333344e+04 2.173487406612432516e-12
5.386139711142644956e+04 2.329780187135897452e-12
5.387551837547778996e+04 2.228588639432371782e-12
5.388963963962882553e+04 2.171090784141228520e-12
5.390376090377235232e+04 2.026636136181628521e-12
5.391788216791961167e+04 2.330806783175394345e-12
5.393200343200920179e+04 2.224112306839230699e-12
5.394612469609286927e+04 2.248476084834403096e-12
5.396024596022182232e+04 2.284476719100284635e-12
5.397436722440684389e+04 2.249427256604218560e-12
5.398848848852208175e+04 2.417510350269848758e-12
5.400260975261875137e+04 2.383307291537873596e-12
5.401673101670754841e+04 2.361576407429304963e-12
5.403085228092283796e+04 2.280004733727298178e-12
5.404497354501827795e+04 2.121539864653611765e-12
5.405909480909960985e+04 2.108829245004728561e-12
5.407321607318463793e+04 2.062072501271449451e-12
5.408733733730889799e+04 2.253281501993243475e-12
5.410145860151867237e+04 2.238126223090448425e-12
5.411557986560410791e+04 2.462350187275978660e-12
5.412970112970531045e+04 2.387418457638032551e-12
5.414382239382309490e+04 2.313531799725240294e-12
5.415794365791076416e+04 2.345319108217331589e-12
5.417206492212000012e+04 2.324289430719691863e-12
5.418618618620737107e+04 2.282773478243731785e-12
5.420030745027257944e+04 2.215962790576502171e-12
5.421442871440450836e+04 2.216803108232376689e-12
5.422854997848539642e+04 2.357939088325992576e-12
5.424267124268018233e+04 2.028108974369990228e-12
5.425679250682931161e+04 2.062308555325841446e-12
5.427091377089155139e+04 2.281879255057940388e-12
5.428503503501880186e+04 2.264776421525906783e-12
5.429915629921377695e+04 2.213348372375554963e-12
5.431327756327421230e+04 1.925291566328662679e-12
5.432739882740984467e+04 1.880428689055713823e-12
5.434152009149384685e+04 1.903795866830455358e-12
5.435564135557601548e+04 1.925228096914406269e-12
5.436976261977710237e+04 1.720201022209357031e-12
5.438388388392839988e+04 1.406457796435270188e-12
5.439800514802402904e+04 1.559743822138840183e-12
5.441212641209091089e+04 1.666064220180704879e-12
5.442624767622248328e+04 1.662329088623914819e-12
5.444036894038385071e+04 1.665514731553169715e-12
5.445449020447496878e+04 1.635515434710645469e-12
5.446861146858741995e+04 1.573494514209699904e-12
5.448273273268537014e+04 1.451234598749159224e-12
5.449685399689163023e+04 1.368959110104130474e-12
5.451097526101947733e+04 1.495715790092538534e-12
5.452509652509744046e+04 1.432998879644849370e-12
5.453921778917403572e+04 1.323335034582119639e-12
5.455333905332011636e+04 1.538199433774901898e-12
5.456746031750631664e+04 1.200998173324843330e-12
5.458158158161165920e+04 1.290199218398087003e-12
5.459570284568307397e+04 1.269782933664254596e-12
5.460982410979540873e+04 1.101017761156375562e-12
5.462394537387838500e+04 1.113745987046884840e-12
5.463806663811438193e+04 1.018225822756986080e-12
5.465218790220809751e+04 1.198100751091835134e-12
5.466630916632291337e+04 9.531870620247514381e-13
5.468043043042757927e+04 8.777093215353938056e-13
5.469455169457647571e+04 7.976930832046852098e-13
5.470867295868095971e+04 8.443074554779026388e-13
5.472279422281534789e+04 4.569462299965750274e-13
5.473691548687548493e+04 5.415513939224275218e-13
5.475103675100152759e+04 5.222353906097118696e-13
5.476515801521419780e+04 6.392821196609152715e-13
5.477927927930199803e+04 5.952413017191919492e-13
5.479340054337723268e+04 5.166096530077077265e-13
5.480752180748891988e+04 4.487878019325295255e-13
5.482164307157583971e+04 6.371119873597635377e-13
5.483576433578787692e+04 6.394094932114436344e-13
5.484988559992141381e+04 5.918443838904258811e-13
5.486400686402755673e+04 3.505314972773566014e-13
5.487812812808540912e+04 4.757583904933782821e-13
5.489224939218385407e+04 5.539818352323501644e-13
5.490637065637132036e+04 6.411288187825684596e-13
5.492049192047757242e+04 6.831646987890130117e-13
5.493461318459943868e+04 4.918244120185516425e-13
5.494873444871560787e+04 3.347358728457961966e-13
5.496285571291403176e+04 4.058016196003001925e-13
5.497697697700472054e+04 4.223523561727060300e-13
5.499109824107640452e+04 4.237256430195286478e-13
5.500521950519533857e+04 5.281993419397402063e-13
5.501934076928082504e+04 5.035393008910352732e-13
5.503346203351289296e+04 4.718619770688543416e-13
5.504758329762139329e+04 4.252641242322241787e-13
5.506170456170920806e+04 4.936424194871848237e-13
5.507582582578467554e+04 3.331865235827143025e-13
5.508994708988375351e+04 3.323701156376896216e-13
5.510406835412945657e+04 2.477340864487398576e-13
5.511818961818987009e+04 1.811438028433459080e-13
5.513231088228829321e+04 2.734244186740733484e-13
5.514643214641261147e+04 3.579387256986957028e-13
5.516055341060015053e+04 3.131397525620186491e-13
5.517467467470035626e+04 4.444649262108442089e-13
5.518879593878085871e+04 1.600810864725317761e-13
5.520291720291728416e+04 1.606811608063420905e-14
5.521703846697780682e+04 4.990861665171956554e-14
5.523115973121933348e+04 1.036689494149876707e-13
5.524528099531454063e+04 -1.295959285259617617e-13
5.525940225938021467e+04 -1.205015439626414572e-13
5.527352352348965360e+04 -1.060392119524817944e-13
5.528764478759183839e+04 -2.281934899632669257e-13
5.530176605181919876e+04 -2.235428338419284879e-13
5.531588731589380041e+04 -1.014624585737706998e-13
5.533000857999967411e+04 1.140605444724259241e-13
5.534412984412590595e+04 6.257033007386427381e-14
5.535825110830315680e+04 -6.208186063772578824e-14
5.537237237239472597e+04 -2.651613807135361564e-13
5.538649363650559098e+04 -2.340587593957869064e-13
5.540061490058940399e+04 -4.697198250859247410e-13
5.541473616470742854e+04 -6.421270986392864316e-13
5.542885742891703558e+04 -4.768692633520989691e-13
5.544297869299227023e+04 -5.272935393687647741e-13
5.545709995708200586e+04 -6.822545489978831554e-13
5.547122122117705294e+04 -4.789637540225616026e-13
5.548534248530826153e+04 -5.744017558515392231e-13
5.549946374952463520e+04 -7.227063019800094105e-13
5.551358501362323295e+04 -6.472872489627382203e-13
5.552770627770108695e+04 -6.839047537685506175e-13
5.554182754182173085e+04 -9.197231888282830987e-13
5.555594880590704270e+04 -1.104074015034257692e-12
5.557007007007970242e+04 -1.056020712889883973e-12
5.558419133418158890e+04 -9.563928602759502010e-13
5.559831259830829367e+04 -1.027999401217680260e-12
5.561243386239821848e+04 -1.158825513992763390e-12
5.562655512659395026e+04 -1.000018953414929547e-12
5.564067639069307188e+04 -1.139972489626507538e-12
5.565479765477245382e+04 -9.725106137209628242e-13
5.566891891891608975e+04 -1.214135196019113502e-12
5.568304018302923214e+04 -1.132087501710183241e-12
5.569716144719739532e+04 -1.539835016106276824e-12
5.571128271132234659e+04 -1.431675309217021663e-12
5.572540397540808772e+04 -1.543752730909557948e-12
5.573952523949127499e+04 -1.539430724631903667e-12
5.575364650358186918e+04 -1.815667873800587771e-12
5.576776776781486114e+04 -1.915978239978785922e-12
5.578188903188052791e+04 -2.020159370982596406e-12
5.579601029598537571e+04 -2.145828811210351186e-12
5.581013156010441890e+04 -2.083430551999990701e-12
5.582425282432333188e+04 -1.939662764824809909e-12
5.583837408838867123e+04 -2.135879763164646334e-12
5.585249535252533678e+04 -2.155612664890183478e-12
5.586661661658927915e+04 -2.126754948060244126e-12
5.588073788072638854e+04 -2.367042325438854967e-12
5.589485914492303709e+04 -2.469010721383998746e-12
5.590898040897023020e+04 -2.457118465929209562e-12
5.592310167309005919e+04 -2.622895359302850210e-12
5.593722293722605536e+04 -2.570811314631177109e-12
5.595134420130289800e+04 -2.552499084452147371e-12
5.596546546547902108e+04 -2.412758562028142219e-12
5.597958672957139788e+04 -2.341496320922652649e-12
5.599370799368103326e+04 -2.441339795656252118e-12
5.600782925780684309e+04 -2.346457368563026057e-12
5.602195052199915517e+04 -2.530041345133737617e-12
5.603607178607854439e+04 -2.720292218533468695e-12
5.605019305020062893e+04 -2.728210245322967626e-12
5.606431431428830547e+04 -2.688409705919992785e-12
5.607843557837646949e+04 -2.633645165301023613e-12
5.609255684259701229e+04 -2.566965763682461445e-12
5.610667810669462779e+04 -2.829180519520626544e-12
5.612079937077053182e+04 -2.740336381222071492e-12
5.613492063491466979e+04 -2.977076426954568848e-12
5.614904189902011422e+04 -3.060178756872993301e-12
5.616316316320338228e+04 -3.145945063302126003e-12
5.617728442732276744e+04 -3.066461359440350014e-12
5.619140569142410823e+04 -3.039322533459520247e-12
5.620552695549609052e+04 -3.052059019068323032e-12
5.621964821962217684e+04 -3.083719823453916647e-12
5.623376948378307861e+04 -3.069664391250223010e-12
5.624789074789983715e+04 -3.121057227917322682e-12
5.626201201201385993e+04 -3.237185389349869508e-12
5.627613327612366993e+04 -3.174095922134935595e-12
5.629025454032199195e+04 -2.968544572679247459e-12
5.630437580441337923e+04 -2.954493487695708448e-12
5.631849706851699739e+04 -2.914726856609939125e-12
5.633261833262466826e+04 -3.067757700490437053e-12
5.634673959667422605e+04 -2.797663173400133166e-12
5.636086086092353798e+04 -2.900407113420848827e-12
5.637498212501720991e+04 -3.027877172236618788e-12
5.638910338908067934e+04 -2.958120808192665356e-12
5.640322465322281641e+04 -2.939718155834421173e-12
5.641734591731324326e+04 -3.075586174544752221e-12
5.643146718147387583e+04 -3.090510181335325042e-12
5.644558844560912985e+04 -3.254991603102909738e-12
5.645970970971506904e+04 -3.163379155009936622e-12
5.647383097377827653e+04 -3.274430632745998925e-12
5.648795223799611995e+04 -3.237252336540249457e-12
5.650207350208026037e+04 -3.305685406769157815e-12
5.651619476617828332e+04 -3.260703850385989445e-12
5.653031603031716804e+04 -3.335345620439627084e-12
5.654443729437201546e+04 -3.113179195553245665e-12
5.655855855862603494e+04 -3.298537707391045054e-12
5.657267982268891501e+04 -3.291224813647059733e-12
5.658680108680889680e+04 -3.292781987906419893e-12
5.660092235087560402e+04 -3.589329349637165426e-12
5.661504361499290098e+04 -3.487216625982890728e-12
5.662916487919192150e+04 -3.758018011070324374e-12
5.664328614329345874e+04 -3.808336214915219302e-12
5.665740740742559865e+04 -3.834624724633818667e-12
