5.300000000000091677e+04 2.028468201468256078e-11
5.301412126411801728e+04 2.005084601380552653e-11
5.302824252820683614e+04 1.974790712706825442e-11
5.304236379240796668e+04 1.944342733436694777e-11
5.305648505646148988e+04 1.904529173350307753e-11
5.307060632063076628e+04 1.884292015121960383e-11
5.308472758472013084e+04 1.873741282104867761e-11
5.309884884880387108e+04 1.852634717745103481e-11
5.311297011298375583e+04 1.830919477827024945e-11
5.312709137710752839e+04 1.822439380963668910e-11
5.314121264121060813e+04 1.803020425312927402e-11
5.315533390533524653e+04 1.787753725399456080e-11
5.316945516950434103e+04 1.779808354770155877e-11
5.318357643359719077e+04 1.758188590439892587e-11
5.319769769770035055e+04 1.727670438382969642e-11
5.321181896183577919e+04 1.712819409359935184e-11
5.322594022588105145e+04 1.683566413089732009e-11
5.324006149008301873e+04 1.672748977849668240e-11
5.325418275421647559e+04 1.642757873067286829e-11
5.326830401826610614e+04 1.624634175353984372e-11
5.328242528237708029e+04 1.598651739207297040e-11
5.329654654647106508e+04 1.580341606427751125e-11
5.331066781074124447e+04 1.556822668612499025e-11
5.332478907482473733e+04 1.533509929742896792e-11
5.333891033888645325e+04 1.512465914284914781e-11
5.335303160303056939e+04 1.499554451962183556e-11
5.336715286716572155e+04 1.486939369152678350e-11
5.338127413127709588e+04 1.481681311774185034e-11
5.339539539537354722e+04 1.457619732731770929e-11
5.340951665952926123e+04 1.458674991713238972e-11
5.342363792355843907e+04 1.439464091805734495e-11
5.343775918780706706e+04 1.418241304505450693e-11
5.345188045190374396e+04 1.407331674544495365e-11
5.346600171595992288e+04 1.382881411118954787e-11
5.348012298011608800e+04 1.385242769847504413e-11
5.349424424417914997e+04 1.363899038934868410e-11
5.350836550840974814e+04 1.341088563812685904e-11
5.352248677250403853e+04 1.326277707706947108e-11
5.353660803657238284e+04 1.306681978631645775e-11
5.355072930073083990e+04 1.300136358010800496e-11
5.356485056487742986e+04 1.284293594513592383e-11
5.357897182901521592e+04 1.273986322278481723e-11
5.359309309305793431e+04 1.271028538135023781e-11
5.360721435717846907e+04 1.232985713854738968e-11
5.362133562131462531e+04 1.266367220882894292e-11
5.363545688550445630e+04 1.217522460901729591e-11
5.364957814959985262e+04 1.210981151827824567e-11
5.366369941365826526e+04 1.185483198231321024e-11
5.367782067780818033e+04 1.173328160627479056e-11
5.369194194187132234e+04 1.166650959147085175e-11
5.370606320610008697e+04 1.130204351369143309e-11
5.372018447016444406e+04 1.128668748293131508e-11
5.373430573428366188e+04 1.129919852213362946e-11
5.374842699843543960e+04 1.105116246501149335e-11
5.376254826249610778e+04 1.099210182500189814e-11
5.377666952668513113e+04 1.066370514184984762e-11
5.379079079078270297e+04 1.037801543263330955e-11
5.380491205488830019e+04 1.007903766163080655e-11
5.381903331898221950e+04 1.018069260887484321e-11
5.383315458317824232e+04 9.833615597858130249e-12
5.384727584728848160e+04 9.980199067202121610e-12
5.386139711137654376e+04 9.872376404853014458e-12
5.387551837547204195e+04 9.571629326047637265e-12
5.388963963958738896e+04 9.360705617316429053e-12
5.390376090381960967e+04 9.238173341536820227e-12
5.391788216791958257e+04 9.114404879159970873e-12
5.393200343196846370e+04 8.893016070398713899e-12
5.394612469608170068e+04 8.702427442365233058e-12
5.396024596023932827e+04 8.766603402372676881e-12
5.397436722443527833e+04 8.620513085879468517e-12
5.398848848848151101e+04 8.497598120969961706e-12
5.400260975259418046e+04 8.271866294122675616e-12
5.401673101669778407e+04 8.241653994393790277e-12
5.403085228093230398e+04 8.228962310816013984e-12
5.404497354500730580e+04 7.937769242376986590e-12
5.405909480910430284e+04 7.746803590019806332e-12
5.407321607318262977e+04 7.692951424598888353e-12
5.408733733732841210e+04 7.399238146824143058e-12
5.410145860154168622e+04 7.185523891616934135e-12
5.411557986562440783e+04 7.031684749666178196e-12
5.412970112970012269e+04 7.097628758630671250e-12
5.414382239383993146e+04 7.030564376884565413e-12
5.415794365786638082e+04 6.872589926408418233e-12
5.417206492210625584e+04 6.620635082242281639e-12
5.418618618617484026e+04 6.475865924439302025e-12
5.420030745030463004e+04 6.259541452420098466e-12
5.421442871444024786e+04 6.022023052141082260e-12
5.422854997848383937e+04 5.818205213363816240e-12
5.424267124271754437e+04 5.582744396580918625e-12
5.425679250677007803e+04 5.686769121084939935e-12
5.427091377092360926e+04 5.637555802518228248e-12
5.428503503501244995e+04 5.273767613213975502e-12
5.429915629919404455e+04 5.165960057014733085e-12
5.431327756327930547e+04 4.858545501312937944e-12
5.432739882737206790e+04 4.669722404544864500e-12
5.434152009147562785e+04 4.795518867541015456e-12
5.435564135559857823e+04 4.568526936025871223e-12
5.436976261976170645e+04 4.392272785367926035e-12
5.438388388386423321e+04 4.304768524009405576e-12
5.439800514796508651e+04 4.031767036544634465e-12
5.441212641206275293e+04 4.064627947883085926e-12
5.442624767622735089e+04 3.735995545850858907e-12
5.444036894038302853e+04 3.532598161578152709e-12
5.445449020448259398e+04 3.374033312411470073e-12
5.446861146862567693e+04 3.428037168753943429e-12
5.448273273267656623e+04 3.377993011944687513e-12
5.449685399693671934e+04 3.324779081355542239e-12
5.451097526103581913e+04 3.034124169505435804e-12
5.452509652505942358e+04 2.975142207359717767e-12
5.453921778920999350e+04 2.890650364053331911e-12
5.455333905327232060e+04 2.678643733203715705e-12
5.456746031749455869e+04 2.632289882921761116e-12
5.458158158161439496e+04 2.537978412780576138e-12
5.459570284567894851e+04 2.467522070966991216e-12
5.460982410976395477e+04 2.294056263804857509e-12
5.462394537391818449e+04 2.145619458699373265e-12
5.463806663808130543e+04 2.138634123232890285e-12
5.465218790221113886e+04 1.798106887028235753e-12
5.466630916629143030e+04 1.551716141395502857e-12
5.468043043038365431e+04 1.478951076344302275e-12
5.469455169460651814e+04 1.316708509108538789e-12
5.470867295868651127e+04 1.196372289865473603e-12
5.472279422284019529e+04 1.139287408373565092e-12
5.473691548693364166e+04 8.068495154213198637e-13
5.475103675096334337e+04 5.543181198686908232e-13
5.476515801518365333e+04 4.174255603741959923e-13
5.477927927930308942e+04 2.697075562330946192e-13
5.479340054340905044e+04 1.145768384689287890e-13
5.480752180749581021e+04 1.626962200162903966e-13
5.482164307156542782e+04 4.057730540225111515e-13
5.483576433582521713e+04 -1.306261861307123207e-13
5.484988559993540548e+04 -2.818186047406356077e-13
5.486400686400476843e+04 -3.312736217051783982e-13
5.487812812813001074e+04 -4.369858290336405393e-13
5.489224939223380352e+04 -5.743208728345813294e-13
5.490637065642297239e+04 -6.650729564139565502e-13
5.492049192050625425e+04 -9.833318394496887982e-13
5.493461318461283372e+04 -1.033042402116105096e-12
5.494873444872612890e+04 -1.219214369582968564e-12
5.496285571289547806e+04 -1.329981472309819823e-12
5.497697697697504191e+04 -1.198960799152216441e-12
5.499109824111951457e+04 -1.458515924968900553e-12
5.500521950516040670e+04 -1.563985804476620577e-12
5.501934076929714502e+04 -1.709376202692775574e-12
5.503346203353947931e+04 -1.863370812102553075e-12
5.504758329755769228e+04 -1.983082014394976694e-12
5.506170456172202830e+04 -2.303584160685579069e-12
5.507582582578636357e+04 -2.342185408972519293e-12
5.508994708986826299e+04 -2.560129386141772632e-12
5.510406835412232613e+04 -2.690727087103171937e-12
5.511818961818953539e+04 -2.643568204918024530e-12
5.513231088232478214e+04 -2.710151078137201555e-12
5.514643214642784733e+04 -2.922921198977883568e-12
5.516055341060127103e+04 -3.143622048497397599e-12
5.517467467469461553e+04 -3.295184567778999934e-12
5.518879593879675667e+04 -3.528849011573850629e-12
5.520291720294213883e+04 -3.435132975506489218e-12
5.521703846699646965e+04 -3.523075944633989351e-12
5.523115973122353171e+04 -3.731149311712651200e-12
5.524528099529182509e+04 -3.799775291700994157e-12
5.525940225943799305e+04 -3.997366249619554894e-12
5.527352352349091234e+04 -4.114305473411853490e-12
5.528764478763506486e+04 -4.316216790191644222e-12
5.530176605183257925e+04 -4.355020712655932596e-12
5.531588731592652039e+04 -4.316929296926917258e-12
5.533000858000048174e+04 -4.455198404327809495e-12
5.534412984406459145e+04 -4.803562585197554943e-12
5.535825110828605102e+04 -4.830326906219881931e-12
5.537237237235976500e+04 -4.806603956703596079e-12
5.538649363649128645e+04 -4.963135140444778141e-12
5.540061490058393974e+04 -5.281906373730079432e-12
5.541473616469991975e+04 -5.420138974602131961e-12
5.542885742890826805e+04 -5.600201763294650882e-12
5.544297869299300510e+04 -5.441730698141709752e-12
5.545709995712691307e+04 -5.606557675850115249e-12
5.547122122120013955e+04 -5.668027117340178269e-12
5.548534248534372455e+04 -6.034968086005722244e-12
5.549946374945993739e+04 -6.252042200711948600e-12
5.551358501359199727e+04 -6.507960520948768212e-12
5.552770627768607665e+04 -6.838882134108370120e-12
5.554182754183693760e+04 -6.902044723229072793e-12
5.555594880590622051e+04 -6.833695689321577913e-12
5.557007007007026550e+04 -6.955144098848412047e-12
5.558419133423014864e+04 -7.274670639626935512e-12
5.559831259834009688e+04 -7.141141086746012578e-12
5.561243386243254645e+04 -7.286784512972397230e-12
5.562655512661435932e+04 -7.466668545558186020e-12
5.564067639071842859e+04 -7.911900912433673650e-12
5.565479765476191096e+04 -7.954179249366783054e-12
5.566891891891789419e+04 -8.188167216537897753e-12
5.568304018300941971e+04 -8.321812583234447624e-12
5.569716144715811970e+04 -8.404020250796748315e-12
5.571128271133387170e+04 -8.705580544003159939e-12
5.572540397539566038e+04 -8.753859798969920129e-12
5.573952523949304305e+04 -8.858096009572043679e-12
5.575364650359176449e+04 -8.921378189045840079e-12
5.576776776784130925e+04 -9.154116122315672047e-12
5.578188903190207202e+04 -9.450155117746631131e-12
5.579601029595817090e+04 -9.625056638568797992e-12
5.581013156007155339e+04 -9.772234597852244606e-12
5.582425282431854430e+04 -1.017889718758634280e-11
5.583837408839634008e+04 -1.037825808273068697e-11
5.585249535252155329e+04 -1.045361133479199595e-11
5.586661661658939556e+04 -1.083015100285057064e-11
5.588073788071836316e+04 -1.094901248421311931e-11
5.589485914494101598e+04 -1.105917408209957240e-11
5.590898040899552871e+04 -1.083731131788631737e-11
5.592310167308012024e+04 -1.096274145674825518e-11
5.593722293718226865e+04 -1.141112093817883466e-11
5.595134420130584476e+04 -1.151126338216769358e-11
5.596546546554374800e+04 -1.145839185764214302e-11
5.597958672960843978e+04 -1.157436302899729467e-11
5.599370799369078304e+04 -1.194350446015976014e-11
5.600782925778177014e+04 -1.198764337121784058e-11
5.602195052201997169e+04 -1.194033090984240399e-11
5.603607178609669791e+04 -1.215547269621180405e-11
5.605019305018753948e+04 -1.238055181150036357e-11
5.606431431431579404e+04 -1.275186475170584198e-11
5.607843557843332383e+04 -1.279501546879362302e-11
5.609255684256369568e+04 -1.286105074408021454e-11
5.610667810666070727e+04 -1.300129120403841623e-11
5.612079937079372030e+04 -1.309595137447230576e-11
5.613492063486523693e+04 -1.346720263123250351e-11
5.614904189903822407e+04 -1.369153147441112936e-11
5.616316316319366888e+04 -1.398286993954260068e-11
5.617728442729754897e+04 -1.392653784785227130e-11
5.619140569137084094e+04 -1.415025237426974206e-11
5.620552695551700162e+04 -1.426022010989959948e-11
5.621964821963091526e+04 -1.435333315881820496e-11
5.623376948382031696e+04 -1.437286541059293076e-11
5.624789074788237485e+04 -1.460237440432923777e-11
5.626201201200424839e+04 -1.497639260420627284e-11
5.627613327607087558e+04 -1.530777495493673985e-11
5.629025454030103720e+04 -1.531399617098924737e-11
5.630437580442299804e+04 -1.545530161451289304e-11
5.631849706853937823e+04 -1.561916809285908355e-11
5.633261833263960580e+04 -1.581622530014909816e-11
5.634673959668246243e+04 -1.600399851950159478e-11
5.636086086088894808e+04 -1.634312025434594401e-11
5.637498212500620139e+04 -1.652935390525808855e-11
5.638910338909377606e+04 -1.696913043434086786e-11
5.640322465315899899e+04 -1.719341899445318560e-11
5.641734591734365677e+04 -1.740207268945580628e-11
5.643146718153918482e+04 -1.746968278086576787e-11
5.644558844556722761e+04 -1.777390427413996447e-11
5.645970970970562485e+04 -1.815679481937071825e-11
5.647383097379541141e+04 -1.803836008674183923e-11
5.648795223800469103e+04 -1.818816273956423274e-11
5.650207350209778815e+04 -1.838579272170327582e-11
5.651619476623182709e+04 -1.861971397004582458e-11
5.653031603031668783e+04 -1.863770665338019829e-11
5.654443729437581351e+04 -1.887015505211096090e-11
5.655855855860160955e+04 -1.899891987355547438e-11
5.657267982266252511e+04 -1.915961531927595381e-11
5.658680108682447462e+04 -1.940840227793093363e-11
5.660092235087879089e+04 -1.955317584169429171e-11
5.661504361496493948e+04 -1.989786419276368687e-11
5.662916487917918130e+04 -1.988992465216410036e-11
5.664328614327797550e+04 -2.028733346626040520e-11
5.665740740741971968e+04 -2.029956818880478237e-11
