5.300000000000142609e+04 -1.239109218644806649e-11
5.301412126407054166e+04 -1.233224049103980861e-11
5.302824252820481342e+04 -1.204819515264247524e-11
5.304236379243251577e+04 -1.198586677779828240e-11
5.305648505647784623e+04 -1.204372023869391287e-11
5.307060632060935313e+04 -1.207823198309482487e-11
5.308472758471336419e+04 -1.206647895983283478e-11
5.309884884880304890e+04 -1.177522922731938865e-11
5.311297011300091253e+04 -1.194631112304408344e-11
5.312709137707381160e+04 -1.193549382246214874e-11
5.314121264118846739e+04 -1.187283504294540801e-11
5.315533390529690223e+04 -1.187390274672724789e-11
5.316945516948847217e+04 -1.163680297483111294e-11
5.318357643360456132e+04 -1.145930897097047950e-11
5.319769769772794825e+04 -1.134927166640268732e-11
5.321181896182490891e+04 -1.163935877131590587e-11
5.322594022590948589e+04 -1.162987404055555824e-11
5.324006149007068598e+04 -1.170380897516162798e-11
5.325418275418255507e+04 -1.144297799643536192e-11
5.326830401827203605e+04 -1.122054614050242498e-11
5.328242528242200206e+04 -1.109954517694981408e-11
5.329654654645649862e+04 -1.095655106252251725e-11
5.331066781073957100e+04 -1.083774150233787886e-11
5.332478907477193570e+04 -1.073897768338976521e-11
5.333891033887111553e+04 -1.067407467863711260e-11
5.335303160301055323e+04 -1.070806749495380426e-11
5.336715286717026174e+04 -1.064847467489707179e-11
5.338127413134460949e+04 -1.074370142554073213e-11
5.339539539539351244e+04 -1.050421157447250578e-11
5.340951665945564309e+04 -1.055789658494306651e-11
5.342363792362780805e+04 -1.040612306828726600e-11
5.343775918777903280e+04 -1.013105385311407241e-11
5.345188045190848061e+04 -9.895806314804355458e-12
5.346600171595947177e+04 -9.790530965740460699e-12
5.348012298010330414e+04 -9.820455552350874156e-12
5.349424424421611184e+04 -9.790277513259921236e-12
5.350836550837095274e+04 -9.416935241165119494e-12
5.352248677248114836e+04 -9.383757474888680543e-12
5.353660803657612996e+04 -9.288126057869555694e-12
5.355072930072319286e+04 -9.310354710617846341e-12
5.356485056493082084e+04 -9.180210876575537352e-12
5.357897182902086934e+04 -9.136674727282894882e-12
5.359309309306729119e+04 -8.983741862060452572e-12
5.360721435719831788e+04 -8.750460146423640538e-12
5.362133562126602919e+04 -8.900912717011523271e-12
5.363545688551927742e+04 -8.962053745386927128e-12
5.364957814956991206e+04 -8.725838051391891315e-12
5.366369941365923296e+04 -8.689741945225091031e-12
5.367782067781653313e+04 -8.607055984642692373e-12
5.369194194194300508e+04 -8.593504327381723351e-12
5.370606320612393029e+04 -8.196659540029876235e-12
5.372018447021293105e+04 -8.183183384619138953e-12
5.373430573426972114e+04 -7.960381376241162335e-12
5.374842699838930275e+04 -8.077515938808521146e-12
5.376254826250614133e+04 -7.986915568241698853e-12
5.377666952671583567e+04 -7.872125346531812681e-12
5.379079079084060504e+04 -7.814539799495605848e-12
5.380491205493051530e+04 -7.720140290170908869e-12
5.381903331898022589e+04 -7.650310747651743265e-12
5.383315458316750301e+04 -7.550841432016219645e-12
5.384727584733087861e+04 -7.568153384098751415e-12
5.386139711143374734e+04 -7.333113097527144583e-12
5.387551837546887691e+04 -7.184359823036181334e-12
5.388963963959343528e+04 -6.836134864122199180e-12
5.390376090375801869e+04 -6.993841581855006603e-12
5.391788216792610910e+04 -6.636216054042684404e-12
5.393200343198007613e+04 -6.412378627752009097e-12
5.394612469606973900e+04 -6.397202083233157071e-12
5.396024596018561715e+04 -6.157977413496368634e-12
5.397436722441426537e+04 -6.109450911398989995e-12
5.398848848851641378e+04 -6.228116614494824792e-12
5.400260975263422733e+04 -6.190425552761326152e-12
5.401673101671040786e+04 -6.107765151825331099e-12
5.403085228090288729e+04 -5.784117474484108648e-12
5.404497354495916807e+04 -5.688991364948161339e-12
5.405909480910729326e+04 -5.572336802450927101e-12
5.407321607321896590e+04 -5.425693880343946924e-12
5.408733733734254201e+04 -5.445537582664984784e-12
5.410145860151800298e+04 -5.549148990340227081e-12
5.411557986560280551e+04 -5.339090903950194287e-12
5.412970112967801833e+04 -5.131395066985674954e-12
5.414382239375997597e+04 -4.915012649666432947e-12
5.415794365787426796e+04 -5.021251992565330320e-12
5.417206492214361788e+04 -4.900524702200362318e-12
5.418618618622356007e+04 -4.746068599761161484e-12
5.420030745030056278e+04 -4.803091498265352114e-12
5.421442871435690176e+04 -4.711996245860596335e-12
5.422854997849908978e+04 -4.451931720215302368e-12
5.424267124273937952e+04 -4.252715968567455590e-12
5.425679250681578560e+04 -3.999083729726313817e-12
5.427091377085545537e+04 -4.147815312148947568e-12
5.428503503500056831e+04 -4.028212814381306654e-12
5.429915629918756167e+04 -3.968197587536640522e-12
5.431327756333085563e+04 -3.909658430271783626e-12
5.432739882740507164e+04 -3.662249797174353407e-12
5.434152009154309781e+04 -3.650439390824629918e-12
5.435564135564454045e+04 -3.625641993612776096e-12
5.436976261979161791e+04 -3.576525097314587936e-12
5.438388388392030174e+04 -3.682329589913487538e-12
5.439800514804630075e+04 -3.500038696229613181e-12
5.441212641211441951e+04 -3.432626642240195824e-12
5.442624767616060853e+04 -3.474563800232494966e-12
5.444036894041718188e+04 -3.233817995223554306e-12
5.445449020451684191e+04 -3.051626313325062866e-12
5.446861146862994065e+04 -2.860997762090988619e-12
5.448273273273467203e+04 -2.810850744780507210e-12
5.449685399690752820e+04 -2.604933825574565869e-12
5.451097526098755770e+04 -2.602282684882464531e-12
5.452509652510852902e+04 -2.473858914149776896e-12
5.453921778923932288e+04 -2.390240194629214668e-12
5.455333905331717688e+04 -2.416358453831203258e-12
5.456746031751028931e+04 -2.191390349498304271e-12
5.458158158156016725e+04 -2.045887858456516859e-12
5.459570284574444668e+04 -2.155100528116656480e-12
5.460982410979953420e+04 -2.059409247715165971e-12
5.462394537388985918e+04 -2.032323085061209155e-12
5.463806663814701460e+04 -2.055739252433857636e-12
5.465218790217723290e+04 -1.858880873700039171e-12
5.466630916628083651e+04 -1.792850385860964437e-12
5.468043043042747740e+04 -1.595349652855686840e-12
5.469455169456302247e+04 -1.594830724771465906e-12
5.470867295866595668e+04 -1.605241572325022536e-12
5.472279422280332074e+04 -1.489285864370245311e-12
5.473691548693637742e+04 -1.373778459160942023e-12
5.475103675101196859e+04 -1.235764776359845251e-12
5.476515801523032133e+04 -1.235468822559382513e-12
5.477927927933137835e+04 -1.039591799723008035e-12
5.479340054340181086e+04 -8.399568362430286595e-13
5.480752180746920203e+04 -8.760887595459068506e-13
5.482164307160935277e+04 -7.521833289373316851e-13
5.483576433578449360e+04 -6.973595689572627875e-13
5.484988559992951923e+04 -5.159287910059840344e-13
5.486400686398061225e+04 -5.451584326909072020e-13
5.487812812807844603e+04 -3.194299288775007960e-13
5.489224939220598753e+04 -2.789091452382125080e-13
5.490637065638125205e+04 -3.749172307306529550e-13
5.492049192051984573e+04 -6.168981765481998418e-14
5.493461318463453063e+04 2.244043110495126484e-14
5.494873444866124191e+04 -1.047164937334521494e-14
5.496285571288057690e+04 5.966839240295282510e-14
5.497697697701334255e+04 1.666526644700613388e-13
5.499109824108223256e+04 5.079412061856942240e-13
5.500521950519739767e+04 5.083128299919573446e-13
5.501934076929587172e+04 4.605664015765946025e-13
5.503346203348318522e+04 5.705361076058726006e-13
5.504758329757223692e+04 9.922783447327989552e-13
5.506170456167409429e+04 8.935932225907167871e-13
5.507582582579966402e+04 9.041863507804674461e-13
5.508994708989646460e+04 9.984062699580656299e-13
5.510406835406755272e+04 1.306703698078233044e-12
5.511818961824494909e+04 1.496368381593981411e-12
5.513231088231533795e+04 1.310400766406061141e-12
5.514643214644035470e+04 1.368354910448298982e-12
5.516055341056759789e+04 1.780468559726074215e-12
5.517467467466121889e+04 1.815902301108769455e-12
5.518879593880423636e+04 1.896236942377604026e-12
5.520291720287661883e+04 1.970141987331381838e-12
5.521703846701234579e+04 2.114690531833381499e-12
5.523115973116688838e+04 2.055281169501822127e-12
5.524528099532660417e+04 2.383465011457412034e-12
5.525940225940892560e+04 2.214089978830217312e-12
5.527352352350193541e+04 2.400822365543424881e-12
5.528764478760858765e+04 2.542665623260284083e-12
5.530176605179398757e+04 2.629851931320971785e-12
5.531588731591060059e+04 2.525323066864294716e-12
5.533000857997632556e+04 2.909173128197862072e-12
5.534412984412928199e+04 2.973148586834972739e-12
5.535825110830576159e+04 2.861928139687602156e-12
5.537237237237245427e+04 3.128577469237626946e-12
5.538649363646606798e+04 3.306029350128363879e-12
5.540061490056811454e+04 3.369880037333688428e-12
5.541473616465907980e+04 3.594849318755566491e-12
5.542885742892109556e+04 3.629690816226198769e-12
5.544297869301590254e+04 3.862529441940157884e-12
5.545709995714195975e+04 4.040135689642727491e-12
5.547122122117241088e+04 4.039825274463378555e-12
5.548534248529393517e+04 4.214814012587535525e-12
5.549946374954583735e+04 4.364547465886963080e-12
5.551358501359716320e+04 4.340147756594481100e-12
5.552770627770480496e+04 4.555953232158389550e-12
5.554182754177044990e+04 4.694432033261804610e-12
5.555594880593525158e+04 4.934147549102883986e-12
5.557007007008005166e+04 5.109093912023792596e-12
5.558419133417340345e+04 5.234731344987349528e-12
5.559831259827728354e+04 5.301213330527698751e-12
5.561243386244010617e+04 5.437638279518128820e-12
5.562655512660095701e+04 5.270978623010180925e-12
5.564067639072472230e+04 5.512980718270972773e-12
5.565479765480692731e+04 5.761867438815033501e-12
5.566891891892280546e+04 5.840738790327261043e-12
5.568304018296688446e+04 5.842213178351385076e-12
5.569716144716893177e+04 5.917635995465946322e-12
5.571128271127010521e+04 6.104010210818365725e-12
5.572540397543312429e+04 6.453701149978049940e-12
5.573952523947187001e+04 6.524992384775921994e-12
5.575364650355967024e+04 6.574020158622834009e-12
5.576776776784094545e+04 6.634022437488730303e-12
5.578188903186080279e+04 6.738374065976266526e-12
5.579601029600439506e+04 6.955103051922073569e-12
5.581013156013557455e+04 7.142204035641311743e-12
5.582425282426868216e+04 7.143579211880054072e-12
5.583837408843788580e+04 7.348088332666975425e-12
5.585249535250818008e+04 7.391500383150104727e-12
5.586661661660188111e+04 7.525304123139615683e-12
5.588073788074463664e+04 7.878867012418310485e-12
5.589485914491607400e+04 7.950290753804116872e-12
5.590898040903054789e+04 8.104663282925800063e-12
5.592310167307272786e+04 8.075730435819182538e-12
5.593722293721767346e+04 8.325749515961150130e-12
5.595134420133539243e+04 8.394882305882464619e-12
5.596546546547844628e+04 8.442076511411053799e-12
5.597958672957861563e+04 8.608449294519235090e-12
5.599370799373261980e+04 8.691137441124022654e-12
5.600782925775560579e+04 8.776324379475901366e-12
5.602195052197585755e+04 8.894839415182408752e-12
5.603607178613272117e+04 9.054534404356508969e-12
5.605019305020625325e+04 9.135136749290307237e-12
5.606431431425678602e+04 9.212970244634094123e-12
5.607843557838675770e+04 9.283641658006676519e-12
5.609255684263307921e+04 9.685040770774284975e-12
5.610667810674387147e+04 9.775537389355377698e-12
5.612079937084211269e+04 9.995200017348272448e-12
5.613492063488048734e+04 1.032965807987367742e-11
5.614904189902515645e+04 1.060645896109071711e-11
5.616316316324527725e+04 1.077633139788937030e-11
5.617728442731656833e+04 1.080472278406559661e-11
5.619140569138644059e+04 1.067283231813384960e-11
5.620552695548111660e+04 1.101473967234136012e-11
5.621964821957036474e+04 1.110160009491040164e-11
5.623376948376072687e+04 1.121494871893201029e-11
5.624789074785629055e+04 1.137093385995507959e-11
5.626201201203183882e+04 1.150413829349865454e-11
5.627613327607071551e+04 1.174458394081792148e-11
5.629025454033689311e+04 1.179584952896969771e-11
5.630437580440881720e+04 1.188945467138906084e-11
5.631849706849503855e+04 1.196126248009319426e-11
5.633261833263315930e+04 1.207105528646446900e-11
5.634673959665631264e+04 1.230005794735106397e-11
5.636086086093063204e+04 1.253681661567660938e-11
5.637498212502079696e+04 1.238427328282846879e-11
5.638910338910367136e+04 1.292041915201342739e-11
5.640322465318996547e+04 1.286972260230526805e-11
5.641734591732887202e+04 1.318632590657319929e-11
5.643146718151354435e+04 1.325966258570563436e-11
5.644558844557771226e+04 1.366323763152891728e-11
5.645970970970114286e+04 1.360428699758807530e-11
5.647383097378123057e+04 1.348319884537322490e-11
5.648795223796638311e+04 1.364509768142736215e-11
5.650207350205693365e+04 1.362661402134390707e-11
5.651619476615839812e+04 1.365112975797861470e-11
5.653031603030781844e+04 1.376883731064545156e-11
5.654443729438915034e+04 1.400426889522482913e-11
5.655855855855950358e+04 1.421402043401358710e-11
5.657267982269597996e+04 1.418764893252552020e-11
5.658680108681399724e+04 1.425401589965705360e-11
5.660092235089420137e+04 1.418857580601878920e-11
5.661504361498357321e+04 1.440224436061890034e-11
5.662916487921296357e+04 1.458273481263143403e-11
5.664328614328418917e+04 1.492773791085401516e-11
5.665740740737564920e+04 1.502267585430887306e-11
