5.299999999999939610e+04 -8.232801712585293304e-12
5.301412126410895871e+04 -8.117685439353736500e-12
5.302824252819344838e+04 -7.903745949222534847e-12
5.304236379239273083e+04 -7.944604686160117429e-12
5.305648505651107553e+04 -7.759214405832064100e-12
5.307060632059743511e+04 -7.764461556742481149e-12
5.308472758467980020e+04 -7.597793928028064597e-12
5.309884884879992751e+04 -7.546306456189981096e-12
5.311297011301333259e+04 -7.666990737760517717e-12
5.312709137708791968e+04 -7.413905571409643686e-12
5.314121264119049010e+04 -7.321286803778410757e-12
5.315533390530189354e+04 -7.216327499832867490e-12
5.316945516951134050e+04 -7.235514446452463356e-12
5.318357643360427028e+04 -7.145357589929188716e-12
5.319769769771904248e+04 -7.024723756270222231e-12
5.321181896178233001e+04 -7.067736736440656757e-12
5.322594022591311659e+04 -6.683802375202111579e-12
5.324006149010881927e+04 -6.748892149250874422e-12
5.325418275420062128e+04 -6.617221585100273572e-12
5.326830401831452764e+04 -6.603101699436501562e-12
5.328242528239967214e+04 -6.416598270032653352e-12
5.329654654649311124e+04 -6.605848686693400573e-12
5.331066781071717560e+04 -6.395006109394904545e-12
5.332478907481544593e+04 -6.356745686082938116e-12
5.333891033891834377e+04 -6.024034891991920027e-12
5.335303160301602475e+04 -6.152335974985796277e-12
5.336715286719471624e+04 -5.774718737592931332e-12
5.338127413131036155e+04 -5.772397376184550930e-12
5.339539539538414101e+04 -5.740005272099564685e-12
5.340951665949237213e+04 -5.464344248709129874e-12
5.342363792361264495e+04 -5.469579014884498810e-12
5.343775918781469227e+04 -5.346169485622559852e-12
5.345188045189763216e+04 -5.172728959663187845e-12
5.346600171598161978e+04 -5.193679235011677647e-12
5.348012298011872190e+04 -5.006389924102512260e-12
5.349424424420151627e+04 -4.874330017210963123e-12
5.350836550841853023e+04 -4.832203738621371442e-12
5.352248677251447225e+04 -4.762206882579602138e-12
5.353660803658606164e+04 -4.716185964618696328e-12
5.355072930067907873e+04 -4.344757231621290978e-12
5.356485056490901479e+04 -4.311404344788021064e-12
5.357897182899250038e+04 -4.183150301063040758e-12
5.359309309309066884e+04 -4.122246188722307938e-12
5.360721435719528381e+04 -3.848464615154517278e-12
5.362133562131976214e+04 -3.581613948356509638e-12
5.363545688549105398e+04 -3.434846278561404641e-12
5.364957814958051313e+04 -3.431991502448403175e-12
5.366369941369004664e+04 -3.409611112129273527e-12
5.367782067779064528e+04 -3.235569756087956788e-12
5.369194194189899281e+04 -3.293630302962703817e-12
5.370606320611649426e+04 -2.806614648396574351e-12
5.372018447020302847e+04 -2.814506943895561516e-12
5.373430573429803917e+04 -2.649005070975537939e-12
5.374842699838789849e+04 -2.543792542753148470e-12
5.376254826250786573e+04 -2.503529958482286340e-12
5.377666952669015882e+04 -2.573728606170337401e-12
5.379079079079097573e+04 -2.358274211081988889e-12
5.380491205490304128e+04 -2.356659574921281662e-12
5.381903331900633202e+04 -2.407945558103543846e-12
5.383315458319255413e+04 -2.243928338436938717e-12
5.384727584731031675e+04 -2.215914143506776755e-12
5.386139711141086445e+04 -2.179940995176453647e-12
5.387551837548199546e+04 -1.934845043397921302e-12
5.388963963958725071e+04 -2.134494850117943211e-12
5.390376090381016547e+04 -1.962192053335424586e-12
5.391788216789652506e+04 -1.777016706864850611e-12
5.393200343199166673e+04 -1.666296721053199398e-12
5.394612469610962580e+04 -1.678309989797031626e-12
5.396024596021574689e+04 -1.467581639901911395e-12
5.397436722440544690e+04 -1.370770431151109377e-12
5.398848848849214846e+04 -1.211384117673329304e-12
5.400260975260954729e+04 -1.174342019000545431e-12
5.401673101669668540e+04 -1.078457052085600553e-12
5.403085228091294266e+04 -1.108817908127542792e-12
5.404497354499850917e+04 -1.205405206928492342e-12
5.405909480909898411e+04 -1.075804673599799906e-12
5.407321607318870520e+04 -1.123920164609864521e-12
5.408733733731040411e+04 -9.835177183959450181e-13
5.410145860150193039e+04 -9.960712191297456869e-13
5.411557986560004065e+04 -5.446454299621892369e-13
5.412970112970339687e+04 -4.606810167103530447e-13
5.414382239377877704e+04 -4.451763888973089045e-13
5.415794365791145538e+04 -2.553734691329684015e-13
5.417206492211013392e+04 -2.079375857244174769e-13
5.418618618621955102e+04 -3.913440738902045850e-13
5.420030745029594254e+04 -2.828422812353439879e-13
5.421442871439366718e+04 -2.827783502483090675e-13
5.422854997849830397e+04 -1.727543335230050030e-13
5.424267124270435306e+04 -1.524360962738272525e-13
5.425679250680498808e+04 -2.982211680075373777e-13
5.427091377088315494e+04 -3.400735432213963586e-13
5.428503503499134968e+04 -1.754621592629638549e-13
5.429915629920690844e+04 -3.477213254192593653e-13
5.431327756329799013e+04 -2.642238204661001727e-13
5.432739882738915912e+04 -2.353109558319304589e-13
5.434152009150956292e+04 -3.939891806049680544e-13
5.435564135559616989e+04 -2.712474423166077455e-13
5.436976261982000869e+04 -3.540114073663944153e-13
5.438388388387973828e+04 -1.474422075140642392e-13
5.439800514798043150e+04 -2.613748011718366130e-13
5.441212641209742287e+04 -2.646331605773997757e-13
5.442624767619157501e+04 1.928495882571912906e-14
5.444036894041973574e+04 -2.440778044145866919e-14
5.445449020448590454e+04 -1.094078150851690646e-13
5.446861146860104054e+04 -1.873121161489201361e-13
5.448273273271598009e+04 -2.300813404943798120e-13
5.449685399690698978e+04 -1.131167213045756286e-13
5.451097526101540279e+04 -1.378074138802999063e-13
5.452509652509209991e+04 -2.391004575136654262e-13
5.453921778920166253e+04 -7.613219081916903889e-14
5.455333905330421112e+04 -1.349311254446470707e-13
5.456746031752012641e+04 -2.328118905188297987e-13
5.458158158160046150e+04 -2.935560238967455262e-13
5.459570284570107469e+04 -4.417783508897405574e-13
5.460982410979227279e+04 -3.695514850632446368e-13
5.462394537390997721e+04 -2.271429390144513378e-13
5.463806663810865575e+04 -1.628338198855726260e-13
5.465218790218138020e+04 -1.693711420479707939e-13
5.466630916631211585e+04 -3.114822882842900747e-15
5.468043043040353223e+04 -9.152816767356748072e-15
5.469455169460397155e+04 1.589717415733990222e-13
5.470867295871752140e+04 1.682729427108340918e-13
5.472279422281264124e+04 3.566977392471828818e-14
5.473691548689729098e+04 3.141760581074461577e-14
5.475103675100830151e+04 2.360228215021244598e-13
5.476515801518478111e+04 2.794649876589804423e-13
5.477927927927905694e+04 4.445831520403425465e-14
5.479340054338575283e+04 3.518403188108181471e-13
5.480752180749320542e+04 1.238084867423387227e-13
5.482164307160260796e+04 1.172564984214145124e-14
5.483576433581433957e+04 2.271693176479421716e-14
5.484988559991645889e+04 -1.962136728697718053e-13
5.486400686399572442e+04 -3.905022002213240120e-15
5.487812812809213938e+04 1.268086982760830016e-13
5.489224939220655506e+04 1.146212100178190093e-13
5.490637065637965861e+04 1.928563766637604089e-13
5.492049192050945567e+04 3.648440633680023200e-13
5.493461318461579503e+04 4.875806508185445926e-13
5.494873444870040112e+04 5.118780617773429558e-13
5.496285571290012012e+04 7.062161427451862780e-13
5.497697697700631397e+04 7.628474836206736709e-13
5.499109824108895555e+04 4.380926130252178330e-13
5.500521950519610255e+04 5.994677558816585397e-13
5.501934076931340678e+04 4.217614272376176416e-13
5.503346203350433643e+04 5.935812572270853885e-13
5.504758329760239576e+04 5.558868200941769252e-13
5.506170456169865065e+04 5.347235424523903968e-13
5.507582582580432791e+04 7.472616543643814470e-13
5.508994708987947524e+04 6.556076462312186428e-13
5.510406835411991051e+04 7.374344617885925334e-13
5.511818961819753167e+04 8.187158945181800990e-13
5.513231088230379100e+04 9.392897360660900612e-13
5.514643214641647501e+04 7.997905044130765779e-13
5.516055341058970225e+04 7.017161284350297061e-13
5.517467467470402335e+04 8.262494493126679660e-13
5.518879593877973093e+04 7.504163910326652251e-13
5.520291720289248042e+04 8.268833053547395521e-13
5.521703846699427959e+04 1.007398355561879827e-12
5.523115973121296702e+04 9.693882023697750585e-13
5.524528099529608153e+04 9.436194697377932667e-13
5.525940225940765959e+04 9.487036496546008733e-13
5.527352352348336717e+04 1.115361734169531342e-12
5.528764478760955535e+04 1.109504928580026466e-12
5.530176605178179307e+04 1.451349673074625128e-12
5.531588731591575925e+04 1.524691543793484256e-12
5.533000858000421431e+04 1.553063570456765912e-12
5.534412984408810735e+04 1.548468417142206520e-12
5.535825110830639460e+04 1.428885354398108538e-12
5.537237237241020921e+04 1.412735356905517251e-12
5.538649363651616295e+04 1.465158766274173792e-12
5.540061490061863151e+04 1.374296169222220691e-12
5.541473616470093111e+04 1.667347330057540623e-12
5.542885742889311950e+04 1.714372055412032587e-12
5.544297869299667218e+04 1.808543308285889171e-12
5.545709995708292990e+04 1.927416161392025584e-12
5.547122122120222775e+04 1.805582485511929446e-12
5.548534248529687466e+04 1.924023274222274920e-12
5.549946374949622987e+04 1.795706814462559318e-12
5.551358501358919602e+04 2.166132649037758015e-12
5.552770627771190630e+04 2.335622482390738728e-12
5.554182754180669872e+04 2.349036476030601854e-12
5.555594880590525281e+04 2.474521792933187284e-12
5.557007007009546214e+04 2.383630108797085676e-12
5.558419133417972625e+04 2.432950895856557964e-12
5.559831259828015027e+04 2.444158512967565767e-12
5.561243386238373205e+04 2.536977822409431796e-12
5.562655512661494140e+04 2.824938137537826966e-12
5.564067639070742007e+04 2.793653766574166295e-12
5.565479765479360503e+04 2.712195387416008309e-12
5.566891891888904502e+04 2.789859720035533212e-12
5.568304018298046867e+04 2.857263583721639230e-12
5.569716144717867428e+04 2.823157159614644820e-12
5.571128271128486085e+04 2.824965406679216065e-12
5.572540397541155107e+04 2.940848349927244246e-12
5.573952523948308226e+04 3.161497516450256740e-12
5.575364650360435917e+04 3.124289681995917616e-12
5.576776776781905937e+04 3.196473523177110444e-12
5.578188903191915597e+04 3.558309578214675254e-12
5.579601029598686728e+04 3.440909258743561706e-12
5.581013156010172679e+04 3.547598259476952691e-12
5.582425282428440551e+04 3.544349595766105630e-12
5.583837408837995463e+04 3.519275923249091283e-12
5.585249535249244218e+04 3.671213519261150642e-12
5.586661661660001118e+04 3.716143974556943635e-12
5.588073788071550371e+04 3.599210866374966820e-12
5.589485914490500727e+04 3.642214302345915060e-12
5.590898040900329943e+04 3.598638820386710963e-12
5.592310167310504767e+04 3.583941965139710338e-12
5.593722293719711161e+04 3.626869653495687961e-12
5.595134420129131468e+04 3.794388230916681291e-12
5.596546546549219784e+04 3.840545191594072964e-12
5.597958672960357217e+04 3.730746296780461106e-12
5.599370799370203895e+04 3.867090185784271042e-12
5.600782925780143705e+04 3.935000043538378199e-12
5.602195052201909857e+04 3.889969601390825041e-12
5.603607178608603135e+04 4.074573204863602589e-12
5.605019305020865431e+04 4.220688536198583803e-12
5.606431431430952216e+04 4.272916213730157084e-12
5.607843557840162248e+04 4.286296272438513148e-12
5.609255684258937254e+04 4.154270603468931110e-12
5.610667810671658663e+04 4.197411597108665394e-12
5.612079937080426316e+04 4.014113882517975555e-12
5.613492063488178974e+04 3.959562268159113183e-12
5.614904189899678022e+04 4.151790323564343439e-12
5.616316316321838531e+04 4.120085401842368147e-12
5.617728442730350071e+04 3.933346927589266198e-12
5.619140569137887360e+04 3.910299049287018644e-12
5.620552695548487100e+04 3.938632899152354552e-12
5.621964821959840629e+04 4.297432989781909293e-12
5.623376948382013506e+04 4.430575481586613543e-12
5.624789074789719598e+04 4.221422379092416059e-12
5.626201201199497882e+04 4.233894678382968089e-12
5.627613327609107364e+04 4.294755766078398421e-12
5.629025454028989043e+04 4.288323884596038945e-12
5.630437580441628234e+04 4.333012553504846034e-12
5.631849706849914219e+04 4.397153209938030939e-12
5.633261833260207641e+04 4.583984399271856229e-12
5.634673959668374300e+04 4.504163380558896049e-12
5.636086086088183220e+04 4.467019174101132567e-12
5.637498212499394140e+04 4.398713004825499528e-12
5.638910338908254198e+04 4.304399346435499152e-12
5.640322465320485207e+04 4.203581088852767830e-12
5.641734591730432294e+04 4.253425443426914862e-12
5.643146718151646928e+04 4.423603065123826196e-12
5.644558844561178557e+04 4.527165204311242371e-12
5.645970970969717018e+04 4.550569399394310449e-12
5.647383097381334665e+04 4.547226808640900711e-12
5.648795223800803797e+04 4.315600297756389799e-12
5.650207350208969001e+04 4.462744584693127228e-12
5.651619476618921180e+04 4.332521708959839018e-12
5.653031603030726546e+04 4.196232964219727352e-12
5.654443729440109746e+04 4.456120001278283438e-12
5.655855855860742304e+04 4.549328350470637314e-12
5.657267982267872867e+04 4.522430069404218263e-12
5.658680108677884709e+04 4.564116708836521539e-12
5.660092235088511370e+04 4.718793338605907600e-12
5.661504361498903017e+04 4.732856943791756609e-12
5.662916487921591033e+04 4.578436037970510836e-12
5.664328614328342519e+04 4.425787020358650572e-12
5.665740740741700574e+04 4.576979259839401156e-12
