5.300000000000620639e+04 -1.054861725943002859e-11
5.301412126412421640e+04 -1.040872442581208682e-11
5.302824252819590038e+04 -1.029088708702881030e-11
5.304236379241849500e+04 -1.014809568981080970e-11
5.305648505649095023e+04 -9.935400947734705708e-12
5.307060632054165035e+04 -9.872925429644881069e-12
5.308472758468132088e+04 -9.807122190793194607e-12
5.309884884884673374e+04 -9.626226559000173690e-12
5.311297011300205486e+04 -9.772192879454030576e-12
5.312709137707026821e+04 -9.821174329323374094e-12
5.314121264117740793e+04 -9.556900384142517537e-12
5.315533390523162234e+04 -9.708596143117416500e-12
5.316945516944074188e+04 -9.630323423136790274e-12
5.318357643359489884e+04 -9.386863297598461771e-12
5.319769769767131220e+04 -9.168427516575648649e-12
5.321181896176367445e+04 -9.070581167915079490e-12
5.322594022599163145e+04 -9.054588828897512500e-12
5.324006149008219654e+04 -9.059181972524259035e-12
5.325418275417595578e+04 -8.907349820665719707e-12
5.326830401831150084e+04 -8.771386894889686331e-12
5.328242528232791665e+04 -8.595168226634148416e-12
5.329654654653395119e+04 -8.297235080019691303e-12
5.331066781066954718e+04 -8.184885152694602541e-12
5.332478907476652967e+04 -8.283459398771988568e-12
5.333891033893638814e+04 -8.126407602183151913e-12
5.335303160300458694e+04 -8.354709447592015982e-12
5.336715286722103338e+04 -8.186619670213707522e-12
5.338127413123622682e+04 -7.949400104982023296e-12
5.339539539533382049e+04 -7.678598518253184510e-12
5.340951665942747786e+04 -7.679549362571440418e-12
5.342363792361183732e+04 -7.342415213864027487e-12
5.343775918774967431e+04 -7.240900787171253892e-12
5.345188045184301882e+04 -7.193145467142474555e-12
5.346600171605528885e+04 -7.099721028889328671e-12
5.348012298002566968e+04 -7.037285272527895509e-12
5.349424424415493559e+04 -7.200881271541766106e-12
5.350836550839885604e+04 -7.058465853103238286e-12
5.352248677244797727e+04 -6.794001770305668987e-12
5.353660803652594768e+04 -6.754485642844669337e-12
5.355072930068687128e+04 -6.833493837624538332e-12
5.356485056485156383e+04 -6.747690371274148010e-12
5.357897182894577418e+04 -6.698144289238164581e-12
5.359309309316638246e+04 -6.408906071779779976e-12
5.360721435719917645e+04 -6.281819151164560341e-12
5.362133562124893069e+04 -6.106058250548274267e-12
5.363545688550196792e+04 -5.856447399649574167e-12
5.364957814962171688e+04 -5.808246810756675856e-12
5.366369941378883232e+04 -5.834697031162849041e-12
5.367782067782013473e+04 -5.711289437477453341e-12
5.369194194197497563e+04 -5.368250554927757839e-12
5.370606320613859862e+04 -5.309187905505385706e-12
5.372018447022203327e+04 -5.333253047146772817e-12
5.373430573422701855e+04 -5.338952488607494075e-12
5.374842699838196859e+04 -5.277019183006414429e-12
5.376254826243576827e+04 -5.074044386823319169e-12
5.377666952672565822e+04 -4.862311386435040607e-12
5.379079079087365244e+04 -4.886134676777601619e-12
5.380491205485211685e+04 -4.861092130920800754e-12
5.381903331895118754e+04 -4.854036884827510308e-12
5.383315458324911742e+04 -4.616030521701193591e-12
5.384727584738154837e+04 -4.348113964742466853e-12
5.386139711137192353e+04 -4.290202764979237218e-12
5.387551837547749165e+04 -4.145149792518235217e-12
5.388963963964582945e+04 -3.995169490430362785e-12
5.390376090386317810e+04 -3.903142259002415374e-12
5.391788216798254143e+04 -4.143138739599309404e-12
5.393200343201604846e+04 -4.051857372577433719e-12
5.394612469606396917e+04 -4.022679294498448383e-12
5.396024596017201839e+04 -3.643012751421025828e-12
5.397436722444786574e+04 -3.632138192116419545e-12
5.398848848843061569e+04 -3.617390262398046706e-12
5.400260975268877519e+04 -3.582993008292832566e-12
5.401673101663888519e+04 -3.459342000961719059e-12
5.403085228089269367e+04 -3.225503041934176067e-12
5.404497354504489340e+04 -3.161482440885858020e-12
5.405909480916255416e+04 -3.153105136852857289e-12
5.407321607316364680e+04 -3.202404680549338684e-12
5.408733733724904596e+04 -3.108462011832234838e-12
5.410145860145847837e+04 -2.937591256986797726e-12
5.411557986563316808e+04 -2.937343156300404387e-12
5.412970112965527369e+04 -2.757536402173514321e-12
5.414382239376975485e+04 -2.671266106571900648e-12
5.415794365785453556e+04 -2.479436780644423562e-12
5.417206492205844552e+04 -2.329451479046497660e-12
5.418618618621810310e+04 -2.305713180374842403e-12
5.420030745030732942e+04 -2.338436848489726609e-12
5.421442871435131383e+04 -2.199179245588592375e-12
5.422854997847525374e+04 -2.154188029680511229e-12
5.424267124262506695e+04 -2.184865023367340265e-12
5.425679250674813375e+04 -2.020839847662335501e-12
5.427091377096268843e+04 -1.875632827797816618e-12
5.428503503506791458e+04 -1.762594530432270022e-12
5.429915629921985965e+04 -1.674435044969279216e-12
5.431327756328017858e+04 -1.650779863152259662e-12
5.432739882747139200e+04 -1.526285188499657869e-12
5.434152009150783124e+04 -1.556610341666488511e-12
5.435564135565640754e+04 -1.245925788426491678e-12
5.436976261987684120e+04 -1.019539224072095681e-12
5.438388388398070674e+04 -1.145018177266433740e-12
5.439800514808797016e+04 -1.012323056248965438e-12
5.441212641213665484e+04 -8.454000395293371146e-13
5.442624767622494255e+04 -7.495688058896124153e-13
5.444036894032386044e+04 -9.405525896793312648e-13
5.445449020455421123e+04 -6.886491509518315539e-13
5.446861146858131542e+04 -4.937669991980799104e-13
5.448273273263577721e+04 -4.539459016238305717e-13
5.449685399690351915e+04 -3.169249545327754314e-13
5.451097526103269047e+04 -4.828530687518041684e-13
5.452509652518958319e+04 -4.741324139767913989e-14
5.453921778918898781e+04 9.569085955068521594e-14
5.455333905325224623e+04 8.426911325985314149e-15
5.456746031745564687e+04 1.020589854810304755e-13
5.458158158167582587e+04 -6.006825122000413913e-14
5.459570284566656483e+04 7.763950356461817363e-14
5.460982410980510031e+04 2.626007525564236860e-13
5.462394537385881267e+04 3.840207285262678998e-13
5.463806663814592321e+04 7.434898759272602014e-13
5.465218790217497008e+04 8.715073303511431207e-13
5.466630916625293321e+04 8.453342702835484616e-13
5.468043043039726763e+04 1.182143138368120644e-12
5.469455169457827287e+04 1.315591310587361930e-12
5.470867295865443157e+04 1.108399115204960469e-12
5.472279422277397680e+04 1.398672543713749649e-12
5.473691548695977690e+04 1.458959760629792638e-12
5.475103675109108735e+04 1.621918165877182318e-12
5.476515801524025301e+04 1.507354393006633368e-12
5.477927927925358381e+04 1.902185075014363358e-12
5.479340054340455390e+04 1.867189754519027132e-12
5.480752180745906662e+04 1.995022852009696029e-12
5.482164307161100442e+04 1.940918154213271022e-12
5.483576433575168630e+04 2.064474170853372240e-12
5.484988559983192681e+04 2.172161742584413157e-12
5.486400686407557805e+04 2.413487467916719335e-12
5.487812812803973793e+04 2.551968271943327615e-12
5.489224939225264097e+04 2.545897616861151575e-12
5.490637065646747214e+04 2.951116030882050819e-12
5.492049192056356696e+04 3.072249159962589020e-12
5.493461318464190117e+04 3.282512929333964743e-12
5.494873444875735004e+04 3.334942166323789765e-12
5.496285571287007042e+04 3.335569604835474369e-12
5.497697697697846161e+04 3.510977415054248682e-12
5.499109824105217558e+04 3.888301687671717188e-12
5.500521950514807395e+04 3.845515255697125731e-12
5.501934076925795671e+04 3.787607805566436197e-12
5.503346203344181413e+04 3.898086978723468582e-12
5.504758329766882525e+04 3.917912535839687825e-12
5.506170456176053267e+04 4.157149090908485956e-12
5.507582582577860740e+04 4.333191838904025078e-12
5.508994708982430893e+04 4.588381830552789263e-12
5.510406835407789913e+04 4.402497547017399637e-12
5.511818961827106250e+04 4.391193654786969814e-12
5.513231088226233260e+04 4.287328833430405686e-12
5.514643214644576801e+04 4.665601763080481708e-12
5.516055341053094162e+04 4.715229399624208728e-12
5.517467467463033972e+04 4.565196602680776479e-12
5.518879593875072896e+04 4.745146467782941462e-12
5.520291720295404230e+04 4.828898260195223144e-12
5.521703846701834846e+04 4.848441344993432655e-12
5.523115973115269298e+04 4.881238130942846029e-12
5.524528099536574882e+04 5.157276079513722017e-12
5.525940225944737904e+04 5.169849847297681459e-12
5.527352352351159789e+04 5.352949403733403139e-12
5.528764478758491168e+04 5.314900632473035470e-12
5.530176605181774357e+04 5.429384413182732337e-12
5.531588731595576974e+04 5.370232709987537218e-12
5.533000857994625403e+04 5.417925536140650606e-12
5.534412984411252546e+04 5.526167428548847365e-12
5.535825110825775482e+04 5.467743154066402206e-12
5.537237237236271903e+04 5.318945236106126095e-12
5.538649363656912465e+04 5.321969939688350896e-12
5.540061490064960526e+04 5.627472500758139992e-12
5.541473616477296309e+04 5.552102386950155422e-12
5.542885742899149045e+04 5.604564745694083469e-12
5.544297869303836342e+04 5.531341921453976110e-12
5.545709995709347277e+04 5.667678560606490194e-12
5.547122122123737790e+04 5.850308163097205105e-12
5.548534248522391863e+04 5.537166350666028458e-12
5.549946374946152355e+04 5.480569397108051369e-12
5.551358501352123130e+04 5.362698448337267685e-12
5.552770627774947206e+04 5.428337015826573237e-12
5.554182754183354700e+04 5.522480289884565287e-12
5.555594880586363433e+04 5.530412012584068702e-12
5.557007007018181321e+04 5.463953525446028037e-12
5.558419133420635626e+04 5.542735804865365157e-12
5.559831259829727787e+04 5.356379067629942026e-12
5.561243386249136529e+04 5.410111301927398884e-12
5.562655512654181075e+04 5.503639636248839196e-12
5.564067639078384673e+04 5.357843924075548079e-12
5.565479765479633352e+04 5.258763633839958212e-12
5.566891891887738893e+04 5.184730888971222679e-12
5.568304018293610716e+04 5.253886611782999608e-12
5.569716144727043866e+04 5.214872935082351859e-12
5.571128271136005787e+04 5.093557323884869686e-12
5.572540397541202401e+04 5.215327890497199027e-12
5.573952523952743650e+04 5.182853572946221527e-12
5.575364650356025959e+04 5.244112569628867714e-12
5.576776776781697845e+04 5.024881554038206467e-12
5.578188903183242655e+04 4.974858956200271493e-12
5.579601029592263512e+04 5.113070411622759994e-12
5.581013156014933338e+04 4.887824985438021818e-12
5.582425282429702929e+04 4.891654610138822130e-12
5.583837408838998090e+04 4.880058246570275635e-12
5.585249535243831633e+04 4.745398943040631183e-12
5.586661661667114822e+04 4.658514957579979139e-12
5.588073788071986201e+04 4.710512361888953886e-12
5.589485914487252012e+04 4.792189357629131247e-12
5.590898040902844514e+04 4.951231271688544407e-12
5.592310167303432536e+04 4.695053876804261142e-12
5.593722293713872932e+04 4.520913442383988906e-12
5.595134420133956155e+04 4.415946229060680742e-12
5.596546546552266955e+04 4.469036026316293394e-12
5.597958672954299982e+04 4.279422108281168812e-12
5.599370799362076650e+04 3.978241623652426603e-12
5.600782925785388215e+04 3.909248384917380979e-12
5.602195052192986623e+04 3.800604031949896869e-12
5.603607178607603419e+04 3.766419881960702992e-12
5.605019305018183513e+04 3.910380773944445026e-12
5.606431431436000275e+04 3.812160399438017221e-12
5.607843557843399321e+04 3.719951935770638802e-12
5.609255684252479841e+04 3.521648869262941238e-12
5.610667810671428015e+04 3.675466295316693782e-12
5.612079937077479553e+04 3.619979232990541339e-12
5.613492063492690068e+04 3.815032617963616849e-12
5.614904189907310501e+04 3.463104606539217248e-12
5.616316316326378728e+04 3.656705633841819976e-12
5.617728442729627568e+04 3.684857874951750589e-12
5.619140569140210573e+04 3.782643292083545104e-12
5.620552695554439561e+04 3.782590797227986095e-12
5.621964821954596118e+04 3.784398120112241094e-12
5.623376948383522540e+04 3.720509381141578062e-12
5.624789074792014435e+04 3.593549323093959970e-12
5.626201201200914511e+04 3.567384387230201998e-12
5.627613327614375157e+04 3.703981000905486412e-12
5.629025454025271029e+04 3.405840218389129413e-12
5.630437580435396376e+04 3.448128574174664545e-12
5.631849706845408946e+04 3.456600243959920479e-12
5.633261833260319690e+04 3.401000692657569409e-12
5.634673959662450943e+04 3.192311144014215351e-12
5.636086086086555588e+04 3.202277667305397753e-12
5.637498212505761330e+04 3.389741796017618390e-12
5.638910338904598029e+04 3.290551516560857035e-12
5.640322465316413582e+04 3.447711115085216784e-12
5.641734591736612492e+04 3.571831451422580378e-12
5.643146718153675465e+04 3.402650530975146573e-12
5.644558844558655255e+04 3.401353158116324486e-12
5.645970970975009550e+04 3.248243162735108831e-12
5.647383097377368540e+04 3.043875690532801661e-12
5.648795223792499019e+04 3.259982012340173155e-12
5.650207350212282472e+04 3.095423138936981901e-12
5.651619476626648247e+04 3.104099788634422017e-12
5.653031603039150650e+04 2.868112915100245536e-12
5.654443729432865803e+04 2.878339412914197460e-12
5.655855855858715950e+04 2.859443764667885221e-12
5.657267982271883375e+04 2.830811570592841303e-12
5.658680108684964944e+04 3.008659141717608689e-12
5.660092235092313786e+04 3.094320746970237461e-12
5.661504361495035118e+04 3.224003038241857146e-12
5.662916487926369882e+04 3.222550680571383959e-12
5.664328614335962629e+04 3.005606940830090612e-12
5.665740740735696454e+04 3.089888681308018682e-12
