5.300000000000056752e+04 3.487517904772454154e-12
5.301412126410825294e+04 3.260196848318645930e-12
5.302824252818407695e+04 3.109007708951059725e-12
5.304236379238890368e+04 3.014155172279935497e-12
5.305648505649912113e+04 3.087381899533874439e-12
5.307060632059822819e+04 3.316891296905265256e-12
5.308472758469217661e+04 3.433882944477478074e-12
5.309884884878751473e+04 3.445550988147002015e-12
5.311297011300697341e+04 3.307845003416322399e-12
5.312709137708953494e+04 3.483279088423421093e-12
5.314121264118884574e+04 3.681503293132195539e-12
5.315533390531389159e+04 3.577059960483332945e-12
5.316945516951514583e+04 3.646142381796067657e-12
5.318357643358578935e+04 3.663874242534892727e-12
5.319769769769981940e+04 3.831375355502169074e-12
5.321181896179298201e+04 3.732742019581312739e-12
5.322594022588421649e+04 3.811672370446790994e-12
5.324006149011027446e+04 3.904407917271018968e-12
5.325418275420991995e+04 4.115913702141656326e-12
5.326830401830258052e+04 4.343634585987134687e-12
5.328242528238683008e+04 4.451038900660060398e-12
5.329654654649750591e+04 4.252111283114999331e-12
5.331066781068939599e+04 4.328875744799873340e-12
5.332478907481831266e+04 4.406981949591618532e-12
5.333891033889249229e+04 4.412134610741097301e-12
5.335303160301055323e+04 4.782396103329351548e-12
5.336715286718686548e+04 4.675543616888099600e-12
5.338127413131305366e+04 4.527304679047954718e-12
5.339539539540887199e+04 4.519477555668006997e-12
5.340951665950574534e+04 4.710825460149396085e-12
5.342363792359676154e+04 4.595758684817113443e-12
5.343775918779637141e+04 4.744541192778779272e-12
5.345188045190773119e+04 4.851715812113659253e-12
5.346600171598984161e+04 4.798680114235489519e-12
5.348012298010567611e+04 4.845379011225672462e-12
5.349424424418928538e+04 5.076602998717574108e-12
5.350836550841518329e+04 5.036777363436424154e-12
5.352248677250758192e+04 4.833306619848134364e-12
5.353660803659864177e+04 4.884979013626191750e-12
5.355072930068433925e+04 4.910600066766436983e-12
5.356485056491760042e+04 5.146589683092059535e-12
5.357897182900449843e+04 5.255370238461043101e-12
5.359309309310333629e+04 5.341836980610720916e-12
5.360721435719922010e+04 5.491344603921947764e-12
5.362133562130404607e+04 5.303918336097113123e-12
5.363545688549680199e+04 5.328528370122581607e-12
5.364957814959027746e+04 5.201651498306611654e-12
5.366369941370765446e+04 4.875286389822453614e-12
5.367782067781603109e+04 5.126674118297905163e-12
5.369194194188562687e+04 4.985582907783469777e-12
5.370606320610735565e+04 5.156391560361168316e-12
5.372018447019406449e+04 5.101411993259833195e-12
5.373430573430328513e+04 5.021268932258624436e-12
5.374842699839254055e+04 4.936627765234053320e-12
5.376254826248611062e+04 4.948539622946077441e-12
5.377666952671603940e+04 5.034998972755215658e-12
5.379079079079942312e+04 5.105931543730528658e-12
5.380491205488940614e+04 4.984514548081260395e-12
5.381903331900453486e+04 4.941106524636452656e-12
5.383315458321267943e+04 4.882950082538568221e-12
5.384727584730915260e+04 5.054356182746768273e-12
5.386139711140603322e+04 5.046597821453376973e-12
5.387551837550052005e+04 4.958775150894710163e-12
5.388963963961535046e+04 5.045205863708963342e-12
5.390376090381864196e+04 5.065060624837233014e-12
5.391788216788335558e+04 4.941942258703465491e-12
5.393200343199501367e+04 5.151641615276971504e-12
5.394612469609762775e+04 4.896336678889522607e-12
5.396024596018848388e+04 4.982522012616205960e-12
5.397436722441227903e+04 5.241843254237487613e-12
5.398848848851295043e+04 5.020602089863771823e-12
5.400260975259668339e+04 4.971988593323103211e-12
5.401673101669860625e+04 5.024410011011567653e-12
5.403085228089479642e+04 5.022668881722540662e-12
5.404497354500740039e+04 5.177609409147147234e-12
5.405909480911860010e+04 4.789387026458648547e-12
5.407321607321250485e+04 4.881791183314157343e-12
5.408733733728696825e+04 5.053061590784965227e-12
5.410145860149883811e+04 4.925652204059453658e-12
5.411557986559076380e+04 4.970594104867514094e-12
5.412970112970904302e+04 5.098014413609679075e-12
5.414382239380670944e+04 4.810120710238078364e-12
5.415794365789820586e+04 4.673066583428183288e-12
5.417206492209986754e+04 4.665696752897956133e-12
5.418618618618316395e+04 4.739807097938263347e-12
5.420030745030664548e+04 4.689099304704202682e-12
5.421442871438615839e+04 4.626717540608654695e-12
5.422854997849689244e+04 4.674391011142797368e-12
5.424267124269090709e+04 4.917066366809201531e-12
5.425679250680405676e+04 4.709395208749031746e-12
5.427091377091249888e+04 4.792789867324142111e-12
5.428503503499147337e+04 4.777789110127762198e-12
5.429915629918342165e+04 5.067490107566107473e-12
5.431327756330327247e+04 5.124180901605995996e-12
5.432739882741025212e+04 4.835246876148107943e-12
5.434152009148579236e+04 4.902439921775037884e-12
5.435564135560388240e+04 5.055699124611564643e-12
5.436976261980092386e+04 5.058264799560300029e-12
5.438388388390302134e+04 5.032114028612339693e-12
5.439800514799153461e+04 4.936313957048239851e-12
5.441212641208227433e+04 4.781153857130291912e-12
5.442624767619429622e+04 4.744888632784167002e-12
5.444036894040401239e+04 4.788412869150079586e-12
5.445449020449569798e+04 4.936053893176084260e-12
5.446861146858757274e+04 5.001363690102161285e-12
5.448273273270282516e+04 5.132381204987896543e-12
5.449685399690792110e+04 5.290390153115632448e-12
5.451097526100595860e+04 5.438664920498215108e-12
5.452509652509060834e+04 5.404726818273664848e-12
5.453921778920729412e+04 5.227493988674748994e-12
5.455333905330016569e+04 5.508790261206075201e-12
5.456746031749958638e+04 5.345220141866938683e-12
5.458158158159782761e+04 5.382003029843862652e-12
5.459570284568318311e+04 5.578805982161420999e-12
5.460982410981259454e+04 5.553663766214723674e-12
5.462394537389097968e+04 5.397835225558022604e-12
5.463806663811216276e+04 5.449602720798163696e-12
5.465218790220894880e+04 5.353302767179159785e-12
5.466630916630282445e+04 5.221065849092610852e-12
5.468043043040013436e+04 5.223051125412449992e-12
5.469455169459779427e+04 5.196309100416601745e-12
5.470867295870336966e+04 5.337290358190210059e-12
5.472279422281532607e+04 5.569329800760885746e-12
5.473691548691094067e+04 5.559567782192798126e-12
5.475103675098790700e+04 5.455485025938255628e-12
5.476515801520950481e+04 5.544128712480517018e-12
5.477927927928923600e+04 5.418387730396556000e-12
5.479340054340662755e+04 5.375677317466686066e-12
5.480752180750040861e+04 5.256616413922191075e-12
5.482164307160548196e+04 5.379638613031274008e-12
5.483576433578953583e+04 5.402059914877893094e-12
5.484988559991597867e+04 5.487467021619152228e-12
5.486400686398422840e+04 5.488770870656046419e-12
5.487812812808308809e+04 5.510605247302841264e-12
5.489224939221193927e+04 5.243313730626016763e-12
5.490637065640326182e+04 5.119734641862908289e-12
5.492049192049483099e+04 5.183211471323338210e-12
5.493461318461452174e+04 5.034410449211490898e-12
5.494873444870494859e+04 4.902580642635950955e-12
5.496285571288632491e+04 4.715056676040193761e-12
5.497697697698287811e+04 4.597470910720604367e-12
5.499109824110876798e+04 4.617534255727899439e-12
5.500521950521102553e+04 4.568677744316680502e-12
5.501934076930929587e+04 4.644599545777639158e-12
5.503346203351689473e+04 4.508992452979065082e-12
5.504758329758793843e+04 4.242525215571299563e-12
5.506170456171580736e+04 4.239314542261019195e-12
5.507582582578388974e+04 3.957995626524434694e-12
5.508994708989372157e+04 4.000253574935116494e-12
5.510406835409654013e+04 3.633212412318208284e-12
5.511818961820275581e+04 3.660858700375807247e-12
5.513231088229943998e+04 3.879521802635557215e-12
5.514643214638451173e+04 3.658303348064762275e-12
5.516055341059312923e+04 3.433210041695335758e-12
5.517467467470284464e+04 3.349740394152223689e-12
5.518879593881678738e+04 3.153350680330626188e-12
5.520291720290601370e+04 3.009824193090677265e-12
5.521703846701540169e+04 2.927882562316514645e-12
5.523115973119864066e+04 2.750010062169055809e-12
5.524528099528551684e+04 2.245518450052573045e-12
5.525940225939650554e+04 2.256463975681374411e-12
5.527352352350861474e+04 2.282695596191638893e-12
5.528764478761760256e+04 2.161814978116338838e-12
5.530176605180592742e+04 1.906144154170983686e-12
5.531588731589072268e+04 1.727177587623581246e-12
5.533000857999420987e+04 1.516214107518876689e-12
5.534412984409933415e+04 1.209852073157429867e-12
5.535825110831503116e+04 1.250856853352398215e-12
5.537237237240630202e+04 9.729583935630442648e-13
5.538649363650437590e+04 8.369918065821656069e-13
5.540061490059964854e+04 6.436008523086972283e-13
5.541473616471816786e+04 3.348760660762250890e-13
5.542885742889576795e+04 2.382913408522682811e-13
5.544297869301493483e+04 1.028499430380535923e-13
5.545709995711335068e+04 -3.165798712173566545e-13
5.547122122120783752e+04 -4.593661254383519813e-13
5.548534248530500918e+04 -6.221547212077703181e-13
5.549946374949497840e+04 -8.680591311393110184e-13
5.551358501360632363e+04 -8.859854903515369028e-13
5.552770627768796840e+04 -1.206483544560320699e-12
5.554182754179037147e+04 -1.325333599905265026e-12
5.555594880588818341e+04 -1.263682811753579490e-12
5.557007007008364599e+04 -1.682004973685891065e-12
5.558419133418447745e+04 -1.874591960977370028e-12
5.559831259830689669e+04 -2.112165402913137909e-12
5.561243386240451218e+04 -2.236262954478995298e-12
5.562655512661518151e+04 -2.418702589127022727e-12
5.564067639071646408e+04 -2.675486792794453628e-12
5.565479765478867193e+04 -3.051883328652077951e-12
5.566891891889052931e+04 -3.061118293318951468e-12
5.568304018298305891e+04 -3.285041878343807123e-12
5.569716144719750446e+04 -3.660348876442539582e-12
5.571128271129122732e+04 -3.816323132784842946e-12
5.572540397538324760e+04 -4.054408044768795072e-12
5.573952523949259194e+04 -4.245316504574019525e-12
5.575364650358967629e+04 -4.360842936973043041e-12
5.576776776781396620e+04 -4.400204952626532908e-12
5.578188903190400742e+04 -4.876718820119035380e-12
5.579601029600953188e+04 -4.915734594525062704e-12
5.581013156010133389e+04 -5.230207891193616070e-12
5.582425282429844083e+04 -5.520001492681700439e-12
5.583837408841658180e+04 -5.804381236987887009e-12
5.585249535250460758e+04 -5.945851321604420871e-12
5.586661661661025573e+04 -6.131961686215444469e-12
5.588073788069780858e+04 -6.349727784558659015e-12
5.589485914489155402e+04 -6.589364155688769548e-12
5.590898040900076739e+04 -6.695967300481531651e-12
5.592310167311753321e+04 -6.837635180155761803e-12
5.593722293721668393e+04 -7.000462069581131151e-12
5.595134420130354556e+04 -7.176079839266179000e-12
5.596546546548760671e+04 -7.049880731861715072e-12
5.597958672959765681e+04 -7.590112845341296461e-12
5.599370799371095200e+04 -7.913711153935896677e-12
5.600782925778662320e+04 -8.200899987647344289e-12
5.602195052200158534e+04 -8.385210350635669491e-12
5.603607178608940740e+04 -8.697244108328306591e-12
5.605019305020185129e+04 -8.835031075816616674e-12
5.606431431428917131e+04 -9.077367982162073223e-12
5.607843557838866400e+04 -9.207430419969551510e-12
5.609255684259169357e+04 -9.396863608354546872e-12
5.610667810669310711e+04 -9.877983103796556714e-12
5.612079937078233343e+04 -9.997449986691797255e-12
5.613492063491029694e+04 -1.024255522467304959e-11
5.614904189900792699e+04 -1.051520472309291548e-11
5.616316316319676116e+04 -1.091744674621349092e-11
5.617728442731159885e+04 -1.086169677735207819e-11
5.619140569139162108e+04 -1.101222014821211998e-11
5.620552695551729266e+04 -1.119143685557996293e-11
5.621964821958732500e+04 -1.151416446633472413e-11
5.623376948381116381e+04 -1.177913232396842443e-11
5.624789074789223378e+04 -1.202972041430995115e-11
5.626201201201393997e+04 -1.250189797480019379e-11
5.627613327611104614e+04 -1.261564065540617432e-11
5.629025454028609238e+04 -1.258296957371114215e-11
5.630437580441882892e+04 -1.296977945327633980e-11
5.631849706849720678e+04 -1.333388885359361669e-11
5.633261833259896957e+04 -1.339748988769465486e-11
5.634673959668992757e+04 -1.355347360090503703e-11
5.636086086090039316e+04 -1.367541072429861648e-11
5.637498212499679357e+04 -1.381747366130693957e-11
5.638910338908970880e+04 -1.414013027895344916e-11
5.640322465320236370e+04 -1.440594565844043054e-11
5.641734591731156979e+04 -1.463490535870534735e-11
5.643146718151417735e+04 -1.484552965691481820e-11
5.644558844559235149e+04 -1.488803867851321628e-11
5.645970970968639449e+04 -1.515773750089729241e-11
5.647383097378959064e+04 -1.512378734449582611e-11
5.648795223800924578e+04 -1.535438241696168462e-11
5.650207350209242577e+04 -1.562497711110203435e-11
5.651619476621394278e+04 -1.560535557498792180e-11
5.653031603030759288e+04 -1.560981388890792878e-11
5.654443729441147298e+04 -1.567468640558187300e-11
5.655855855858913128e+04 -1.588993684382090614e-11
5.657267982271499204e+04 -1.618430290762256151e-11
5.658680108679417026e+04 -1.627105901661590631e-11
5.660092235088541929e+04 -1.645726501547031486e-11
5.661504361499825609e+04 -1.638725715303914493e-11
5.662916487918490020e+04 -1.661880443888377135e-11
5.664328614328580443e+04 -1.654238428711414659e-11
5.665740740740417823e+04 -1.682190879543168491e-11
