5.300000000000030559e+04 -1.268129719479184882e-11
5.301412126411971258e+04 -1.235140603800373271e-11
5.302824252822604467e+04 -1.229896074811534810e-11
5.304236379241412214e+04 -1.222371946267873284e-11
5.305648505647871934e+04 -1.224347901818281410e-11
5.307060632061668002e+04 -1.234539620829350963e-11
5.308472758471084671e+04 -1.228415857723745491e-11
5.309884884879962192e+04 -1.217961730433922048e-11
5.311297011297690915e+04 -1.200673667045439201e-11
5.312709137712309166e+04 -1.171700909100033780e-11
5.314121264121017157e+04 -1.165519267109554238e-11
5.315533390529097233e+04 -1.165834071420088346e-11
5.316945516947771830e+04 -1.156135512422534004e-11
5.318357643360070506e+04 -1.145801039766103554e-11
5.319769769769157574e+04 -1.145668916142046432e-11
5.321181896180927288e+04 -1.130182517307077102e-11
5.322594022589021188e+04 -1.140743659964688371e-11
5.324006149010165245e+04 -1.114365974821907454e-11
5.325418275417865516e+04 -1.092213501789908429e-11
5.326830401830335904e+04 -1.098173445807478209e-11
5.328242528237427905e+04 -1.084743316347489472e-11
5.329654654649712757e+04 -1.091043985386580236e-11
5.331066781067520060e+04 -1.070809503882644747e-11
5.332478907478345354e+04 -1.071837166665299219e-11
5.333891033890847029e+04 -1.063091291096471689e-11
5.335303160300591844e+04 -1.051481838603385397e-11
5.336715286717753042e+04 -1.048772584290464808e-11
5.338127413129057823e+04 -1.025898077399536089e-11
5.339539539539473481e+04 -1.028050177511193947e-11
5.340951665952236363e+04 -1.024420752553241009e-11
5.342363792358835053e+04 -1.003375703951161374e-11
5.343775918777775223e+04 -1.004477606608000587e-11
5.345188045192335994e+04 -1.009701242861604044e-11
5.346600171600993781e+04 -9.951672550154562819e-12
5.348012298008662765e+04 -9.846736579943574802e-12
5.349424424419619754e+04 -9.514087747514376198e-12
5.350836550841511780e+04 -9.558012357740627053e-12
5.352248677250335459e+04 -9.423043488072873664e-12
5.353660803660983220e+04 -9.329349847852632203e-12
5.355072930067845300e+04 -9.242649837300518922e-12
5.356485056490301213e+04 -9.014567040610942207e-12
5.357897182902425266e+04 -8.737132922682127260e-12
5.359309309310350363e+04 -8.494092299493781544e-12
5.360721435721682064e+04 -8.454122446392357306e-12
5.362133562132677616e+04 -8.469199465349679613e-12
5.363545688552114734e+04 -8.492419518475452577e-12
5.364957814962255361e+04 -8.522831985100233005e-12
5.366369941368840227e+04 -8.422354688538847804e-12
5.367782067782207741e+04 -8.079823779645907122e-12
5.369194194187891844e+04 -8.035192285165458338e-12
5.370606320610834518e+04 -7.917481802396509179e-12
5.372018447019938321e+04 -7.929779447820292499e-12
5.373430573431384255e+04 -7.625852203203837243e-12
5.374842699837679538e+04 -7.230195123584272346e-12
5.376254826249917096e+04 -7.275998012357396324e-12
5.377666952672613115e+04 -7.204361885267172641e-12
5.379079079078914219e+04 -7.186890314142499649e-12
5.380491205491821165e+04 -6.996091696888227418e-12
5.381903331898667238e+04 -6.878274476056392534e-12
5.383315458320986363e+04 -6.621623922800580929e-12
5.384727584728914371e+04 -6.619807235132291081e-12
5.386139711138537677e+04 -6.461946797024542193e-12
5.387551837550479831e+04 -6.003068869788539537e-12
5.388963963958759996e+04 -5.895849755871462508e-12
5.390376090380734240e+04 -5.824273954760262098e-12
5.391788216792317689e+04 -5.662287414287268126e-12
5.393200343198239716e+04 -5.485697802992148841e-12
5.394612469609735126e+04 -5.557834343808364944e-12
5.396024596021614707e+04 -5.406565200008648349e-12
5.397436722441742313e+04 -5.010402549764884003e-12
5.398848848849569185e+04 -4.991744697452712834e-12
5.400260975261537533e+04 -4.749617234446838930e-12
5.401673101669864991e+04 -4.726251231371816163e-12
5.403085228092440957e+04 -4.782585187383009045e-12
5.404497354502445523e+04 -4.465563605219801143e-12
5.405909480908704427e+04 -4.233509023911319691e-12
5.407321607319523173e+04 -4.368236005863182690e-12
5.408733733731872053e+04 -4.177284043862232273e-12
5.410145860148694192e+04 -3.917367422642119267e-12
5.411557986557726690e+04 -3.836158146480732847e-12
5.412970112971116032e+04 -3.700390054890890938e-12
5.414382239379952807e+04 -3.489862896496754288e-12
5.415794365789287258e+04 -3.463735909581798892e-12
5.417206492208488635e+04 -3.393357287254308013e-12
5.418618618618114851e+04 -2.867085900652793845e-12
5.420030745030936669e+04 -3.012718652012432827e-12
5.421442871442378237e+04 -2.707959589985222820e-12
5.422854997851361259e+04 -2.530825390779470422e-12
5.424267124271193461e+04 -2.185833960342119287e-12
5.425679250678210519e+04 -2.312701829426804343e-12
5.427091377092692710e+04 -2.310767895299284300e-12
5.428503503500803345e+04 -2.231320916125101212e-12
5.429915629920537322e+04 -2.005036612010140824e-12
5.431327756329939439e+04 -1.902754498376338079e-12
5.432739882741981273e+04 -1.793063186918909515e-12
5.434152009149358491e+04 -1.596361575317264534e-12
5.435564135558741691e+04 -1.569872632528170911e-12
5.436976261980961863e+04 -1.675147303921382013e-12
5.438388388391066110e+04 -1.541656031539829513e-12
5.439800514797979849e+04 -1.492797437329255660e-12
5.441212641208933928e+04 -1.482949902353504134e-12
5.442624767622238141e+04 -1.281448288820946630e-12
5.444036894040481275e+04 -1.143066720139879534e-12
5.445449020451464457e+04 -8.905729187386552255e-13
5.446861146857517451e+04 -6.996863423149685922e-13
5.448273273271117068e+04 -5.788456223344842893e-13
5.449685399688012694e+04 -5.112233134485502939e-13
5.451097526098097296e+04 -4.482729597380539422e-13
5.452509652508446743e+04 -6.886501909525304110e-13
5.453921778922626982e+04 -5.321603201681991494e-13
5.455333905331066489e+04 -5.441243240079983800e-13
5.456746031752388080e+04 -1.370049191741876076e-13
5.458158158160420135e+04 -9.521302690633433839e-14
5.459570284567547787e+04 -7.826337280017754835e-14
5.460982410979624547e+04 7.578932843162209439e-14
5.462394537389219477e+04 1.723202356652714997e-13
5.463806663810332248e+04 3.794496792408834381e-13
5.465218790222320968e+04 3.764672406779562531e-13
5.466630916631133005e+04 4.184109208930288314e-13
5.468043043038304313e+04 2.900419079303312166e-13
5.469455169459022727e+04 2.857217894325507289e-13
5.470867295867886423e+04 5.269241243601168259e-13
5.472279422279480787e+04 6.512583023258332883e-13
5.473691548689362389e+04 7.255273665005145703e-13
5.475103675097940140e+04 6.513964682777893387e-13
5.476515801518192166e+04 6.439456260686443435e-13
5.477927927932007879e+04 5.962577450509823730e-13
5.479340054337755282e+04 4.847550974234032203e-13
5.480752180751303968e+04 7.104629965387945981e-13
5.482164307157908479e+04 8.511949432025730998e-13
5.483576433581257152e+04 8.484160561688655969e-13
5.484988559990118665e+04 1.028188252057316408e-12
5.486400686400404084e+04 1.079146579537757687e-12
5.487812812812023185e+04 1.008398995738564457e-12
5.489224939218668442e+04 9.814648083042940525e-13
5.490637065640144283e+04 8.634103701549459386e-13
5.492049192049712292e+04 9.243598473611999657e-13
5.493461318458706228e+04 1.040010587146377728e-12
5.494873444869783270e+04 1.116667003290913441e-12
5.496285571288388019e+04 1.305748081542419724e-12
5.497697697701921425e+04 1.257124564050103154e-12
5.499109824108508474e+04 1.294248393141165529e-12
5.500521950517548248e+04 1.536278166981009178e-12
5.501934076927492424e+04 1.627158670579453454e-12
5.503346203349513962e+04 1.670756839419216575e-12
5.504758329759469052e+04 1.824990129388220971e-12
5.506170456171614933e+04 1.949207936594402375e-12
5.507582582581268070e+04 1.929531937436267982e-12
5.508994708987600461e+04 1.970011058560606668e-12
5.510406835409244377e+04 1.909599455567319269e-12
5.511818961819525430e+04 1.917288098893774689e-12
5.513231088227759028e+04 1.902294563307423773e-12
5.514643214639827056e+04 2.051910775281908172e-12
5.516055341057482292e+04 2.170931985895083674e-12
5.517467467468669201e+04 2.311497355016785873e-12
5.518879593879531603e+04 2.417219606254361730e-12
5.520291720289761724e+04 2.371114211886427057e-12
5.521703846700117720e+04 2.501394974584358859e-12
5.523115973118361580e+04 2.851937562691425941e-12
5.524528099527759332e+04 2.896147942918306808e-12
5.525940225938416552e+04 2.705654458357931896e-12
5.527352352349465946e+04 2.751236768107756708e-12
5.528764478762164072e+04 3.200383531127542897e-12
5.530176605178372120e+04 3.261167987591179271e-12
5.531588731592636032e+04 3.423426189569709194e-12
5.533000857998544961e+04 3.480823439611166539e-12
5.534412984411596699e+04 3.560443612725125391e-12
5.535825110829419282e+04 3.612156209543287393e-12
5.537237237241389812e+04 3.517090250600236719e-12
5.538649363652555621e+04 3.776312928461652882e-12
5.540061490057909396e+04 3.988934760527415740e-12
5.541473616471064452e+04 3.877586236046243896e-12
5.542885742892209237e+04 4.139120761103769889e-12
5.544297869301554601e+04 4.153953946345878292e-12
5.545709995709270152e+04 4.249479550329098256e-12
5.547122122117362596e+04 4.391330835803653006e-12
5.548534248530230980e+04 4.513793740820061077e-12
5.549946374949488381e+04 4.514859759249378379e-12
5.551358501361789968e+04 4.689028644686248585e-12
5.552770627770173451e+04 4.735125476657160283e-12
5.554182754182433564e+04 4.684898455722424041e-12
5.555594880590327375e+04 4.888617730083842072e-12
5.557007007008308574e+04 5.262614669635210481e-12
5.558419133419109130e+04 5.183991237374658625e-12
5.559831259829937335e+04 5.361317312113690178e-12
5.561243386241611006e+04 5.418388412668558841e-12
5.562655512661644025e+04 5.568596597637198139e-12
5.564067639067827258e+04 5.498755849522674292e-12
5.565479765479726484e+04 5.431351103361088177e-12
5.566891891888675309e+04 5.421552218368419650e-12
5.568304018298208393e+04 5.504771711830799533e-12
5.569716144721884484e+04 5.975547868129473682e-12
5.571128271128262713e+04 5.954076100795775397e-12
5.572540397540205595e+04 5.993946124131913636e-12
5.573952523949030729e+04 6.138380139908384035e-12
5.575364650360670203e+04 6.002902780617447138e-12
5.576776776779082138e+04 6.259491353794810604e-12
5.578188903188119002e+04 6.382769632527691794e-12
5.579601029601416667e+04 6.426922411174602226e-12
5.581013156010837702e+04 6.370272814073165940e-12
5.582425282427672937e+04 6.531652591957147440e-12
5.583837408840811258e+04 6.303321096554049249e-12
5.585249535247360473e+04 6.467187861573239857e-12
5.586661661659241508e+04 6.765259302325912928e-12
5.588073788070975570e+04 6.910333162679893111e-12
5.589485914490162395e+04 7.026019708852619609e-12
5.590898040901053173e+04 7.057406731938521076e-12
5.592310167307635857e+04 7.061552878096796979e-12
5.593722293721617461e+04 7.146658044903478368e-12
5.595134420132351806e+04 7.457745107530275666e-12
5.596546546549806953e+04 7.525121442101742033e-12
5.597958672958739044e+04 7.446801196535763577e-12
5.599370799369517044e+04 7.428093137441050760e-12
5.600782925780707592e+04 7.365114761340297456e-12
5.602195052202449733e+04 7.590247033855849956e-12
5.603607178609345283e+04 7.459073057468512560e-12
5.605019305020193860e+04 7.688868333562615016e-12
5.606431431431158853e+04 7.904849349660301212e-12
5.607843557842033624e+04 7.830525019104836157e-12
5.609255684262530121e+04 7.799004111265490834e-12
5.610667810668184393e+04 7.876571644293206207e-12
5.612079937081068056e+04 7.944417743101323085e-12
5.613492063488064014e+04 7.955596730814093669e-12
5.614904189901292557e+04 8.184232580511358237e-12
5.616316316321717750e+04 8.169808055127148150e-12
5.617728442731397809e+04 8.079141611454268785e-12
5.619140569140410662e+04 8.312573960283665531e-12
5.620552695552036312e+04 8.233633719333274869e-12
5.621964821959382971e+04 8.136576224682734929e-12
5.623376948377469671e+04 8.271923980418738246e-12
5.624789074790945597e+04 8.470095989109087761e-12
5.626201201197768387e+04 8.676995804764547689e-12
5.627613327607780229e+04 8.608133894309655157e-12
5.629025454028420063e+04 8.707476770565508695e-12
5.630437580439562589e+04 8.695106442066999122e-12
5.631849706850888469e+04 8.582584479993863161e-12
5.633261833257797116e+04 8.524346169044864173e-12
5.634673959670987097e+04 8.480538610677911485e-12
5.636086086091992183e+04 8.684720254478551644e-12
5.637498212498849171e+04 8.705642082403478566e-12
5.638910338909048733e+04 8.828491073685633324e-12
5.640322465319048933e+04 8.881913425509268228e-12
5.641734591728652595e+04 8.928473794518995838e-12
5.643146718149119260e+04 9.129469837427354903e-12
5.644558844562211016e+04 9.236697124541589236e-12
5.645970970969574410e+04 9.199042426835124559e-12
5.647383097378363891e+04 9.465768878087278891e-12
5.648795223798627558e+04 9.399815847420892709e-12
5.650207350211897574e+04 9.436402580698717377e-12
5.651619476618601766e+04 9.668131790920340280e-12
5.653031603028112295e+04 9.903558399856279131e-12
5.654443729439713206e+04 9.988602851484072382e-12
5.655855855861645250e+04 9.993258849465059626e-12
5.657267982271133224e+04 9.911722645417355199e-12
5.658680108681385900e+04 1.014386051549687561e-11
5.660092235090496979e+04 1.028221989978565614e-11
5.661504361502653774e+04 1.022906609586864029e-11
5.662916487922292436e+04 1.053411511179502559e-11
5.664328614328701951e+04 1.063754380823013095e-11
5.665740740740720503e+04 1.064925405375816991e-11
