5.299999999999885040e+04 -1.112883290164089652e-11
5.301412126408073527e+04 -1.136331366427435862e-11
5.302824252820741094e+04 -1.118186700250887169e-11
5.304236379241242685e+04 -1.121012043228184556e-11
5.305648505650455627e+04 -1.115690150119733900e-11
5.307060632059301133e+04 -1.119453282744600455e-11
5.308472758470131521e+04 -1.112224934746797492e-11
5.309884884882080223e+04 -1.110885978859604245e-11
5.311297011302212923e+04 -1.093014676910060562e-11
5.312709137710333016e+04 -1.081557483795419132e-11
5.314121264120792330e+04 -1.104829623774113197e-11
5.315533390532487829e+04 -1.096118092666534487e-11
5.316945516951693571e+04 -1.098735927404376359e-11
5.318357643359578651e+04 -1.085724303509297109e-11
5.319769769769594859e+04 -1.073312324256847010e-11
5.321181896181067714e+04 -1.059063944711950657e-11
5.322594022591091925e+04 -1.070835426167196368e-11
5.324006149010444642e+04 -1.052845480729883127e-11
5.325418275420031569e+04 -1.027442323402766382e-11
5.326830401832280768e+04 -1.055728331786525049e-11
5.328242528239255626e+04 -1.033520822514459881e-11
5.329654654649335862e+04 -1.034334162061262187e-11
5.331066781069311401e+04 -1.008460298651211428e-11
5.332478907481136412e+04 -1.000688058154959286e-11
5.333891033891597908e+04 -9.954413238823460345e-12
5.335303160298856528e+04 -9.918700500254520425e-12
5.336715286717425624e+04 -9.838901762094312155e-12
5.338127413131103822e+04 -9.660019691744920551e-12
5.339539539540335682e+04 -9.682262723825909958e-12
5.340951665949882590e+04 -9.749131621372689229e-12
5.342363792358200590e+04 -9.689045540559183352e-12
5.343775918780381471e+04 -9.557631930114526631e-12
5.345188045191596757e+04 -9.316847901452095601e-12
5.346600171598797169e+04 -9.120410520510336881e-12
5.348012298007310892e+04 -9.176607469526639357e-12
5.349424424422239827e+04 -9.190029741711232256e-12
5.350836550842087308e+04 -9.080837322400582076e-12
5.352248677251787012e+04 -8.956895624998829741e-12
5.353660803660965757e+04 -9.103193985135254195e-12
5.355072930069202994e+04 -9.134323973462965207e-12
5.356485056488768896e+04 -9.133453799346196318e-12
5.357897182897254243e+04 -9.084647846031775938e-12
5.359309309307267540e+04 -9.086832518023741890e-12
5.360721435718302382e+04 -8.866160249122472038e-12
5.362133562129649363e+04 -8.795396927919087369e-12
5.363545688551663625e+04 -8.671452728911071626e-12
5.364957814960848191e+04 -8.494766202919325147e-12
5.366369941371302411e+04 -8.518205868734311184e-12
5.367782067779329373e+04 -8.626227151451714960e-12
5.369194194190953567e+04 -8.461561035981436081e-12
5.370606320609562681e+04 -8.260655690039631886e-12
5.372018447018588631e+04 -8.311952088603770274e-12
5.373430573431029188e+04 -8.080553701774881653e-12
5.374842699840853311e+04 -7.940395630424828445e-12
5.376254826249256439e+04 -7.841444594720667554e-12
5.377666952670940373e+04 -7.805511137506894295e-12
5.379079079078162613e+04 -7.759399029274438527e-12
5.380491205489697313e+04 -7.739463151676641003e-12
5.381903331898376200e+04 -7.731240756755056686e-12
5.383315458317981393e+04 -7.782317976124368619e-12
5.384727584729943192e+04 -7.731644285088285466e-12
5.386139711138507118e+04 -7.490650313931075748e-12
5.387551837548346521e+04 -7.590033357793604892e-12
5.388963963961816626e+04 -7.494282261361391889e-12
5.390376090379941161e+04 -7.451743024165212841e-12
5.391788216787771671e+04 -7.461440019762782869e-12
5.393200343199045892e+04 -7.420366723836295358e-12
5.394612469611801498e+04 -7.165409171385585632e-12
5.396024596018133889e+04 -7.168951060990461086e-12
5.397436722438612924e+04 -7.028284586275412660e-12
5.398848848852208175e+04 -6.971145205207612374e-12
5.400260975261115527e+04 -6.508760619289357281e-12
5.401673101671024779e+04 -6.470112726849767440e-12
5.403085228091603494e+04 -6.345376865675368632e-12
5.404497354501354130e+04 -6.311306912695736387e-12
5.405909480907332909e+04 -6.223986614229881120e-12
5.407321607321864576e+04 -6.186562584546295678e-12
5.408733733729527739e+04 -6.028526880258542427e-12
5.410145860150638327e+04 -5.674736252460500802e-12
5.411557986561364669e+04 -5.737137858516615942e-12
5.412970112967473688e+04 -5.414784724185293313e-12
5.414382239378376107e+04 -5.458589004425178277e-12
5.415794365789739823e+04 -5.464472012629037742e-12
5.417206492212144803e+04 -5.133812390919466988e-12
5.418618618621263886e+04 -5.090516898907078558e-12
5.420030745030620892e+04 -4.841597454248489322e-12
5.421442871439379087e+04 -4.705126365666522193e-12
5.422854997851231019e+04 -4.744278427983584686e-12
5.424267124269399210e+04 -4.365070325973356800e-12
5.425679250677553500e+04 -4.203903765232744676e-12
5.427091377092460607e+04 -3.932654598214615910e-12
5.428503503501942760e+04 -3.678354006054629535e-12
5.429915629921971413e+04 -3.564007123256193645e-12
5.431327756332005083e+04 -3.598694780551356328e-12
5.432739882738422602e+04 -3.373601788522149169e-12
5.434152009151194216e+04 -3.382282362252232097e-12
5.435564135559042916e+04 -3.409004905208321033e-12
5.436976261980707932e+04 -3.218195849709795907e-12
5.438388388387826853e+04 -2.991910553649740013e-12
5.439800514797470532e+04 -2.792270443182893605e-12
5.441212641208006971e+04 -2.590860734932366503e-12
5.442624767619682825e+04 -2.515009723885274813e-12
5.444036894039165782e+04 -2.339724097400400743e-12
5.445449020451275283e+04 -2.138964806778064099e-12
5.446861146861316956e+04 -2.105142705249647633e-12
5.448273273267857439e+04 -1.697335855586626944e-12
5.449685399689205224e+04 -1.707135609472200107e-12
5.451097526101735275e+04 -1.651830867950899440e-12
5.452509652509714942e+04 -1.498321531547850347e-12
5.453921778918739437e+04 -1.451660801818953358e-12
5.455333905332438735e+04 -1.343584098901276510e-12
5.456746031748889800e+04 -1.063233703438500969e-12
5.458158158161643223e+04 -1.020829552980484971e-12
5.459570284570205695e+04 -8.970731668733906772e-13
5.460982410979383712e+04 -7.160219152477329469e-13
5.462394537391624908e+04 -4.417319496021872569e-13
5.463806663811748876e+04 -4.053670615237971143e-13
5.465218790221843665e+04 -3.233644082465282079e-13
5.466630916629826970e+04 -3.288779484485752388e-13
5.468043043039879558e+04 -1.515941158538988501e-13
5.469455169462042250e+04 1.793233637319365447e-13
5.470867295868251676e+04 1.467170428469842977e-13
5.472279422279004939e+04 3.553533142954619497e-13
5.473691548690781929e+04 2.629616826422292677e-13
5.475103675100054534e+04 4.100657524263570252e-13
5.476515801520798414e+04 3.560052713736601505e-13
5.477927927931489830e+04 5.841717753429444559e-13
5.479340054338259506e+04 8.748488014563779559e-13
5.480752180747620150e+04 1.133419058212309795e-12
5.482164307161910256e+04 1.232396456997849280e-12
5.483576433581465244e+04 1.261881542992490122e-12
5.484988559988278575e+04 1.451875844574518421e-12
5.486400686400347331e+04 1.458172964830409244e-12
5.487812812810786272e+04 1.258791097102329728e-12
5.489224939221524983e+04 1.349938083424456593e-12
5.490637065639901994e+04 1.428122130957993123e-12
5.492049192048746772e+04 1.746175581418223223e-12
5.493461318460067559e+04 1.871085015580973744e-12
5.494873444868370279e+04 2.019745084460234582e-12
5.496285571291464294e+04 1.725439189816499618e-12
5.497697697697577678e+04 1.805373592008622712e-12
5.499109824112414208e+04 2.001949042372935344e-12
5.500521950519655365e+04 2.157744462037198711e-12
5.501934076931083109e+04 2.193299599411616621e-12
5.503346203349364805e+04 2.240048077790944173e-12
5.504758329760866764e+04 2.166015926927774875e-12
5.506170456169037789e+04 2.522918937778583879e-12
5.507582582578113215e+04 2.542459176724439722e-12
5.508994708988178172e+04 2.656872640735702027e-12
5.510406835408053303e+04 2.758602576134744228e-12
5.511818961820285767e+04 2.875385253707628295e-12
5.513231088231305330e+04 2.866975238316372784e-12
5.514643214638236532e+04 2.840719918437575528e-12
5.516055341059380589e+04 3.107574340546645879e-12
5.517467467468533141e+04 3.348231941877206015e-12
5.518879593881434266e+04 3.217081577383839974e-12
5.520291720291004458e+04 3.409586721928185573e-12
5.521703846701098519e+04 3.380187845133967804e-12
5.523115973118015972e+04 3.235524188474311249e-12
5.524528099529747124e+04 3.181367876658644337e-12
5.525940225937656214e+04 3.387949752072043990e-12
5.527352352352125308e+04 3.555434215643648962e-12
5.528764478761149076e+04 3.530141052019571908e-12
5.530176605179291801e+04 3.378850063077405109e-12
5.531588731589383679e+04 3.416560430462395396e-12
5.533000858000014705e+04 3.684066039924660051e-12
5.534412984408717602e+04 3.772476653858363955e-12
5.535825110831909114e+04 3.812571629305051713e-12
5.537237237242241827e+04 3.903557743101389920e-12
5.538649363648857980e+04 3.840327912941212466e-12
5.540061490062289522e+04 4.109805557863150721e-12
5.541473616470050911e+04 4.291115821952579391e-12
5.542885742887971719e+04 4.204601810428179050e-12
5.544297869298340811e+04 4.255597631378342048e-12
5.545709995707650523e+04 4.537586386511655069e-12
5.547122122119663982e+04 4.529964569524265517e-12
5.548534248530449258e+04 4.403244742152634103e-12
5.549946374947575532e+04 4.717565026344550599e-12
5.551358501361787785e+04 4.689114450754984611e-12
5.552770627772291482e+04 4.732819436469382737e-12
5.554182754180586198e+04 4.898087092030112905e-12
5.555594880592387199e+04 5.150396790467833271e-12
5.557007007008032815e+04 5.135753541995999891e-12
5.558419133420515573e+04 5.216619311442691569e-12
5.559831259830438648e+04 5.441415959345444693e-12
5.561243386241854023e+04 5.358628956289327997e-12
5.562655512661985995e+04 5.528722787623733665e-12
5.564067639071278973e+04 5.598496819766014078e-12
5.565479765479658090e+04 5.720505930114537191e-12
5.566891891892180138e+04 5.768832344751605566e-12
5.568304018302431359e+04 5.881849527606017730e-12
5.569716144718800206e+04 6.073797391247629750e-12
5.571128271129703353e+04 6.209270531362200871e-12
5.572540397537664830e+04 6.325437428932064720e-12
5.573952523951054172e+04 6.285116154334266447e-12
5.575364650359023653e+04 6.444416901665725615e-12
5.576776776777545456e+04 6.544647412757412011e-12
5.578188903189198027e+04 6.683759812689836416e-12
5.579601029597528395e+04 6.700659894872740954e-12
5.581013156010679086e+04 6.860901246158814253e-12
5.582425282431254891e+04 6.900709883904097972e-12
5.583837408837758994e+04 7.175971242504408854e-12
5.585249535251680209e+04 7.330802966463944732e-12
5.586661661658844241e+04 7.197033997507733458e-12
5.588073788067651185e+04 7.452721249262022101e-12
5.589485914488488197e+04 7.474389008118315503e-12
5.590898040899647458e+04 7.425984081530862111e-12
5.592310167312117119e+04 7.774213831039124117e-12
5.593722293720794551e+04 7.914762537828594210e-12
5.595134420128826605e+04 7.841182985267645135e-12
5.596546546549304185e+04 8.079656107037489171e-12
5.597958672961032426e+04 8.291827725428308830e-12
5.599370799369383894e+04 8.427493296793824476e-12
5.600782925778952631e+04 8.525925730276691512e-12
5.602195052202393708e+04 8.311575790125184097e-12
5.603607178612262942e+04 8.487120813936330828e-12
5.605019305020300089e+04 8.530019127846771904e-12
5.606431431427618372e+04 8.668320237625215374e-12
5.607843557837734988e+04 8.723410995595466455e-12
5.609255684258799738e+04 8.631237965843306032e-12
5.610667810669059691e+04 8.688757975925473609e-12
5.612079937079478987e+04 8.515603717976055115e-12
5.613492063487442647e+04 8.646566269568500919e-12
5.614904189900214260e+04 9.120193458891907352e-12
5.616316316318506870e+04 9.024565903322799709e-12
5.617728442729548260e+04 9.204932484557599673e-12
5.619140569139791478e+04 9.108893895836476258e-12
5.620552695551633951e+04 9.035890097578350643e-12
5.621964821959949040e+04 9.046187478678865585e-12
5.623376948382296541e+04 9.257239916914195816e-12
5.624789074790155428e+04 9.383400923933085958e-12
5.626201201198696799e+04 9.274935894751004370e-12
5.627613327610447595e+04 9.280838146079958771e-12
5.629025454030301626e+04 9.463089014124000763e-12
5.630437580437247379e+04 9.576523387930459468e-12
5.631849706850249640e+04 9.525923205632237748e-12
5.633261833259482228e+04 9.565092971624388294e-12
5.634673959671431658e+04 9.720234125035441166e-12
5.636086086090198660e+04 9.822718390938184951e-12
5.637498212500658701e+04 9.970645681613851084e-12
5.638910338911532017e+04 1.004268732361725569e-11
5.640322465318885224e+04 9.678499635330710160e-12
5.641734591731541877e+04 9.706174328116471320e-12
5.643146718150784000e+04 9.837178444859119151e-12
5.644558844562323065e+04 9.907994684656512474e-12
5.645970970971644419e+04 9.752502536643736543e-12
5.647383097379681567e+04 9.919426640412592147e-12
5.648795223797704239e+04 9.982465578771833576e-12
5.650207350212432357e+04 1.014722059748004919e-11
5.651619476622185175e+04 1.014004368154484221e-11
5.653031603029597318e+04 1.043366144203520251e-11
5.654443729440325842e+04 1.038053348282458009e-11
5.655855855857925781e+04 1.021559065121544221e-11
5.657267982267946354e+04 1.032964696282495190e-11
5.658680108680253761e+04 1.064125473610356325e-11
5.660092235091702605e+04 1.076562536276367007e-11
5.661504361497854552e+04 1.083000516207948917e-11
5.662916487919101928e+04 1.067832007393538879e-11
5.664328614330270648e+04 1.075014619293773592e-11
5.665740740738507884e+04 1.083028688143087175e-11
