5.299999999999960710e+04 -1.753980860278622962e-11
5.301412126411349891e+04 -1.786190114186109602e-11
5.302824252821818664e+04 -1.766732945117961458e-11
5.304236379241630493e+04 -1.746862979948585186e-11
5.305648505650153675e+04 -1.738865846621209726e-11
5.307060632061584329e+04 -1.732679842714056161e-11
5.308472758467341191e+04 -1.735428955335131872e-11
5.309884884879448509e+04 -1.730430876327171094e-11
5.311297011299687438e+04 -1.710995093564564600e-11
5.312709137709365314e+04 -1.705482965895642707e-11
5.314121264121201239e+04 -1.703184586056246877e-11
5.315533390529566532e+04 -1.691971551868650638e-11
5.316945516947859869e+04 -1.664434233362991259e-11
5.318357643358589849e+04 -1.667249485968545108e-11
5.319769769767274556e+04 -1.679990780489117187e-11
5.321181896182776109e+04 -1.674186366320768331e-11
5.322594022592853435e+04 -1.653482476440533253e-11
5.324006149012686365e+04 -1.665040851159241473e-11
5.325418275418665871e+04 -1.654197324573266761e-11
5.326830401829319453e+04 -1.641275776645264050e-11
5.328242528240942192e+04 -1.620229370339113571e-11
5.329654654647418647e+04 -1.629210936407469518e-11
5.331066781068687851e+04 -1.645840649100627032e-11
5.332478907481390343e+04 -1.633003184011604218e-11
5.333891033888709353e+04 -1.610077019732808382e-11
5.335303160301379830e+04 -1.601652973972436668e-11
5.336715286718797870e+04 -1.599993901645978590e-11
5.338127413127610635e+04 -1.575150018946863754e-11
5.339539539538117242e+04 -1.573690795403300214e-11
5.340951665947274159e+04 -1.561907845602435927e-11
5.342363792360338994e+04 -1.560198892867459157e-11
5.343775918777725747e+04 -1.552275527404736267e-11
5.345188045192319987e+04 -1.552955683781850665e-11
5.346600171600527392e+04 -1.512404502661981989e-11
5.348012298012762039e+04 -1.507557432193875139e-11
5.349424424418577837e+04 -1.506682104982375036e-11
5.350836550841968710e+04 -1.507885397487667858e-11
5.352248677251830668e+04 -1.475569609104887785e-11
5.353660803658919031e+04 -1.490348794712257830e-11
5.355072930067012931e+04 -1.462677596843412434e-11
5.356485056487301335e+04 -1.446337178775859352e-11
5.357897182901414635e+04 -1.439701493437078976e-11
5.359309309308729280e+04 -1.435286841009030201e-11
5.360721435719936562e+04 -1.420841201798396430e-11
5.362133562130000064e+04 -1.422776133279696397e-11
5.363545688547964528e+04 -1.409965209187235070e-11
5.364957814956886432e+04 -1.393062408317700811e-11
5.366369941371099412e+04 -1.377520937998723940e-11
5.367782067778326018e+04 -1.361259281708577367e-11
5.369194194187600078e+04 -1.361340034340340297e-11
5.370606320610602415e+04 -1.344036266455750496e-11
5.372018447020648455e+04 -1.343044485448971407e-11
5.373430573428887874e+04 -1.347254236462352936e-11
5.374842699841776630e+04 -1.321400353083724763e-11
5.376254826250935002e+04 -1.300747028667229217e-11
5.377666952670238243e+04 -1.296929576623249909e-11
5.379079079079593794e+04 -1.280619703630121133e-11
5.380491205489702406e+04 -1.249492863535149608e-11
5.381903331898330362e+04 -1.233426400448538392e-11
5.383315458319989557e+04 -1.220082777416242728e-11
5.384727584727973590e+04 -1.220274346817466473e-11
5.386139711142745364e+04 -1.213634869907748858e-11
5.387551837549456104e+04 -1.208881089980020900e-11
5.388963963957123633e+04 -1.184573496469327211e-11
5.390376090378722438e+04 -1.183769974229561049e-11
5.391788216787857527e+04 -1.190929142418345768e-11
5.393200343199835334e+04 -1.191053626738501014e-11
5.394612469612879067e+04 -1.177108497260746773e-11
5.396024596019669843e+04 -1.146829716383336415e-11
5.397436722439581354e+04 -1.142469342697939334e-11
5.398848848849855858e+04 -1.119955374747535755e-11
5.400260975259129918e+04 -1.105884765522447813e-11
5.401673101670184406e+04 -1.100150199025201602e-11
5.403085228089583688e+04 -1.071839534263224310e-11
5.404497354501170776e+04 -1.055454601587026200e-11
5.405909480908342084e+04 -1.060779365254938243e-11
5.407321607322932687e+04 -1.036530926961612168e-11
5.408733733730328822e+04 -1.044915577852561973e-11
5.410145860149307555e+04 -1.044349403479643557e-11
5.411557986562925362e+04 -1.028997153801132778e-11
5.412970112972806237e+04 -1.034815146043575838e-11
5.414382239380443934e+04 -1.028688526637577949e-11
5.415794365789250878e+04 -9.967313772456280700e-12
5.417206492212309968e+04 -9.590667056588697022e-12
5.418618618620387861e+04 -9.536770490865964968e-12
5.420030745028698584e+04 -9.373109288656097417e-12
5.421442871440061572e+04 -9.406818703049852233e-12
5.422854997850918880e+04 -9.011214468032795519e-12
5.424267124267511099e+04 -9.010814955012494875e-12
5.425679250682441489e+04 -8.882336846803180480e-12
5.427091377088449372e+04 -8.942538269319691962e-12
5.428503503501912928e+04 -8.905523701156924288e-12
5.429915629922891821e+04 -8.649676211661654660e-12
5.431327756328706892e+04 -8.587760417483561634e-12
5.432739882741633483e+04 -8.713695488866847440e-12
5.434152009147565695e+04 -8.430243349724198423e-12
5.435564135558118869e+04 -8.308224780981415957e-12
5.436976261982283177e+04 -8.340780170922913224e-12
5.438388388388852036e+04 -8.355178074367292505e-12
5.439800514796953212e+04 -8.158892585233702899e-12
5.441212641210530273e+04 -7.909370979533278942e-12
5.442624767619619524e+04 -7.679086171820989366e-12
5.444036894037489401e+04 -7.567162576814576286e-12
5.445449020450645185e+04 -7.112347648937733625e-12
5.446861146857210406e+04 -7.168501597440066355e-12
5.448273273268475168e+04 -6.974675820048485480e-12
5.449685399688465259e+04 -6.952173349841218649e-12
5.451097526102900883e+04 -6.822114637487758039e-12
5.452509652508582076e+04 -6.767097824729377513e-12
5.453921778917200572e+04 -6.432645365569676753e-12
5.455333905326978856e+04 -6.724719134379145648e-12
5.456746031750795373e+04 -6.468410057472123139e-12
5.458158158159933373e+04 -6.277517994112593840e-12
5.459570284567473573e+04 -5.969074928662827389e-12
5.460982410980548593e+04 -5.999173291160325154e-12
5.462394537388708704e+04 -6.046287642426725621e-12
5.463806663810732425e+04 -5.778026504944288507e-12
5.465218790218680806e+04 -5.509742998311778515e-12
5.466630916632951994e+04 -5.363598406449443399e-12
5.468043043042394856e+04 -5.164872666734408142e-12
5.469455169459102763e+04 -4.892660913657607356e-12
5.470867295870278031e+04 -4.897688603827977713e-12
5.472279422282105952e+04 -4.547216365997867320e-12
5.473691548687066097e+04 -4.428711095965522939e-12
5.475103675097618543e+04 -4.302007756122986861e-12
5.476515801519650995e+04 -4.026650900545946603e-12
5.477927927929439466e+04 -3.770040287495942981e-12
5.479340054341506766e+04 -3.491857537190201291e-12
5.480752180752769345e+04 -3.249138390026926816e-12
5.482164307160642784e+04 -3.223369129143024295e-12
5.483576433581709716e+04 -3.170721544914607624e-12
5.484988559990900831e+04 -2.965831538514002034e-12
5.486400686397224490e+04 -2.900049907820322112e-12
5.487812812811540789e+04 -2.672619403657326201e-12
5.489224939220638043e+04 -2.318610379509200391e-12
5.490637065640299261e+04 -2.154998389429492770e-12
5.492049192048033728e+04 -1.916426035306719982e-12
5.493461318462862255e+04 -1.690787300064557816e-12
5.494873444870598905e+04 -1.582002991579364614e-12
5.496285571289830114e+04 -1.356850785351286550e-12
5.497697697699456330e+04 -1.105698468610554382e-12
5.499109824109138572e+04 -7.474189500220242489e-13
5.500521950520569953e+04 -5.307558362465860744e-13
5.501934076930905576e+04 -3.077794772460925575e-13
5.503346203349136340e+04 -2.185970312782214803e-13
5.504758329757751926e+04 1.641467319789622484e-13
5.506170456168665260e+04 1.999127660304136527e-13
5.507582582582773466e+04 5.381394600361533447e-13
5.508994708992229425e+04 5.394191991118200481e-13
5.510406835412693908e+04 9.370104857298461529e-13
5.511818961820188997e+04 1.212183690584788643e-12
5.513231088231837202e+04 1.493248705877414289e-12
5.514643214640464430e+04 1.810117559085114464e-12
5.516055341060450155e+04 2.098879351534800171e-12
5.517467467472652061e+04 2.172968660874029300e-12
5.518879593881939218e+04 2.442970118232132741e-12
5.520291720291101228e+04 2.615426199176136311e-12
5.521703846697106201e+04 2.942583966651336397e-12
5.523115973117512476e+04 3.240221390466920449e-12
5.524528099529923929e+04 3.419728003822379867e-12
5.525940225937015202e+04 3.668802002829845684e-12
5.527352352352923481e+04 3.971432220941685352e-12
5.528764478758088808e+04 4.094909034577716517e-12
5.530176605180202750e+04 4.474831824319215079e-12
5.531588731591631222e+04 4.644522854622716336e-12
5.533000858000183507e+04 4.744998813387858226e-12
5.534412984408880584e+04 5.033119282304955834e-12
5.535825110828662582e+04 5.089321771862946388e-12
5.537237237237791851e+04 5.349370075896143866e-12
5.538649363650464511e+04 5.605718075124292538e-12
5.540061490057278570e+04 6.236977503403123748e-12
5.541473616470881097e+04 6.167910068255245381e-12
5.542885742892495909e+04 6.078188749462119808e-12
5.544297869302909385e+04 6.528606349817644540e-12
5.545709995712443924e+04 6.580772102553492454e-12
5.547122122120381391e+04 6.726961880098974462e-12
5.548534248532139463e+04 7.051494180430126351e-12
5.549946374952171755e+04 7.063845306642840465e-12
5.551358501361177332e+04 7.287037080558535319e-12
5.552770627772594162e+04 7.776372080827771657e-12
5.554182754177544120e+04 7.813254335467858092e-12
5.555594880591963738e+04 8.074348844649961360e-12
5.557007007012928807e+04 8.332392201762130438e-12
5.558419133422788582e+04 8.392836553248432412e-12
5.559831259827573376e+04 8.683241583462468597e-12
5.561243386241224653e+04 8.730768198164711733e-12
5.562655512658898806e+04 8.989841878329235018e-12
5.564067639070047881e+04 9.219110679245216383e-12
5.565479765482170478e+04 9.716683790103275033e-12
5.566891891886994563e+04 9.818703891297944831e-12
5.568304018300702592e+04 9.877911005093718470e-12
5.569716144718138094e+04 1.030988770182070136e-11
5.571128271130639041e+04 1.063786798294407885e-11
5.572540397538323305e+04 1.062072874015827475e-11
5.573952523951630428e+04 1.111702927006868960e-11
5.575364650358197832e+04 1.125700579248994352e-11
5.576776776778767089e+04 1.163758198510506990e-11
5.578188903187838150e+04 1.166877576488163298e-11
5.579601029598550667e+04 1.209277271470313531e-11
5.581013156012431136e+04 1.213032335954739645e-11
5.582425282427893399e+04 1.231560792436666832e-11
5.583837408839948330e+04 1.239743830178010233e-11
5.585249535249983455e+04 1.262902186234562066e-11
5.586661661657481454e+04 1.286348612205751655e-11
5.588073788072019670e+04 1.349418744004203186e-11
5.589485914491756557e+04 1.369927541342078121e-11
5.590898040901296918e+04 1.389878317862236253e-11
5.592310167310028191e+04 1.409314178916867986e-11
5.593722293719375011e+04 1.432180997840520605e-11
5.595134420132652303e+04 1.461168485976251501e-11
5.596546546549174673e+04 1.476028938705836023e-11
5.597958672961729462e+04 1.507611673263866834e-11
5.599370799368691223e+04 1.538003161103919214e-11
5.600782925777757191e+04 1.571734631479646276e-11
5.602195052198384656e+04 1.622824249143790049e-11
5.603607178608477261e+04 1.630362898778985359e-11
5.605019305017396255e+04 1.656316503828638134e-11
5.606431431432661338e+04 1.679426430675282184e-11
5.607843557842094015e+04 1.708813901583465481e-11
5.609255684261708666e+04 1.734491762120170882e-11
5.610667810669606843e+04 1.734723730206425987e-11
5.612079937079332012e+04 1.763078551670647239e-11
5.613492063492221496e+04 1.802310775002483990e-11
5.614904189899042831e+04 1.821891476303837451e-11
5.616316316321797058e+04 1.833727955480825846e-11
5.617728442731026735e+04 1.859935047739104289e-11
5.619140569139725994e+04 1.891208864334629292e-11
5.620552695549619966e+04 1.913800542712385987e-11
5.621964821957379900e+04 1.932072827687679084e-11
5.623376948377297958e+04 1.966747605121977501e-11
5.624789074789183360e+04 2.010891825380007713e-11
5.626201201202308584e+04 2.055285976151801584e-11
5.627613327608338295e+04 2.068597253393091963e-11
5.629025454029619868e+04 2.092559758025612031e-11
5.630437580441025057e+04 2.090563132428411356e-11
5.631849706847335619e+04 2.133458706729375741e-11
5.633261833257000399e+04 2.136001586971355145e-11
5.634673959671496414e+04 2.168212805169832651e-11
5.636086086087294098e+04 2.198217530405125605e-11
5.637498212501487433e+04 2.210480030045251167e-11
5.638910338906921243e+04 2.237055833004179931e-11
5.640322465318699687e+04 2.263133072346285474e-11
5.641734591730895772e+04 2.292160355199996118e-11
5.643146718148391665e+04 2.319392782190162807e-11
5.644558844562715240e+04 2.336625080640269760e-11
5.645970970973027579e+04 2.370251237057453839e-11
5.647383097381104017e+04 2.364658010034942611e-11
5.648795223800002714e+04 2.412581766627578601e-11
5.650207350210077129e+04 2.453416023749331740e-11
5.651619476618803310e+04 2.456477913011301235e-11
5.653031603030171391e+04 2.476653454751391199e-11
5.654443729442582844e+04 2.515452119216516579e-11
5.655855855861360033e+04 2.561047560454671701e-11
5.657267982269640197e+04 2.573782138637934584e-11
5.658680108681868296e+04 2.596976173488852335e-11
5.660092235091102339e+04 2.600612457786391787e-11
5.661504361502973916e+04 2.627156675505417840e-11
5.662916487920884538e+04 2.661557117683222861e-11
5.664328614329959964e+04 2.659843372357843228e-11
5.665740740739164903e+04 2.678671620189046294e-11
