5.299999999999933061e+04 -5.063925313428901545e-12
5.301412126412537327e+04 -4.844366865751921327e-12
5.302824252823061397e+04 -4.853865808928991626e-12
5.304236379240672250e+04 -4.909408949388921513e-12
5.305648505650579318e+04 -4.811437654852686770e-12
5.307060632063283265e+04 -4.814008246375491053e-12
5.308472758471954148e+04 -4.624638853746597571e-12
5.309884884879057063e+04 -4.628126330428183231e-12
5.311297011301328166e+04 -4.467092254767521890e-12
5.312709137708140042e+04 -4.513817988572210953e-12
5.314121264117446117e+04 -4.452979711618022418e-12
5.315533390530382894e+04 -4.541731349928383291e-12
5.316945516949754528e+04 -4.356516360320628715e-12
5.318357643356755580e+04 -4.563400482570055653e-12
5.319769769768999686e+04 -4.559472329537053235e-12
5.321181896182823402e+04 -4.472691233788037408e-12
5.322594022587332438e+04 -4.233995525699852732e-12
5.324006149012326932e+04 -4.141800195068702291e-12
5.325418275422111037e+04 -3.838938290698923533e-12
5.326830401829539187e+04 -4.029467383865810556e-12
5.328242528241305263e+04 -3.692723281354307674e-12
5.329654654652480531e+04 -3.637811288452464711e-12
5.331066781072885351e+04 -3.639326313549943315e-12
5.332478907480246562e+04 -3.909038961356331400e-12
5.333891033887906815e+04 -3.971810585718671147e-12
5.335303160300758464e+04 -4.031863515340604216e-12
5.336715286720309814e+04 -3.746480377065754959e-12
5.338127413129928027e+04 -3.728118780314885217e-12
5.339539539539333782e+04 -3.681996297703388108e-12
5.340951665949889139e+04 -3.754806179568764542e-12
5.342363792361676315e+04 -3.796200690190830966e-12
5.343775918782202643e+04 -3.690894560709859628e-12
5.345188045188869728e+04 -3.649358659240552298e-12
5.346600171598959423e+04 -3.624806409575314859e-12
5.348012298006690980e+04 -3.567201216624162470e-12
5.349424424421581352e+04 -3.664682569705411944e-12
5.350836550841836288e+04 -3.542083403569963024e-12
5.352248677247648448e+04 -3.520934387259210199e-12
5.353660803663243132e+04 -3.421583916148586532e-12
5.355072930072090094e+04 -3.608089281981548776e-12
5.356485056492803415e+04 -3.484796463187860690e-12
5.357897182902534405e+04 -3.485389122383785096e-12
5.359309309307026706e+04 -3.371807440805442489e-12
5.360721435722397291e+04 -3.530351904457289472e-12
5.362133562129631173e+04 -3.748107603436609600e-12
5.363545688551995408e+04 -3.526742250318854359e-12
5.364957814963114652e+04 -3.561475133636441213e-12
5.366369941368303262e+04 -3.539738384640121077e-12
5.367782067776857002e+04 -3.526360938417237142e-12
5.369194194188284018e+04 -3.390419796933473340e-12
5.370606320611217234e+04 -3.433298665126046774e-12
5.372018447022815235e+04 -3.467303902863932943e-12
5.373430573431085213e+04 -3.454865942166092996e-12
5.374842699842446018e+04 -3.565326186782360169e-12
5.376254826251580380e+04 -3.299388231211360132e-12
5.377666952668817976e+04 -3.529673523981156893e-12
5.379079079077950155e+04 -3.278940749975417418e-12
5.380491205490627181e+04 -3.334461536394602752e-12
5.381903331897981116e+04 -3.446260313874815858e-12
5.383315458316730655e+04 -3.236110161584340671e-12
5.384727584730987292e+04 -3.099273873168744298e-12
5.386139711143130262e+04 -3.134638827765109882e-12
5.387551837551354402e+04 -3.178409394332266325e-12
5.388963963962057460e+04 -3.328471885102792348e-12
5.390376090377647051e+04 -3.242041680053940605e-12
5.391788216789182479e+04 -3.007649155599670977e-12
5.393200343200260977e+04 -3.052911469502869667e-12
5.394612469612854329e+04 -2.941524548288486140e-12
5.396024596022986952e+04 -2.863400439701217221e-12
5.397436722437684512e+04 -2.890291303832832790e-12
5.398848848847412592e+04 -2.597822612037300111e-12
5.400260975258109102e+04 -2.933662330410051983e-12
5.401673101672746270e+04 -2.609558545009294642e-12
5.403085228089865996e+04 -2.639929003405925733e-12
5.404497354501629889e+04 -2.505096819403479833e-12
5.405909480908489786e+04 -2.352352829045741773e-12
5.407321607319315081e+04 -2.170311374247085762e-12
5.408733733730178210e+04 -2.259204341823307117e-12
5.410145860152214300e+04 -2.155129347280501923e-12
5.411557986559933488e+04 -1.959048323267006998e-12
5.412970112967299792e+04 -1.987776775761712977e-12
5.414382239382145781e+04 -1.981839838130720241e-12
5.415794365791614837e+04 -1.915029953228902895e-12
5.417206492211172008e+04 -1.832669045734776823e-12
5.418618618617534230e+04 -1.822549008159816425e-12
5.420030745031384140e+04 -1.677979576437134066e-12
5.421442871441679017e+04 -1.573809500244442423e-12
5.422854997853298119e+04 -1.412801781414189916e-12
5.424267124271957437e+04 -1.316019007501536093e-12
5.425679250682001293e+04 -1.103053847193179112e-12
5.427091377089310845e+04 -1.022634477430672062e-12
5.428503503499602084e+04 -7.075526104463423180e-13
5.429915629919033381e+04 -6.219943977306460178e-13
5.431327756326810777e+04 -6.507622623082066228e-13
5.432739882740545727e+04 -5.766133549278483449e-13
5.434152009148256184e+04 -5.849199440404668788e-13
5.435564135557241389e+04 -3.805362721226385396e-13
5.436976261979181436e+04 -2.237481094129943432e-13
5.438388388389819738e+04 -3.737329610448761433e-14
5.439800514800564997e+04 -3.952174727109276900e-14
5.441212641207229171e+04 2.670973602223075296e-13
5.442624767619793420e+04 4.668594727744116856e-13
5.444036894037215097e+04 4.345134837246995471e-13
5.445449020447660587e+04 5.958148225722180573e-13
5.446861146858079883e+04 5.476498087667865608e-13
5.448273273273029918e+04 5.647576086318475304e-13
5.449685399691856583e+04 1.076896441331356758e-12
5.451097526098231174e+04 1.072326117673343368e-12
5.452509652507698775e+04 7.770867564531402097e-13
5.453921778920003271e+04 9.924644288832273794e-13
5.455333905328052788e+04 1.108536954097973617e-12
5.456746031751257397e+04 1.268098742138502221e-12
5.458158158157752769e+04 1.357038018912077831e-12
5.459570284567587078e+04 1.292595322236707938e-12
5.460982410982574220e+04 1.640024656223856948e-12
5.462394537392301572e+04 1.561129548765747143e-12
5.463806663810754253e+04 1.340603180361757243e-12
5.465218790217389324e+04 1.597235943170813072e-12
5.466630916632708977e+04 1.640034509244570529e-12
5.468043043036642484e+04 1.609297025826357186e-12
5.469455169460541219e+04 1.692991539674071895e-12
5.470867295866797940e+04 1.535841771104237669e-12
5.472279422278526908e+04 1.551192777376059915e-12
5.473691548690361378e+04 1.879336793920437894e-12
5.475103675100126566e+04 1.671665661641509516e-12
5.476515801519865636e+04 1.919485882724302603e-12
5.477927927932763123e+04 2.074665047151412168e-12
5.479340054338867049e+04 1.995431981082825347e-12
5.480752180752847198e+04 1.993667305073015880e-12
5.482164307161407487e+04 1.952822593006769168e-12
5.483576433581232413e+04 1.966308422457503099e-12
5.484988559992032242e+04 1.841376061017068447e-12
5.486400686398964172e+04 1.667488966161005469e-12
5.487812812807479349e+04 1.767185770949712807e-12
5.489224939220980741e+04 1.925737624367095430e-12
5.490637065641495428e+04 1.823297738611715822e-12
5.492049192047141696e+04 1.904971397911066546e-12
5.493461318457396555e+04 2.112367630912084866e-12
5.494873444867941726e+04 2.062610861610367580e-12
5.496285571291662927e+04 2.024643231592499011e-12
5.497697697697587137e+04 1.900959247876479926e-12
5.499109824108701287e+04 2.092387675509003251e-12
5.500521950518710219e+04 1.953440377405513538e-12
5.501934076927402930e+04 2.002059122814807283e-12
5.503346203351079021e+04 1.839562119903690470e-12
5.504758329760196648e+04 1.782588998231317213e-12
5.506170456169532554e+04 1.756748466107773569e-12
5.507582582578092843e+04 1.766115732900213519e-12
5.508994708991873631e+04 1.778073358838264529e-12
5.510406835408611369e+04 1.852221280916551389e-12
5.511818961821758421e+04 1.907771626397878071e-12
5.513231088232580078e+04 1.828824297929986106e-12
5.514643214642201929e+04 1.940692539206229785e-12
5.516055341057641635e+04 1.916948729890544920e-12
5.517467467467986717e+04 1.903229383848898497e-12
5.518879593879983440e+04 1.717325544930502820e-12
5.520291720292156242e+04 1.811142066957320967e-12
5.521703846702972805e+04 1.768767180774249104e-12
5.523115973116610257e+04 1.889935688302080303e-12
5.524528099529044994e+04 2.077207126495526541e-12
5.525940225942960387e+04 2.094251867028020350e-12
5.527352352353146853e+04 2.061780251964209298e-12
5.528764478756768949e+04 2.048333834596330095e-12
5.530176605176871089e+04 1.869767540203368626e-12
5.531588731587134680e+04 1.830686518844860367e-12
5.533000857999581058e+04 1.977511307008890420e-12
5.534412984409854835e+04 1.768057763282868250e-12
5.535825110832965584e+04 1.828938592970263806e-12
5.537237237238169473e+04 1.735039305569451539e-12
5.538649363651030581e+04 1.669650718905574044e-12
5.540061490063196834e+04 1.519272931472211816e-12
5.541473616468474938e+04 1.686632400105500491e-12
5.542885742891117843e+04 1.462460414037470514e-12
5.544297869299710874e+04 1.818312110130623290e-12
5.545709995707467169e+04 1.227664901036013872e-12
5.547122122121713619e+04 1.229900551435934606e-12
5.548534248526972078e+04 1.010642266797787637e-12
5.549946374948449375e+04 1.217516289700983746e-12
5.551358501362223615e+04 1.126656659190323404e-12
5.552770627771556610e+04 1.419051945981539834e-12
5.554182754181233031e+04 1.416836986925117680e-12
5.555594880588004162e+04 1.339167595243782428e-12
5.557007007009639347e+04 1.309270574492440949e-12
5.558419133417078410e+04 1.257011137929464018e-12
5.559831259832134674e+04 1.316114482680122472e-12
5.561243386239255778e+04 1.417696170331345489e-12
5.562655512659922533e+04 1.555324148961281530e-12
5.564067639071580925e+04 1.766727605486529376e-12
5.565479765481282084e+04 1.333051825286837704e-12
5.566891891891624255e+04 1.310939676201328459e-12
5.568304018298202573e+04 1.287015556606584074e-12
5.569716144723207981e+04 1.049468094919813000e-12
5.571128271131882502e+04 1.089859568033232769e-12
5.572540397539029800e+04 1.097693704802633311e-12
5.573952523951468174e+04 8.903812224776809339e-13
5.575364650362804241e+04 1.134483898845224420e-12
5.576776776778096246e+04 1.162787686147173385e-12
5.578188903187129472e+04 1.096305414184083967e-12
5.579601029600369657e+04 1.095230449624227788e-12
5.581013156011608226e+04 1.145305471494994928e-12
5.582425282430990046e+04 1.200737580727757832e-12
5.583837408837898693e+04 1.332369996253455160e-12
5.585249535251138877e+04 1.248139478078919388e-12
5.586661661656999786e+04 9.723770755543673896e-13
5.588073788071191666e+04 1.120876877239713061e-12
5.589485914489544666e+04 1.179011670054222493e-12
5.590898040898664476e+04 1.160200282907776379e-12
5.592310167313210695e+04 1.072318235256772422e-12
5.593722293722242466e+04 1.275033298116749011e-12
5.595134420133099047e+04 1.209821080523645360e-12
5.596546546552843211e+04 1.159550968842748833e-12
5.597958672960112017e+04 1.392310847764771220e-12
5.599370799367699510e+04 1.433443268035855423e-12
5.600782925779179641e+04 1.407091364137274770e-12
5.602195052196791949e+04 1.303112436546427443e-12
5.603607178607032256e+04 1.412395245187417156e-12
5.605019305021851324e+04 1.479355388655117368e-12
5.606431431430903467e+04 1.477463608678101960e-12
5.607843557837727712e+04 1.607985588769374056e-12
5.609255684261093847e+04 1.668480180044795706e-12
5.610667810668712627e+04 1.608079192466153579e-12
5.612079937079014053e+04 1.736388184105146156e-12
5.613492063493000751e+04 2.083817518092295166e-12
5.614904189901363134e+04 2.119195774266624498e-12
5.616316316317264864e+04 1.923544341956243074e-12
5.617728442732948315e+04 2.017850559112528028e-12
5.619140569140700245e+04 2.041512588356289990e-12
5.620552695553036756e+04 2.108862911444249783e-12
5.621964821959869005e+04 2.348437139491812546e-12
5.623376948380412796e+04 2.637950417724294952e-12
5.624789074787765276e+04 2.797598912347103149e-12
5.626201201200421929e+04 2.803177692675155795e-12
5.627613327610365377e+04 2.756790656457497312e-12
5.629025454029013054e+04 2.606609929438407511e-12
5.630437580436646385e+04 2.667992277880126495e-12
5.631849706850294751e+04 2.838806215575610930e-12
5.633261833263011067e+04 2.837625823694119213e-12
5.634673959671412013e+04 2.794550387738308658e-12
5.636086086086865544e+04 3.109460812162221549e-12
5.637498212500608497e+04 3.385024183668358487e-12
5.638910338907345431e+04 3.216172967699027363e-12
5.640322465317860042e+04 3.202879272152209573e-12
5.641734591730343527e+04 3.181374069142659093e-12
5.643146718149123626e+04 3.201974764850698929e-12
5.644558844561019941e+04 3.420581764819675516e-12
5.645970970971206407e+04 3.602304967049281470e-12
5.647383097377834929e+04 3.709988630428450360e-12
5.648795223800437088e+04 3.839295733065732700e-12
5.650207350207499258e+04 3.853421023560780595e-12
5.651619476616766769e+04 3.960558829592415043e-12
5.653031603026634548e+04 4.141332200625227922e-12
5.654443729438107403e+04 4.364970152970579876e-12
5.655855855858608993e+04 4.406585371256631159e-12
5.657267982272040535e+04 4.624567689712364656e-12
5.658680108677731914e+04 4.729250122982164324e-12
5.660092235089136375e+04 4.739170144236638041e-12
5.661504361497437640e+04 4.810673515555389246e-12
5.662916487922251690e+04 4.636517433233844519e-12
5.664328614330632263e+04 4.681409766209246904e-12
5.665740740741218906e+04 4.811895290123878124e-12
