5.299999999999649299e+04 -1.453936073422420683e-11
5.301412126412240468e+04 -1.458136212907926703e-11
5.302824252822325070e+04 -1.452630767306741609e-11
5.304236379243119154e+04 -1.428163485184511034e-11
5.305648505653401662e+04 -1.415578166931226072e-11
5.307060632056273607e+04 -1.419323000232141625e-11
5.308472758465498919e+04 -1.426301239367431883e-11
5.309884884883645282e+04 -1.406060280534417653e-11
5.311297011302215833e+04 -1.377023513171398644e-11
5.312709137710370123e+04 -1.379686548588501445e-11
5.314121264123985748e+04 -1.364954613745717515e-11
5.315533390531773330e+04 -1.348988433950348471e-11
5.316945516951315949e+04 -1.357403492480414892e-11
5.318357643358491623e+04 -1.355918319943347642e-11
5.319769769765134697e+04 -1.331729564318955719e-11
5.321181896183878416e+04 -1.307118575888289967e-11
5.322594022594318085e+04 -1.289129650762904055e-11
5.324006149013076356e+04 -1.286635609791871491e-11
5.325418275418488338e+04 -1.280450663595684732e-11
5.326830401829045149e+04 -1.277983640103229327e-11
5.328242528237838269e+04 -1.269202700912648471e-11
5.329654654651320743e+04 -1.256581316602036553e-11
5.331066781072624872e+04 -1.231736104011020531e-11
5.332478907476951281e+04 -1.234511651333134501e-11
5.333891033888391394e+04 -1.220190536501456747e-11
5.335303160300387390e+04 -1.186139766320889398e-11
5.336715286723491590e+04 -1.181287932503640853e-11
5.338127413133042137e+04 -1.188014812253620311e-11
5.339539539538355893e+04 -1.161155629294970633e-11
5.340951665948760638e+04 -1.160728766386742666e-11
5.342363792362930690e+04 -1.141377197553472993e-11
5.343775918781915243e+04 -1.145076875603382472e-11
5.345188045190544653e+04 -1.134777074860592506e-11
5.346600171602851333e+04 -1.104176162436686243e-11
5.348012298013487452e+04 -1.098828407505424782e-11
5.349424424418500712e+04 -1.091732697168478144e-11
5.350836550838009134e+04 -1.063086089643256461e-11
5.352248677248292370e+04 -1.064702957157789269e-11
5.353660803655036580e+04 -1.067070482623671511e-11
5.355072930068753340e+04 -1.048125952337816038e-11
5.356485056489495764e+04 -1.032737913237005634e-11
5.357897182897663879e+04 -1.023629096134082506e-11
5.359309309313826816e+04 -1.005735795653579666e-11
5.360721435722079332e+04 -9.949832410538690147e-12
5.362133562128005724e+04 -9.796297631203690221e-12
5.363545688550371415e+04 -9.806447173808641478e-12
5.364957814961312397e+04 -9.533496892017005063e-12
5.366369941369000298e+04 -9.710792858650973211e-12
5.367782067784297396e+04 -9.673048848955624304e-12
5.369194194188423717e+04 -9.246277858725857628e-12
5.370606320613357821e+04 -9.103849723495783032e-12
5.372018447018626466e+04 -8.970179449625866510e-12
5.373430573430881486e+04 -8.725112214686313315e-12
5.374842699839145644e+04 -8.725657138781489535e-12
5.376254826246782613e+04 -8.770059602758881264e-12
5.377666952667738224e+04 -8.643189165877952753e-12
5.379079079077584902e+04 -8.517681424007977929e-12
5.380491205486650142e+04 -8.457066591771710206e-12
5.381903331898056058e+04 -8.551469283062256091e-12
5.383315458315554133e+04 -8.342312229625802290e-12
5.384727584731719253e+04 -8.307588260577176613e-12
5.386139711140381405e+04 -8.083154692360851164e-12
5.387551837549718766e+04 -7.862685397771480174e-12
5.388963963958784007e+04 -7.803321505361417560e-12
5.390376090377153741e+04 -7.620714046515279187e-12
5.391788216786892008e+04 -7.348843523310473533e-12
5.393200343195828464e+04 -7.385155664357179941e-12
5.394612469613859139e+04 -7.293859801404651300e-12
5.396024596023444610e+04 -7.149499207832666240e-12
5.397436722435621050e+04 -7.122494640527707757e-12
5.398848848847739282e+04 -6.972791601892076629e-12
5.400260975255192898e+04 -6.947535272159681293e-12
5.401673101665059949e+04 -6.709130510242555852e-12
5.403085228087360156e+04 -6.511667050770015257e-12
5.404497354496172193e+04 -6.422381071040642805e-12
5.405909480906297540e+04 -6.218691642155570565e-12
5.407321607316668815e+04 -6.007873737373647821e-12
5.408733733727349318e+04 -6.044114652659915218e-12
5.410145860150772205e+04 -6.001413654957415043e-12
5.411557986561027792e+04 -5.758955608589063226e-12
5.412970112968228932e+04 -5.747010031052503745e-12
5.414382239381969703e+04 -5.386021289153118477e-12
5.415794365788441064e+04 -5.331609596463791077e-12
5.417206492205810355e+04 -5.334831343675793626e-12
5.418618618622214854e+04 -5.518278462747041963e-12
5.420030745030168328e+04 -5.023006332553693315e-12
5.421442871441443276e+04 -4.893428034199347972e-12
5.422854997852929228e+04 -5.031159501743589148e-12
5.424267124269194755e+04 -4.983220204206993299e-12
5.425679250682592101e+04 -4.807517112352408892e-12
5.427091377085557906e+04 -4.634679125876942411e-12
5.428503503496258054e+04 -4.328379455258560291e-12
5.429915629916010948e+04 -4.343433485730313112e-12
5.431327756331457931e+04 -4.210695345866916099e-12
5.432739882740748726e+04 -4.358474177404192871e-12
5.434152009150747472e+04 -3.990943097168356118e-12
5.435564135563925811e+04 -3.980752255593067401e-12
5.436976261979067931e+04 -3.751480551478847070e-12
5.438388388386722363e+04 -3.788874674245362948e-12
5.439800514797089272e+04 -3.540884446964126284e-12
5.441212641206463013e+04 -3.280460065921658831e-12
5.442624767620516650e+04 -3.348900839274350959e-12
5.444036894043606299e+04 -3.079809317798288508e-12
5.445449020453402045e+04 -2.923870049136376759e-12
5.446861146856980486e+04 -2.975087270745250350e-12
5.448273273272212100e+04 -2.938047139153067493e-12
5.449685399689440965e+04 -2.844268549693792043e-12
5.451097526103498240e+04 -2.629993074593873244e-12
5.452509652508697036e+04 -2.681915200367287985e-12
5.453921778920674114e+04 -2.500879325527003873e-12
5.455333905332862923e+04 -2.607941818576138926e-12
5.456746031747622328e+04 -2.592348250831428955e-12
5.458158158155839919e+04 -2.203045516302511938e-12
5.459570284568633360e+04 -2.373401802332606710e-12
5.460982410980200802e+04 -2.206315915924706962e-12
5.462394537388314347e+04 -2.126752893783679998e-12
5.463806663810959435e+04 -1.887850492099739095e-12
5.465218790220320807e+04 -1.747480935255571300e-12
5.466630916631434957e+04 -1.586591433490560281e-12
5.468043043036078598e+04 -1.379438021403899634e-12
5.469455169459724857e+04 -1.635865123845185777e-12
5.470867295872554678e+04 -1.649777661037387084e-12
5.472279422281536245e+04 -1.401249179059912751e-12
5.473691548688639887e+04 -1.386004985213348662e-12
5.475103675099233078e+04 -1.160803837583498850e-12
5.476515801517682121e+04 -1.288909823370008804e-12
5.477927927927175188e+04 -1.251256278085877986e-12
5.479340054341476207e+04 -1.263490178868778656e-12
5.480752180752890126e+04 -1.028844649313863320e-12
5.482164307163743069e+04 -9.100915549798254985e-13
5.483576433576085401e+04 -7.865640260582509053e-13
5.484988559987859480e+04 -5.402525206914298392e-13
5.486400686397734535e+04 -7.398763523887766289e-13
5.487812812808380113e+04 -4.387921517389001242e-13
5.489224939222529065e+04 -5.795065507101413708e-13
5.490637065642925882e+04 -4.844142606705634433e-13
5.492049192053262959e+04 -5.035220886242308970e-13
5.493461318461962946e+04 -4.161177344461564176e-13
5.494873444872363325e+04 -2.645573537117662245e-13
5.496285571291029191e+04 8.087954274578062785e-16
5.497697697702590085e+04 1.887834103153552464e-13
5.499109824113806826e+04 2.249953393677823655e-13
5.500521950519757229e+04 1.998648731640387593e-13
5.501934076924998953e+04 5.598639788673535777e-13
5.503346203351950680e+04 5.274272716335612522e-13
5.504758329760654306e+04 8.098467318334884369e-13
5.506170456165332871e+04 8.856632618743771602e-13
5.507582582578187430e+04 1.015433006180252038e-12
5.508994708987147169e+04 1.160718337566345878e-12
5.510406835405764286e+04 1.179757932438584052e-12
5.511818961820347613e+04 1.038279117743058652e-12
5.513231088227232249e+04 1.177335743552955194e-12
5.514643214642700332e+04 1.557516963469434751e-12
5.516055341055572353e+04 1.530644929092064757e-12
5.517467467468550603e+04 1.598410639565201415e-12
5.518879593881408073e+04 1.687981180315872889e-12
5.520291720290020749e+04 1.894032260465456238e-12
5.521703846700517170e+04 2.296017797628782657e-12
5.523115973122490686e+04 2.358491596560985794e-12
5.524528099534258945e+04 2.399179376340860504e-12
5.525940225938994990e+04 2.574073247791124453e-12
5.527352352348216664e+04 2.633854319655188833e-12
5.528764478756557219e+04 2.787601066169215035e-12
5.530176605183428910e+04 2.940049674033791645e-12
5.531588731593052944e+04 2.877928327183859285e-12
5.533000857996082050e+04 2.884639281606249387e-12
5.534412984414038510e+04 3.268269606834381840e-12
5.535825110831529310e+04 3.429371332293763516e-12
5.537237237239010574e+04 3.703520566801943695e-12
5.538649363650967280e+04 4.060008490480425976e-12
5.540061490063568635e+04 3.987252188490111414e-12
5.541473616472938011e+04 4.113119821387324669e-12
5.542885742888362438e+04 4.243663557990315658e-12
5.544297869302709296e+04 4.417853380327183834e-12
5.545709995713471289e+04 4.747099374502652689e-12
5.547122122116482933e+04 4.867905788658050431e-12
5.548534248530460172e+04 4.696774313259235535e-12
5.549946374953348277e+04 4.923027515818793267e-12
5.551358501355193584e+04 5.014963641069245921e-12
5.552770627771323052e+04 5.276366799158232891e-12
5.554182754182306962e+04 5.439224628660718664e-12
5.555594880590290995e+04 5.510750683062554579e-12
5.557007007005369815e+04 5.698725126940222714e-12
5.558419133424310712e+04 5.951682602842358008e-12
5.559831259833780496e+04 6.121989808936687818e-12
5.561243386241050757e+04 6.447943343170401451e-12
5.562655512656999781e+04 6.636690924294040319e-12
5.564067639073894679e+04 6.665903917698195161e-12
5.565479765481808136e+04 6.771591659515222539e-12
5.566891891888988175e+04 6.940839115219532394e-12
5.568304018301262840e+04 7.184490385461752691e-12
5.569716144719493604e+04 7.195571335279748452e-12
5.571128271134032548e+04 7.596799468138186037e-12
5.572540397540415870e+04 7.596612040927041029e-12
5.573952523950000614e+04 7.940560810563596750e-12
5.575364650360431551e+04 7.980719655704721924e-12
5.576776776781245280e+04 8.285834567455577914e-12
5.578188903191413556e+04 8.462330804752943053e-12
5.579601029600500624e+04 8.596476700822672976e-12
5.581013156013250409e+04 8.668177527678696492e-12
5.582425282434214751e+04 9.039454757994213253e-12
5.583837408841177239e+04 8.987562216990441024e-12
5.585249535252357600e+04 9.347209212631943045e-12
5.586661661661578546e+04 9.440293500560883342e-12
5.588073788071865420e+04 9.424786977022810151e-12
5.589485914485477406e+04 9.433903532338601431e-12
5.590898040896997554e+04 9.775579234009343251e-12
5.592310167305299547e+04 9.738735935190906982e-12
5.593722293724092742e+04 9.781375625726258891e-12
5.595134420133915410e+04 9.695309426591255064e-12
5.596546546547837352e+04 1.012588000759730947e-11
5.597958672962184937e+04 1.043363343617366497e-11
5.599370799371310568e+04 1.040345491901574982e-11
5.600782925781470112e+04 1.041119621006874790e-11
5.602195052200113423e+04 1.064187977463479992e-11
5.603607178605945228e+04 1.091706430507023223e-11
5.605019305015572172e+04 1.118162328592788594e-11
5.606431431433346734e+04 1.118686423642053443e-11
5.607843557839874848e+04 1.109565849585876584e-11
5.609255684257064422e+04 1.135289994901124633e-11
5.610667810672430642e+04 1.143477314833781161e-11
5.612079937079962110e+04 1.148408257983032840e-11
5.613492063486442203e+04 1.161829687999171601e-11
5.614904189895652235e+04 1.176413919169414047e-11
5.616316316315524455e+04 1.162212118174611675e-11
5.617728442728758819e+04 1.182808641476066794e-11
5.619140569141173910e+04 1.211288616634008331e-11
5.620552695553592639e+04 1.225833139229042903e-11
5.621964821963533905e+04 1.235253306105661287e-11
5.623376948381621332e+04 1.244837711206351790e-11
5.624789074793809414e+04 1.258508850359090129e-11
5.626201201198033232e+04 1.260585837996164261e-11
5.627613327613820002e+04 1.275904780413888158e-11
5.629025454027188243e+04 1.297969871159160400e-11
5.630437580441976024e+04 1.301326288926615892e-11
5.631849706852961390e+04 1.322053241729840909e-11
5.633261833256200771e+04 1.325653862104517436e-11
5.634673959669432224e+04 1.325994685491206147e-11
5.636086086091738980e+04 1.329375420913246087e-11
5.637498212502255774e+04 1.352390729996770192e-11
5.638910338912194129e+04 1.389237175403421872e-11
5.640322465322430071e+04 1.375863970271902290e-11
5.641734591726303188e+04 1.394746440945600659e-11
5.643146718148657237e+04 1.388404595001800014e-11
5.644558844559879799e+04 1.396174684177385174e-11
5.645970970969662449e+04 1.421211060553052519e-11
5.647383097382044070e+04 1.428866265056697267e-11
5.648795223799677478e+04 1.464777181903780951e-11
5.650207350211883750e+04 1.488409359085881645e-11
5.651619476621244394e+04 1.481581946697442700e-11
5.653031603028922109e+04 1.461417617548109241e-11
5.654443729437380534e+04 1.470322872624767939e-11
5.655855855859684380e+04 1.487607047494818682e-11
5.657267982271725486e+04 1.501306779557870216e-11
5.658680108681541606e+04 1.505983567304564737e-11
5.660092235085013090e+04 1.534557256068078454e-11
5.661504361499068182e+04 1.543218582153882703e-11
5.662916487917506311e+04 1.586709527407878597e-11
5.664328614332866709e+04 1.575204369615461920e-11
5.665740740736387670e+04 1.577825169781221544e-11
