5.299999999999989814e+04 5.156448318602179375e-12
5.301412126409928896e+04 5.250188048424078714e-12
5.302824252818350942e+04 5.269766623618190083e-12
5.304236379239803500e+04 4.946212357099734746e-12
5.305648505651899904e+04 5.068280943310908285e-12
5.307060632060734497e+04 4.921924278933320692e-12
5.308472758470098779e+04 4.701981030315344184e-12
5.309884884882084589e+04 4.863861054924966358e-12
5.311297011300792656e+04 4.830695447146147929e-12
5.312709137710856157e+04 4.739204505708457431e-12
5.314121264121383865e+04 4.657857306357402179e-12
5.315533390528579184e+04 4.421550921065023879e-12
5.316945516951876198e+04 4.609165261664420687e-12
5.318357643360213115e+04 4.555750509905003296e-12
5.319769769769601407e+04 4.544874754139766856e-12
5.321181896179260366e+04 4.496568793609203201e-12
5.322594022591753310e+04 4.442572706706170588e-12
5.324006149008483771e+04 4.534823943631253449e-12
5.325418275418515259e+04 4.570456024915995954e-12
5.326830401830771007e+04 4.564028914839949024e-12
5.328242528241496620e+04 4.552075531437070219e-12
5.329654654650915472e+04 4.383475638613531844e-12
5.331066781071953301e+04 4.452509127750951370e-12
5.332478907481981150e+04 4.479030127694062047e-12
5.333891033890545077e+04 4.444834146959514417e-12
5.335303160300349555e+04 4.500934842216650347e-12
5.336715286718199059e+04 4.724272381225346932e-12
5.338127413131547655e+04 4.408351165843175004e-12
5.339539539538133977e+04 4.409291999460051423e-12
5.340951665950161987e+04 4.304648991373495827e-12
5.342363792358912906e+04 4.105845625656807475e-12
5.343775918780537904e+04 4.246597995204367646e-12
5.345188045189261175e+04 4.133993795999187901e-12
5.346600171599647001e+04 4.175705243390229411e-12
5.348012298009859660e+04 4.112718775752124441e-12
5.349424424420730793e+04 4.041974335794411811e-12
5.350836550840695418e+04 4.200970010353704234e-12
5.352248677250720357e+04 4.081522954538775409e-12
5.353660803658406803e+04 4.267223441076002391e-12
5.355072930068608548e+04 4.156349915012448934e-12
5.356485056488034024e+04 4.264081911955488606e-12
5.357897182898904430e+04 4.026402379762611573e-12
5.359309309310581739e+04 4.062170939510978642e-12
5.360721435719053989e+04 4.001976048123652276e-12
5.362133562127962796e+04 3.853104393329661913e-12
5.363545688551251078e+04 4.011207356736130692e-12
5.364957814960366522e+04 3.907665800851387811e-12
5.366369941371492314e+04 3.867740406880276355e-12
5.367782067778260534e+04 3.699809416307073150e-12
5.369194194188715483e+04 3.770583834193212284e-12
5.370606320609521208e+04 3.888194347445597911e-12
5.372018447020804888e+04 3.938625427544451523e-12
5.373430573430626828e+04 3.675045754084031555e-12
5.374842699840271234e+04 3.774886771372393405e-12
5.376254826251053601e+04 3.756397016233281705e-12
5.377666952668824524e+04 3.625577754380519010e-12
5.379079079080315569e+04 3.709814471030094153e-12
5.380491205488334526e+04 3.775213057456528926e-12
5.381903331897925091e+04 3.829622997550416201e-12
5.383315458321676851e+04 3.806341822777344650e-12
5.384727584728902002e+04 3.830937293044057574e-12
5.386139711139178689e+04 3.777970395757473169e-12
5.387551837551176141e+04 4.048464715077294650e-12
5.388963963961970148e+04 3.664153352679590412e-12
5.390376090378839581e+04 3.770152152023871927e-12
5.391788216792039748e+04 3.742446866129349327e-12
5.393200343199347117e+04 3.817704088765226987e-12
5.394612469611111737e+04 3.529032415876212126e-12
5.396024596018572629e+04 3.538345769345436295e-12
5.397436722440410085e+04 3.494181022959121414e-12
5.398848848850218201e+04 3.595322135669763631e-12
5.400260975259776023e+04 3.635532951075209231e-12
5.401673101671433687e+04 3.341505011269252502e-12
5.403085228090143210e+04 3.371972053264698702e-12
5.404497354498451750e+04 3.706314311218457167e-12
5.405909480909798003e+04 3.646583131050315841e-12
5.407321607321851479e+04 3.742739072042221178e-12
5.408733733728648076e+04 3.746964382164634288e-12
5.410145860150818044e+04 3.697909762316264734e-12
5.411557986560565769e+04 3.606726370757442992e-12
5.412970112970120681e+04 3.517038088934244984e-12
5.414382239378037775e+04 3.464495931559891730e-12
5.415794365791707241e+04 3.536241003212762691e-12
5.417206492207846168e+04 3.631093693210973834e-12
5.418618618619939662e+04 3.597909073114389929e-12
5.420030745029474201e+04 3.342045245095209906e-12
5.421442871439696319e+04 3.470831056729240162e-12
5.422854997850403015e+04 3.472569776577970092e-12
5.424267124268959014e+04 3.482295247673772126e-12
5.425679250680926634e+04 3.454568503893638334e-12
5.427091377088642184e+04 3.518035880615131678e-12
5.428503503501283558e+04 3.650816645658404092e-12
5.429915629921262007e+04 3.658943504276225851e-12
5.431327756328239775e+04 3.669252124969206057e-12
5.432739882740666508e+04 3.715567708830829137e-12
5.434152009149709920e+04 3.765012988420165767e-12
5.435564135559471470e+04 3.514824771144953928e-12
5.436976261979052651e+04 3.698342075599887049e-12
5.438388388390718319e+04 3.718824889643641077e-12
5.439800514801563259e+04 3.643649711864508361e-12
5.441212641208848800e+04 3.706215857390361941e-12
5.442624767621369392e+04 3.681035028626481974e-12
5.444036894040116022e+04 3.712165371733004611e-12
5.445449020450647367e+04 3.200911682520922925e-12
5.446861146858408756e+04 3.480792564566756824e-12
5.448273273269779747e+04 3.377013394154592805e-12
5.449685399691750354e+04 3.465977787895579009e-12
5.451097526098580420e+04 3.607156159583935053e-12
5.452509652511761669e+04 3.536384897269209342e-12
5.453921778921976511e+04 3.426214432516540071e-12
5.455333905329013214e+04 3.422711117133490470e-12
5.456746031751277042e+04 3.423165519417005934e-12
5.458158158160785388e+04 3.338605672254709095e-12
5.459570284569248906e+04 3.292552631934673150e-12
5.460982410980656277e+04 3.288386646554829878e-12
5.462394537390967162e+04 3.015055468534448656e-12
5.463806663808204030e+04 2.982117614122385580e-12
5.465218790220357914e+04 2.933239075158877648e-12
5.466630916631810396e+04 2.862732249728586962e-12
5.468043043040305929e+04 2.892643280041009454e-12
5.469455169458237651e+04 2.800241206802369929e-12
5.470867295868890506e+04 2.805235845235347076e-12
5.472279422280828294e+04 2.970137171694636849e-12
5.473691548689510091e+04 2.815455478814471919e-12
5.475103675099619431e+04 2.732392003616363538e-12
5.476515801520699461e+04 2.693638431089581815e-12
5.477927927929897851e+04 2.722366122122015320e-12
5.479340054340277857e+04 2.725081806880304325e-12
5.480752180749450054e+04 2.580554742808150725e-12
5.482164307161535544e+04 2.456976255120353968e-12
5.483576433579034347e+04 2.138357578404804650e-12
5.484988559988498309e+04 2.070370161190895688e-12
5.486400686401324492e+04 2.026650981488139173e-12
5.487812812808614399e+04 1.931383649406220315e-12
5.489224939218013606e+04 1.893382365104369986e-12
5.490637065639063076e+04 1.822916562102452177e-12
5.492049192048281839e+04 1.601353164231599665e-12
5.493461318461698829e+04 1.511442099066622271e-12
5.494873444871579704e+04 1.466825474853922382e-12
5.496285571288109350e+04 1.147915223339783776e-12
5.497697697699064156e+04 1.132724933670422827e-12
5.499109824110886984e+04 1.130547589395243333e-12
5.500521950518497033e+04 1.005516276628761854e-12
5.501934076931939489e+04 1.040555741602085314e-12
5.503346203348286508e+04 1.032364509327431797e-12
5.504758329759842309e+04 8.502508030371358859e-13
5.506170456171559636e+04 7.329733603474240936e-13
5.507582582580402232e+04 6.819566061942618541e-13
5.508994708990641084e+04 5.196491594367073824e-13
5.510406835409294581e+04 2.578162525321220461e-13
5.511818961818792741e+04 2.589427915266714485e-13
5.513231088232016918e+04 1.406012901563937158e-13
5.514643214639934013e+04 5.158830061564249410e-14
5.516055341059855709e+04 -1.103026107153558600e-13
5.517467467470741394e+04 -1.673357773251228435e-13
5.518879593879001186e+04 -3.237391499683861969e-13
5.520291720287883072e+04 -5.921602588696668834e-13
5.521703846699862333e+04 -9.725707038862449340e-13
5.523115973121114075e+04 -8.193374182847864793e-13
5.524528099529064639e+04 -1.018756909319922137e-12
5.525940225940133678e+04 -1.134828292615469229e-12
5.527352352349528519e+04 -1.176254003015036627e-12
5.528764478760357451e+04 -1.305760547159865064e-12
5.530176605181860941e+04 -1.487026666968547675e-12
5.531588731587971415e+04 -1.608684673894207590e-12
5.533000857998894207e+04 -1.812027171310362382e-12
5.534412984410425997e+04 -1.737903429926142926e-12
5.535825110827870958e+04 -1.927063527182345688e-12
5.537237237238959642e+04 -2.038648950156740429e-12
5.538649363650224404e+04 -2.044787167669898813e-12
5.540061490059318749e+04 -2.145273814869421692e-12
5.541473616469294211e+04 -2.256628881130645480e-12
5.542885742890049005e+04 -2.419297956372164471e-12
5.544297869302121399e+04 -2.577893188919108572e-12
5.545709995711663942e+04 -2.683850334720734849e-12
5.547122122119008418e+04 -2.702552144258820137e-12
5.548534248529924662e+04 -2.874194402371209363e-12
5.549946374951081089e+04 -2.695563184692635131e-12
5.551358501358594367e+04 -2.636750906920047766e-12
5.552770627768153645e+04 -2.957036987570386656e-12
5.554182754182066856e+04 -3.009834746229217434e-12
5.555594880589139211e+04 -3.218667306790237713e-12
5.557007007009549125e+04 -3.336253364364170628e-12
5.558419133419619175e+04 -3.357135042634566066e-12
5.559831259831297939e+04 -3.292182654005972424e-12
5.561243386239720712e+04 -3.217811515822949778e-12
5.562655512659857050e+04 -3.293419637999987169e-12
5.564067639069264987e+04 -3.442348724193699881e-12
5.565479765479823254e+04 -3.687761930806300939e-12
5.566891891891291016e+04 -3.456616955896093448e-12
5.568304018299034942e+04 -3.409894934436437391e-12
5.569716144721945602e+04 -3.845182028558930790e-12
5.571128271130118810e+04 -4.007460444059483108e-12
5.572540397538083926e+04 -4.101957816716555971e-12
5.573952523951723560e+04 -4.041161315639282972e-12
5.575364650360416272e+04 -4.162461480766674353e-12
5.576776776777860505e+04 -4.024930318517814157e-12
5.578188903191380086e+04 -3.968475252590964498e-12
5.579601029601372284e+04 -4.159500292552430048e-12
5.581013156008109945e+04 -4.237391786204133726e-12
5.582425282430001243e+04 -4.343228389177772033e-12
5.583837408838723059e+04 -4.304065854595826271e-12
5.585249535248979373e+04 -4.592470566143275448e-12
5.586661661659760284e+04 -4.641013352308407995e-12
5.588073788070143200e+04 -4.414910349402377372e-12
5.589485914491349831e+04 -4.604960317797131335e-12
5.590898040899197804e+04 -4.748020041162099238e-12
5.592310167309752433e+04 -4.811938033481412262e-12
5.593722293719972367e+04 -4.839454616205419551e-12
5.595134420131082879e+04 -5.008327544845493206e-12
5.596546546548045444e+04 -4.742742663530490102e-12
5.597958672960721015e+04 -4.896995198698446140e-12
5.599370799369917222e+04 -5.010788259433587857e-12
5.600782925779849029e+04 -5.059680051797031436e-12
5.602195052198824123e+04 -5.313341922084008159e-12
5.603607178611319250e+04 -5.457600762586031353e-12
5.605019305019447347e+04 -5.541768056664513222e-12
5.606431431430156226e+04 -5.598293176276738517e-12
5.607843557839900313e+04 -5.704594910476698085e-12
5.609255684261417628e+04 -5.781154752991987577e-12
5.610667810669135361e+04 -6.097677499174820792e-12
5.612079937077999057e+04 -5.930884092096113766e-12
5.613492063489145949e+04 -5.950057975117629118e-12
5.614904189900759229e+04 -6.121734313401282418e-12
5.616316316318904865e+04 -6.300390775651162817e-12
5.617728442731032555e+04 -6.365378506679585256e-12
5.619140569138241699e+04 -6.533729503807898468e-12
5.620552695552146906e+04 -6.481365951775538300e-12
5.621964821960122208e+04 -6.707361034139234642e-12
5.623376948382062983e+04 -6.808930042333521028e-12
5.624789074790861196e+04 -6.826875145846695968e-12
5.626201201202080847e+04 -7.064489673268458679e-12
5.627613327610945998e+04 -6.868492714988192300e-12
5.629025454028375680e+04 -6.880735700957527357e-12
5.630437580438976875e+04 -6.818508463801462988e-12
5.631849706851009978e+04 -7.122834295357594933e-12
5.633261833261176798e+04 -7.173222459685226970e-12
5.634673959668788302e+04 -7.184277057460312129e-12
5.636086086091779725e+04 -7.361490161345748277e-12
5.637498212497871282e+04 -7.347186587243524702e-12
5.638910338909023267e+04 -7.585495340376214501e-12
5.640322465318491595e+04 -7.733879774943990857e-12
5.641734591730788088e+04 -7.837366739443282620e-12
5.643146718149536900e+04 -7.918377830994178837e-12
5.644558844562010927e+04 -7.835055598940179105e-12
5.645970970971321367e+04 -8.084377296305298826e-12
5.647383097378569801e+04 -8.320661434819212074e-12
5.648795223801606335e+04 -8.185608027244077959e-12
5.650207350211415906e+04 -8.469687712612454077e-12
5.651619476619055058e+04 -8.577363382605765835e-12
5.653031603028239624e+04 -8.643526879542785289e-12
5.654443729439431627e+04 -8.551545759530680727e-12
5.655855855859188887e+04 -8.873605902429579554e-12
5.657267982271197980e+04 -8.946117146821600323e-12
5.658680108679691330e+04 -9.133606053457318536e-12
5.660092235091429757e+04 -9.175233089313054732e-12
5.661504361498266371e+04 -9.183532242130043137e-12
5.662916487921585212e+04 -8.977949289010441615e-12
5.664328614332134021e+04 -9.436147093822085957e-12
5.665740740738940804e+04 -9.466771283273914859e-12
