5.299999999999959982e+04 -2.345388944945908368e-11
5.301412126410911151e+04 -2.319917435323362479e-11
5.302824252821369737e+04 -2.325524259212943388e-11
5.304236379239550297e+04 -2.324414627468610307e-11
5.305648505649071012e+04 -2.323801321209146980e-11
5.307060632061748038e+04 -2.299096777888059512e-11
5.308472758471420821e+04 -2.288886716126112858e-11
5.309884884879699530e+04 -2.302477648373186753e-11
5.311297011301508610e+04 -2.279094575194069608e-11
5.312709137710584764e+04 -2.252195166900714748e-11
5.314121264117872488e+04 -2.231687547985191546e-11
5.315533390530839824e+04 -2.215940071684329142e-11
5.316945516950057936e+04 -2.215897553886479753e-11
5.318357643361928785e+04 -2.191299032702488492e-11
5.319769769771990104e+04 -2.177816434414667597e-11
5.321181896181846969e+04 -2.171652893511600767e-11
5.322594022588183725e+04 -2.161596595802200860e-11
5.324006149009232468e+04 -2.171360402973264339e-11
5.325418275417616678e+04 -2.170569897046662505e-11
5.326830401830394112e+04 -2.162138287043941053e-11
5.328242528240421962e+04 -2.134702186448964273e-11
5.329654654649958684e+04 -2.118621168682375341e-11
5.331066781071433070e+04 -2.099620349555364020e-11
5.332478907479978079e+04 -2.097227026017033427e-11
5.333891033891780535e+04 -2.066492873070558869e-11
5.335303160298219154e+04 -2.062044571245924096e-11
5.336715286720517906e+04 -2.074825666615634266e-11
5.338127413129058550e+04 -2.056073331913176150e-11
5.339539539540462283e+04 -2.027075147240836870e-11
5.340951665949251765e+04 -2.012477838920308257e-11
5.342363792361615924e+04 -2.009467906519433528e-11
5.343775918782011286e+04 -1.984223503400132735e-11
5.345188045191344281e+04 -1.965467745999935845e-11
5.346600171597810549e+04 -1.981857492818193082e-11
5.348012298008670768e+04 -1.950872565070483071e-11
5.349424424420698051e+04 -1.950300073838189532e-11
5.350836550840785640e+04 -1.914052186445801242e-11
5.352248677248540480e+04 -1.910776098549341283e-11
5.353660803660577949e+04 -1.889345052511387904e-11
5.355072930068134156e+04 -1.875288959343064209e-11
5.356485056488806731e+04 -1.858333206404018700e-11
5.357897182900683401e+04 -1.836636476670920390e-11
5.359309309309568198e+04 -1.816839738779529835e-11
5.360721435720968293e+04 -1.819795336926076681e-11
5.362133562129350321e+04 -1.780033153884080850e-11
5.363545688549368788e+04 -1.764085089481532241e-11
5.364957814959910320e+04 -1.745320908298930817e-11
5.366369941372014728e+04 -1.728060217868118005e-11
5.367782067781112710e+04 -1.729154417448962596e-11
5.369194194187827816e+04 -1.702605108672236819e-11
5.370606320611415140e+04 -1.690224824932831480e-11
5.372018447020708118e+04 -1.646698309164316790e-11
5.373430573430417280e+04 -1.630856151093301720e-11
5.374842699840990099e+04 -1.624934849692598436e-11
5.376254826248183963e+04 -1.576063701334117127e-11
5.377666952670717728e+04 -1.605208650256108821e-11
5.379079079080338852e+04 -1.600022894319822082e-11
5.380491205488223932e+04 -1.569618941634138804e-11
5.381903331899305340e+04 -1.545928786415798946e-11
5.383315458320955076e+04 -1.536594746554782181e-11
5.384727584731249954e+04 -1.514846153086024216e-11
5.386139711141943553e+04 -1.497821431500815451e-11
5.387551837548318872e+04 -1.460074908612077795e-11
5.388963963958608656e+04 -1.438860702056427094e-11
5.390376090381180256e+04 -1.418622744971578588e-11
5.391788216788645514e+04 -1.417483647145209048e-11
5.393200343201780925e+04 -1.410228660260230065e-11
5.394612469609075924e+04 -1.377683454144114905e-11
5.396024596019197634e+04 -1.371203317989313714e-11
5.397436722441946040e+04 -1.360128411707773982e-11
5.398848848850414652e+04 -1.354038394469665546e-11
5.400260975261408021e+04 -1.314214577133803556e-11
5.401673101672317716e+04 -1.298404252725215423e-11
5.403085228092143370e+04 -1.290690246902899037e-11
5.404497354498981440e+04 -1.253735748280361378e-11
5.405909480911787978e+04 -1.239572522099359655e-11
5.407321607318138558e+04 -1.198280650513861228e-11
5.408733733728939842e+04 -1.179641239102210716e-11
5.410145860151088709e+04 -1.170073881056244594e-11
5.411557986561937287e+04 -1.155891971577812285e-11
5.412970112971974595e+04 -1.166587464523556095e-11
5.414382239378365193e+04 -1.145620584336833040e-11
5.415794365789418225e+04 -1.121719928918468448e-11
5.417206492210244323e+04 -1.102798792596707002e-11
5.418618618618832988e+04 -1.093528685984428429e-11
5.420030745028029924e+04 -1.078191911966734841e-11
5.421442871441775060e+04 -1.042274602275489845e-11
5.422854997850283689e+04 -1.009788311167067223e-11
5.424267124268957559e+04 -9.840592660574329288e-12
5.425679250677900563e+04 -9.778989762883083559e-12
5.427091377090910828e+04 -9.515760459409664238e-12
5.428503503499766521e+04 -9.204762476533594334e-12
5.429915629920647189e+04 -8.973253603381351187e-12
5.431327756330095144e+04 -8.736122241492639074e-12
5.432739882740093162e+04 -8.631970492905002395e-12
5.434152009147996432e+04 -8.502494212326944427e-12
5.435564135561470175e+04 -8.232240572336459442e-12
5.436976261980889831e+04 -8.154790841460746669e-12
5.438388388389378815e+04 -7.787747255387259146e-12
5.439800514798904624e+04 -7.642434092324925648e-12
5.441212641211630398e+04 -7.610207720368088707e-12
5.442624767621870706e+04 -7.217275843669123651e-12
5.444036894042119093e+04 -6.937439507829272663e-12
5.445449020450010721e+04 -6.786066883040974465e-12
5.446861146862151509e+04 -6.541788859648347231e-12
5.448273273269079073e+04 -6.391386085001244945e-12
5.449685399689459882e+04 -6.013831814503522996e-12
5.451097526101819676e+04 -5.736011010144082270e-12
5.452509652507874125e+04 -5.324411619883612916e-12
5.453921778918155178e+04 -5.152908042350296488e-12
5.455333905328554829e+04 -4.733364218932531205e-12
5.456746031748161477e+04 -4.459306666447692009e-12
5.458158158160925814e+04 -4.267966368080228629e-12
5.459570284571511002e+04 -4.223596539048572496e-12
5.460982410980702116e+04 -3.764647599740121850e-12
5.462394537387672608e+04 -3.612220715422787096e-12
5.463806663809287420e+04 -3.692295887075203959e-12
5.465218790221607924e+04 -3.378384064680637837e-12
5.466630916628375417e+04 -2.908437199766103851e-12
5.468043043040702469e+04 -2.940492865745497822e-12
5.469455169458009914e+04 -2.375872980432059291e-12
5.470867295868476504e+04 -2.329621439681204134e-12
5.472279422281163716e+04 -2.152737106800583734e-12
5.473691548688817420e+04 -2.079221333776916674e-12
5.475103675100332475e+04 -1.772479848690172476e-12
5.476515801521723915e+04 -1.453509639321786061e-12
5.477927927930166334e+04 -1.366106120105038068e-12
5.479340054342092481e+04 -9.987722480879975410e-13
5.480752180750614207e+04 -8.465478090504449130e-13
5.482164307159351301e+04 -4.504097481238737462e-13
5.483576433580084267e+04 -3.859456809996348522e-13
5.484988559991872171e+04 -2.049081317351373791e-13
5.486400686398271500e+04 -4.146204790096203293e-14
5.487812812809588650e+04 3.115805598738041881e-13
5.489224939218387590e+04 4.052420401289818470e-13
5.490637065640795481e+04 9.556358554427878287e-13
5.492049192050357669e+04 1.043879351006836749e-12
5.493461318460570328e+04 1.374201422093333327e-12
5.494873444871718675e+04 1.523586823427630790e-12
5.496285571291897941e+04 1.829746535680694573e-12
5.497697697698250704e+04 1.920326730152064037e-12
5.499109824107863824e+04 2.152062067515589045e-12
5.500521950518097583e+04 2.396966641892763354e-12
5.501934076928829745e+04 2.531192666174872013e-12
5.503346203348972631e+04 2.874121245022740547e-12
5.504758329759338812e+04 3.285406330408158273e-12
5.506170456171794649e+04 3.474714627170753853e-12
5.507582582580286544e+04 3.752763268251847363e-12
5.508994708991868538e+04 4.072072316118174996e-12
5.510406835408057668e+04 4.188737070198131837e-12
5.511818961820724508e+04 4.303395214115092444e-12
5.513231088230778550e+04 4.487925802274820437e-12
5.514643214638063364e+04 4.701255775557779123e-12
5.516055341060192586e+04 4.904686517786966266e-12
5.517467467469011171e+04 5.299546771557757076e-12
5.518879593881324399e+04 5.602391185008687697e-12
5.520291720288129727e+04 5.832842538919761681e-12
5.521703846700637951e+04 5.819096161294936303e-12
5.523115973120047420e+04 6.272081543039623460e-12
5.524528099532288616e+04 6.677175920394810576e-12
5.525940225938540971e+04 6.756059581481050117e-12
5.527352352348615386e+04 7.156416739289326616e-12
5.528764478758801124e+04 7.105715519914370385e-12
5.530176605179359467e+04 7.408335527919575732e-12
5.531588731588159862e+04 7.727952018109099167e-12
5.533000858000935841e+04 7.855668225699623924e-12
5.534412984411686193e+04 7.985682015651883985e-12
5.535825110828651668e+04 8.003415535905647425e-12
5.537237237239400565e+04 8.236334663464510941e-12
5.538649363648144936e+04 8.718350012074826248e-12
5.540061490060994402e+04 8.916202872154614569e-12
5.541473616468453110e+04 9.073410896350746035e-12
5.542885742891357950e+04 9.322491333532924740e-12
5.544297869299220474e+04 9.507579847158629829e-12
5.545709995709241775e+04 9.774621641316226778e-12
5.547122122121849679e+04 9.898771380706651417e-12
5.548534248530096374e+04 1.031000087942202758e-11
5.549946374947864388e+04 1.054927129872457583e-11
5.551358501357800560e+04 1.067352878017915650e-11
5.552770627768655686e+04 1.080865173998897857e-11
5.554182754181007476e+04 1.104769020503876047e-11
5.555594880590034882e+04 1.117043998385034929e-11
5.557007007010092639e+04 1.158738118447633470e-11
5.558419133417672856e+04 1.173998786765232418e-11
5.559831259827822942e+04 1.158984827186893816e-11
5.561243386242261477e+04 1.181559877775794371e-11
5.562655512661777175e+04 1.203382449553571137e-11
5.564067639071926533e+04 1.244939867583177604e-11
5.565479765479786874e+04 1.270246213811177802e-11
5.566891891889294493e+04 1.261749413854909176e-11
5.568304018300014286e+04 1.281293824292706164e-11
5.569716144718268333e+04 1.326338791176057495e-11
5.571128271132110967e+04 1.323337728623457760e-11
5.572540397542219580e+04 1.352624629430612359e-11
5.573952523951017793e+04 1.361496467845867908e-11
5.575364650359716325e+04 1.407566768602178808e-11
5.576776776780837099e+04 1.422670902111918675e-11
5.578188903191251302e+04 1.416630483967357003e-11
5.579601029598878085e+04 1.424745382912781748e-11
5.581013156007853104e+04 1.469357871778102693e-11
5.582425282432061795e+04 1.495001786931950409e-11
5.583837408839384443e+04 1.520737591655164074e-11
5.585249535248125903e+04 1.529502374261449825e-11
5.586661661661356629e+04 1.544943802194962944e-11
5.588073788070508454e+04 1.549914348505013026e-11
5.589485914488566777e+04 1.592920382606120993e-11
5.590898040901406057e+04 1.620209731818729955e-11
5.592310167309681128e+04 1.640609422094469013e-11
5.593722293722182803e+04 1.641395047031062407e-11
5.595134420131374645e+04 1.649701479798816765e-11
5.596546546552103246e+04 1.661838520387649297e-11
5.597958672960045078e+04 1.697561053700812370e-11
5.599370799367970176e+04 1.712690784528979140e-11
5.600782925777951459e+04 1.740718063942775019e-11
5.602195052201042563e+04 1.771458384607730681e-11
5.603607178610502160e+04 1.783744754324972303e-11
5.605019305021988839e+04 1.785120146968159192e-11
5.606431431431385863e+04 1.827641959410234598e-11
5.607843557840061112e+04 1.826732396787103359e-11
5.609255684260412818e+04 1.869253385722955807e-11
5.610667810668627499e+04 1.892326863453232923e-11
5.612079937080584205e+04 1.930449848780467865e-11
5.613492063489493739e+04 1.912441757826905254e-11
5.614904189901301288e+04 1.939686843580036137e-11
5.616316316321812337e+04 1.959767219317867699e-11
5.617728442727676884e+04 1.989235497370603607e-11
5.619140569137647981e+04 1.992034389145495179e-11
5.620552695549923374e+04 2.029340936678298783e-11
5.621964821957786626e+04 2.045555362452988120e-11
5.623376948379789246e+04 2.063070516306660285e-11
5.624789074790445738e+04 2.098210556218197976e-11
5.626201201200038486e+04 2.096417165541399128e-11
5.627613327607890824e+04 2.108059416141339479e-11
5.629025454030445690e+04 2.132361565156099835e-11
5.630437580439845624e+04 2.170433424471999902e-11
5.631849706847713969e+04 2.182208259573818346e-11
5.633261833259258128e+04 2.180182091138028888e-11
5.634673959670162731e+04 2.207264808914222510e-11
5.636086086087981676e+04 2.215048383855989396e-11
5.637498212501092348e+04 2.250401437377169622e-11
5.638910338909603161e+04 2.270155567399717637e-11
5.640322465317846218e+04 2.288452365909905621e-11
5.641734591731426190e+04 2.316073794006876470e-11
5.643146718150361994e+04 2.328725114231875157e-11
5.644558844561925071e+04 2.343746897119330726e-11
5.645970970970334020e+04 2.358134442964159223e-11
5.647383097381779226e+04 2.384794496171478214e-11
5.648795223798783991e+04 2.397323251220310220e-11
5.650207350210370350e+04 2.429343506432121534e-11
5.651619476620425849e+04 2.441929426537922899e-11
5.653031603029549296e+04 2.490920017611476060e-11
5.654443729439538583e+04 2.513231203081473794e-11
5.655855855858614086e+04 2.528769049868578322e-11
5.657267982269750792e+04 2.550287130220458406e-11
5.658680108678905526e+04 2.575937427547533317e-11
5.660092235087659355e+04 2.602507924453117695e-11
5.661504361501098174e+04 2.623233448691028982e-11
5.662916487918321218e+04 2.645392148258763332e-11
5.664328614331688732e+04 2.655736072672871444e-11
5.665740740738558816e+04 2.675200054002903991e-11
