5.300000000000017462e+04 -4.760338508614278117e-12
5.301412126411442296e+04 -4.651665688538057187e-12
5.302824252817843808e+04 -4.550733699585771590e-12
5.304236379241493705e+04 -4.522138268783267731e-12
5.305648505649268191e+04 -4.443337837652321080e-12
5.307060632060271018e+04 -4.281251003899957397e-12
5.308472758467934909e+04 -4.370888219471083541e-12
5.309884884879844321e+04 -4.314069732731843237e-12
5.311297011299464066e+04 -4.221448202125942347e-12
5.312709137711163930e+04 -4.074075697730726001e-12
5.314121264121060813e+04 -3.967418486427422210e-12
5.315533390530023462e+04 -3.916003473835960040e-12
5.316945516950633464e+04 -3.751031888757950972e-12
5.318357643358225323e+04 -3.502149114057651239e-12
5.319769769768384140e+04 -3.499758595995080283e-12
5.321181896181274351e+04 -3.435010123568617257e-12
5.322594022590944223e+04 -3.481461703935348279e-12
5.324006149010005174e+04 -3.425946240755279844e-12
5.325418275420632563e+04 -3.173744524646807562e-12
5.326830401828579488e+04 -3.161901100006751858e-12
5.328242528240552929e+04 -2.847528441170161191e-12
5.329654654650411248e+04 -2.951651311006563572e-12
5.331066781067950069e+04 -2.961769472946827365e-12
5.332478907480183989e+04 -2.751858431334487990e-12
5.333891033889260871e+04 -2.788607907379899608e-12
5.335303160299650335e+04 -2.800824160197311892e-12
5.336715286720799486e+04 -2.762182067055264477e-12
5.338127413128149783e+04 -2.737242841483580438e-12
5.339539539542021521e+04 -2.557019423133617616e-12
5.340951665950872848e+04 -2.424638262686924505e-12
5.342363792359572108e+04 -2.222833586180298544e-12
5.343775918781688961e+04 -2.212199308390227253e-12
5.345188045189843979e+04 -2.162275938189346018e-12
5.346600171598920133e+04 -2.270817524560384197e-12
5.348012298012278916e+04 -2.122658730607970559e-12
5.349424424421994627e+04 -2.021933060244159925e-12
5.350836550838665426e+04 -1.903635713943654032e-12
5.352248677250050969e+04 -1.730259113842688045e-12
5.353660803661184764e+04 -1.588916889893203229e-12
5.355072930071230803e+04 -1.574615980705752024e-12
5.356485056489333510e+04 -1.820215584403311214e-12
5.357897182901224005e+04 -1.731320027802880253e-12
5.359309309309624950e+04 -1.684609482888065940e-12
5.360721435720327281e+04 -1.735561375875556657e-12
5.362133562130641076e+04 -1.673214795511548602e-12
5.363545688551076455e+04 -1.615413694086679667e-12
5.364957814957904338e+04 -1.581012454495574709e-12
5.366369941369994194e+04 -1.336784324407213977e-12
5.367782067781232763e+04 -1.224440854944524080e-12
5.369194194188530673e+04 -1.190936348097894633e-12
5.370606320608478563e+04 -1.325238395800355159e-12
5.372018447018232109e+04 -1.126586707449971756e-12
5.373430573431828816e+04 -1.253899184962862855e-12
5.374842699841553986e+04 -1.423032211643348969e-12
5.376254826247777237e+04 -1.284664700764968581e-12
5.377666952669666352e+04 -1.320494778486425615e-12
5.379079079078058567e+04 -1.177102926789732861e-12
5.380491205489345157e+04 -1.228271420296753011e-12
5.381903331897922180e+04 -1.267854341037898710e-12
5.383315458321134065e+04 -1.186424991158407358e-12
5.384727584730867966e+04 -1.144175032285047543e-12
5.386139711141394218e+04 -1.062191570802513019e-12
5.387551837551535573e+04 -1.316565308787379386e-12
5.388963963961671834e+04 -1.421142479256828907e-12
5.390376090377803484e+04 -1.354426881792461181e-12
5.391788216788295540e+04 -1.151349883284321337e-12
5.393200343202012300e+04 -1.198955182856674967e-12
5.394612469610110566e+04 -1.263073222492467639e-12
5.396024596018590091e+04 -1.236700378413668553e-12
5.397436722440780431e+04 -1.128528034937414775e-12
5.398848848850496870e+04 -1.454814793811891203e-12
5.400260975261103886e+04 -1.485289860515510656e-12
5.401673101669554308e+04 -1.277320063970325342e-12
5.403085228091545287e+04 -1.289897729755065206e-12
5.404497354500246001e+04 -1.220398304608950164e-12
5.405909480907972466e+04 -1.380304544774862322e-12
5.407321607318220049e+04 -1.261039089759594421e-12
5.408733733730002859e+04 -1.312912111897109041e-12
5.410145860148392967e+04 -1.301510089114869434e-12
5.411557986559303390e+04 -1.328820216720339208e-12
5.412970112972204515e+04 -1.615689637214299720e-12
5.414382239379135717e+04 -1.578464678521564336e-12
5.415794365789645235e+04 -1.581955342601898346e-12
5.417206492210146826e+04 -1.564393227418729229e-12
5.418618618620740745e+04 -1.240812161792014455e-12
5.420030745031619881e+04 -1.198390439036349003e-12
5.421442871438169823e+04 -1.221103162920600465e-12
5.422854997850234940e+04 -1.316677730061594807e-12
5.424267124268535554e+04 -1.419707047503355583e-12
5.425679250681651320e+04 -1.331494590258275391e-12
5.427091377088998706e+04 -1.295105373296145341e-12
5.428503503499743965e+04 -1.341649429227150732e-12
5.429915629920214269e+04 -1.485447118426949872e-12
5.431327756329016847e+04 -1.564850165501024424e-12
5.432739882739294990e+04 -1.518565238958680239e-12
5.434152009150177037e+04 -1.500863338965342616e-12
5.435564135559218994e+04 -1.463250015870771959e-12
5.436976261978228285e+04 -1.414266319384942996e-12
5.438388388389010652e+04 -1.568987334328386816e-12
5.439800514799018856e+04 -1.521715012723651029e-12
5.441212641208146670e+04 -1.335992100589208309e-12
5.442624767620391503e+04 -1.485971311465080861e-12
5.444036894039708568e+04 -1.467641039188298236e-12
5.445449020450519311e+04 -1.683879568808555384e-12
5.446861146860630106e+04 -1.841965309630719468e-12
5.448273273270160280e+04 -1.784215720886484533e-12
5.449685399688722828e+04 -1.837434831184180919e-12
5.451097526099150855e+04 -1.898667831023316350e-12
5.452509652511695458e+04 -1.998571111743342463e-12
5.453921778919691133e+04 -1.914900012422950889e-12
5.455333905332144786e+04 -1.931014497649872888e-12
5.456746031749294343e+04 -1.744488482219274634e-12
5.458158158159868617e+04 -1.928547823240252666e-12
5.459570284568149509e+04 -2.111792192443457000e-12
5.460982410981402063e+04 -1.903451834278863156e-12
5.462394537389498146e+04 -2.122648592912421715e-12
5.463806663812206534e+04 -1.764309572683748214e-12
5.465218790222174721e+04 -1.616002504631397992e-12
5.466630916631357104e+04 -1.743446689766133903e-12
5.468043043041646160e+04 -1.873588655800885890e-12
5.469455169460579782e+04 -1.942049914986576956e-12
5.470867295869855297e+04 -1.937974066854241175e-12
5.472279422280400468e+04 -1.954524390569470701e-12
5.473691548692023207e+04 -1.947573063394003822e-12
5.475103675097887026e+04 -1.830401413400855388e-12
5.476515801519384695e+04 -1.694663439423187589e-12
5.477927927929539146e+04 -1.387274663776224444e-12
5.479340054339737981e+04 -1.604397068575870841e-12
5.480752180749526451e+04 -1.701859390016449051e-12
5.482164307161351462e+04 -1.778200358513064010e-12
5.483576433578273281e+04 -1.728218387486693781e-12
5.484988559991997317e+04 -1.909873693517702129e-12
5.486400686398577091e+04 -1.802547971250203350e-12
5.487812812808338640e+04 -1.824653422444997681e-12
5.489224939218877989e+04 -1.723070416234859894e-12
5.490637065641152003e+04 -1.887429000413324941e-12
5.492049192049091653e+04 -2.134812508846309817e-12
5.493461318458643655e+04 -1.990885254952179973e-12
5.494873444870536332e+04 -1.839299507802840523e-12
5.496285571287855419e+04 -1.619396242451851301e-12
5.497697697700506978e+04 -1.697411002177768750e-12
5.499109824111875787e+04 -1.367049054533268808e-12
5.500521950521930557e+04 -1.354737771122623058e-12
5.501934076928968716e+04 -1.362234390930208797e-12
5.503346203350579890e+04 -1.308860000808009590e-12
5.504758329761643108e+04 -1.560833330295623030e-12
5.506170456169361569e+04 -1.627336283414333910e-12
5.507582582579024165e+04 -1.866694693146573035e-12
5.508994708991887455e+04 -1.669640639678443057e-12
5.510406835408210463e+04 -1.514692804099631801e-12
5.511818961821380799e+04 -1.450808838084639675e-12
5.513231088232006732e+04 -1.469898366063822135e-12
5.514643214641240047e+04 -1.374968325582919781e-12
5.516055341060757928e+04 -1.373898180550357867e-12
5.517467467471256532e+04 -1.279814761278210512e-12
5.518879593879907770e+04 -1.532692406176889008e-12
5.520291720291897218e+04 -1.381295236648814245e-12
5.521703846701540169e+04 -1.302715733102570629e-12
5.523115973118926195e+04 -1.150307761150024371e-12
5.524528099530655891e+04 -1.090547447034996313e-12
5.525940225938503863e+04 -1.142326510043034723e-12
5.527352352351249283e+04 -1.215992445639401030e-12
5.528764478758528276e+04 -1.098797717965328937e-12
5.530176605177928286e+04 -1.262401661977579002e-12
5.531588731591516989e+04 -1.158382312024178368e-12
5.533000857999389700e+04 -9.721216899242063330e-13
5.534412984409248020e+04 -1.015253875571175237e-12
5.535825110829010373e+04 -1.014738583924257921e-12
5.537237237240926333e+04 -8.813950841830337661e-13
5.538649363647967402e+04 -8.462688757297588350e-13
5.540061490058171330e+04 -7.770559435082575807e-13
5.541473616469671833e+04 -7.002280359441460845e-13
5.542885742890418624e+04 -7.092247050117921816e-13
5.544297869300407183e+04 -6.779023577371057661e-13
5.545709995712024829e+04 -3.595345402311242286e-13
5.547122122120325366e+04 -3.966599352147302517e-13
5.548534248528465105e+04 -3.234337942805441584e-13
5.549946374951641337e+04 -5.424352578015325720e-14
5.551358501358715148e+04 5.203578849801978490e-14
5.552770627767903352e+04 2.647285972848811421e-13
5.554182754179851327e+04 1.759068892634072480e-13
5.555594880588444357e+04 5.539186434363285589e-13
5.557007007011981477e+04 3.243916554588723159e-13
5.558419133421411971e+04 3.876370290745814855e-13
5.559831259831404896e+04 7.771915798833789302e-13
5.561243386238764651e+04 8.937124392744701615e-13
5.562655512658628140e+04 9.418603940296940923e-13
5.564067639069595316e+04 7.742152184064941397e-13
5.565479765479679918e+04 9.184391853410753708e-13
5.566891891890148690e+04 5.766682916100585421e-13
5.568304018301103497e+04 8.450666659735999278e-13
5.569716144721012824e+04 1.000829473370184781e-12
5.571128271128561755e+04 1.046835489654504624e-12
5.572540397538879188e+04 1.251738262404889459e-12
5.573952523952027695e+04 1.507431714057453006e-12
5.575364650361274107e+04 1.576759375321262209e-12
5.576776776780359796e+04 1.447433699828907645e-12
5.578188903191119607e+04 1.746796058050501112e-12
5.579601029599775939e+04 1.878256748709482586e-12
5.581013156012205582e+04 1.793774633745189901e-12
5.582425282428508945e+04 1.900330550513295212e-12
5.583837408841398428e+04 1.988362672166011923e-12
5.585249535248772736e+04 2.232821249382456849e-12
5.586661661658434605e+04 2.317109841508143559e-12
5.588073788072193565e+04 2.508672395959827972e-12
5.589485914489864081e+04 2.777034175715047071e-12
5.590898040899028274e+04 2.632054909251938693e-12
5.592310167310410179e+04 2.694850597770785727e-12
5.593722293720772723e+04 2.880752197091811364e-12
5.595134420131867228e+04 3.137664150297162367e-12
5.596546546549916093e+04 3.108566821144706384e-12
5.597958672959658725e+04 3.219975314848818021e-12
5.599370799369794986e+04 3.349463193469952686e-12
5.600782925778220670e+04 3.538308515833413514e-12
5.602195052199163183e+04 3.519232504781629379e-12
5.603607178611451673e+04 3.404124988506555506e-12
5.605019305018390878e+04 3.752693577994316957e-12
5.606431431430886732e+04 3.761191109791691815e-12
5.607843557840276480e+04 4.031112611096218025e-12
5.609255684261448187e+04 4.218199743854425083e-12
5.610667810669734172e+04 4.190751809525723803e-12
5.612079937078389776e+04 4.346635280225425384e-12
5.613492063489489374e+04 4.646522490847461905e-12
5.614904189900076744e+04 4.739917206184605945e-12
5.616316316319304315e+04 4.623263485287623689e-12
5.617728442730815004e+04 4.966393984106220608e-12
5.619140569140547450e+04 4.954281498432677953e-12
5.620552695549203781e+04 4.843906225471649609e-12
5.621964821960728295e+04 5.224162119273852147e-12
5.623376948379349051e+04 5.430175917520150509e-12
5.624789074788497237e+04 5.611176147094072630e-12
5.626201201197771297e+04 5.670462050025534380e-12
5.627613327607852261e+04 5.594686814392713684e-12
5.629025454031080881e+04 5.597030847412280683e-12
5.630437580437922588e+04 5.666945011452715986e-12
5.631849706847961352e+04 5.857709737506742186e-12
5.633261833258742990e+04 5.864279623584650265e-12
5.634673959668683528e+04 6.061455988761677837e-12
5.636086086092028563e+04 5.968617115853646290e-12
5.637498212501603848e+04 6.200793091920023085e-12
5.638910338911880535e+04 6.197002088306520830e-12
5.640322465317820024e+04 6.214991799949095864e-12
5.641734591731549881e+04 6.481661656011429496e-12
5.643146718148396030e+04 6.597081050660133141e-12
5.644558844558109558e+04 6.609298374941302478e-12
5.645970970970529015e+04 6.615973099626837240e-12
5.647383097378919774e+04 6.628432409876553106e-12
5.648795223799682572e+04 6.877581690581380288e-12
5.650207350208552816e+04 6.991538289940658330e-12
5.651619476618989574e+04 6.961300923350555777e-12
5.653031603029792313e+04 6.870788280679664285e-12
5.654443729438902665e+04 6.776014838747889487e-12
5.655855855859169969e+04 6.882909338063264986e-12
5.657267982271571964e+04 6.741775472604407993e-12
5.658680108681656566e+04 7.059305240611692122e-12
5.660092235092220653e+04 7.158603886091509360e-12
5.661504361501821404e+04 7.332483662056908232e-12
5.662916487921425141e+04 7.461074478252411153e-12
5.664328614331868448e+04 7.349958082052566152e-12
5.665740740740658657e+04 7.412663437934652722e-12
