5.300000000000023283e+04 1.077149581233807041e-11
5.301412126411304052e+04 1.066740402377080180e-11
5.302824252819061076e+04 1.070872037420458814e-11
5.304236379240440874e+04 1.054475477273261293e-11
5.305648505649762956e+04 1.056237807779532013e-11
5.307060632057890325e+04 1.035458512559323695e-11
5.308472758470677218e+04 1.015093937054591231e-11
5.309884884879889432e+04 1.022069794542812781e-11
5.311297011300070153e+04 1.004510021487534304e-11
5.312709137711324729e+04 9.969488317699213446e-12
5.314121264118173713e+04 9.621603692559078860e-12
5.315533390530569886e+04 9.629672386720169285e-12
5.316945516948532895e+04 9.457199526409381932e-12
5.318357643361684313e+04 9.239918036593408585e-12
5.319769769769054983e+04 9.217920025180527705e-12
5.321181896182174387e+04 9.148178593172180513e-12
5.322594022588767257e+04 8.802897940421950086e-12
5.324006149010501395e+04 8.731392946032476360e-12
5.325418275419731071e+04 8.670707387899293192e-12
5.326830401831588097e+04 8.593583579700275577e-12
5.328242528238310479e+04 8.689881950756947041e-12
5.329654654650537123e+04 8.734661807800463114e-12
5.331066781070390425e+04 8.503841884100437651e-12
5.332478907478125620e+04 8.434909957548101470e-12
5.333891033889674145e+04 8.343181368408820492e-12
5.335303160299182491e+04 8.290181374127523280e-12
5.336715286721338634e+04 8.076407324919636643e-12
5.338127413130709465e+04 7.981551065822775898e-12
5.339539539541248087e+04 7.644926875215582769e-12
5.340951665949096787e+04 7.459819156920297945e-12
5.342363792362011009e+04 7.270927687625292696e-12
5.343775918780129723e+04 7.176175664093162929e-12
5.345188045189339027e+04 7.103125485137927667e-12
5.346600171600261092e+04 7.264017860352249731e-12
5.348012298011530220e+04 7.072800516569690048e-12
5.349424424417930277e+04 7.078390041046996222e-12
5.350836550841984717e+04 7.022113431939177580e-12
5.352248677249614411e+04 6.962051435074838748e-12
5.353660803661495447e+04 6.931392740409274568e-12
5.355072930067742709e+04 6.803841919621000903e-12
5.356485056490671559e+04 6.682975872045556730e-12
5.357897182899808831e+04 6.501216958166249211e-12
5.359309309311622201e+04 6.415694175512606094e-12
5.360721435722172464e+04 5.994399004949337263e-12
5.362133562131958024e+04 6.167183925866105988e-12
5.363545688547901227e+04 6.065703711993357545e-12
5.364957814958410017e+04 5.892172516120176308e-12
5.366369941370073502e+04 5.580980597275902652e-12
5.367782067779382487e+04 5.494714554744165480e-12
5.369194194191411952e+04 5.432317595084768650e-12
5.370606320608031820e+04 5.316896865097903592e-12
5.372018447018008737e+04 5.250164050526096394e-12
5.373430573431117955e+04 4.990543409565555178e-12
5.374842699837745022e+04 4.930733990119224812e-12
5.376254826248120662e+04 4.958830729664884458e-12
5.377666952672172192e+04 4.788030161007263161e-12
5.379079079080218071e+04 4.731822898700773084e-12
5.380491205489965068e+04 4.558302901689918008e-12
5.381903331898444594e+04 4.464980197571017996e-12
5.383315458321020560e+04 4.237040448971159121e-12
5.384727584728741203e+04 4.105480866195501365e-12
5.386139711139469000e+04 3.915745950277128361e-12
5.387551837548926414e+04 3.957873313706084940e-12
5.388963963961425179e+04 3.992212471402680197e-12
5.390376090380691312e+04 3.768224198302150677e-12
5.391788216789133730e+04 3.596891252958550350e-12
5.393200343200457428e+04 3.747853381585298714e-12
5.394612469611543202e+04 3.491712571729954852e-12
5.396024596018195734e+04 3.617281107741357514e-12
5.397436722438598372e+04 3.601053439359806408e-12
5.398848848849778733e+04 3.635390874154505518e-12
5.400260975260809937e+04 3.603723592718804025e-12
5.401673101669954485e+04 3.528055808912410469e-12
5.403085228089449811e+04 3.377128913629442776e-12
5.404497354501472000e+04 3.519897179272329260e-12
5.405909480908550177e+04 3.253491750643873980e-12
5.407321607320992189e+04 3.125235487674130748e-12
5.408733733731549000e+04 3.147245559400286266e-12
5.410145860149673535e+04 3.257478890212458649e-12
5.411557986560031713e+04 3.090523838587539584e-12
5.412970112970762420e+04 3.043017575438109170e-12
5.414382239377849328e+04 2.967260200733104302e-12
5.415794365791451855e+04 2.860567777898356175e-12
5.417206492211658770e+04 2.851245500317465114e-12
5.418618618617937318e+04 2.848396854322003412e-12
5.420030745030010439e+04 2.843745708362556701e-12
5.421442871438574366e+04 2.832831124849038730e-12
5.422854997849090432e+04 2.451655275554504416e-12
5.424267124269417400e+04 2.552135603311692256e-12
5.425679250682309794e+04 2.420449042666272132e-12
5.427091377088763693e+04 2.400162906577626939e-12
5.428503503499802900e+04 2.306253037492443828e-12
5.429915629921854270e+04 2.384202632570392690e-12
5.431327756331654382e+04 2.540136625344597657e-12
5.432739882738449523e+04 2.603903981172368532e-12
5.434152009151676612e+04 2.475179433467191631e-12
5.435564135559776332e+04 2.541714458901295242e-12
5.436976261980280105e+04 2.608868695276955037e-12
5.438388388390555338e+04 2.485966866820757699e-12
5.439800514801807003e+04 2.448852458749485775e-12
5.441212641207728302e+04 2.484516183424012016e-12
5.442624767622245417e+04 2.235629565858249068e-12
5.444036894040826883e+04 2.146719558076338366e-12
5.445449020450587705e+04 2.040150495017370378e-12
5.446861146858758730e+04 1.840380364713387581e-12
5.448273273271215294e+04 2.055553927131696849e-12
5.449685399689318001e+04 1.991155644629474219e-12
5.451097526099724200e+04 1.993185567643780003e-12
5.452509652508413274e+04 1.804618434630767884e-12
5.453921778919244389e+04 1.657942282906529753e-12
5.455333905328313995e+04 1.683744806286979982e-12
5.456746031750895054e+04 1.521023958362585738e-12
5.458158158160640596e+04 1.716355893381513879e-12
5.459570284570739750e+04 1.719188688679529178e-12
5.460982410980908026e+04 1.771345753208027034e-12
5.462394537391177437e+04 1.813140941151362857e-12
5.463806663808123267e+04 1.489654049794198366e-12
5.465218790220954543e+04 1.542467539945213929e-12
5.466630916628031991e+04 1.482972980820446073e-12
5.468043043041873170e+04 1.075153487439652481e-12
5.469455169459727767e+04 1.061235196759998856e-12
5.470867295868807560e+04 9.514150178225768015e-13
5.472279422281488951e+04 1.065636866524850731e-12
5.473691548690843047e+04 1.238778169698883651e-12
5.475103675099254178e+04 9.553284171899967634e-13
5.476515801519076922e+04 8.548901282390800191e-13
5.477927927931652084e+04 5.004199474990740184e-13
5.479340054342182702e+04 4.879616438864062558e-13
5.480752180748413230e+04 2.373552256476842175e-13
5.482164307161301986e+04 1.431538415616350976e-13
5.483576433580848970e+04 1.280050543475924573e-13
5.484988559988266934e+04 -4.023114712746866161e-14
5.486400686401764688e+04 -5.432276173789729489e-14
5.487812812811679760e+04 3.790107555149578615e-14
5.489224939220415399e+04 -1.194935934504533163e-13
5.490637065640120272e+04 -3.691065864557270660e-13
5.492049192048848636e+04 -7.024257343551088187e-13
5.493461318458356982e+04 -8.358252040659023377e-13
5.494873444870522508e+04 -7.019615845842260822e-13
5.496285571291393717e+04 -6.282858199504181478e-13
5.497697697697956755e+04 -6.257593566095778794e-13
5.499109824108075554e+04 -6.612428657457436872e-13
5.500521950518323138e+04 -9.562040149850521034e-13
5.501934076932207245e+04 -1.236909184773018127e-12
5.503346203350830910e+04 -1.280047547034765695e-12
5.504758329762011272e+04 -1.450170670666733840e-12
5.506170456169624958e+04 -1.528225018179982079e-12
5.507582582580736198e+04 -1.700321209063675713e-12
5.508994708990053914e+04 -1.545914741110794564e-12
5.510406835411136126e+04 -1.719778973920545237e-12
5.511818961820451659e+04 -2.006156970492506521e-12
5.513231088230380556e+04 -1.940532671000825229e-12
5.514643214638187055e+04 -2.192242780194363398e-12
5.516055341058926570e+04 -2.281261675376124914e-12
5.517467467469927215e+04 -2.303240390287766292e-12
5.518879593881975597e+04 -2.272251587618856568e-12
5.520291720290331432e+04 -2.513605678093680287e-12
5.521703846702349256e+04 -2.662556060321129592e-12
5.523115973117755493e+04 -2.957433821108653650e-12
5.524528099527860468e+04 -3.159722489404753817e-12
5.525940225938494405e+04 -2.994298063824572198e-12
5.527352352351911395e+04 -2.953413946404038165e-12
5.528764478759489430e+04 -3.060025392849656519e-12
5.530176605181049672e+04 -3.113606952666074962e-12
5.531588731588238443e+04 -3.374440171981283527e-12
5.533000857998504944e+04 -3.446687995523377875e-12
5.534412984410885838e+04 -3.515716060001532097e-12
5.535825110829890764e+04 -3.674932180888326405e-12
5.537237237239513343e+04 -3.624559353563711461e-12
5.538649363648745930e+04 -3.886330865251684318e-12
5.540061490058405616e+04 -3.923246105863734768e-12
5.541473616470284469e+04 -3.833338537883824593e-12
5.542885742888489040e+04 -4.249380408274865283e-12
5.544297869301951141e+04 -4.180242422655722236e-12
5.545709995711487136e+04 -4.194803700323102456e-12
5.547122122118404513e+04 -4.461159509376942507e-12
5.548534248532115453e+04 -4.523081637273698940e-12
5.549946374948969606e+04 -4.541122143030612741e-12
5.551358501360393711e+04 -4.650802766914428582e-12
5.552770627768018312e+04 -4.941474579592528735e-12
5.554182754179189942e+04 -4.810401716602596481e-12
5.555594880589079548e+04 -5.235734163179634216e-12
5.557007007011136011e+04 -5.459557726858870840e-12
5.558419133420706930e+04 -5.313641719451312185e-12
5.559831259829575720e+04 -5.526966952715193382e-12
5.561243386240787368e+04 -5.586486321627269055e-12
5.562655512661979446e+04 -5.966840346717234228e-12
5.564067639067714481e+04 -5.917780026057276034e-12
5.565479765480919013e+04 -5.740385222681479395e-12
5.566891891888015380e+04 -5.919675907304043716e-12
5.568304018298825395e+04 -6.201761466091382806e-12
5.569716144720604643e+04 -6.284906644128032452e-12
5.571128271131079964e+04 -6.018774812320720478e-12
5.572540397538903926e+04 -5.946296464504891323e-12
5.573952523949128954e+04 -5.975104762533752219e-12
5.575364650361031090e+04 -6.134946296808929160e-12
5.576776776779485226e+04 -6.256892948453778197e-12
5.578188903191492864e+04 -6.136795659704495241e-12
5.579601029598258174e+04 -6.096670997439881945e-12
5.581013156011579122e+04 -6.098204724708033019e-12
5.582425282427966158e+04 -6.389055719183355796e-12
5.583837408841503202e+04 -6.565555302733797451e-12
5.585249535248549364e+04 -6.726534986001717484e-12
5.586661661661550897e+04 -6.769339105295569283e-12
5.588073788068641443e+04 -6.937188343004705322e-12
5.589485914491254516e+04 -6.836598438686907725e-12
5.590898040899260377e+04 -6.905841521321729419e-12
5.592310167308597738e+04 -6.951767538851806754e-12
5.593722293719698064e+04 -6.853864672331591995e-12
5.595134420129343198e+04 -6.997322098733027001e-12
5.596546546547740581e+04 -7.117315324207768512e-12
5.597958672960461990e+04 -7.302908728547643251e-12
5.599370799367751169e+04 -7.368684643406205194e-12
5.600782925779114885e+04 -7.200999770537982176e-12
5.602195052199652127e+04 -7.339125504730904294e-12
5.603607178608745016e+04 -7.244069561304254282e-12
5.605019305021742912e+04 -7.192796690028974580e-12
5.606431431430482917e+04 -7.056778064855316257e-12
5.607843557839363348e+04 -7.061601845584779671e-12
5.609255684258449037e+04 -7.023705240052554813e-12
5.610667810671116604e+04 -7.037499481795669155e-12
5.612079937078712828e+04 -7.077994223387623270e-12
5.613492063490959845e+04 -7.354741198358863272e-12
5.614904189900194615e+04 -7.339778829130009180e-12
5.616316316320586338e+04 -7.369141556989121956e-12
5.617728442732112308e+04 -7.260936081708980143e-12
5.619140569139035506e+04 -7.059733875348732626e-12
5.620552695548432530e+04 -7.176206178508048327e-12
5.621964821961688722e+04 -6.952872952708519839e-12
5.623376948378864472e+04 -7.083819354699258326e-12
5.624789074787904246e+04 -6.902614181489444552e-12
5.626201201200782816e+04 -6.928464256962234797e-12
5.627613327612151625e+04 -6.934198074473361183e-12
5.629025454032193375e+04 -6.975275846067047567e-12
5.630437580441309547e+04 -6.780680279318629097e-12
5.631849706850137591e+04 -6.624644635332538180e-12
5.633261833260182902e+04 -6.508045526593650453e-12
5.634673959670835757e+04 -6.258433222749134788e-12
5.636086086091317702e+04 -6.395149278610444509e-12
5.637498212499490182e+04 -6.349067166168555815e-12
5.638910338909550046e+04 -6.174817003334017720e-12
5.640322465321460186e+04 -6.222908708547835088e-12
5.641734591730071406e+04 -6.129029851696787049e-12
5.643146718150551897e+04 -5.983234792002353848e-12
5.644558844559176214e+04 -5.899597897764479795e-12
5.645970970971701172e+04 -5.981042571629409449e-12
5.647383097380409890e+04 -5.970899848165466728e-12
5.648795223801029351e+04 -5.760053870730464550e-12
5.650207350209103606e+04 -5.642256311432459729e-12
5.651619476622111688e+04 -5.370508164023353722e-12
5.653031603029935650e+04 -5.649532470721218728e-12
5.654443729438841547e+04 -5.421854086339039391e-12
5.655855855859476287e+04 -5.517414495440947390e-12
5.657267982269987988e+04 -5.454508935141741337e-12
5.658680108678985562e+04 -5.217600276139937339e-12
5.660092235087908921e+04 -5.037993266729198260e-12
5.661504361498622166e+04 -4.985718355710988782e-12
5.662916487920907093e+04 -5.093587865121338478e-12
5.664328614332152210e+04 -5.047375156715703975e-12
5.665740740741656919e+04 -4.947568139019618255e-12
