5.299999999999750435e+04 1.619848928889602760e-11
5.301412126410932251e+04 1.624370568222584713e-11
5.302824252818714012e+04 1.603238462129744369e-11
5.304236379240899987e+04 1.585339991876374585e-11
5.305648505649173603e+04 1.570136395015229687e-11
5.307060632057727344e+04 1.551318842311323127e-11
5.308472758470142435e+04 1.550701091475531551e-11
5.309884884877246077e+04 1.563772072401509502e-11
5.311297011298235157e+04 1.547120288291060910e-11
5.312709137710121286e+04 1.513531909751208110e-11
5.314121264118763065e+04 1.507378771292359041e-11
5.315533390528398013e+04 1.503849586573892366e-11
5.316945516949710873e+04 1.495053116988790222e-11
5.318357643362457020e+04 1.462519547267273233e-11
5.319769769768368860e+04 1.448631160133225355e-11
5.321181896182230412e+04 1.449963407622993963e-11
5.322594022591356043e+04 1.439704738449402125e-11
5.324006149010611989e+04 1.425874506050754645e-11
5.325418275417203404e+04 1.419030416747763104e-11
5.326830401830261690e+04 1.388567292202113098e-11
5.328242528241173568e+04 1.386031535765234700e-11
5.329654654648459109e+04 1.377631097501097029e-11
5.331066781071250443e+04 1.362368976193286343e-11
5.332478907478659676e+04 1.330382302566856498e-11
5.333891033892782434e+04 1.336535449492375572e-11
5.335303160300483432e+04 1.314842316431879734e-11
5.336715286722571909e+04 1.307152751086872301e-11
5.338127413130927016e+04 1.276875136929814759e-11
5.339539539542482817e+04 1.275761995576004058e-11
5.340951665949704329e+04 1.256952824875598403e-11
5.342363792360662046e+04 1.235586155329233263e-11
5.343775918782448571e+04 1.227395001863618111e-11
5.345188045187363605e+04 1.217023443753987438e-11
5.346600171598458837e+04 1.213439400657052607e-11
5.348012298008818470e+04 1.195837012682901926e-11
5.349424424420123250e+04 1.189233822724970385e-11
5.350836550838687981e+04 1.166984610054440941e-11
5.352248677248458262e+04 1.148597598819245963e-11
5.353660803659025987e+04 1.154179742217387209e-11
5.355072930068269488e+04 1.127086058901262237e-11
5.356485056488064583e+04 1.118966364132159612e-11
5.357897182902235363e+04 1.109096145787477544e-11
5.359309309311675315e+04 1.094628288455848772e-11
5.360721435718684370e+04 1.073393326431159981e-11
5.362133562131608778e+04 1.061721411956191888e-11
5.363545688552035426e+04 1.021122249488169153e-11
5.364957814962795965e+04 1.001434035220616271e-11
5.366369941368110449e+04 9.759248610107322774e-12
5.367782067776839540e+04 9.813727004416679902e-12
5.369194194192184659e+04 9.491746987269733696e-12
5.370606320609270188e+04 9.276473092023698216e-12
5.372018447022474720e+04 9.044498181802206514e-12
5.373430573427405761e+04 8.832843392956639578e-12
5.374842699839455599e+04 8.682932078788144323e-12
5.376254826251519262e+04 8.517464217677754359e-12
5.377666952667580335e+04 8.192675523802162123e-12
5.379079079079924122e+04 8.038879024010955747e-12
5.380491205487443949e+04 8.152657976421506006e-12
5.381903331900913327e+04 7.757511930493335560e-12
5.383315458321745245e+04 7.313858637638643346e-12
5.384727584729941736e+04 7.143476721142484713e-12
5.386139711140019790e+04 7.051118218567428486e-12
5.387551837548856565e+04 6.809693262621191352e-12
5.388963963959742978e+04 6.576476686992209221e-12
5.390376090379548259e+04 6.290077004705978409e-12
5.391788216787383863e+04 6.191912398372573631e-12
5.393200343200073985e+04 6.048336637072448731e-12
5.394612469609051914e+04 5.872779891748270257e-12
5.396024596019480668e+04 5.688611075271562977e-12
5.397436722439777077e+04 5.589649924605468042e-12
5.398848848847868067e+04 5.445890605895344372e-12
5.400260975262568536e+04 5.488552915269519173e-12
5.401673101670942560e+04 5.193037225620281120e-12
5.403085228091969475e+04 5.155780490059389659e-12
5.404497354496840853e+04 5.040387225863483771e-12
5.405909480912652361e+04 4.916777453346929591e-12
5.407321607317914459e+04 4.733016391707193567e-12
5.408733733728938387e+04 4.658359551636640352e-12
5.410145860149520740e+04 4.489229121885407859e-12
5.411557986562560836e+04 4.251437609234516864e-12
5.412970112968939065e+04 4.183298524775101096e-12
5.414382239377281803e+04 4.089422117566067020e-12
5.415794365788153664e+04 4.125416303266300252e-12
5.417206492211089062e+04 3.930525747200369437e-12
5.418618618617064931e+04 3.858049921374086563e-12
5.420030745031091647e+04 3.705490684321864841e-12
5.421442871440359158e+04 3.479413205007977453e-12
5.422854997847950290e+04 3.499199700383245644e-12
5.424267124271226203e+04 3.395507600185635976e-12
5.425679250678917015e+04 3.329462153933996536e-12
5.427091377092745097e+04 2.986828428605131805e-12
5.428503503499826911e+04 2.843524955418732576e-12
5.429915629919931962e+04 2.897259863195339046e-12
5.431327756332111312e+04 2.872856661891827199e-12
5.432739882741425390e+04 2.973531240829119299e-12
5.434152009151322272e+04 2.795742455461581326e-12
5.435564135557637928e+04 2.792310857583873301e-12
5.436976261978211551e+04 2.437310826645571940e-12
5.438388388391877379e+04 2.351041553280449810e-12
5.439800514802290854e+04 2.366469181057387122e-12
5.441212641207766865e+04 2.267307765418759581e-12
5.442624767620590865e+04 2.120212127092944588e-12
5.444036894038514583e+04 2.250939772804619004e-12
5.445449020451345132e+04 2.079818659555277765e-12
5.446861146858405846e+04 1.833863019050058908e-12
5.448273273270676145e+04 1.638119474183418640e-12
5.449685399689755286e+04 1.491434300029040679e-12
5.451097526097359514e+04 1.373606247260650135e-12
5.452509652511930472e+04 1.416358190450039689e-12
5.453921778921640362e+04 1.406940092294192934e-12
5.455333905330323614e+04 1.113524136855277185e-12
5.456746031751720147e+04 1.138491557061110992e-12
5.458158158160156745e+04 1.142114840352213095e-12
5.459570284571724187e+04 8.503055202510018960e-13
5.460982410979733686e+04 7.597496282066135614e-13
5.462394537389685138e+04 7.048950879623742189e-13
5.463806663809422025e+04 6.022483393124841230e-13
5.465218790221835661e+04 5.368215244303372118e-13
5.466630916628587875e+04 2.660863109088529856e-13
5.468043043039039912e+04 2.026273759597347812e-13
5.469455169460634352e+04 -3.832547845598791890e-14
5.470867295872843533e+04 3.943300087155437769e-15
5.472279422279923165e+04 -6.892018634548480403e-14
5.473691548687049362e+04 -2.395536193911381234e-13
5.475103675097895757e+04 -3.591725422408485821e-13
5.476515801519904198e+04 -4.216538590038705871e-13
5.477927927932479361e+04 -5.860454369980654548e-13
5.479340054342528310e+04 -6.210441680603088116e-13
5.480752180749884428e+04 -9.413182076058363124e-13
5.482164307156846917e+04 -1.192586401441042344e-12
5.483576433582136815e+04 -1.196222779848724858e-12
5.484988559988707129e+04 -1.321306881869946593e-12
5.486400686402838619e+04 -1.414988442775377798e-12
5.487812812812803895e+04 -1.496964775680815734e-12
5.489224939216920029e+04 -1.727680409820794107e-12
5.490637065639586217e+04 -1.733467548237888083e-12
5.492049192048955592e+04 -2.154922134932033432e-12
5.493461318460870098e+04 -2.260777187144147120e-12
5.494873444871440734e+04 -2.480050850282974737e-12
5.496285571289996733e+04 -2.614875461261370206e-12
5.497697697698512638e+04 -2.749107179547689335e-12
5.499109824110366753e+04 -2.707964129474725272e-12
5.500521950520986866e+04 -2.914206796948719875e-12
5.501934076928175637e+04 -2.995481412227740532e-12
5.503346203351138684e+04 -3.045169703203099268e-12
5.504758329759449407e+04 -3.188650637796951492e-12
5.506170456171232217e+04 -3.350681482360702284e-12
5.507582582579204609e+04 -3.732913937117520596e-12
5.508994708990149957e+04 -3.857462042470429718e-12
5.510406835408162442e+04 -4.084870482340214976e-12
5.511818961818857497e+04 -4.085553686181121706e-12
5.513231088231527974e+04 -4.359857544748665049e-12
5.514643214642386738e+04 -4.302015511701094297e-12
5.516055341059155762e+04 -4.457112266257597050e-12
5.517467467471313284e+04 -4.619973973390593724e-12
5.518879593878849846e+04 -4.698409657706110078e-12
5.520291720291994716e+04 -4.684303507814443650e-12
5.521703846702586452e+04 -4.911980623352001154e-12
5.523115973120104900e+04 -4.946496189767997768e-12
5.524528099528959137e+04 -5.262988901511969580e-12
5.525940225942389952e+04 -5.608648501882418191e-12
5.527352352350003639e+04 -5.655885748278502664e-12
5.528764478759666235e+04 -5.619108790695775523e-12
5.530176605178613681e+04 -5.779361408739043339e-12
5.531588731590915995e+04 -5.916991535555875440e-12
5.533000858002564200e+04 -6.145247997113183636e-12
5.534412984407689510e+04 -6.128848847152696732e-12
5.535825110829023470e+04 -6.250172392936593664e-12
5.537237237237969384e+04 -6.376974664564325653e-12
5.538649363651782915e+04 -6.332427787291919086e-12
5.540061490060350479e+04 -6.496599909194454556e-12
5.541473616467733518e+04 -6.815527409510910822e-12
5.542885742887879314e+04 -6.908378559402840373e-12
5.544297869298862497e+04 -6.947005540869371339e-12
5.545709995711459487e+04 -7.177004556043375916e-12
5.547122122120637505e+04 -7.377609550051591601e-12
5.548534248529985052e+04 -7.389898188073033821e-12
5.549946374950596510e+04 -7.671986867669813109e-12
5.551358501357263594e+04 -7.752848760998677004e-12
5.552770627768562554e+04 -7.823547489193836364e-12
5.554182754179956100e+04 -7.802018665979745218e-12
5.555594880587294028e+04 -7.772926735606796244e-12
5.557007007010961388e+04 -7.892277885900222965e-12
5.558419133418503770e+04 -7.766545349830394453e-12
5.559831259829360351e+04 -8.036754952465681306e-12
5.561243386241632834e+04 -8.261835622474345931e-12
5.562655512662171532e+04 -8.222156967679678211e-12
5.564067639072126622e+04 -8.490847536791627753e-12
5.565479765482094081e+04 -8.334314383412966797e-12
5.566891891889343242e+04 -8.473260343668267631e-12
5.568304018300960888e+04 -8.521937601332462521e-12
5.569716144722009631e+04 -8.488137750770950640e-12
5.571128271131973452e+04 -8.504582056305854758e-12
5.572540397538831894e+04 -8.687701005677401390e-12
5.573952523947235750e+04 -8.950636045274347108e-12
5.575364650362305838e+04 -8.916664151974312169e-12
5.576776776781913941e+04 -8.838085324487898546e-12
5.578188903190620476e+04 -8.945076039396562196e-12
5.579601029599730828e+04 -8.995048810490738556e-12
5.581013156008532678e+04 -9.070655949624866856e-12
5.582425282431930827e+04 -9.248390096747362650e-12
5.583837408840274293e+04 -9.051874843113960763e-12
5.585249535252614442e+04 -9.107376462739574095e-12
5.586661661660110985e+04 -9.220458664636892782e-12
5.588073788068218710e+04 -9.059449239166421279e-12
5.589485914491194853e+04 -9.286435474415421579e-12
5.590898040901540662e+04 -9.203616538491389228e-12
5.592310167312546400e+04 -9.137753972316131912e-12
5.593722293719410663e+04 -9.219461177998054585e-12
5.595134420127230260e+04 -9.272957438563874463e-12
5.596546546548249171e+04 -9.415261618888457368e-12
5.597958672957160161e+04 -9.245775588988703855e-12
5.599370799370948953e+04 -9.133441163403705089e-12
5.600782925781101221e+04 -9.144845655278091731e-12
5.602195052202059014e+04 -8.996426507066156320e-12
5.603607178609912808e+04 -9.056694749127074613e-12
5.605019305019816966e+04 -9.155467601047856680e-12
5.606431431427865755e+04 -9.341964187385684592e-12
5.607843557839145797e+04 -9.227662784979146359e-12
5.609255684257877147e+04 -9.147798829844866707e-12
5.610667810667416052e+04 -9.289301950279319187e-12
5.612079937080204400e+04 -9.105078044001824490e-12
5.613492063488907297e+04 -9.174279864905109100e-12
5.614904189896862226e+04 -9.354356683228281235e-12
5.616316316321335034e+04 -9.634108110293314117e-12
5.617728442732225085e+04 -9.596482679467320416e-12
5.619140569141109154e+04 -9.536174700500918076e-12
5.620552695551923534e+04 -9.496800845833553627e-12
5.621964821958597167e+04 -9.308045126107715725e-12
5.623376948378850648e+04 -9.521741172694737347e-12
5.624789074788388098e+04 -9.206636543308299549e-12
5.626201201197753107e+04 -9.215743519556423832e-12
5.627613327611693967e+04 -9.196469314172899984e-12
5.629025454029411048e+04 -9.254920495919336078e-12
5.630437580440731836e+04 -9.113776813857230663e-12
5.631849706850214716e+04 -9.066386941619622340e-12
5.633261833260460844e+04 -8.873045221756145101e-12
5.634673959670321346e+04 -8.795630504978162798e-12
5.636086086091632023e+04 -8.941607639725705288e-12
5.637498212502435490e+04 -8.786290525966056095e-12
5.638910338911699364e+04 -8.814279757211775925e-12
5.640322465322061908e+04 -8.824033361285530675e-12
5.641734591731277760e+04 -8.646425649771399527e-12
5.643146718152279209e+04 -8.743674501055657161e-12
5.644558844559867430e+04 -8.869940324459333520e-12
5.645970970968707115e+04 -8.825751079336297912e-12
5.647383097380743129e+04 -8.869463481593505575e-12
5.648795223802753753e+04 -8.928619090300823713e-12
5.650207350207262061e+04 -8.682093134890735911e-12
5.651619476618950284e+04 -8.572970173758171348e-12
5.653031603031924169e+04 -8.490783415875957377e-12
5.654443729442243057e+04 -8.682989021487140223e-12
5.655855855857754796e+04 -8.711435227145945976e-12
5.657267982267581101e+04 -8.662130758553119828e-12
5.658680108678675606e+04 -8.677070028792752675e-12
5.660092235091228213e+04 -8.573625832698683965e-12
5.661504361498417711e+04 -8.298473049332129631e-12
5.662916487919985229e+04 -8.395562952994444617e-12
5.664328614330453274e+04 -8.370420329159878757e-12
5.665740740740622277e+04 -8.372943622658217493e-12
