5.299999999999909051e+04 -1.657893336063595520e-11
5.301412126409851771e+04 -1.650748096557313996e-11
5.302824252821151458e+04 -1.650541854716565890e-11
5.304236379240358656e+04 -1.625371190631804682e-11
5.305648505650840525e+04 -1.622269483104300086e-11
5.307060632061000069e+04 -1.587168496433967444e-11
5.308472758469300607e+04 -1.571765262953938916e-11
5.309884884880327445e+04 -1.598764009260328874e-11
5.311297011300001759e+04 -1.581218786717160982e-11
5.312709137709091010e+04 -1.593322937175922995e-11
5.314121264120818523e+04 -1.575814980900487287e-11
5.315533390529166354e+04 -1.563092219704238125e-11
5.316945516950061574e+04 -1.556074906259660380e-11
5.318357643359845679e+04 -1.566898842146976698e-11
5.319769769770855783e+04 -1.523650085893534880e-11
5.321181896181028424e+04 -1.508739856051631112e-11
5.322594022590692475e+04 -1.496748838381092386e-11
5.324006149010521040e+04 -1.475338552441883398e-11
5.325418275420553982e+04 -1.457265555785772557e-11
5.326830401830170740e+04 -1.471336736966931496e-11
5.328242528240020329e+04 -1.458721138200341673e-11
5.329654654649786971e+04 -1.431187066805303840e-11
5.331066781071438163e+04 -1.443562371436638357e-11
5.332478907479806367e+04 -1.421605108204693704e-11
5.333891033889988466e+04 -1.406576736926137619e-11
5.335303160301163007e+04 -1.394615206529255113e-11
5.336715286720702716e+04 -1.382033674017480785e-11
5.338127413131341018e+04 -1.367297485789401039e-11
5.339539539541090926e+04 -1.345322775274232500e-11
5.340951665950103779e+04 -1.341951211882837885e-11
5.342363792359161744e+04 -1.324953264452318012e-11
5.343775918778822233e+04 -1.322397653166973456e-11
5.345188045190283447e+04 -1.332725874014042068e-11
5.346600171598696761e+04 -1.329649121313396156e-11
5.348012298009609367e+04 -1.293020107534709737e-11
5.349424424418204580e+04 -1.275727175685158712e-11
5.350836550838397670e+04 -1.277560474408697787e-11
5.352248677249444154e+04 -1.266472632851165655e-11
5.353660803660641250e+04 -1.245894139314617958e-11
5.355072930069087306e+04 -1.220075032864439448e-11
5.356485056490148418e+04 -1.213474797593971212e-11
5.357897182898904430e+04 -1.203708600149815098e-11
5.359309309309172386e+04 -1.202057896055720343e-11
5.360721435719249712e+04 -1.201192859505294546e-11
5.362133562129428901e+04 -1.187096161982649606e-11
5.363545688550537307e+04 -1.188096774843788873e-11
5.364957814960341784e+04 -1.193001626828663281e-11
5.366369941368362197e+04 -1.171478702916606679e-11
5.367782067781517253e+04 -1.170135522700787451e-11
5.369194194188733672e+04 -1.159706862088132313e-11
5.370606320609632530e+04 -1.121817617143918697e-11
5.372018447021101019e+04 -1.122115244714675751e-11
5.373430573429816286e+04 -1.083663163567370898e-11
5.374842699839689885e+04 -1.096193260098374818e-11
5.376254826249188773e+04 -1.077155562698941551e-11
5.377666952671259787e+04 -1.079144540577306777e-11
5.379079079080407973e+04 -1.066235995596713936e-11
5.380491205489281128e+04 -1.051092336989002890e-11
5.381903331899625482e+04 -1.042968548113454103e-11
5.383315458320143807e+04 -1.019054477758306477e-11
5.384727584730873059e+04 -1.022203929540579438e-11
5.386139711140935833e+04 -1.024813700617980080e-11
5.387551837549043557e+04 -1.033121945497427905e-11
5.388963963958515524e+04 -9.997424758100359152e-12
5.390376090380092501e+04 -9.910019701455081423e-12
5.391788216789654689e+04 -9.956589801217124754e-12
5.393200343199190684e+04 -1.002606138363084954e-11
5.394612469608696847e+04 -9.905339771754755735e-12
5.396024596021540492e+04 -9.674438442227895416e-12
5.397436722441442544e+04 -9.606302582123005982e-12
5.398848848850733339e+04 -9.741365153486881067e-12
5.400260975259279803e+04 -9.496526038179171284e-12
5.401673101668429445e+04 -9.654152066593717654e-12
5.403085228089377779e+04 -9.272380815419632303e-12
5.404497354501263908e+04 -9.332490925241511778e-12
5.405909480910733691e+04 -9.266860661290365419e-12
5.407321607319149916e+04 -9.231248534990135944e-12
5.408733733728840161e+04 -9.151064618496827425e-12
5.410145860150411318e+04 -8.942606935551559759e-12
5.411557986559247365e+04 -9.013776960109566222e-12
5.412970112969834008e+04 -8.809257449144345583e-12
5.414382239380351530e+04 -8.573526659502614735e-12
5.415794365789942094e+04 -8.562145099260681299e-12
5.417206492210015858e+04 -8.456766983153775765e-12
5.418618618620708730e+04 -8.414185932940215132e-12
5.420030745030767139e+04 -8.229074849324609621e-12
5.421442871439915325e+04 -8.140025826760763808e-12
5.422854997850037034e+04 -8.028665873613960333e-12
5.424267124270821660e+04 -7.818641657927446593e-12
5.425679250678476092e+04 -7.882390630717027156e-12
5.427091377088677837e+04 -7.892920922374919693e-12
5.428503503498732607e+04 -7.669909276658414295e-12
5.429915629918619379e+04 -7.690442470545311616e-12
5.431327756328987016e+04 -7.510212283025345749e-12
5.432739882740578469e+04 -7.484871531196332284e-12
5.434152009150872618e+04 -7.249988907847885815e-12
5.435564135561316652e+04 -7.317119377563867987e-12
5.436976261981216521e+04 -7.166657034876451270e-12
5.438388388391324406e+04 -7.232006169239093568e-12
5.439800514798406221e+04 -7.201620720362408845e-12
5.441212641208594869e+04 -6.925232921235332243e-12
5.442624767618651094e+04 -6.703539004541266959e-12
5.444036894039708568e+04 -6.412270881655196527e-12
5.445449020449123782e+04 -6.377549298940005630e-12
5.446861146860008012e+04 -6.491199983582639873e-12
5.448273273268960475e+04 -6.347978883891306985e-12
5.449685399690873601e+04 -5.999870837917355875e-12
5.451097526101470430e+04 -5.975375274182496784e-12
5.452509652509677835e+04 -6.006535551198941577e-12
5.453921778920286306e+04 -6.051220699096322688e-12
5.455333905328436958e+04 -5.818513774302393284e-12
5.456746031750816474e+04 -5.855718058265530073e-12
5.458158158158307197e+04 -5.652276159018066041e-12
5.459570284569171781e+04 -5.573636066497653048e-12
5.460982410980293935e+04 -5.440488725356240644e-12
5.462394537389970355e+04 -5.329670928542334711e-12
5.463806663811238832e+04 -5.065346573165838125e-12
5.465218790221049858e+04 -5.039729717459347438e-12
5.466630916630080173e+04 -5.081349181629507157e-12
5.468043043038923497e+04 -4.826446731468824642e-12
5.469455169460899197e+04 -4.721215539852226406e-12
5.470867295871403621e+04 -4.646101511007546686e-12
5.472279422280476865e+04 -4.472541993167423302e-12
5.473691548689556657e+04 -4.236524924134529389e-12
5.475103675099834800e+04 -4.022498257003459229e-12
5.476515801520453533e+04 -3.817338433225752470e-12
5.477927927930558508e+04 -3.840701660833880262e-12
5.479340054339762719e+04 -3.649452881090686763e-12
5.480752180750159459e+04 -3.768367656783409202e-12
5.482164307160647877e+04 -3.757439651450319428e-12
5.483576433579828881e+04 -3.367412460018968985e-12
5.484988559990341309e+04 -3.110960974036918683e-12
5.486400686399860570e+04 -2.987568600047117752e-12
5.487812812810410833e+04 -3.091147263422655598e-12
5.489224939218638610e+04 -2.894296863394884722e-12
5.490637065640372748e+04 -2.626329550026886925e-12
5.492049192050315469e+04 -2.492782261560932204e-12
5.493461318458810274e+04 -2.552246598538591790e-12
5.494873444870888488e+04 -2.260110826973276329e-12
5.496285571288649953e+04 -2.199912984368755624e-12
5.497697697700896970e+04 -1.991522186812232875e-12
5.499109824108808243e+04 -1.590185780559429296e-12
5.500521950518410449e+04 -1.482423740142318198e-12
5.501934076929719595e+04 -1.332374870767150091e-12
5.503346203350037831e+04 -1.069236955468206537e-12
5.504758329759491608e+04 -8.528536641856020757e-13
5.506170456170335819e+04 -7.038757055801533112e-13
5.507582582580238522e+04 -5.883084257071235497e-13
5.508994708989049832e+04 -3.240525689105668298e-13
5.510406835410183703e+04 -2.167882600226960088e-13
5.511818961821537232e+04 -1.709285848442729309e-13
5.513231088229174202e+04 3.515994069479878744e-14
5.514643214638734207e+04 3.129994644185672610e-14
5.516055341060218780e+04 1.338227141349446496e-13
5.517467467469027906e+04 4.164595195820122273e-13
5.518879593880454922e+04 7.099670000289586298e-13
5.520291720291506499e+04 9.792048875998712568e-13
5.521703846701515431e+04 1.052689345155101228e-12
5.523115973119455157e+04 1.246053514920473992e-12
5.524528099529087922e+04 1.570453358553989576e-12
5.525940225938438380e+04 1.777070390346622566e-12
5.527352352350058209e+04 1.855769054116549677e-12
5.528764478760845668e+04 2.096199317890381735e-12
5.530176605178826867e+04 2.595577046698655175e-12
5.531588731591008400e+04 2.583646877359046825e-12
5.533000858001218876e+04 2.704734497498790105e-12
5.534412984409995988e+04 2.734193105988564540e-12
5.535825110830985795e+04 2.868138852679498595e-12
5.537237237238980742e+04 3.107517067611420819e-12
5.538649363650876330e+04 3.253476125034281720e-12
5.540061490060732467e+04 3.436446007568600092e-12
5.541473616470175330e+04 3.571477059658371220e-12
5.542885742890366964e+04 3.703893501097159242e-12
5.544297869300837192e+04 4.044285033130875918e-12
5.545709995711457304e+04 4.300160485764949088e-12
5.547122122118607513e+04 4.824867549972246250e-12
5.548534248530722107e+04 4.832741412099735735e-12
5.549946374950671452e+04 5.085594737168833567e-12
5.551358501359499496e+04 5.497518641321110561e-12
5.552770627769435669e+04 5.574531148018158389e-12
5.554182754178458708e+04 5.922850397946925380e-12
5.555594880589885724e+04 6.110474461168276437e-12
5.557007007008863729e+04 6.209844060534763102e-12
5.558419133420989237e+04 6.491994674974210746e-12
5.559831259830954514e+04 6.506421319732731171e-12
5.561243386239030224e+04 6.957290637513258819e-12
5.562655512658321095e+04 7.271954996381123984e-12
5.564067639068420976e+04 7.356765669311161355e-12
5.565479765481523646e+04 7.536606953661682992e-12
5.566891891888574901e+04 7.651930517572751329e-12
5.568304018301211909e+04 7.891353901858113545e-12
5.569716144718349096e+04 8.271040537734340280e-12
5.571128271129899076e+04 8.742517504379959675e-12
5.572540397538828984e+04 8.733249100510860018e-12
5.573952523949357419e+04 8.885247945764981836e-12
5.575364650360874657e+04 9.178636794613335960e-12
5.576776776780559885e+04 9.497740159281246337e-12
5.578188903190486599e+04 9.866248372914385821e-12
5.579601029601103073e+04 1.016483219377473532e-11
5.581013156011289539e+04 1.030736607401731922e-11
5.582425282429400977e+04 1.064518593110414608e-11
5.583837408840231365e+04 1.087707223794672347e-11
5.585249535250413464e+04 1.102126795330264257e-11
5.586661661660731625e+04 1.145448920760136810e-11
5.588073788069985312e+04 1.159302336641526287e-11
5.589485914489785500e+04 1.178519265787221903e-11
5.590898040899934131e+04 1.200751274093291421e-11
5.592310167309716053e+04 1.236547291780502136e-11
5.593722293719377194e+04 1.277143967915183575e-11
5.595134420130163926e+04 1.307180446309063508e-11
5.596546546549611958e+04 1.328227305090534782e-11
5.597958672960847616e+04 1.350114959122447628e-11
5.599370799368476582e+04 1.393789008415926767e-11
5.600782925779529614e+04 1.417646368896015076e-11
5.602195052201554063e+04 1.442811009883269150e-11
5.603607178608334652e+04 1.495861695765819703e-11
5.605019305019705644e+04 1.506376202968334838e-11
5.606431431431307283e+04 1.513737541844248859e-11
5.607843557838573179e+04 1.536674241700617523e-11
5.609255684261379793e+04 1.555195314620093271e-11
5.610667810668974562e+04 1.582080436425174750e-11
5.612079937081551179e+04 1.618257067960923553e-11
5.613492063489426073e+04 1.645081087047232267e-11
5.614904189899834455e+04 1.679062909917392990e-11
5.616316316318228201e+04 1.710031788003221583e-11
5.617728442730665120e+04 1.745515566330204373e-11
5.619140569140238222e+04 1.769848346664400433e-11
5.620552695549667260e+04 1.793956248146118386e-11
5.621964821961396956e+04 1.829571737329529831e-11
5.623376948379841633e+04 1.847269437463461944e-11
5.624789074791110033e+04 1.869109092852764522e-11
5.626201201200930518e+04 1.914165324361474485e-11
5.627613327611225395e+04 1.955726862558598067e-11
5.629025454029566026e+04 1.975840006276838935e-11
5.630437580438543228e+04 2.004408579957258599e-11
5.631849706848480855e+04 2.017958269164260317e-11
5.633261833258612751e+04 2.050222614234047330e-11
5.634673959668470343e+04 2.084569539498955467e-11
5.636086086089954188e+04 2.103325741239574142e-11
5.637498212500137743e+04 2.141209650243683734e-11
5.638910338911556755e+04 2.190062887093781811e-11
5.640322465320923948e+04 2.226075221310978246e-11
5.641734591730624379e+04 2.233020381677102561e-11
5.643146718149849039e+04 2.264351433595202397e-11
5.644558844561439037e+04 2.259501337042209754e-11
5.645970970971416682e+04 2.306678493059811484e-11
5.647383097380608524e+04 2.335345396948101853e-11
5.648795223799454106e+04 2.358232807608904613e-11
5.650207350209257856e+04 2.390589352760024392e-11
5.651619476618271437e+04 2.413937838282469314e-11
5.653031603031131090e+04 2.428066638309879624e-11
5.654443729441439791e+04 2.481756296815308440e-11
5.655855855861154123e+04 2.482638042303757551e-11
5.657267982271016808e+04 2.493045086154409865e-11
5.658680108681359707e+04 2.517544496729808462e-11
5.660092235089810856e+04 2.523351166024337751e-11
5.661504361501418316e+04 2.545261032458078777e-11
5.662916487918651546e+04 2.578006877871859582e-11
5.664328614329454285e+04 2.583788306928780242e-11
5.665740740740059846e+04 2.611080771919571988e-11
