5.300000000000088767e+04 6.392763797700254616e-12
5.301412126406020252e+04 6.669835068754252995e-12
5.302824252822611015e+04 6.740675035062233984e-12
5.304236379240888346e+04 6.803518158963226746e-12
5.305648505645829573e+04 6.842919178618246343e-12
5.307060632060051284e+04 7.110980344711142730e-12
5.308472758473766589e+04 7.039495333505433930e-12
5.309884884878365119e+04 7.067367035794172946e-12
5.311297011302932515e+04 7.182830595638091992e-12
5.312709137709120114e+04 7.152297021753804434e-12
5.314121264118653926e+04 7.103859377417948316e-12
5.315533390531842451e+04 7.133790764525170860e-12
5.316945516950981983e+04 7.365660360443888851e-12
5.318357643363169336e+04 7.198110139410517402e-12
5.319769769768703554e+04 7.360987416808973078e-12
5.321181896180405602e+04 7.502043673223989417e-12
5.322594022587424843e+04 7.408042655359894011e-12
5.324006149013543472e+04 7.597470236690250436e-12
5.325418275418382837e+04 7.908271371855429051e-12
5.326830401830480696e+04 7.994185283683762656e-12
5.328242528243864945e+04 7.936992831961899896e-12
5.329654654646516428e+04 7.878086377352520176e-12
5.331066781066053227e+04 7.784403435155752974e-12
5.332478907483347575e+04 7.933428967956489095e-12
5.333891033889229584e+04 7.604573175403109178e-12
5.335303160297453724e+04 7.846298770833446724e-12
5.336715286722614837e+04 7.993309609781800673e-12
5.338127413131329376e+04 7.581052638784209413e-12
5.339539539539394900e+04 7.459267646991036654e-12
5.340951665948515438e+04 7.513604500363489319e-12
5.342363792363533867e+04 7.410782677631803136e-12
5.343775918782786903e+04 7.361380182309118527e-12
5.345188045187845273e+04 7.483103361826856547e-12
5.346600171602422051e+04 7.457414888422733122e-12
5.348012298013849795e+04 7.429401693972261368e-12
5.349424424422638549e+04 7.392260564910643986e-12
5.350836550839446863e+04 7.392331713415178054e-12
5.352248677247802698e+04 7.434014756965351555e-12
5.353660803662856779e+04 7.339657674639649066e-12
5.355072930068788264e+04 7.378506367810092153e-12
5.356485056492257718e+04 7.141171697508009479e-12
5.357897182904309011e+04 7.079516206336553203e-12
5.359309309307908552e+04 6.792076248017674314e-12
5.360721435720869340e+04 6.711513927098277100e-12
5.362133562133167288e+04 6.656557019337891314e-12
5.363545688546411839e+04 6.562292655425337703e-12
5.364957814955816866e+04 6.470479534560407551e-12
5.366369941367988940e+04 6.358378787857274494e-12
5.367782067781264777e+04 6.145149617218161172e-12
5.369194194188918482e+04 6.105110715806707037e-12
5.370606320608131500e+04 6.010315152652154915e-12
5.372018447019754967e+04 6.248751819927183475e-12
5.373430573427646596e+04 6.152027198676838973e-12
5.374842699842483853e+04 5.840237067104738455e-12
5.376254826249276084e+04 5.710083916585946763e-12
5.377666952670735191e+04 5.621885204139149630e-12
5.379079079080517840e+04 5.467701243790204217e-12
5.380491205493499001e+04 5.302915512387767202e-12
5.381903331896257441e+04 5.127335490448982552e-12
5.383315458320065954e+04 5.123610656976300112e-12
5.384727584730841045e+04 4.934610610551019158e-12
5.386139711142136366e+04 4.892813922556951418e-12
5.387551837553578662e+04 4.751907367746498237e-12
5.388963963957757369e+04 4.572774105787143434e-12
5.390376090383707196e+04 4.532930299370023935e-12
5.391788216789071885e+04 4.206824187256590024e-12
5.393200343201225041e+04 4.366952750031902655e-12
5.394612469611677807e+04 4.302807383140677823e-12
5.396024596017904696e+04 4.211328756828739135e-12
5.397436722437969001e+04 4.158962813613569574e-12
5.398848848851085495e+04 3.999929487093577255e-12
5.400260975261675776e+04 3.876780761973674430e-12
5.401673101668382151e+04 3.833044069960040148e-12
5.403085228091807949e+04 3.581313578260858115e-12
5.404497354501998052e+04 3.311826222687929494e-12
5.405909480912297295e+04 3.175841792247729695e-12
5.407321607316083100e+04 2.989976787167045174e-12
5.408733733728653897e+04 3.077208073115535618e-12
5.410145860153463582e+04 2.731465617628482805e-12
5.411557986560049903e+04 2.637824527493207941e-12
5.412970112971586059e+04 2.720035497696408236e-12
5.414382239376445068e+04 2.538841826555967483e-12
5.415794365787530842e+04 2.615443332763661070e-12
5.417206492211787554e+04 2.281964819049154086e-12
5.418618618618875189e+04 2.284620815259147445e-12
5.420030745029999525e+04 2.362097351490933971e-12
5.421442871438201837e+04 2.152573054110560285e-12
5.422854997846337210e+04 1.918766190653219091e-12
5.424267124267360487e+04 1.904215194689668281e-12
5.425679250675679214e+04 1.725169500120509596e-12
5.427091377086151624e+04 1.711711164900803323e-12
5.428503503500572697e+04 1.535889366822175077e-12
5.429915629918615741e+04 1.451288321968914796e-12
5.431327756333316211e+04 1.512029828505199121e-12
5.432739882740647590e+04 1.376890809707113789e-12
5.434152009151546372e+04 1.213334885034638101e-12
5.435564135560463183e+04 1.131927474412061145e-12
5.436976261979403353e+04 9.099170973943063155e-13
5.438388388391103217e+04 7.948657803560714180e-13
5.439800514798380755e+04 5.960826535878468694e-13
5.441212641210202128e+04 6.279481693290799635e-13
5.442624767618035548e+04 5.073279526010909923e-13
5.444036894040401967e+04 4.846872750903012938e-13
5.445449020447127259e+04 4.359560224461410691e-13
5.446861146856501728e+04 1.537250360881952574e-13
5.448273273273422092e+04 1.484516763403532825e-13
5.449685399690094346e+04 -3.677846516140904513e-14
5.451097526100551477e+04 -1.031777265333817640e-13
5.452509652508497675e+04 -1.114064857003439689e-13
5.453921778916464973e+04 -2.214522961842781560e-13
5.455333905334264273e+04 -4.812119449110047751e-13
5.456746031751542614e+04 -5.152814545981308525e-13
5.458158158161270694e+04 -7.369177385739446450e-13
5.459570284573292884e+04 -8.334678689217655520e-13
5.460982410977948166e+04 -7.303424577748039609e-13
5.462394537389435573e+04 -5.256839454511388262e-13
5.463806663805906283e+04 -9.196959931502146080e-13
5.465218790222064854e+04 -1.260617735031395018e-12
5.466630916634318419e+04 -1.253662566289491693e-12
5.468043043039843178e+04 -1.290560631455527389e-12
5.469455169463386119e+04 -1.475752784163013500e-12
5.470867295870964153e+04 -1.390321136858627990e-12
5.472279422282744781e+04 -1.273692319041123878e-12
5.473691548693293589e+04 -1.421625834975884303e-12
5.475103675103237038e+04 -1.325436920112622432e-12
5.476515801516750071e+04 -1.591957286464787566e-12
5.477927927930781880e+04 -1.590169237622326242e-12
5.479340054341804353e+04 -1.846599393887991822e-12
5.480752180745702208e+04 -2.021823029426236280e-12
5.482164307159250893e+04 -2.092622552155565509e-12
5.483576433579556033e+04 -2.305102892832928318e-12
5.484988559985735628e+04 -2.141238550661158681e-12
5.486400686396571109e+04 -2.245767615562735442e-12
5.487812812811622280e+04 -2.346688388885934905e-12
5.489224939219493535e+04 -2.325960028646340510e-12
5.490637065643101960e+04 -2.289286032978747869e-12
5.492049192052128637e+04 -2.408407945905366163e-12
5.493461318463729549e+04 -2.791099332910112220e-12
5.494873444873994595e+04 -2.495348199057027870e-12
5.496285571293286921e+04 -2.719854246695373060e-12
5.497697697702497680e+04 -2.876213548425036753e-12
5.499109824106042652e+04 -2.831425403851180017e-12
5.500521950519345410e+04 -2.698315244218595432e-12
5.501934076934379846e+04 -2.747176560192311542e-12
5.503346203351341683e+04 -2.908300558153236925e-12
5.504758329761270579e+04 -2.847859742581817005e-12
5.506170456173253478e+04 -2.980323448833836026e-12
5.507582582578031725e+04 -3.101810325173619347e-12
5.508994708987842751e+04 -3.124217275017929617e-12
5.510406835413021327e+04 -3.319994779893244876e-12
5.511818961823020800e+04 -3.120390064964062630e-12
5.513231088232219918e+04 -3.275970274472128292e-12
5.514643214644242107e+04 -3.074051462481438367e-12
5.516055341064043751e+04 -3.271048472040808826e-12
5.517467467470104748e+04 -2.979840540432019089e-12
5.518879593883432972e+04 -3.309946421868236447e-12
5.520291720290263038e+04 -3.285772671151144738e-12
5.521703846701522707e+04 -3.267294664064017765e-12
5.523115973122186551e+04 -3.460577786074481157e-12
5.524528099532584747e+04 -3.471505681268665836e-12
5.525940225939142692e+04 -3.221628270076722867e-12
5.527352352346960106e+04 -3.312945604982454786e-12
5.528764478757100005e+04 -3.400106064365345078e-12
5.530176605182712956e+04 -3.495454074731576200e-12
5.531588731591033866e+04 -3.511923182867144017e-12
5.533000857998409629e+04 -3.729345286189767885e-12
5.534412984408463672e+04 -3.701513021420510979e-12
5.535825110828696052e+04 -3.699447461216472268e-12
5.537237237242659467e+04 -3.639884895058490509e-12
5.538649363646078564e+04 -3.664264686693690611e-12
5.540061490056160255e+04 -3.783620327286787426e-12
5.541473616465993109e+04 -3.956336702402798319e-12
5.542885742885977379e+04 -4.137494316382569749e-12
5.544297869298543810e+04 -4.101689555838248242e-12
5.545709995710918156e+04 -4.015131766140825657e-12
5.547122122121081338e+04 -4.039848949779428530e-12
5.548534248526467854e+04 -4.198108978978643816e-12
5.549946374950466998e+04 -3.934478336502951974e-12
5.551358501362922834e+04 -4.156488713520706400e-12
5.552770627774102468e+04 -4.254716145717505092e-12
5.554182754184034275e+04 -4.404460246220145016e-12
5.555594880588544765e+04 -4.469351545622710267e-12
5.557007007009329391e+04 -4.188144325076616430e-12
5.558419133418778802e+04 -4.232443122469965783e-12
5.559831259827347094e+04 -4.321143737715718081e-12
5.561243386243210989e+04 -4.231809546646781515e-12
5.562655512663941045e+04 -4.495328154373252335e-12
5.564067639071505255e+04 -4.500417365050534289e-12
5.565479765478178160e+04 -4.632452248641740154e-12
5.566891891888713872e+04 -4.631848291200534359e-12
5.568304018297333823e+04 -4.397277144712583967e-12
5.569716144721899764e+04 -4.324878229356436594e-12
5.571128271132938244e+04 -4.651444070268399819e-12
5.572540397542661231e+04 -4.790277016401451434e-12
5.573952523950843897e+04 -4.723696181470395341e-12
5.575364650358317886e+04 -4.720297794077341510e-12
5.576776776776104089e+04 -4.742404696834656015e-12
5.578188903191265126e+04 -4.716761616820302452e-12
5.579601029599235335e+04 -4.743194091102159566e-12
5.581013156011369574e+04 -4.781376048739159966e-12
5.582425282431994856e+04 -4.769144944737938236e-12
5.583837408836769464e+04 -4.901039462953681887e-12
5.585249535250696499e+04 -5.180611233712288663e-12
5.586661661657160585e+04 -5.051147998330226070e-12
5.588073788072339812e+04 -5.023149613070743552e-12
5.589485914491590665e+04 -5.078873379373214310e-12
5.590898040897395549e+04 -4.954727287434092407e-12
5.592310167312018893e+04 -4.845749670334977046e-12
5.593722293719059235e+04 -4.862472466350966188e-12
5.595134420127470366e+04 -5.156702760677262292e-12
5.596546546551125357e+04 -4.883707558473533785e-12
5.597958672956912051e+04 -4.986784678780313703e-12
5.599370799367433210e+04 -5.024227464623599257e-12
5.600782925777324272e+04 -4.906547194245872690e-12
5.602195052199591737e+04 -4.922211455045079079e-12
5.603607178606006346e+04 -4.887584991001190690e-12
5.605019305021517357e+04 -4.804681852088718630e-12
5.606431431428384531e+04 -4.818122158728090039e-12
5.607843557841105940e+04 -4.953735715515694327e-12
5.609255684261655551e+04 -4.966847644441830396e-12
5.610667810669502796e+04 -5.050916202297353875e-12
5.612079937080109812e+04 -4.948027094328347892e-12
5.613492063494246395e+04 -4.942877359131371710e-12
5.614904189897863398e+04 -4.862934770660972489e-12
5.616316316319797625e+04 -4.782900751533163287e-12
5.617728442729655217e+04 -4.690595707976248361e-12
5.619140569136946579e+04 -4.416843305398471762e-12
5.620552695545957977e+04 -4.407668045763947927e-12
5.621964821960000700e+04 -4.628531032418985797e-12
5.623376948381888360e+04 -4.464056294027319515e-12
5.624789074794464250e+04 -4.871679919878944674e-12
5.626201201201313233e+04 -4.543599678218882841e-12
5.627613327612814464e+04 -4.311234457310432566e-12
5.629025454033847200e+04 -4.270233602362559630e-12
5.630437580436527787e+04 -4.243530699375684417e-12
5.631849706847224297e+04 -4.288898334031722044e-12
5.633261833256160025e+04 -4.211497775388488430e-12
5.634673959667403687e+04 -4.145085636459134126e-12
5.636086086090767640e+04 -4.130499227212783442e-12
5.637498212496242922e+04 -4.023476423324223858e-12
5.638910338905679964e+04 -3.599149317792681701e-12
5.640322465321038180e+04 -3.868398438554047277e-12
5.641734591729605017e+04 -3.582286156401231152e-12
5.643146718147738284e+04 -3.584458600331538529e-12
5.644558844556341501e+04 -3.671677008722646870e-12
5.645970970968465554e+04 -3.596842947265603767e-12
5.647383097379295941e+04 -3.824760259854384487e-12
5.648795223797240033e+04 -3.517410310067523778e-12
5.650207350206917181e+04 -3.312017133095227515e-12
5.651619476618087356e+04 -3.404562986975181662e-12
5.653031603028040990e+04 -3.202338976874543616e-12
5.654443729437062575e+04 -3.263327088634689372e-12
5.655855855861565942e+04 -3.409001881004683787e-12
5.657267982272688823e+04 -2.993022008168016817e-12
5.658680108679011028e+04 -2.982005257827897527e-12
5.660092235088341113e+04 -2.934050521893859154e-12
5.661504361504190456e+04 -2.984135205818845136e-12
5.662916487919059000e+04 -2.942701664942943969e-12
5.664328614331653080e+04 -2.804891196866006997e-12
5.665740740736394946e+04 -2.640297984946428036e-12
