5.300000000000098225e+04 6.342243950532723401e-12
5.301412126407342294e+04 6.286656110806999555e-12
5.302824252820375114e+04 6.312403002459391085e-12
5.304236379241794930e+04 6.474087502646584265e-12
5.305648505648085847e+04 6.572710240589458101e-12
5.307060632062876539e+04 6.301835015876432599e-12
5.308472758467899985e+04 6.206774416271427352e-12
5.309884884880379104e+04 6.266270656508432035e-12
5.311297011302893225e+04 6.287553255350386420e-12
5.312709137709546485e+04 6.170118207101858647e-12
5.314121264117481769e+04 6.094981230260894390e-12
5.315533390528287418e+04 6.243730906431923200e-12
5.316945516949042212e+04 6.123964641084367001e-12
5.318357643357962661e+04 6.184047908625438447e-12
5.319769769767731486e+04 6.151770639860254979e-12
5.321181896182116907e+04 5.960185282289520232e-12
5.322594022592664987e+04 6.113889489890869049e-12
5.324006149009837100e+04 5.997611866433192308e-12
5.325418275417749101e+04 6.025802554326213057e-12
5.326830401832716598e+04 5.945760673206818529e-12
5.328242528239580861e+04 5.940249541267458717e-12
5.329654654648433643e+04 5.726195044768675492e-12
5.331066781069741410e+04 5.774474814238698188e-12
5.332478907482416980e+04 5.913802780869441882e-12
5.333891033888861421e+04 5.793130111790012098e-12
5.335303160300267336e+04 5.793127383870457974e-12
5.336715286720341101e+04 5.817606999509950187e-12
5.338127413132933725e+04 5.769686056381286822e-12
5.339539539542294369e+04 5.781948264617372162e-12
5.340951665947412403e+04 5.873321818644922111e-12
5.342363792360812658e+04 5.844414160049069614e-12
5.343775918778975029e+04 5.635990194430133921e-12
5.345188045192923892e+04 5.771378100944770016e-12
5.346600171597650478e+04 5.669751661272766792e-12
5.348012298007857316e+04 5.739214040841085131e-12
5.349424424419853312e+04 5.385964406409851969e-12
5.350836550837290270e+04 5.541204222880248577e-12
5.352248677251317713e+04 5.417795660327923997e-12
5.353660803658785881e+04 5.526844874026882081e-12
5.355072930069205177e+04 5.416168141553896737e-12
5.356485056490459101e+04 5.207449140943175950e-12
5.357897182899620384e+04 5.133153622364699368e-12
5.359309309310334356e+04 5.038344148738653861e-12
5.360721435721986927e+04 5.061035403270403733e-12
5.362133562128024641e+04 4.814830591185690151e-12
5.363545688548109320e+04 4.849884357457132598e-12
5.364957814958375093e+04 4.445947879309245100e-12
5.366369941369423759e+04 4.659648900385794143e-12
5.367782067781352816e+04 4.649055759236946523e-12
5.369194194191757560e+04 4.230975647720440203e-12
5.370606320610754483e+04 4.157368404229483898e-12
5.372018447022274631e+04 4.191735993813063211e-12
5.373430573431093944e+04 4.328368251324344699e-12
5.374842699837345572e+04 4.169664186860082719e-12
5.376254826252708153e+04 3.965724081628385372e-12
5.377666952668695740e+04 3.949193728489808551e-12
5.379079079078652285e+04 3.718472587794722157e-12
5.380491205490487482e+04 3.703238625964286904e-12
5.381903331898305623e+04 3.533543983456127027e-12
5.383315458322160703e+04 3.429535125733463996e-12
5.384727584732407558e+04 3.369308117815883103e-12
5.386139711139505380e+04 3.263545837339767869e-12
5.387551837549651100e+04 3.108481237240737045e-12
5.388963963962477283e+04 2.922188673125043008e-12
5.390376090377658693e+04 2.910877459613544328e-12
5.391788216790310980e+04 2.680557952612822094e-12
5.393200343200287170e+04 2.797696077309873830e-12
5.394612469608465472e+04 2.595493446994234724e-12
5.396024596022313199e+04 2.719716188613504120e-12
5.397436722440489393e+04 2.793532013030373490e-12
5.398848848852390802e+04 2.649839060352965286e-12
5.400260975260586565e+04 2.742881261787821366e-12
5.401673101672073972e+04 2.570124634500057256e-12
5.403085228088441363e+04 2.349339835861153330e-12
5.404497354497664492e+04 2.330112199803372657e-12
5.405909480910242564e+04 2.224939569630895616e-12
5.407321607322542695e+04 2.185959697601064683e-12
5.408733733728910738e+04 2.095281553219869621e-12
5.410145860152168461e+04 2.103275196873532294e-12
5.411557986560167046e+04 2.263127925310077503e-12
5.412970112967902242e+04 2.208088581024718010e-12
5.414382239377952646e+04 1.974667219650907039e-12
5.415794365787733841e+04 1.770546232368769663e-12
5.417206492210229044e+04 1.944201814069624863e-12
5.418618618621639325e+04 1.806518678010080061e-12
5.420030745030162507e+04 1.886811003128546808e-12
5.421442871441331226e+04 1.821232236725560618e-12
5.422854997848116182e+04 1.718521449030764507e-12
5.424267124272204092e+04 1.433423218982091214e-12
5.425679250679233519e+04 1.340949264174371115e-12
5.427091377092836046e+04 1.280190102103755848e-12
5.428503503500471561e+04 1.057097483522000761e-12
5.429915629917462502e+04 1.150112825441246178e-12
5.431327756330931879e+04 1.069169996429086314e-12
5.432739882740252506e+04 1.027836139663948489e-12
5.434152009150082449e+04 8.108754645600988490e-13
5.435564135558258567e+04 9.359165820456275496e-13
5.436976261981226708e+04 8.961997520562319767e-13
5.438388388391835178e+04 8.352202580216236654e-13
5.439800514798069344e+04 6.736787375410641773e-13
5.441212641207649722e+04 6.840305627293481296e-13
5.442624767621036153e+04 7.824371130475514546e-13
5.444036894037661114e+04 5.375887065011710855e-13
5.445449020450935495e+04 5.744676607943381667e-13
5.446861146858816937e+04 4.501941379033675157e-13
5.448273273269191122e+04 6.451337873259374135e-13
5.449685399692844658e+04 6.869347478547402996e-13
5.451097526102055417e+04 6.807591576639677533e-13
5.452509652511436434e+04 4.735002235346400336e-13
5.453921778920587531e+04 4.132337657035059227e-13
5.455333905330631387e+04 3.529908099485310658e-13
5.456746031749989197e+04 2.499858266218128405e-13
5.458158158161048777e+04 1.698357730000960100e-13
5.459570284570535296e+04 1.902053581512573709e-13
5.460982410979369160e+04 2.089830973225614383e-13
5.462394537388336175e+04 1.254197868186459054e-13
5.463806663809948805e+04 -1.359459627884370143e-13
5.465218790218416689e+04 1.233660961892641629e-14
5.466630916632580920e+04 -7.989896698774993250e-14
5.468043043041059718e+04 6.101906198314202352e-14
5.469455169462388585e+04 -1.400676393948643439e-13
5.470867295869344525e+04 -4.581325674160533812e-13
5.472279422279712162e+04 -5.794376941521252764e-13
5.473691548692838842e+04 -4.364716271159278415e-13
5.475103675097841915e+04 -5.086292961237762394e-13
5.476515801517471118e+04 -6.120699072193032902e-13
5.477927927927960991e+04 -7.396517670096188523e-13
5.479340054337251786e+04 -4.642044966637664776e-13
5.480752180751358537e+04 -4.352390271573618230e-13
5.482164307159695454e+04 -5.305315523844654965e-13
5.483576433578298747e+04 -5.774601623152975345e-13
5.484988559991604416e+04 -5.209876110641555373e-13
5.486400686398535618e+04 -7.664139168760945220e-13
5.487812812808564922e+04 -7.456813085842591146e-13
5.489224939217285282e+04 -7.177138379547594773e-13
5.490637065640923538e+04 -8.223731995711158271e-13
5.492049192047939869e+04 -9.875793652127916829e-13
5.493461318461089832e+04 -9.747102997958802241e-13
5.494873444867982471e+04 -1.054960656921205121e-12
5.496285571289219661e+04 -1.226416696101513981e-12
5.497697697698012053e+04 -1.256930364874908830e-12
5.499109824107233726e+04 -1.515836370403968087e-12
5.500521950522837869e+04 -1.476566079861598140e-12
5.501934076927639398e+04 -1.530111783271051490e-12
5.503346203350040741e+04 -1.700702442432782336e-12
5.504758329757692991e+04 -1.611660630104174695e-12
5.506170456170735997e+04 -1.641804141178061317e-12
5.507582582582237956e+04 -1.850341420378479298e-12
5.508994708989968785e+04 -1.760864819640925608e-12
5.510406835410473286e+04 -1.912046541014504364e-12
5.511818961817277159e+04 -1.711301039420738405e-12
5.513231088230104069e+04 -2.073198598518710658e-12
5.514643214637687925e+04 -2.052582661247808543e-12
5.516055341062687512e+04 -2.084587872497452391e-12
5.517467467471318378e+04 -2.198846153505134089e-12
5.518879593878213200e+04 -2.252454389224368118e-12
5.520291720288788929e+04 -2.159389525073215863e-12
5.521703846697652625e+04 -2.272744235188560797e-12
5.523115973119632690e+04 -2.116120524144322828e-12
5.524528099531158659e+04 -2.132713409592680329e-12
5.525940225939065567e+04 -2.376913830324955810e-12
5.527352352347725537e+04 -2.398526507432968525e-12
5.528764478762672661e+04 -2.650427635226779132e-12
5.530176605180175102e+04 -2.669881478767592789e-12
5.531588731591077521e+04 -2.758627836424484150e-12
5.533000857997306593e+04 -2.812332598527943929e-12
5.534412984409364435e+04 -2.797622816931845866e-12
5.535825110829511686e+04 -2.751218806915283011e-12
5.537237237238964735e+04 -2.758133453465277341e-12
5.538649363651277235e+04 -2.754791122491488016e-12
5.540061490059124480e+04 -2.784678209127280087e-12
5.541473616469027183e+04 -2.702862445857776616e-12
5.542885742889082030e+04 -2.892009672866956187e-12
5.544297869299165905e+04 -3.055800677779900342e-12
5.545709995712008822e+04 -3.119001957371419880e-12
5.547122122121112625e+04 -3.285065109433045178e-12
5.548534248529880279e+04 -3.176719698979070148e-12
5.549946374950235622e+04 -3.182166305128974833e-12
5.551358501358296053e+04 -3.165125621193797643e-12
5.552770627767611586e+04 -3.314086816050259437e-12
5.554182754177277820e+04 -3.438599136822205274e-12
5.555594880589340028e+04 -3.433716580500122283e-12
5.557007007009937661e+04 -3.410462954860276673e-12
5.558419133417894773e+04 -3.497532271511233735e-12
5.559831259828906332e+04 -3.458186438581208862e-12
5.561243386242823908e+04 -3.732415378086163730e-12
5.562655512659626402e+04 -3.685903090647295045e-12
5.564067639069831057e+04 -3.822823668271458607e-12
5.565479765478458285e+04 -4.129747353153372370e-12
5.566891891892763670e+04 -3.992287906497271618e-12
5.568304018300871394e+04 -4.096964474990815894e-12
5.569716144717490533e+04 -4.077963885775930174e-12
5.571128271130507346e+04 -4.224227378033256124e-12
5.572540397541930724e+04 -4.137680143216979916e-12
5.573952523951610056e+04 -3.974114926107136753e-12
5.575364650361514941e+04 -4.091112458027164757e-12
5.576776776782348315e+04 -4.230000495169801432e-12
5.578188903191274585e+04 -4.308452943468944956e-12
5.579601029597245360e+04 -4.265038733283782312e-12
5.581013156011808314e+04 -4.297373393279587106e-12
5.582425282429791696e+04 -4.428978304892447181e-12
5.583837408842674631e+04 -4.387709498516679173e-12
5.585249535247922904e+04 -4.389504049903409843e-12
5.586661661660090613e+04 -4.380434766585530337e-12
5.588073788068848808e+04 -4.330426545317974550e-12
5.589485914492184384e+04 -4.589391725717363382e-12
5.590898040898216277e+04 -4.747515372836478518e-12
5.592310167311606347e+04 -4.668445995038155155e-12
5.593722293718019500e+04 -4.837273998487943257e-12
5.595134420128945931e+04 -4.640019394563687741e-12
5.596546546550758649e+04 -4.635390324920179785e-12
5.597958672962920537e+04 -4.679476862355468742e-12
5.599370799368540611e+04 -4.695355032880625885e-12
5.600782925778619392e+04 -4.741875713918123142e-12
5.602195052200125065e+04 -4.625683128106549010e-12
5.603607178608234972e+04 -4.498105465115547835e-12
5.605019305018469458e+04 -4.531629498036982329e-12
5.606431431428172800e+04 -4.600909421755117983e-12
5.607843557841808797e+04 -4.551575206457414870e-12
5.609255684258851397e+04 -4.442760593840117938e-12
5.610667810667775484e+04 -4.318729226269573680e-12
5.612079937082966353e+04 -4.246580370540284889e-12
5.613492063492051966e+04 -4.362057821748727476e-12
5.614904189902867802e+04 -4.268590904223279068e-12
5.616316316317742894e+04 -4.212710521355363895e-12
5.617728442728982191e+04 -4.353692761355762210e-12
5.619140569142013555e+04 -4.483212703069353205e-12
5.620552695548130578e+04 -4.371489708527349817e-12
5.621964821959613619e+04 -4.228414944388915416e-12
5.623376948381486000e+04 -4.083710143396865829e-12
5.624789074787394929e+04 -3.992842723366601963e-12
5.626201201202714583e+04 -4.060354955213617407e-12
5.627613327610387933e+04 -4.065497713093177645e-12
5.629025454032391281e+04 -3.852771188817374618e-12
5.630437580442540639e+04 -4.170317812123265977e-12
5.631849706852698000e+04 -4.144045009056820155e-12
5.633261833261022548e+04 -3.747944374908383268e-12
5.634673959669667238e+04 -3.787682188894350169e-12
5.636086086091873585e+04 -3.583782372936068514e-12
5.637498212498688372e+04 -3.593983952708905695e-12
5.638910338910327118e+04 -3.516952540657534316e-12
5.640322465320958872e+04 -3.421882445794080376e-12
5.641734591728045052e+04 -3.335907654404254031e-12
5.643146718152192625e+04 -3.238421042495712519e-12
5.644558844562582817e+04 -3.110307867912225259e-12
5.645970970971208590e+04 -3.091701777832870302e-12
5.647383097381314292e+04 -3.082917037508490174e-12
5.648795223802714463e+04 -3.017175854972046449e-12
5.650207350211113226e+04 -2.978849004915497569e-12
5.651619476618678891e+04 -2.897142358428162301e-12
5.653031603032416024e+04 -2.629566185195999367e-12
5.654443729441511823e+04 -2.753345744807694547e-12
5.655855855862289172e+04 -2.577337857091257805e-12
5.657267982270675566e+04 -2.408801950873734876e-12
5.658680108677753742e+04 -2.105245777761495750e-12
5.660092235090489703e+04 -1.936661188671928962e-12
5.661504361499898368e+04 -1.985330630958270749e-12
5.662916487918644998e+04 -1.612209151774534218e-12
5.664328614332202415e+04 -1.802910033889812081e-12
5.665740740738290333e+04 -1.678912240713781100e-12
