5.300000000000064756e+04 2.471336056703751414e-11
5.301412126409525081e+04 2.479586775108295891e-11
5.302824252819271351e+04 2.443149981251034717e-11
5.304236379240841052e+04 2.441131504405851130e-11
5.305648505650593142e+04 2.427708943232052093e-11
5.307060632059224736e+04 2.414697422900638070e-11
5.308472758470507688e+04 2.408595081627920166e-11
5.309884884879727178e+04 2.389859601928101794e-11
5.311297011299968290e+04 2.355705003873148866e-11
5.312709137709964853e+04 2.339940820125288997e-11
5.314121264120552223e+04 2.330570471299155999e-11
5.315533390529330791e+04 2.288546564697835702e-11
5.316945516950282035e+04 2.265685117827212759e-11
5.318357643359313079e+04 2.253698270857865813e-11
5.319769769770754647e+04 2.236063736488761485e-11
5.321181896180565673e+04 2.214821402880327437e-11
5.322594022590462555e+04 2.185237226100370116e-11
5.324006149009602086e+04 2.176047391863603337e-11
5.325418275420500868e+04 2.137248858766144273e-11
5.326830401829303446e+04 2.119916595036458966e-11
5.328242528239888634e+04 2.097686799183787903e-11
5.329654654649943404e+04 2.070113039463885837e-11
5.331066781070853176e+04 2.059866437029947902e-11
5.332478907479191548e+04 2.050412313993669907e-11
5.333891033889245591e+04 2.019468380129739675e-11
5.335303160299725278e+04 2.011616371834258417e-11
5.336715286720106087e+04 1.990225787374485282e-11
5.338127413129789056e+04 1.959824677989169308e-11
5.339539539539199905e+04 1.934746240863737655e-11
5.340951665949840390e+04 1.905239405224330300e-11
5.342363792359627405e+04 1.904816787152442738e-11
5.343775918779690255e+04 1.877415026362868601e-11
5.345188045190159755e+04 1.849107893429471572e-11
5.346600171600112662e+04 1.833868015512524385e-11
5.348012298009657388e+04 1.800835805260379160e-11
5.349424424419675051e+04 1.784594939746653598e-11
5.350836550840462587e+04 1.782854826397981623e-11
5.352248677249490720e+04 1.740537487863619001e-11
5.353660803660155943e+04 1.720716090273761611e-11
5.355072930069662834e+04 1.704999394484709129e-11
5.356485056489815179e+04 1.673544173433637446e-11
5.357897182899674226e+04 1.638880728264843664e-11
5.359309309310738900e+04 1.604727592942003226e-11
5.360721435719235160e+04 1.585029051730951545e-11
5.362133562130613427e+04 1.563836037776134036e-11
5.363545688549922488e+04 1.520273986366440961e-11
5.364957814960918040e+04 1.491696005296704184e-11
5.366369941370128799e+04 1.505655822072149593e-11
5.367782067779963836e+04 1.461493879953430341e-11
5.369194194190955750e+04 1.442018106939762594e-11
5.370606320610746479e+04 1.398454960120819017e-11
5.372018447020204621e+04 1.363368772252737877e-11
5.373430573430082586e+04 1.349006212195996059e-11
5.374842699840848945e+04 1.317826614478475947e-11
5.376254826249169855e+04 1.290170036571771890e-11
5.377666952670505998e+04 1.271930619838314552e-11
5.379079079080715746e+04 1.243149404276270186e-11
5.380491205490533321e+04 1.223273485478690520e-11
5.381903331900935154e+04 1.210890375852834639e-11
5.383315458320892503e+04 1.208867135289278873e-11
5.384727584730657691e+04 1.159840684028838934e-11
5.386139711140346481e+04 1.115627972643063839e-11
5.387551837550818163e+04 1.079295779710296674e-11
5.388963963959340617e+04 1.065864356872441975e-11
5.390376090379696689e+04 1.048211397326185152e-11
5.391788216790029401e+04 1.035319624247919815e-11
5.393200343199940835e+04 9.994914769944346614e-12
5.394612469609227992e+04 9.841952871708109268e-12
5.396024596020864556e+04 9.584013247873959156e-12
5.397436722439639561e+04 9.178361819001444044e-12
5.398848848849187198e+04 8.918689480750564805e-12
5.400260975260322448e+04 8.729626829222232383e-12
5.401673101669531752e+04 8.577077906832745353e-12
5.403085228090855526e+04 8.224567601213454763e-12
5.404497354499345965e+04 8.055749162126972847e-12
5.405909480910858838e+04 8.031575644551124123e-12
5.407321607320145267e+04 7.806562317357341004e-12
5.408733733729720552e+04 7.690249795345571175e-12
5.410145860150468070e+04 7.449247428697600854e-12
5.411557986559742130e+04 7.402728349533385880e-12
5.412970112970844639e+04 7.203060824593519365e-12
5.414382239379251405e+04 7.056759539346846364e-12
5.415794365789449512e+04 6.794505708493575183e-12
5.417206492210004217e+04 6.596195441530350188e-12
5.418618618620639609e+04 6.489019288600854352e-12
5.420030745029386890e+04 6.332066427464425959e-12
5.421442871440076124e+04 6.037609926009753385e-12
5.422854997849623032e+04 6.034417627961851744e-12
5.424267124269232590e+04 5.696528084134237498e-12
5.425679250680682890e+04 5.659790550422789433e-12
5.427091377089449088e+04 5.540023881636907344e-12
5.428503503499566432e+04 5.378205304440781798e-12
5.429915629919576895e+04 5.422043189082804861e-12
5.431327756329663680e+04 5.240556833965355288e-12
5.432739882739501627e+04 4.949881921379294152e-12
5.434152009149695368e+04 4.799155445134355736e-12
5.435564135559753049e+04 4.631586428527047255e-12
5.436976261979695846e+04 4.508800365812073320e-12
5.438388388389799366e+04 4.292544802778800326e-12
5.439800514800303790e+04 4.355968867191996047e-12
5.441212641209191497e+04 4.175115619265273927e-12
5.442624767620790954e+04 4.074571480616768120e-12
5.444036894039914478e+04 3.771107960202087925e-12
5.445449020450021635e+04 3.572508557671443912e-12
5.446861146860267763e+04 3.390819125485770483e-12
5.448273273270914069e+04 3.312863243888299647e-12
5.449685399690116901e+04 3.151801614162232044e-12
5.451097526100817777e+04 3.133120885246924791e-12
5.452509652509317675e+04 3.039028510303350168e-12
5.453921778920401266e+04 2.927681668644550078e-12
5.455333905329505797e+04 2.721691992495491772e-12
5.456746031750094699e+04 2.531478570913892987e-12
5.458158158160274616e+04 2.123501201201840797e-12
5.459570284569259820e+04 2.029817079382498867e-12
5.460982410980861459e+04 1.927273917242009522e-12
5.462394537389644393e+04 1.759966224613965616e-12
5.463806663809717429e+04 1.461893167205296505e-12
5.465218790220090887e+04 1.220206268165858597e-12
5.466630916629506100e+04 1.142093487231439969e-12
5.468043043039486656e+04 5.855670787281791813e-13
5.469455169460404431e+04 3.414721159521060262e-13
5.470867295870614180e+04 2.479223293510203546e-13
5.472279422279244318e+04 1.040020833732478798e-13
5.473691548690777563e+04 -1.798799799927769275e-13
5.475103675100097462e+04 -2.482030818967603780e-13
5.476515801519353408e+04 -4.734137139423562292e-13
5.477927927929312136e+04 -9.075675603243389361e-13
5.479340054340877396e+04 -7.948513915091321652e-13
5.480752180750136904e+04 -1.018172409801051097e-12
5.482164307159752207e+04 -1.450115234924739530e-12
5.483576433579574950e+04 -1.527027919592937855e-12
5.484988559989298665e+04 -1.883945050067373048e-12
5.486400686399720871e+04 -2.095703269397261675e-12
5.487812812810841569e+04 -2.081492334970657367e-12
5.489224939219708176e+04 -2.452093816311071180e-12
5.490637065639288630e+04 -2.536002164894055103e-12
5.492049192049395060e+04 -2.844213858052458522e-12
5.493461318460105394e+04 -3.195379499621818291e-12
5.494873444870019011e+04 -3.411960930508752736e-12
5.496285571289351356e+04 -3.678598759725005126e-12
5.497697697699627315e+04 -3.622866960797827245e-12
5.499109824110721820e+04 -3.969495377895883145e-12
5.500521950520471000e+04 -4.460828537656450682e-12
5.501934076930790616e+04 -4.651239526463337038e-12
5.503346203349401185e+04 -4.730434073227581763e-12
5.504758329760564811e+04 -5.001948900562876493e-12
5.506170456169661338e+04 -5.141877658893511675e-12
5.507582582580215967e+04 -5.325767355025079731e-12
5.508994708989590436e+04 -5.507801021207534617e-12
5.510406835410455824e+04 -5.527189896126893128e-12
5.511818961820365075e+04 -5.976216120461309193e-12
5.513231088230064051e+04 -6.013285031869353783e-12
5.514643214639418147e+04 -6.362095871517129539e-12
5.516055341059350030e+04 -6.478810612063249734e-12
5.517467467470184783e+04 -6.811806365869538554e-12
5.518879593879517051e+04 -7.199470781289773801e-12
5.520291720289201476e+04 -7.216440310413151020e-12
5.521703846700915892e+04 -7.559420949113904839e-12
5.523115973119318369e+04 -7.440388663679388302e-12
5.524528099529653264e+04 -7.812748047289954255e-12
5.525940225939166703e+04 -7.920360264931837632e-12
5.527352352350869478e+04 -8.212586591864674134e-12
5.528764478760786733e+04 -8.332904507317659689e-12
5.530176605179964099e+04 -8.332109515693994203e-12
5.531588731589180679e+04 -8.824323987950896218e-12
5.533000858000278095e+04 -9.169561563267747252e-12
5.534412984410157515e+04 -9.288561839138538170e-12
5.535825110830020276e+04 -9.222847516678154103e-12
5.537237237240932154e+04 -9.448967535181712502e-12
5.538649363649864972e+04 -9.812880591944406315e-12
5.540061490059701464e+04 -1.003017016883539161e-11
5.541473616470710112e+04 -1.017702007701443544e-11
5.542885742890044639e+04 -1.027190508222041835e-11
5.544297869299423473e+04 -1.054176905566260875e-11
5.545709995710706426e+04 -1.084896483873294725e-11
5.547122122119963024e+04 -1.096657532231642580e-11
5.548534248529654724e+04 -1.117306272094406205e-11
5.549946374950254540e+04 -1.133854954166839709e-11
5.551358501359582442e+04 -1.132482950801007014e-11
5.552770627770463034e+04 -1.162471871459993110e-11
5.554182754180494521e+04 -1.160122080871746036e-11
5.555594880590636603e+04 -1.175890201861537278e-11
5.557007007010318193e+04 -1.178155954226332225e-11
5.558419133420604339e+04 -1.190695595866273426e-11
5.559831259829302144e+04 -1.212431191604242839e-11
5.561243386240530526e+04 -1.228131305389791783e-11
5.562655512660628301e+04 -1.242900124532369876e-11
5.564067639069255529e+04 -1.244348504816238585e-11
5.565479765479421621e+04 -1.262137032736075504e-11
5.566891891889234830e+04 -1.278221681083883535e-11
5.568304018300646567e+04 -1.299874340566987916e-11
5.569716144719470321e+04 -1.286848101083729577e-11
5.571128271129681525e+04 -1.289707132346027160e-11
5.572540397539631522e+04 -1.307341463375689664e-11
5.573952523949441820e+04 -1.332683644875675578e-11
5.575364650360921951e+04 -1.327958954557800443e-11
5.576776776779995998e+04 -1.340329417782249971e-11
5.578188903189642588e+04 -1.360747478887414118e-11
5.579601029600283800e+04 -1.350180675866835153e-11
5.581013156010630337e+04 -1.365188464768764572e-11
5.582425282430385414e+04 -1.373315142014288583e-11
5.583837408839571435e+04 -1.385785595769358362e-11
5.585249535249201290e+04 -1.399013049469180689e-11
5.586661661660685058e+04 -1.401505597464172614e-11
5.588073788070275623e+04 -1.403376766362686612e-11
5.589485914489463903e+04 -1.398487016892848225e-11
5.590898040899262560e+04 -1.424182825359955187e-11
5.592310167309499957e+04 -1.442027501203047844e-11
5.593722293720869493e+04 -1.440351144608352872e-11
5.595134420129175851e+04 -1.458245592699303162e-11
5.596546546549221239e+04 -1.474500154108327650e-11
5.597958672959199612e+04 -1.459050685701685519e-11
5.599370799370350142e+04 -1.453157725019884141e-11
5.600782925779654033e+04 -1.464836335632965987e-11
5.602195052200860664e+04 -1.469622027783350226e-11
5.603607178609828406e+04 -1.451506792414738104e-11
5.605019305020085449e+04 -1.448706322911649190e-11
5.606431431429605436e+04 -1.447584125329609316e-11
5.607843557840857829e+04 -1.438218809154658355e-11
5.609255684259571717e+04 -1.451847851692494988e-11
5.610667810669566825e+04 -1.454883775150395041e-11
5.612079937079868978e+04 -1.479387883302422759e-11
5.613492063490731380e+04 -1.468906430372661595e-11
5.614904189899887569e+04 -1.472042974057517475e-11
5.616316316320699116e+04 -1.472679308441965317e-11
5.617728442730330426e+04 -1.485858118099864287e-11
5.619140569140796288e+04 -1.477205093429840025e-11
5.620552695550856151e+04 -1.477755920299386010e-11
5.621964821960104018e+04 -1.493951657575728565e-11
5.623376948379510577e+04 -1.484767956318897052e-11
5.624789074790724408e+04 -1.481167772469625351e-11
5.626201201199583738e+04 -1.510854622548965873e-11
5.627613327610791748e+04 -1.503071969401445386e-11
5.629025454029451794e+04 -1.522595232013754871e-11
5.630437580439879821e+04 -1.500817918893553268e-11
5.631849706849935319e+04 -1.502476591516157607e-11
5.633261833259173000e+04 -1.486085805799870105e-11
5.634673959670752811e+04 -1.458051357617125188e-11
5.636086086089436867e+04 -1.488903959275049653e-11
5.637498212500009686e+04 -1.477603901109038927e-11
5.638910338909729762e+04 -1.469517760565117498e-11
5.640322465319734329e+04 -1.479365214234342047e-11
5.641734591730622924e+04 -1.479363849892281526e-11
5.643146718149250228e+04 -1.502408007090274257e-11
5.644558844560679427e+04 -1.485653624214885710e-11
5.645970970969896007e+04 -1.476476902092440211e-11
5.647383097380575782e+04 -1.474158307710151297e-11
5.648795223800680833e+04 -1.480822174130782889e-11
5.650207350210591540e+04 -1.464727765489773603e-11
5.651619476620605565e+04 -1.469451904823355190e-11
5.653031603029289545e+04 -1.471528066116446950e-11
5.654443729440477182e+04 -1.477678572599499290e-11
5.655855855859248550e+04 -1.468184693422701266e-11
5.657267982270733046e+04 -1.483853112492692864e-11
5.658680108680117701e+04 -1.466780785442532808e-11
5.660092235090163740e+04 -1.481359987276060210e-11
5.661504361499175866e+04 -1.507153713523349461e-11
5.662916487920537475e+04 -1.492804455801696752e-11
5.664328614329554694e+04 -1.480696864560003073e-11
5.665740740739348257e+04 -1.496288932949305999e-11
