5.299999999999845022e+04 1.342470016081836366e-11
5.301412126406360039e+04 1.330199767054667358e-11
5.302824252822228300e+04 1.303999339943252542e-11
5.304236379242358817e+04 1.284438298991315883e-11
5.305648505646488775e+04 1.264240836914752058e-11
5.307060632057055045e+04 1.238634842783359274e-11
5.308472758469911787e+04 1.188961559545561821e-11
5.309884884883172344e+04 1.175575865908134696e-11
5.311297011298682628e+04 1.159944858477420664e-11
5.312709137712121446e+04 1.160745257635268391e-11
5.314121264123120636e+04 1.124669150155147546e-11
5.315533390533390047e+04 1.093580683708974570e-11
5.316945516951430182e+04 1.087406472670534281e-11
5.318357643358829955e+04 1.055437519778992261e-11
5.319769769773385633e+04 1.042155550069562749e-11
5.321181896180938202e+04 1.025789075040838413e-11
5.322594022593144473e+04 1.012766105257929646e-11
5.324006149013088725e+04 9.939116270744790303e-12
5.325418275416790129e+04 9.570746730120979363e-12
5.326830401830896881e+04 9.488018714418332673e-12
5.328242528236996441e+04 9.544848496759986056e-12
5.329654654651501187e+04 9.374352951865560088e-12
5.331066781067194097e+04 9.328906686622399524e-12
5.332478907477883331e+04 9.064389558735553601e-12
5.333891033893307758e+04 8.906861280272190533e-12
5.335303160298351577e+04 8.768986744488085947e-12
5.336715286717175331e+04 8.668924345071273672e-12
5.338127413130736386e+04 8.444019947614255383e-12
5.339539539538494137e+04 8.215219269200162340e-12
5.340951665951404721e+04 7.929368170747459548e-12
5.342363792360638763e+04 7.634020903291072094e-12
5.343775918777346669e+04 7.625925904715208237e-12
5.345188045191361743e+04 7.489092764334487002e-12
5.346600171601990587e+04 7.496507441824352080e-12
5.348012298011359962e+04 7.336506673441261648e-12
5.349424424422505399e+04 6.964301240736977890e-12
5.350836550838124822e+04 6.737003868474649105e-12
5.352248677247695741e+04 6.428225204549621425e-12
5.353660803659618250e+04 6.306654834223714053e-12
5.355072930069349241e+04 6.112675271388763968e-12
5.356485056492901640e+04 6.046857642181540348e-12
5.357897182897080347e+04 5.706409188776868842e-12
5.359309309309986565e+04 5.487512786474545955e-12
5.360721435722479509e+04 5.242283573635619094e-12
5.362133562128910853e+04 5.085110090918747547e-12
5.363545688548663747e+04 5.117022339760768298e-12
5.364957814959270763e+04 4.989589301406970353e-12
5.366369941372266476e+04 4.818729599400712672e-12
5.367782067779142380e+04 4.561510527373931939e-12
5.369194194190543931e+04 4.278268667406243019e-12
5.370606320611172850e+04 4.060583222272144833e-12
5.372018447018295410e+04 3.817540001222745317e-12
5.373430573431773519e+04 3.726583910293801766e-12
5.374842699842734146e+04 3.573357792536264489e-12
5.376254826250722545e+04 3.274438163503946120e-12
5.377666952668486192e+04 3.272031582438316891e-12
5.379079079078441282e+04 3.111486749255820020e-12
5.380491205490231368e+04 2.755292156538946849e-12
5.381903331898241595e+04 2.688248559698380017e-12
5.383315458322025370e+04 2.517765426683177109e-12
5.384727584729435330e+04 2.235733087398341170e-12
5.386139711141389853e+04 2.043707532035553769e-12
5.387551837552143843e+04 1.867016151348747124e-12
5.388963963961229456e+04 1.824684961124810104e-12
5.390376090376507636e+04 1.750759743919364784e-12
5.391788216792034655e+04 1.623392299684106194e-12
5.393200343201185751e+04 1.511040307915477643e-12
5.394612469610638072e+04 1.466605538197599818e-12
5.396024596023058257e+04 9.738498011840666590e-13
5.397436722439077857e+04 7.879868971875497539e-13
5.398848848849380738e+04 5.084632424117194016e-13
5.400260975259141560e+04 3.841210686495350110e-13
5.401673101668593881e+04 2.545071549765782845e-13
5.403085228090344026e+04 1.934144328218302328e-13
5.404497354498234927e+04 -6.045533636873670613e-14
5.405909480906726094e+04 -2.163442460771630875e-13
5.407321607323162607e+04 -3.136082509380402459e-13
5.408733733728111838e+04 -2.355618056224463224e-13
5.410145860147382336e+04 -2.907320115722503654e-13
5.411557986562848237e+04 -5.036758283185368832e-13
5.412970112970635819e+04 -7.895816100570700647e-13
5.414382239383259730e+04 -4.644575180350541282e-13
5.415794365793190809e+04 -8.237542089819525963e-13
5.417206492211715522e+04 -9.018224759629661707e-13
5.418618618623101065e+04 -9.172317675256797280e-13
5.420030745029074751e+04 -1.006577542212819868e-12
5.421442871439209557e+04 -1.059327286451831241e-12
5.422854997846986953e+04 -1.041272117956985901e-12
5.424267124272303045e+04 -1.193116433628793352e-12
5.425679250678139942e+04 -1.308585195146578983e-12
5.427091377089123125e+04 -1.341553147754700698e-12
5.428503503500564693e+04 -1.397833966720426116e-12
5.429915629917519254e+04 -1.522801641090356719e-12
5.431327756331377168e+04 -1.635811527018874382e-12
5.432739882740334724e+04 -1.713513700053846258e-12
5.434152009149083460e+04 -1.703550689444692067e-12
5.435564135559806891e+04 -1.702632048979437402e-12
5.436976261979556875e+04 -1.635556316831288982e-12
5.438388388387388841e+04 -1.642718213246472412e-12
5.439800514798465156e+04 -1.412899728455631030e-12
5.441212641209697176e+04 -1.736347264505901275e-12
5.442624767620778584e+04 -1.529197906942784150e-12
5.444036894037431193e+04 -1.681088835757884519e-12
5.445449020446665236e+04 -1.652114570727259060e-12
5.446861146861992165e+04 -1.895023214079714207e-12
5.448273273271397193e+04 -1.746719366780533542e-12
5.449685399687496101e+04 -1.751776699144386818e-12
5.451097526101093536e+04 -1.848393995062930761e-12
5.452509652509785519e+04 -1.620899388517001135e-12
5.453921778921696387e+04 -1.603245854875929703e-12
5.455333905329111440e+04 -1.735613623988161398e-12
5.456746031751255941e+04 -1.774429847489887975e-12
5.458158158160562743e+04 -1.696203696240283471e-12
5.459570284567112685e+04 -1.629940207798184170e-12
5.460982410981244902e+04 -1.751217599669433820e-12
5.462394537386993761e+04 -1.407268124748855413e-12
5.463806663813246269e+04 -1.434821108556460833e-12
5.465218790222193638e+04 -1.353799298529240506e-12
5.466630916632009757e+04 -1.327612008802861307e-12
5.468043043037713505e+04 -1.568128468223972936e-12
5.469455169457992451e+04 -1.444488977912757242e-12
5.470867295866458153e+04 -1.584471733522761332e-12
5.472279422283096210e+04 -1.671392656341568781e-12
5.473691548691262142e+04 -1.639189301317958427e-12
5.475103675101914268e+04 -1.708373019257872382e-12
5.476515801517981890e+04 -1.839769917942350724e-12
5.477927927931650629e+04 -1.770554887849393697e-12
5.479340054342961230e+04 -1.712409639993664763e-12
5.480752180752093409e+04 -1.770254743108163145e-12
5.482164307159834425e+04 -1.497393281521634340e-12
5.483576433582710888e+04 -1.643233927635147319e-12
5.484988559990264912e+04 -1.874474113296420783e-12
5.486400686400869745e+04 -1.769190129904701939e-12
5.487812812810221658e+04 -1.851327524155646235e-12
5.489224939219695079e+04 -1.925454301241091712e-12
5.490637065643302049e+04 -1.753477497824313129e-12
5.492049192047902034e+04 -1.995607275580251708e-12
5.493461318460226175e+04 -2.027850077460582150e-12
5.494873444872485561e+04 -1.991741935549661254e-12
5.496285571286784398e+04 -2.226101973754540955e-12
5.497697697699704440e+04 -2.063956928148697196e-12
5.499109824112093338e+04 -2.119030486071479668e-12
5.500521950522349653e+04 -1.880534596658174669e-12
5.501934076932619791e+04 -1.935992809854834043e-12
5.503346203346729453e+04 -1.961873305042532078e-12
5.504758329756902822e+04 -1.931085065653043647e-12
5.506170456171923433e+04 -1.981853493057547923e-12
5.507582582576324057e+04 -1.941334663163966361e-12
5.508994708992300002e+04 -2.251360874283480958e-12
5.510406835413218505e+04 -2.214752383535275456e-12
5.511818961816799128e+04 -2.143503483839610980e-12
5.513231088233119954e+04 -2.324814149553370976e-12
5.514643214640913357e+04 -2.197563625543186093e-12
5.516055341060048522e+04 -2.208235323789356567e-12
5.517467467468164250e+04 -2.033298650334622283e-12
5.518879593878587912e+04 -2.028348102096816469e-12
5.520291720291298407e+04 -2.214161003490174797e-12
5.521703846702422743e+04 -2.294116618565996530e-12
5.523115973121198476e+04 -2.385076680005068211e-12
5.524528099528872553e+04 -2.320636333603753942e-12
5.525940225941771496e+04 -2.189306901310883277e-12
5.527352352352233720e+04 -2.111221170541419997e-12
5.528764478759223857e+04 -2.397171951394738683e-12
5.530176605178454338e+04 -2.429164320611865611e-12
5.531588731591371470e+04 -2.396064856960963319e-12
5.533000858000126755e+04 -2.374252940273503459e-12
5.534412984410512581e+04 -2.386115533313551864e-12
5.535825110830323683e+04 -2.383951573013150393e-12
5.537237237240461400e+04 -2.406746239378178071e-12
5.538649363646421989e+04 -2.426580067288145055e-12
5.540061490061354561e+04 -2.564936398651842333e-12
5.541473616469761328e+04 -2.715183859079598429e-12
5.542885742892292910e+04 -2.684195286471774835e-12
5.544297869303156040e+04 -2.641901541709208673e-12
5.545709995712293312e+04 -2.957133446692974234e-12
5.547122122118399420e+04 -2.927358042472430490e-12
5.548534248527244927e+04 -3.057292695890371771e-12
5.549946374950699828e+04 -3.156096677630700870e-12
5.551358501363021787e+04 -3.323788299921552082e-12
5.552770627772129228e+04 -3.144807774883312335e-12
5.554182754177126480e+04 -3.263133108614581838e-12
5.555594880590358662e+04 -2.818790544046458279e-12
5.557007007012383110e+04 -3.048681918364692150e-12
5.558419133421888546e+04 -3.190228861281758826e-12
5.559831259826738096e+04 -3.479508801895519611e-12
5.561243386241874396e+04 -3.475454555968426693e-12
5.562655512659454689e+04 -3.535141330170974780e-12
5.564067639069649886e+04 -3.327080918076587256e-12
5.565479765479036723e+04 -3.341508525220548165e-12
5.566891891891084379e+04 -3.367319810865850302e-12
5.568304018297258881e+04 -3.491305090644485079e-12
5.569716144721865567e+04 -3.710046562350385286e-12
5.571128271130020585e+04 -3.749956451568705903e-12
5.572540397540853155e+04 -4.022666259036682145e-12
5.573952523951321200e+04 -3.889016176555915156e-12
5.575364650360630185e+04 -3.991818429714701844e-12
5.576776776782607340e+04 -3.963111447804896603e-12
5.578188903189776465e+04 -3.975312728586932118e-12
5.579601029599439062e+04 -4.014570937655116624e-12
5.581013156006993086e+04 -4.444385760750682828e-12
5.582425282426815829e+04 -4.230536603134041859e-12
5.583837408837393014e+04 -4.159363110850241925e-12
5.585249535252131318e+04 -4.346522499385588751e-12
5.586661661661540711e+04 -4.235089971236753786e-12
5.588073788072344905e+04 -4.347655934764604341e-12
5.589485914486955880e+04 -4.257550275456194476e-12
5.590898040898077306e+04 -4.325174454491147228e-12
5.592310167311735131e+04 -4.287911572024913411e-12
5.593722293722783070e+04 -4.310289689912758645e-12
5.595134420126959594e+04 -4.450147261471731711e-12
5.596546546552785003e+04 -4.324641437716873650e-12
5.597958672956549708e+04 -4.386321601687164055e-12
5.599370799370580789e+04 -4.244835862731096764e-12
5.600782925778030040e+04 -4.319103383102384726e-12
5.602195052199005295e+04 -4.436375079024043151e-12
5.603607178608861432e+04 -4.625227260657919776e-12
5.605019305020158208e+04 -4.309504368202212626e-12
5.606431431426486961e+04 -4.344165759520267671e-12
5.607843557841091388e+04 -4.250158799626122694e-12
5.609255684259009286e+04 -4.278348775924446572e-12
5.610667810666699370e+04 -4.040092343780494958e-12
5.612079937076578790e+04 -4.294440511020646765e-12
5.613492063487186533e+04 -4.264692545284728341e-12
5.614904189897054312e+04 -4.427794257867460297e-12
5.616316316318421741e+04 -4.158931584188511703e-12
5.617728442729511153e+04 -4.332350296112633999e-12
5.619140569138752471e+04 -4.218752129073750201e-12
5.620552695552013756e+04 -4.241956952363070922e-12
5.621964821960101835e+04 -4.186315837455956165e-12
5.623376948378224188e+04 -4.302940114262738348e-12
5.624789074787846766e+04 -4.065064076357404170e-12
5.626201201202220545e+04 -4.064883305164578722e-12
5.627613327611394925e+04 -4.112030498209946505e-12
5.629025454032320704e+04 -4.207486726581428781e-12
5.630437580441317550e+04 -4.052468714375009696e-12
5.631849706851759402e+04 -3.910847655268884328e-12
5.633261833263150766e+04 -3.728789113305949981e-12
5.634673959670264594e+04 -3.718446418630721531e-12
5.636086086087505828e+04 -3.599367527269931048e-12
5.637498212498555222e+04 -3.376355271572388979e-12
5.638910338910920836e+04 -3.375473689201663257e-12
5.640322465321312484e+04 -3.449873107982573915e-12
5.641734591729240492e+04 -3.472793345765474737e-12
5.643146718149511435e+04 -3.299636235581826435e-12
5.644558844558705459e+04 -3.271938473417110147e-12
5.645970970966567984e+04 -3.079429290552374340e-12
5.647383097378873936e+04 -2.995890532190190705e-12
5.648795223797908693e+04 -3.108755026430764500e-12
5.650207350209043943e+04 -2.982473694258685204e-12
5.651619476617809414e+04 -2.844093087906237382e-12
5.653031603027186065e+04 -2.687499525632063062e-12
5.654443729439607705e+04 -2.807651681389114591e-12
5.655855855858051655e+04 -2.886801315189495900e-12
5.657267982270084030e+04 -2.862421737391371585e-12
5.658680108678813849e+04 -2.680276941745002667e-12
5.660092235091562179e+04 -2.681494306606401328e-12
5.661504361502789106e+04 -2.402018620757810198e-12
5.662916487917386257e+04 -2.363150038171304428e-12
5.664328614332520374e+04 -2.236287139247449659e-12
5.665740740736934094e+04 -2.100432422947895312e-12
