5.300000000000063301e+04 1.676092737301524015e-11
5.301412126407890173e+04 1.652258533183592106e-11
5.302824252821686969e+04 1.638090415065692941e-11
5.304236379238068912e+04 1.627612075414717900e-11
5.305648505649951403e+04 1.603410423808269354e-11
5.307060632061759679e+04 1.584080053447734070e-11
5.308472758468051325e+04 1.557571503894157038e-11
5.309884884881150356e+04 1.552233051305439928e-11
5.311297011299147562e+04 1.548896257510387513e-11
5.312709137711515359e+04 1.561721097009135839e-11
5.314121264118202816e+04 1.544099174821229409e-11
5.315533390530092584e+04 1.506727074376560344e-11
5.316945516951918398e+04 1.487846844688140714e-11
5.318357643361367082e+04 1.469545935297022069e-11
5.319769769770838320e+04 1.459436215235683553e-11
5.321181896182258060e+04 1.468626117553560342e-11
5.322594022588107327e+04 1.452569301369707756e-11
5.324006149008759530e+04 1.440134180316177746e-11
5.325418275422235456e+04 1.412998258461086554e-11
5.326830401828270988e+04 1.396541161461412025e-11
5.328242528239259264e+04 1.375314840918100616e-11
5.329654654648155702e+04 1.353810620583487689e-11
5.331066781070804427e+04 1.339228299324981006e-11
5.332478907478292240e+04 1.330004377082728791e-11
5.333891033890851395e+04 1.316199751129779197e-11
5.335303160300690797e+04 1.318251056482183586e-11
5.336715286718455172e+04 1.305259429686188464e-11
5.338127413129304477e+04 1.279677755332992352e-11
5.339539539540098485e+04 1.258148970575263945e-11
5.340951665948166192e+04 1.280133868336609028e-11
5.342363792360117804e+04 1.253337367085660146e-11
5.343775918779151107e+04 1.212720344036892836e-11
5.345188045190335106e+04 1.216293148468738337e-11
5.346600171599452733e+04 1.189033373214751744e-11
5.348012298011515668e+04 1.178701152742249046e-11
5.349424424418375565e+04 1.142395022353114305e-11
5.350836550840297423e+04 1.132322424349503987e-11
5.352248677248425520e+04 1.131205706043011187e-11
5.353660803659244993e+04 1.120993599014240575e-11
5.355072930071822339e+04 1.110464643646709528e-11
5.356485056487927068e+04 1.093096093066864716e-11
5.357897182898725441e+04 1.081710476740240540e-11
5.359309309311889228e+04 1.059142464884330179e-11
5.360721435720097361e+04 1.055613409230324891e-11
5.362133562128367339e+04 1.027621737590155953e-11
5.363545688551074272e+04 1.010175654384999494e-11
5.364957814962043631e+04 9.879219768559071177e-12
5.366369941371707682e+04 9.533742425068212828e-12
5.367782067778383498e+04 9.306702710627107055e-12
5.369194194188520487e+04 9.163882313426841788e-12
5.370606320609059185e+04 9.130664760605860314e-12
5.372018447022273904e+04 8.959792338912004444e-12
5.373430573429857031e+04 8.615990892937500465e-12
5.374842699842000002e+04 8.634048125404995462e-12
5.376254826251135819e+04 8.476847331391439855e-12
5.377666952669816237e+04 8.193162910436007730e-12
5.379079079077875213e+04 8.013848254404324814e-12
5.380491205490451830e+04 7.827989877929934292e-12
5.381903331901841011e+04 7.701254394206797203e-12
5.383315458321141341e+04 7.879343852523751100e-12
5.384727584729756927e+04 7.538784073777090046e-12
5.386139711141744920e+04 7.497704124628090437e-12
5.387551837551598146e+04 7.164876609993245031e-12
5.388963963960541878e+04 7.017000770853450351e-12
5.390376090378888330e+04 6.800385466986707687e-12
5.391788216788574937e+04 6.591296708989300194e-12
5.393200343198002520e+04 6.425266555932367467e-12
5.394612469611357665e+04 6.207476458840748960e-12
5.396024596018987359e+04 5.862685850638509076e-12
5.397436722440885205e+04 5.781223663134315023e-12
5.398848848848055786e+04 5.428220436446132234e-12
5.400260975261728890e+04 5.600709156592332402e-12
5.401673101670996402e+04 5.176190035118228747e-12
5.403085228089134034e+04 5.052322720110615756e-12
5.404497354499084031e+04 4.802081864548988513e-12
5.405909480908294790e+04 4.766709012428543214e-12
5.407321607321343618e+04 4.663520543198779457e-12
5.408733733730607491e+04 4.513195302637545665e-12
5.410145860148395877e+04 4.593964418052014530e-12
5.411557986561011785e+04 4.395699330515723885e-12
5.412970112969887123e+04 4.285455309548592430e-12
5.414382239380072861e+04 3.999379139636696153e-12
5.415794365790921438e+04 3.825190831449741960e-12
5.417206492212248850e+04 3.750572223473328233e-12
5.418618618619683548e+04 3.936076650259731492e-12
5.420030745028196543e+04 3.750230781719551530e-12
5.421442871440407180e+04 3.622254320404419496e-12
5.422854997848682979e+04 3.188474523241642049e-12
5.424267124271815555e+04 3.076971673955213252e-12
5.425679250678850804e+04 3.082135876938582658e-12
5.427091377090680908e+04 2.691591452475270001e-12
5.428503503498980717e+04 2.486617887667484438e-12
5.429915629919469211e+04 2.340732632415366992e-12
5.431327756331821001e+04 2.585850204990317675e-12
5.432739882738168671e+04 2.319616671612122933e-12
5.434152009147882200e+04 2.160971666784133566e-12
5.435564135561647709e+04 1.916282428830429641e-12
5.436976261981470452e+04 2.020129594039337685e-12
5.438388388388621388e+04 1.965231525278560917e-12
5.439800514802178077e+04 1.700726240505604996e-12
5.441212641208280547e+04 1.757649683434647718e-12
5.442624767620120838e+04 1.532673943806461161e-12
5.444036894040757761e+04 1.452827350665599751e-12
5.445449020451007527e+04 1.518552071911544289e-12
5.446861146858313441e+04 1.314196862924220062e-12
5.448273273269440688e+04 1.175852980827689347e-12
5.449685399690306076e+04 8.795363746585429673e-13
5.451097526099066454e+04 8.926425360282758232e-13
5.452509652508591535e+04 7.336125187617726635e-13
5.453921778918732161e+04 4.975594709601777743e-13
5.455333905327846151e+04 4.733147042559997686e-13
5.456746031752189447e+04 2.855658073676246236e-13
5.458158158159798768e+04 2.036803381162691094e-13
5.459570284567805356e+04 2.436162321851754522e-14
5.460982410980692657e+04 -1.084116722837688594e-13
5.462394537389321340e+04 -2.212138557161798228e-13
5.463806663808020676e+04 -5.114802664229676765e-13
5.465218790221610834e+04 -8.161393333752535915e-13
5.466630916629063722e+04 -9.896984344875627201e-13
5.468043043040252815e+04 -1.007843885166551257e-12
5.469455169459404715e+04 -9.270887686983193233e-13
5.470867295870323869e+04 -1.067710254497383055e-12
5.472279422282145242e+04 -1.218554781413402327e-12
5.473691548692203651e+04 -1.428263966081306210e-12
5.475103675099472457e+04 -1.478082405374145053e-12
5.476515801521959656e+04 -1.837169043959248008e-12
5.477927927929819998e+04 -1.846676316470093997e-12
5.479340054339083144e+04 -1.944983792167280398e-12
5.480752180748953833e+04 -2.232044527019834132e-12
5.482164307160716271e+04 -2.244812725663849158e-12
5.483576433579729928e+04 -2.657696486297103156e-12
5.484988559988294583e+04 -2.634049532581039024e-12
5.486400686398029939e+04 -2.833020779979275920e-12
5.487812812811211916e+04 -2.766382151195869917e-12
5.489224939219882071e+04 -3.042193200318098822e-12
5.490637065641843947e+04 -2.970079244042059753e-12
5.492049192050525016e+04 -3.246007586110273199e-12
5.493461318460944312e+04 -3.465968638127620507e-12
5.494873444868707156e+04 -3.585150365011961862e-12
5.496285571291377710e+04 -3.421375284809180876e-12
5.497697697700674325e+04 -3.671995685765229427e-12
5.499109824109949841e+04 -3.591440116406373324e-12
5.500521950519066741e+04 -3.880339600422035157e-12
5.501934076929419098e+04 -4.082356819719804610e-12
5.503346203349275311e+04 -4.256632269276233591e-12
5.504758329758865148e+04 -4.247979429489842571e-12
5.506170456169923273e+04 -4.591917634400661213e-12
5.507582582582296163e+04 -4.536177806517642920e-12
5.508994708991709194e+04 -4.540451709653950084e-12
5.510406835412043438e+04 -4.672714085035592398e-12
5.511818961818902608e+04 -4.959831147009099222e-12
5.513231088232245384e+04 -5.087621977327090914e-12
5.514643214639949292e+04 -5.362568073806686892e-12
5.516055341060080536e+04 -5.345979902354044295e-12
5.517467467468992982e+04 -5.463844237280097885e-12
5.518879593881464825e+04 -5.489849143680054557e-12
5.520291720290263038e+04 -5.532447357240740036e-12
5.521703846698212146e+04 -5.640479876038456740e-12
5.523115973119495175e+04 -5.786243448142515612e-12
5.524528099530922918e+04 -6.173776525318880940e-12
5.525940225939797529e+04 -6.197027035504237957e-12
5.527352352350052388e+04 -6.241244322456315656e-12
5.528764478760364000e+04 -6.459337799078066174e-12
5.530176605179216858e+04 -6.560685531128688826e-12
5.531588731588985684e+04 -6.620748796880851907e-12
5.533000858001804590e+04 -6.562000355232933487e-12
5.534412984411078651e+04 -6.698984351528457191e-12
5.535825110828586185e+04 -6.843229327884823615e-12
5.537237237239923707e+04 -6.777385574178865251e-12
5.538649363649624138e+04 -6.967453657438477244e-12
5.540061490060350479e+04 -7.266822696559265373e-12
5.541473616467816464e+04 -7.161798460190443026e-12
5.542885742888744426e+04 -7.162529056082803126e-12
5.544297869297947182e+04 -7.392836737547197324e-12
5.545709995709024224e+04 -7.357027101737362566e-12
5.547122122122270957e+04 -7.642065858615707271e-12
5.548534248531304911e+04 -7.440222590720880005e-12
5.549946374950394238e+04 -7.626555357521297149e-12
5.551358501360083028e+04 -7.774472199491785714e-12
5.552770627769443672e+04 -7.769832170069284882e-12
5.554182754178298637e+04 -7.605252606044893359e-12
5.555594880589135573e+04 -7.807823984812037447e-12
5.557007007008530491e+04 -7.733119974980179226e-12
5.558419133419338323e+04 -7.891763157460138068e-12
5.559831259830485214e+04 -7.942121260272106969e-12
5.561243386239144456e+04 -8.169375514776842410e-12
5.562655512660762906e+04 -8.175240824748072896e-12
5.564067639069601864e+04 -8.117018296175051728e-12
5.565479765481223876e+04 -8.288464964583622769e-12
5.566891891889139515e+04 -8.235378144097489298e-12
5.568304018300456664e+04 -8.180703395804489862e-12
5.569716144718162832e+04 -8.075884422091141269e-12
5.571128271128176129e+04 -8.348824113388790941e-12
5.572540397538268007e+04 -8.183771732884401014e-12
5.573952523948545422e+04 -8.202901251500037948e-12
5.575364650358037034e+04 -8.472796793246188010e-12
5.576776776782130764e+04 -8.639850277556432725e-12
5.578188903190981364e+04 -8.436363914409807814e-12
5.579601029599123285e+04 -8.531246121315045887e-12
5.581013156011817046e+04 -8.511269542201077122e-12
5.582425282427981438e+04 -8.653725138459170187e-12
5.583837408841634169e+04 -8.798925522187701222e-12
5.585249535249156179e+04 -8.587949142966358739e-12
5.586661661661668040e+04 -8.455682460216643025e-12
5.588073788068007707e+04 -8.316243346953583903e-12
5.589485914491146832e+04 -8.327286776020418070e-12
5.590898040900291380e+04 -8.502731013336621133e-12
5.592310167309988901e+04 -8.461256857174952552e-12
5.593722293718510628e+04 -8.482427074249114443e-12
5.595134420130373474e+04 -8.308254835858432034e-12
5.596546546550998755e+04 -8.240739657672196392e-12
5.597958672960830881e+04 -8.452112977428254645e-12
5.599370799369752785e+04 -8.581666349628064416e-12
5.600782925778048229e+04 -8.295789146987534679e-12
5.602195052199695783e+04 -8.265044313359386691e-12
5.603607178611549170e+04 -8.228313894789974976e-12
5.605019305021872424e+04 -8.345119942514123155e-12
5.606431431428887299e+04 -8.427510285004020940e-12
5.607843557841250004e+04 -8.425401165660338335e-12
5.609255684261851275e+04 -8.373090168431329998e-12
5.610667810672007181e+04 -8.277423854868827379e-12
5.612079937079353840e+04 -8.481217035156642147e-12
5.613492063489244902e+04 -8.240352491549646001e-12
5.614904189899009361e+04 -8.143757940167439822e-12
5.616316316321705381e+04 -8.302347280546486833e-12
5.617728442729033850e+04 -8.375053831268552124e-12
5.619140569141920423e+04 -8.471801294217345383e-12
5.620552695550471253e+04 -8.311919909084438306e-12
5.621964821958711400e+04 -8.443147356452572326e-12
5.623376948379681562e+04 -8.362095611425321106e-12
5.624789074792170140e+04 -8.209363463285366439e-12
5.626201201199056231e+04 -8.194069987274629264e-12
5.627613327610132546e+04 -8.301953653371827151e-12
5.629025454028006061e+04 -8.055529788594775950e-12
5.630437580442221224e+04 -7.995267224235241366e-12
5.631849706851584779e+04 -7.795543512768275241e-12
5.633261833261694846e+04 -8.012305515651499216e-12
5.634673959669470787e+04 -7.686577537608764902e-12
5.636086086088671436e+04 -7.691505332352135105e-12
5.637498212500377849e+04 -7.869422992950182705e-12
5.638910338908682752e+04 -7.590517596871602601e-12
5.640322465319494950e+04 -7.529713629478909079e-12
5.641734591732105764e+04 -7.699979913367509729e-12
5.643146718148957734e+04 -7.442857374637457151e-12
5.644558844560790749e+04 -7.447030054624051558e-12
5.645970970972179202e+04 -7.517710485671837709e-12
5.647383097378761886e+04 -7.245124329892167279e-12
5.648795223801651446e+04 -7.150109091580679460e-12
5.650207350210441655e+04 -7.227327941695084123e-12
5.651619476620410569e+04 -7.174384921035383087e-12
5.653031603030926635e+04 -6.975035950590755812e-12
5.654443729441997129e+04 -7.164966198072035197e-12
5.655855855859836447e+04 -7.138915070299296988e-12
5.657267982268395281e+04 -7.061597482055222038e-12
5.658680108678790566e+04 -6.877964275360477023e-12
5.660092235091891052e+04 -7.057710745041465266e-12
5.661504361501008680e+04 -6.914746051010758907e-12
5.662916487921103544e+04 -6.770620189948407145e-12
5.664328614330812707e+04 -6.777840664182564636e-12
5.665740740739947069e+04 -6.753529878779270008e-12
