5.300000000000077853e+04 -1.740916720559075243e-12
5.301412126410024212e+04 -1.745314894092821693e-12
5.302824252819992398e+04 -1.765659089513082203e-12
5.304236379240669339e+04 -1.671422401450017456e-12
5.305648505647984712e+04 -1.697050308567779765e-12
5.307060632062183140e+04 -1.593229289410174968e-12
5.308472758468341635e+04 -1.822202420332020114e-12
5.309884884881679318e+04 -1.877584221468955573e-12
5.311297011301213934e+04 -1.637365142239849862e-12
5.312709137710477080e+04 -1.789220472873623986e-12
5.314121264118316321e+04 -1.845491460157714181e-12
5.315533390531674377e+04 -1.778302117398177072e-12
5.316945516948639852e+04 -1.936618399275448921e-12
5.318357643359826034e+04 -1.805370703379238800e-12
5.319769769767965772e+04 -1.871855161604537907e-12
5.321181896181434422e+04 -1.958486294600562348e-12
5.322594022590333770e+04 -2.047771904291129638e-12
5.324006149008445936e+04 -1.902968027503993238e-12
5.325418275418021221e+04 -2.036955398158651534e-12
5.326830401828019239e+04 -2.017360667198792783e-12
5.328242528240376123e+04 -2.049802301245009538e-12
5.329654654650089651e+04 -1.977825549045591215e-12
5.331066781068908313e+04 -2.134989381973730751e-12
5.332478907480337512e+04 -2.129403260297558574e-12
5.333891033890160907e+04 -2.132299523762777557e-12
5.335303160299785668e+04 -2.083479699474122099e-12
5.336715286721864686e+04 -2.228210145885738878e-12
5.338127413131873618e+04 -2.373919193263419270e-12
5.339539539539615362e+04 -2.132677501913691159e-12
5.340951665948398295e+04 -1.882654290783835049e-12
5.342363792360411753e+04 -2.132055932613216246e-12
5.343775918779136555e+04 -2.276294607327240200e-12
5.345188045188102842e+04 -2.239939353929327098e-12
5.346600171599586611e+04 -2.181093694490754638e-12
5.348012298009284859e+04 -2.109228186172198669e-12
5.349424424421010917e+04 -2.247930320403777268e-12
5.350836550841985445e+04 -2.258015543154408308e-12
5.352248677248024615e+04 -2.146176060357160954e-12
5.353660803659231169e+04 -1.811478996614664085e-12
5.355072930072108284e+04 -2.189336097240356455e-12
5.356485056489121052e+04 -2.181846355839834087e-12
5.357897182899690233e+04 -2.155644263980158854e-12
5.359309309309331002e+04 -2.224755976314205415e-12
5.360721435720093723e+04 -2.129205641583952927e-12
5.362133562129717757e+04 -2.410467201397072437e-12
5.363545688548519684e+04 -2.342845827571308172e-12
5.364957814960217365e+04 -2.375310918543038672e-12
5.366369941371484310e+04 -2.175015918793873715e-12
5.367782067779964564e+04 -2.353601102498558632e-12
5.369194194188591064e+04 -2.345904092879955509e-12
5.370606320610751573e+04 -2.441701941322563870e-12
5.372018447018191364e+04 -2.453379410762887854e-12
5.373430573428688513e+04 -2.433062653669377690e-12
5.374842699839738634e+04 -2.393738098687004632e-12
5.376254826248079189e+04 -2.370238731044249809e-12
5.377666952671197214e+04 -2.429722512998291205e-12
5.379079079079098301e+04 -2.361048794025919898e-12
5.380491205491298024e+04 -2.388337278877262044e-12
5.381903331901555794e+04 -2.643236627817419196e-12
5.383315458320680773e+04 -2.533501913764642382e-12
5.384727584731680690e+04 -2.514315325463589761e-12
5.386139711138733401e+04 -2.611273311078408463e-12
5.387551837551058998e+04 -2.721264325384202101e-12
5.388963963958344539e+04 -2.560963148281470709e-12
5.390376090382163238e+04 -2.595153147016616514e-12
5.391788216789001308e+04 -2.714819711614744860e-12
5.393200343199061172e+04 -3.007382645547415979e-12
5.394612469609366963e+04 -2.786872796886151507e-12
5.396024596021516481e+04 -2.778802202386964853e-12
5.397436722441055463e+04 -2.930025157059764197e-12
5.398848848852215451e+04 -3.129673875362846479e-12
5.400260975258579128e+04 -3.053635466291853390e-12
5.401673101668177696e+04 -3.205500466042917040e-12
5.403085228090242890e+04 -3.123629990608512917e-12
5.404497354500003712e+04 -2.976432212973296081e-12
5.405909480909419653e+04 -2.977159142310441100e-12
5.407321607321130432e+04 -3.076280264404118520e-12
5.408733733729222877e+04 -3.073752878744128784e-12
5.410145860147957137e+04 -3.017558714852376032e-12
5.411557986561000871e+04 -2.935142532481949812e-12
5.412970112967997557e+04 -2.797579824291024810e-12
5.414382239380974352e+04 -2.604019237250602227e-12
5.415794365792009921e+04 -2.781878119228189337e-12
5.417206492210085707e+04 -2.708396750391914976e-12
5.418618618620278721e+04 -2.974930969740443852e-12
5.420030745032018604e+04 -2.765214131060516519e-12
5.421442871439619921e+04 -2.692817586190791246e-12
5.422854997849160281e+04 -2.937409459972360407e-12
5.424267124269775377e+04 -3.136095581365581941e-12
5.425679250680808036e+04 -3.048126932907763554e-12
5.427091377089957678e+04 -3.053033117549073449e-12
5.428503503499575891e+04 -2.947045470831722855e-12
5.429915629919769708e+04 -3.158687189526348280e-12
5.431327756328090618e+04 -2.938389629963542248e-12
5.432739882741248584e+04 -2.889191905975228837e-12
5.434152009148900834e+04 -2.907702009096678633e-12
5.435564135558599082e+04 -2.869684373586299913e-12
5.436976261981475545e+04 -2.851546443222827525e-12
5.438388388389832107e+04 -2.908150436475387908e-12
5.439800514800566452e+04 -2.813602394990480533e-12
5.441212641211579466e+04 -2.838694872286743265e-12
5.442624767620582861e+04 -2.652362470159681190e-12
5.444036894040743209e+04 -2.619183865015564044e-12
5.445449020449579257e+04 -2.481654263254627896e-12
5.446861146860709414e+04 -2.264083669346814123e-12
5.448273273270582285e+04 -2.395051764967006184e-12
5.449685399691460771e+04 -2.594159012701884738e-12
5.451097526098720118e+04 -2.579868802635154797e-12
5.452509652510867454e+04 -2.466639477388429673e-12
5.453921778920781071e+04 -2.455712158856996295e-12
5.455333905330640846e+04 -2.675171859006818762e-12
5.456746031748990208e+04 -2.542983218747375251e-12
5.458158158158134756e+04 -2.360895814076919846e-12
5.459570284570586227e+04 -2.378791486962181398e-12
5.460982410979402630e+04 -2.259871150710148692e-12
5.462394537391616905e+04 -2.217022957569145543e-12
5.463806663808377198e+04 -2.031802209738148898e-12
5.465218790221733070e+04 -1.724288663066603525e-12
5.466630916631559376e+04 -1.733461340808636149e-12
5.468043043038847100e+04 -1.811800568312587396e-12
5.469455169459395256e+04 -1.671954614770025128e-12
5.470867295869986265e+04 -1.526921150382504974e-12
5.472279422279677237e+04 -1.620643413947836683e-12
5.473691548690815398e+04 -1.316305260309993449e-12
5.475103675099117390e+04 -1.352497805803175540e-12
5.476515801519467641e+04 -1.271470838272180283e-12
5.477927927932036255e+04 -1.229403392029867548e-12
5.479340054340952338e+04 -1.276711852873660160e-12
5.480752180748582759e+04 -1.201458270166664355e-12
5.482164307160520548e+04 -1.181923907448218484e-12
5.483576433580304001e+04 -1.006721541897828365e-12
5.484988559988779889e+04 -9.678316853243826033e-13
5.486400686399998085e+04 -6.299449504196105591e-13
5.487812812810719333e+04 -6.621983014516738776e-13
5.489224939218309009e+04 -6.184927929862238317e-13
5.490637065641493973e+04 -5.896244567436204480e-13
5.492049192051369027e+04 -7.225510095160344590e-13
5.493461318459611357e+04 -2.738945531394314948e-13
5.494873444871128595e+04 -4.005989799041131228e-13
5.496285571287924540e+04 -6.810076682038289790e-15
5.497697697700616118e+04 9.484015699925835063e-14
5.499109824109492183e+04 -1.397141923952656809e-13
5.500521950519634265e+04 -8.570881854304965709e-14
5.501934076931528398e+04 -1.383052266978238332e-14
5.503346203349776624e+04 -1.900642272886744622e-14
5.504758329759995831e+04 3.936821536929684549e-14
5.506170456168617966e+04 1.683991925788709421e-13
5.507582582581516908e+04 4.917966081294454753e-13
5.508994708988047205e+04 4.357447548158905959e-13
5.510406835407953622e+04 3.833476317095707472e-13
5.511818961821964331e+04 5.237526289016577367e-13
5.513231088232003822e+04 6.254141595638036070e-13
5.514643214642092789e+04 9.397225264111321607e-13
5.516055341058222257e+04 9.211741390768045277e-13
5.517467467470883275e+04 1.163694585897659555e-12
5.518879593881124310e+04 1.288311581645423932e-12
5.520291720289467776e+04 1.355120043557579342e-12
5.521703846700875874e+04 1.427921553810246866e-12
5.523115973120452691e+04 1.273557097046293149e-12
5.524528099529223982e+04 1.459310842709856378e-12
5.525940225938301592e+04 1.413855557432871563e-12
5.527352352348157001e+04 1.559904181071703640e-12
5.528764478760868224e+04 1.641970470840827425e-12
5.530176605179228500e+04 1.833758059497969450e-12
5.531588731588626251e+04 1.891668893771268522e-12
5.533000858000147855e+04 2.019545696104080445e-12
5.534412984408155171e+04 2.128747333873034622e-12
5.535825110829086771e+04 1.986347635048500977e-12
5.537237237241446564e+04 2.032812117281349617e-12
5.538649363648435974e+04 1.974883709926729855e-12
5.540061490061951190e+04 1.992557208855289700e-12
5.541473616470022534e+04 2.196546164439638544e-12
5.542885742891509290e+04 2.293721538484549022e-12
5.544297869301844185e+04 2.330894881578959963e-12
5.545709995708853967e+04 2.404758935641501401e-12
5.547122122118798143e+04 2.458720219887903430e-12
5.548534248532192578e+04 2.680123471451326995e-12
5.549946374948035373e+04 2.641564365372744952e-12
5.551358501359068032e+04 2.628240204071135216e-12
5.552770627771643194e+04 2.714150605379229885e-12
5.554182754180013580e+04 2.844965877952934000e-12
5.555594880590976391e+04 2.936423724468043957e-12
5.557007007008689834e+04 2.907778974304748000e-12
5.558419133418914134e+04 2.877052441614959336e-12
5.559831259830535419e+04 2.947667358463255407e-12
5.561243386241837288e+04 3.070570351172174010e-12
5.562655512661336979e+04 3.109623386357885887e-12
5.564067639071986923e+04 2.989286691131882473e-12
5.565479765479000343e+04 3.149209262473653051e-12
5.566891891889899125e+04 3.122663240308123685e-12
5.568304018300040480e+04 3.100373669482562079e-12
5.569716144721431920e+04 3.209824468440246411e-12
5.571128271131119982e+04 3.097804233949411241e-12
5.572540397539288824e+04 3.192029840772580542e-12
5.573952523951387411e+04 3.139800132646345786e-12
5.575364650359313964e+04 2.951299965416327167e-12
5.576776776779768988e+04 3.309270535635850344e-12
5.578188903189899429e+04 3.627230965347713687e-12
5.579601029598090099e+04 3.550583460725933040e-12
5.581013156011552928e+04 3.549279287047895299e-12
5.582425282431530650e+04 3.380459715677315189e-12
5.583837408842225705e+04 3.644274971398953037e-12
5.585249535250117333e+04 3.304731659774651873e-12
5.586661661660179379e+04 3.709236376942260855e-12
5.588073788071300078e+04 3.647475782639565597e-12
5.589485914488816343e+04 3.603302077078920349e-12
5.590898040898145700e+04 3.678642897582474008e-12
5.592310167311108671e+04 3.557251817477209814e-12
5.593722293721036840e+04 3.717314973469548335e-12
5.595134420130193757e+04 3.681525510529167267e-12
5.596546546552191285e+04 3.466608608803338238e-12
5.597958672960721742e+04 3.538453013734057604e-12
5.599370799371653993e+04 3.717043218319120208e-12
5.600782925780442747e+04 3.424591371364799740e-12
5.602195052199950442e+04 3.259412565877905130e-12
5.603607178609485709e+04 3.425028815567683432e-12
5.605019305018036539e+04 3.163403918910700101e-12
5.606431431429459190e+04 3.150448164706784507e-12
5.607843557838909328e+04 3.030429040164653183e-12
5.609255684257957182e+04 3.358672232889496754e-12
5.610667810668446327e+04 3.525522363932029230e-12
5.612079937078968942e+04 3.298218950315075696e-12
5.613492063489190332e+04 3.364938919210578830e-12
5.614904189901077916e+04 3.276271426965226592e-12
5.616316316317932069e+04 3.294522954747238879e-12
5.617728442729373637e+04 3.440537687443523191e-12
5.619140569142124878e+04 3.520210272492706268e-12
5.620552695552151272e+04 3.572986628970034140e-12
5.621964821958599350e+04 3.523764428189880721e-12
5.623376948380300746e+04 3.426742818606529207e-12
5.624789074788152357e+04 3.368834494773418978e-12
5.626201201202231459e+04 3.392003974885125251e-12
5.627613327609032422e+04 3.480922511149349275e-12
5.629025454032058769e+04 3.145629374764544169e-12
5.630437580441660975e+04 3.300745080754971010e-12
5.631849706848049391e+04 3.289461907326787301e-12
5.633261833258163097e+04 3.249319341099172456e-12
5.634673959670868499e+04 3.131662540774623320e-12
5.636086086088625598e+04 3.200481865277940255e-12
5.637498212498088833e+04 3.253027261257905873e-12
5.638910338908756967e+04 3.123081856209592266e-12
5.640322465322165226e+04 3.342883446932615129e-12
5.641734591728014493e+04 3.073589783109151947e-12
5.643146718147988577e+04 2.838155681330994862e-12
5.644558844559551653e+04 2.883390047871372594e-12
5.645970970970119379e+04 2.870983452458738555e-12
5.647383097378759703e+04 2.893367792401424140e-12
5.648795223801449902e+04 2.798426082514423702e-12
5.650207350208067510e+04 2.923238892596907742e-12
5.651619476621291687e+04 2.717874215789142764e-12
5.653031603030498809e+04 2.562850140865604253e-12
5.654443729439305025e+04 2.400553948325402499e-12
5.655855855859605799e+04 2.424595178792640506e-12
5.657267982270555513e+04 2.413966602643664511e-12
5.658680108680408739e+04 2.364482060863790318e-12
5.660092235089892347e+04 2.370460046563170383e-12
5.661504361498913931e+04 2.577136428369539227e-12
5.662916487920757936e+04 2.617670623266593801e-12
5.664328614330785058e+04 2.565361208664367316e-12
5.665740740739109606e+04 2.468213449461532496e-12
