5.300000000000041473e+04 1.241588433503270631e-11
5.301412126410632482e+04 1.224201361358867462e-11
5.302824252817476372e+04 1.225816829375115685e-11
5.304236379241592658e+04 1.221110238644680612e-11
5.305648505651807500e+04 1.202050862177037312e-11
5.307060632058457850e+04 1.182532315621242947e-11
5.308472758468547545e+04 1.217818882080343887e-11
5.309884884878837329e+04 1.221771952474448065e-11
5.311297011300214945e+04 1.198834263043934674e-11
5.312709137711489893e+04 1.191812847022732675e-11
5.314121264120222622e+04 1.170639909481789417e-11
5.315533390528301970e+04 1.150214795410020812e-11
5.316945516948567820e+04 1.149707730111621417e-11
5.318357643361642840e+04 1.162487098238805016e-11
5.319769769770950370e+04 1.150420391322833296e-11
5.321181896179176692e+04 1.127929626960315267e-11
5.322594022587646032e+04 1.126882950252292982e-11
5.324006149012203969e+04 1.124599562843922255e-11
5.325418275419603015e+04 1.111944430542260046e-11
5.326830401828713366e+04 1.062558494202885189e-11
5.328242528237937222e+04 1.056648213838536522e-11
5.329654654652097815e+04 1.031638567334955310e-11
5.331066781068189448e+04 1.007448563757468428e-11
5.332478907479808549e+04 1.004975713341178518e-11
5.333891033889841492e+04 9.904882401684089917e-12
5.335303160299143201e+04 9.862196126461564233e-12
5.336715286717339768e+04 9.831288221410795054e-12
5.338127413132774382e+04 1.001228851370433003e-11
5.339539539538012468e+04 9.737674912551713384e-12
5.340951665950298775e+04 9.655756298694864019e-12
5.342363792362238746e+04 9.730836803288365987e-12
5.343775918781428481e+04 9.369491916431714849e-12
5.345188045188121032e+04 9.428710266556194708e-12
5.346600171598917950e+04 9.212359395260718555e-12
5.348012298008007929e+04 8.945763764787888469e-12
5.349424424422530865e+04 8.681320330269671823e-12
5.350836550839978008e+04 8.313738425007672801e-12
5.352248677248971944e+04 8.307318068699868012e-12
5.353660803658773511e+04 8.306424426194571378e-12
5.355072930070381699e+04 8.116972422702298733e-12
5.356485056490494753e+04 8.143415229686986417e-12
5.357897182898368192e+04 7.755962444154440428e-12
5.359309309308584488e+04 7.872411703404165429e-12
5.360721435719372676e+04 7.551822230134815840e-12
5.362133562132218503e+04 7.363605006377440854e-12
5.363545688548269391e+04 7.211074100453573496e-12
5.364957814961091208e+04 7.163539129458522372e-12
5.366369941367511638e+04 7.056572571616654350e-12
5.367782067782599188e+04 6.985134324650457845e-12
5.369194194187496032e+04 6.942307379633010975e-12
5.370606320610443800e+04 6.706200344025206622e-12
5.372018447022511828e+04 6.318582284460545872e-12
5.373430573431612720e+04 6.300766117533961298e-12
5.374842699840244313e+04 6.076788867046846784e-12
5.376254826250437327e+04 5.729624948933058184e-12
5.377666952668961312e+04 5.550605557271908111e-12
5.379079079078033101e+04 5.520498068545004661e-12
5.380491205488655396e+04 5.370667607422227824e-12
5.381903331898376928e+04 5.360450308620378355e-12
5.383315458317636512e+04 5.491905453358678798e-12
5.384727584728225338e+04 5.195812664582811473e-12
5.386139711141217413e+04 5.067326638763132316e-12
5.387551837552409415e+04 4.735360456898814734e-12
5.388963963962038542e+04 4.586251720067025979e-12
5.390376090379027301e+04 4.706185852878300342e-12
5.391788216791240120e+04 4.366341331975648548e-12
5.393200343198492192e+04 4.460400112487869689e-12
5.394612469607706589e+04 4.059764231325949841e-12
5.396024596018312150e+04 4.122192967235025700e-12
5.397436722437606659e+04 3.961604329353545747e-12
5.398848848852447554e+04 3.726809727360048668e-12
5.400260975258251710e+04 3.473802591445865466e-12
5.401673101669170137e+04 3.413439365676820746e-12
5.403085228091973840e+04 3.193440526909965358e-12
5.404497354501474911e+04 2.923318808182905436e-12
5.405909480908316618e+04 2.565772109604460616e-12
5.407321607320859039e+04 2.466457365714198553e-12
5.408733733729545929e+04 2.624692717314304001e-12
5.410145860151795205e+04 2.426717266218650643e-12
5.411557986560795689e+04 2.300976948691269017e-12
5.412970112968578178e+04 2.102731162432535638e-12
5.414382239380621468e+04 2.046351954412477822e-12
5.415794365788646246e+04 1.937652303171047813e-12
5.417206492212537705e+04 1.728825241504566828e-12
5.418618618621624046e+04 1.398983536897265622e-12
5.420030745032040431e+04 1.523645420602037253e-12
5.421442871437303256e+04 1.449164138190293553e-12
5.422854997850753716e+04 1.316687450439432490e-12
5.424267124269463966e+04 1.193171688163387359e-12
5.425679250680390396e+04 1.168401761677113575e-12
5.427091377088805893e+04 1.086128514595577554e-12
5.428503503500513762e+04 8.703499773070369277e-13
5.429915629917853221e+04 5.951230350854967780e-13
5.431327756328201212e+04 5.757112262785198977e-13
5.432739882738991582e+04 4.590867267233874311e-13
5.434152009152784740e+04 4.539773506150350238e-13
5.435564135562413867e+04 3.708739960204466450e-13
5.436976261980408162e+04 -6.868142813587514317e-14
5.438388388392628985e+04 -7.723581271260305063e-14
5.439800514802133694e+04 -2.494733630283729946e-13
5.441212641209867434e+04 -2.079692331599154612e-13
5.442624767619447084e+04 -5.087957941193947168e-13
5.444036894039827894e+04 -6.906217298660699154e-13
5.445449020450831449e+04 -7.736009213058796270e-13
5.446861146860621375e+04 -9.038621895559230796e-13
5.448273273267526383e+04 -1.015019357686919638e-12
5.449685399687557219e+04 -1.127106296063901157e-12
5.451097526102868869e+04 -1.126073540993885588e-12
5.452509652512339380e+04 -1.164078263152241839e-12
5.453921778922886733e+04 -1.255860996001111281e-12
5.455333905332243012e+04 -1.121944597020759171e-12
5.456746031752353883e+04 -1.206824439829873787e-12
5.458158158157203434e+04 -1.498918884338895163e-12
5.459570284568003990e+04 -1.676529917005289366e-12
5.460982410982373403e+04 -1.888204010742549236e-12
5.462394537392169150e+04 -1.956109213826280091e-12
5.463806663811139879e+04 -1.906868349052530634e-12
5.465218790222792450e+04 -2.233374258936295331e-12
5.466630916628384148e+04 -2.313247710461087795e-12
5.468043043039069016e+04 -2.428033017332223770e-12
5.469455169460133766e+04 -2.588782776631945143e-12
5.470867295870067755e+04 -2.712460075587618907e-12
5.472279422281548614e+04 -2.856907918609252474e-12
5.473691548687637260e+04 -2.932436490239564396e-12
5.475103675098236272e+04 -2.948289924219454631e-12
5.476515801517329965e+04 -3.023977540961071910e-12
5.477927927930256556e+04 -3.098781896732072474e-12
5.479340054339195194e+04 -3.031415702928952808e-12
5.480752180750537082e+04 -3.356670014991636916e-12
5.482164307162468322e+04 -3.579054945689457432e-12
5.483576433582193567e+04 -3.808788341895519655e-12
5.484988559992340015e+04 -3.903011981178466729e-12
5.486400686401211715e+04 -4.162468956958948045e-12
5.487812812812813354e+04 -3.941815250984446655e-12
5.489224939217228530e+04 -3.992042361552843234e-12
5.490637065640622313e+04 -4.312874139841636379e-12
5.492049192052306171e+04 -4.433192804697476320e-12
5.493461318461616611e+04 -4.413832488302514845e-12
5.494873444871095126e+04 -4.641572629849921776e-12
5.496285571287471248e+04 -4.898625242198400194e-12
5.497697697699165292e+04 -4.651811314613213515e-12
5.499109824110709451e+04 -4.805796881176510977e-12
5.500521950518841186e+04 -4.819769596333683030e-12
5.501934076928836294e+04 -4.694640543568289248e-12
5.503346203347261326e+04 -4.725624856714307210e-12
5.504758329757203319e+04 -4.904515309714726072e-12
5.506170456170737452e+04 -5.124239245443241694e-12
5.507582582578177971e+04 -5.171850624533540794e-12
5.508994708992694359e+04 -5.231991270199035781e-12
5.510406835411985230e+04 -5.305036578733773553e-12
5.511818961819060496e+04 -5.381264450540164063e-12
5.513231088228860608e+04 -5.484245952479576745e-12
5.514643214640530641e+04 -5.523669207536675985e-12
5.516055341061732906e+04 -5.440682541391896543e-12
5.517467467468237010e+04 -5.384050854448408456e-12
5.518879593877537991e+04 -5.434064105402387176e-12
5.520291720287390490e+04 -5.309361941343054685e-12
5.521703846698030247e+04 -5.285558328104841200e-12
5.523115973118321563e+04 -5.454577187408270961e-12
5.524528099531392218e+04 -5.415218713127577736e-12
5.525940225938087679e+04 -5.560778626144186348e-12
5.527352352350069850e+04 -5.540375173144528376e-12
5.528764478757370671e+04 -5.551446872250582862e-12
5.530176605179247417e+04 -5.560383297303553235e-12
5.531588731588405790e+04 -5.842855720209304280e-12
5.533000858000022708e+04 -6.012534845118413003e-12
5.534412984411876823e+04 -5.816084649098018360e-12
5.535825110829722689e+04 -5.933105308016557962e-12
5.537237237241218099e+04 -5.977201914725429181e-12
5.538649363652419561e+04 -5.843282608915366379e-12
5.540061490061456425e+04 -5.691620845074950095e-12
5.541473616468547698e+04 -5.581346522653183039e-12
5.542885742890738766e+04 -5.718682599157289869e-12
5.544297869300098682e+04 -5.835652596186589501e-12
5.545709995712185628e+04 -5.577923938299717223e-12
5.547122122122088331e+04 -5.769236520437428630e-12
5.548534248531056073e+04 -5.706601814880291957e-12
5.549946374951317557e+04 -6.023190452314472925e-12
5.551358501358837384e+04 -5.816916002395232256e-12
5.552770627768124541e+04 -5.879960986202942514e-12
5.554182754179003678e+04 -5.953136686813266742e-12
5.555594880590641696e+04 -5.680841489985498315e-12
5.557007007008169603e+04 -5.806580146467331090e-12
5.558419133417248668e+04 -5.882820476115337986e-12
5.559831259831027273e+04 -5.946521572914855886e-12
5.561243386242103588e+04 -5.844488527983852744e-12
5.562655512661400280e+04 -5.933277226230867321e-12
5.564067639071604208e+04 -5.810954509920304956e-12
5.565479765479240450e+04 -5.763711882941856539e-12
5.566891891892287822e+04 -5.722420782165043120e-12
5.568304018302485929e+04 -5.784675938814260769e-12
5.569716144721178716e+04 -5.765436048221593450e-12
5.571128271127977496e+04 -5.611285207626182034e-12
5.572540397542198480e+04 -5.664057455236848290e-12
5.573952523950237810e+04 -5.634759933845717273e-12
5.575364650361314125e+04 -5.253648812588097619e-12
5.576776776777969644e+04 -5.187552488107096312e-12
5.578188903188457334e+04 -5.142984144462344005e-12
5.579601029597337038e+04 -5.072268452309909200e-12
5.581013156009085651e+04 -5.057815694989110992e-12
5.582425282430178777e+04 -5.093273203798261099e-12
5.583837408839634008e+04 -5.086964552803618187e-12
5.585249535249250039e+04 -4.999590234841474066e-12
5.586661661661865946e+04 -4.767136046026347488e-12
5.588073788069761213e+04 -4.861058205542173980e-12
5.589485914491031872e+04 -4.976132119077427342e-12
5.590898040899918851e+04 -5.002952191032405188e-12
5.592310167310218094e+04 -4.862596333720435487e-12
5.593722293720835296e+04 -4.719081167774497775e-12
5.595134420128402417e+04 -4.731877032160289172e-12
5.596546546549409686e+04 -4.388124486342511641e-12
5.597958672958585521e+04 -4.362271142896980701e-12
5.599370799369705492e+04 -4.251672086070408335e-12
5.600782925777994387e+04 -4.119299213666352105e-12
5.602195052201189537e+04 -4.055240992073825484e-12
5.603607178612041753e+04 -4.110280566858711969e-12
5.605019305022471963e+04 -4.118565862056521255e-12
5.606431431428133510e+04 -4.045598622662581118e-12
5.607843557837758999e+04 -3.925780763039728782e-12
5.609255684259667760e+04 -3.889613157258432553e-12
5.610667810670159815e+04 -3.732493197744399852e-12
5.612079937077454815e+04 -3.680937665998286688e-12
5.613492063490407600e+04 -3.688458049720837754e-12
5.614904189897665492e+04 -3.530271698964424231e-12
5.616316316318308964e+04 -3.565099671510548724e-12
5.617728442727349466e+04 -3.509801804142810988e-12
5.619140569138760475e+04 -3.502723258536262493e-12
5.620552695549633063e+04 -3.352738320177440045e-12
5.621964821961035341e+04 -3.286788167704740091e-12
5.623376948378966335e+04 -3.231403095445686038e-12
5.624789074791155872e+04 -3.337803029124692407e-12
5.626201201201341610e+04 -3.326660735582810925e-12
5.627613327611184650e+04 -3.351267464343907427e-12
5.629025454031686240e+04 -3.311276962231866119e-12
5.630437580441639147e+04 -3.128767921503214543e-12
5.631849706848961796e+04 -3.092936677445566393e-12
5.633261833258430124e+04 -3.024838793078165536e-12
5.634673959668765747e+04 -3.050408928257612049e-12
5.636086086088394222e+04 -3.105866255998042353e-12
5.637498212502133538e+04 -3.265908825155328498e-12
5.638910338910365681e+04 -3.088513313148901408e-12
5.640322465322305652e+04 -3.102583199470682484e-12
5.641734591732286208e+04 -2.963911642345276451e-12
5.643146718151648383e+04 -2.877393593363579401e-12
5.644558844559613499e+04 -3.010293017206630435e-12
5.645970970967733592e+04 -2.895098677869082917e-12
5.647383097382689448e+04 -3.170011682481884888e-12
5.648795223801989778e+04 -2.999117502753771116e-12
5.650207350210650475e+04 -3.023862928818199139e-12
5.651619476622597722e+04 -2.999563493483645411e-12
5.653031603027273377e+04 -3.137606344868800660e-12
5.654443729439946037e+04 -3.138305645044878844e-12
5.655855855861400778e+04 -3.259547020703121127e-12
5.657267982270197535e+04 -3.162563554240710881e-12
5.658680108678985562e+04 -3.098908966716561631e-12
5.660092235090708709e+04 -3.084156390674190886e-12
5.661504361502378015e+04 -3.044336976253684107e-12
5.662916487918008352e+04 -3.046287043728068453e-12
5.664328614330144046e+04 -3.281556704748544728e-12
5.665740740738640307e+04 -3.029830234952547823e-12
