5.299999999999569991e+04 1.197828250607517223e-11
5.301412126405551680e+04 1.212154265573618047e-11
5.302824252826128213e+04 1.195516517152051310e-11
5.304236379244432464e+04 1.202432618916666487e-11
5.305648505651407322e+04 1.199018890646591696e-11
5.307060632059230556e+04 1.205432586392313398e-11
5.308472758466166852e+04 1.181721957427396258e-11
5.309884884886490181e+04 1.201016986280611805e-11
5.311297011291903618e+04 1.197950750332024026e-11
5.312709137715039833e+04 1.177054404471738627e-11
5.314121264124940353e+04 1.173109962345887705e-11
5.315533390528525342e+04 1.154461083843098622e-11
5.316945516955498897e+04 1.162513943172614721e-11
5.318357643356589688e+04 1.161197487239513659e-11
5.319769769767199614e+04 1.183721578076953540e-11
5.321181896175445581e+04 1.137764014006903765e-11
5.322594022591860994e+04 1.143251383209755772e-11
5.324006149007662316e+04 1.160240208372984962e-11
5.325418275428425841e+04 1.177239036962230931e-11
5.326830401829487528e+04 1.164550383864892419e-11
5.328242528239601961e+04 1.142628822019328089e-11
5.329654654656533239e+04 1.146447106073150939e-11
5.331066781071521109e+04 1.152551325050900778e-11
5.332478907484226511e+04 1.123806547982636482e-11
5.333891033893205167e+04 1.143163954618184182e-11
5.335303160298319563e+04 1.123349144707558742e-11
5.336715286718218704e+04 1.124545889033201700e-11
5.338127413129314664e+04 1.119792453623608439e-11
5.339539539531610353e+04 1.097022239641495828e-11
5.340951665951366158e+04 1.102716757492217269e-11
5.342363792355929036e+04 1.072991560185921229e-11
5.343775918781291693e+04 1.047334766379223410e-11
5.345188045191900892e+04 1.053427241470011169e-11
5.346600171596476866e+04 1.045460256145591123e-11
5.348012298017998546e+04 1.049505628108600497e-11
5.349424424416781403e+04 1.050699364647366678e-11
5.350836550833851652e+04 1.035394359409326507e-11
5.352248677252928610e+04 1.061175942576046624e-11
5.353660803664806008e+04 1.059702363573999119e-11
5.355072930077830097e+04 1.050367680104661016e-11
5.356485056484557572e+04 1.045981177796339136e-11
5.357897182890797558e+04 1.026888017066279747e-11
5.359309309301157191e+04 1.035277849912054200e-11
5.360721435728375218e+04 1.028991507749155790e-11
5.362133562134849490e+04 9.867951642706678177e-12
5.363545688553112268e+04 9.757342139062860554e-12
5.364957814964286808e+04 9.561032338463966560e-12
5.366369941377742362e+04 9.516267007039244092e-12
5.367782067774650204e+04 9.629745736591229613e-12
5.369194194182377396e+04 9.364308882681136834e-12
5.370606320606429654e+04 9.236377906163676425e-12
5.372018447015673883e+04 9.204992157036288256e-12
5.373430573437010753e+04 8.931689771466986147e-12
5.374842699845624884e+04 8.891539534153211118e-12
5.376254826257358218e+04 8.831568319275945646e-12
5.377666952667457372e+04 8.488287913276862727e-12
5.379079079088612343e+04 8.511789881251632304e-12
5.380491205495430768e+04 8.737532735183170294e-12
5.381903331893656286e+04 8.393939384167485733e-12
5.383315458320509788e+04 8.215181540784914570e-12
5.384727584731118986e+04 8.253906965798473347e-12
5.386139711136443657e+04 8.081124141739390474e-12
5.387551837556488317e+04 7.825863070172634626e-12
5.388963963967714517e+04 7.618015534296373649e-12
5.390376090375384229e+04 7.591127947340681999e-12
5.391788216789712169e+04 7.682515327167684948e-12
5.393200343205449462e+04 7.395410917323992943e-12
5.394612469608931860e+04 7.426154554646256152e-12
5.396024596011546237e+04 7.061694597685469687e-12
5.397436722432329407e+04 7.006531110460688658e-12
5.398848848852528317e+04 6.987740891321215747e-12
5.400260975265882007e+04 6.598938813781689977e-12
5.401673101669394237e+04 6.564308710270507517e-12
5.403085228080656088e+04 6.376705269841955647e-12
5.404497354491351143e+04 6.523362930225538891e-12
5.405909480917295878e+04 6.203573001779450993e-12
5.407321607318444148e+04 6.040957849177745020e-12
5.408733733728370862e+04 6.006755594900925114e-12
5.410145860148270731e+04 5.911076880494191896e-12
5.411557986562201404e+04 5.844188431707812222e-12
5.412970112972708012e+04 5.585485640865582806e-12
5.414382239372607000e+04 5.297705999765763458e-12
5.415794365794019541e+04 5.220366674420588252e-12
5.417206492213047022e+04 5.087354227849510934e-12
5.418618618621100177e+04 5.193926538006995359e-12
5.420030745036196458e+04 4.971748418454650266e-12
5.421442871441508032e+04 4.692893455538917887e-12
5.422854997843044112e+04 4.572566434608474388e-12
5.424267124266929022e+04 4.368787183948057368e-12
5.425679250672685157e+04 4.433651290780381953e-12
5.427091377084883425e+04 4.489095955385091606e-12
5.428503503500375518e+04 4.145902065502911106e-12
5.429915629926804831e+04 4.034955284184611749e-12
5.431327756324034272e+04 3.857931818583043954e-12
5.432739882740700705e+04 4.097476696788971840e-12
5.434152009144138719e+04 3.877185710036534069e-12
5.435564135556896508e+04 3.549967561865884751e-12
5.436976261973900546e+04 3.709198447300995592e-12
5.438388388384087739e+04 3.681579528794624294e-12
5.439800514806021238e+04 3.580037995653510220e-12
5.441212641203554085e+04 3.480929728300241864e-12
5.442624767611241259e+04 3.312367268568743432e-12
5.444036894037964521e+04 3.081073189105101710e-12
5.445449020457005099e+04 2.889044584478487946e-12
5.446861146852361708e+04 2.776398572551676400e-12
5.448273273274699750e+04 2.582718726725144335e-12
5.449685399694088846e+04 2.594519389889031082e-12
5.451097526106660371e+04 2.474395141107574625e-12
5.452509652504098631e+04 2.381736379906422848e-12
5.453921778927737614e+04 2.232496078251906881e-12
5.455333905335820600e+04 2.038254553572680232e-12
5.456746031747003872e+04 1.948819869540423880e-12
5.458158158166358771e+04 1.716633592621238526e-12
5.459570284576721315e+04 1.300850652937487211e-12
5.460982410986631294e+04 1.438396408852753237e-12
5.462394537386343291e+04 1.236911863011707025e-12
5.463806663804339041e+04 1.040281682417412405e-12
5.465218790210517909e+04 8.874056761315573090e-13
5.466630916622452787e+04 7.615510864197250846e-13
5.468043043030769331e+04 7.106235093872847848e-13
5.469455169452178961e+04 5.110517808183504050e-13
5.470867295862840547e+04 3.288549217889585458e-13
5.472279422271651129e+04 1.171324101455530255e-13
5.473691548680570122e+04 -5.642770715131432129e-14
5.475103675092762569e+04 3.842504870187801760e-14
5.476515801513045881e+04 -3.052710402026275799e-13
5.477927927938270295e+04 -5.008326115717601623e-13
5.479340054338060145e+04 -6.559046402311457215e-13
5.480752180752723507e+04 -4.783614020210081165e-13
5.482164307161964825e+04 -6.208453356712735644e-13
5.483576433576149429e+04 -5.486361456954723240e-13
5.484988559997934499e+04 -1.075746402430455839e-12
5.486400686393510841e+04 -1.159802217257247606e-12
5.487812812803782435e+04 -1.225781570909001327e-12
5.489224939226594870e+04 -1.050245776973836187e-12
5.490637065630694997e+04 -1.219905909938518166e-12
5.492049192043808580e+04 -1.332026066092289778e-12
5.493461318464990472e+04 -1.644909575143876781e-12
5.494873444877184374e+04 -1.748792450698628611e-12
5.496285571294098190e+04 -1.428192785470918677e-12
5.497697697697739204e+04 -1.644936611430408333e-12
5.499109824102318817e+04 -1.771789516022420591e-12
5.500521950524058047e+04 -2.051882064954138164e-12
5.501934076938094950e+04 -2.234269529803577625e-12
5.503346203354478348e+04 -2.387780212915762333e-12
5.504758329768059048e+04 -2.378582468237707175e-12
5.506170456174930587e+04 -2.357328567488040853e-12
5.507582582588359946e+04 -2.365899746225726430e-12
5.508994708986901242e+04 -2.443505378993237946e-12
5.510406835410876374e+04 -2.702320370424574392e-12
5.511818961819481046e+04 -2.758445673542717537e-12
5.513231088234992058e+04 -2.745324963688924603e-12
5.514643214648494904e+04 -2.776162552106885177e-12
5.516055341054036398e+04 -2.931726641181146129e-12
5.517467467462667264e+04 -3.008379244848418223e-12
5.518879593878948072e+04 -3.283860755112168575e-12
5.520291720283048198e+04 -3.636783652702751528e-12
5.521703846704348689e+04 -3.340614651892172115e-12
5.523115973123384902e+04 -3.496770835641475344e-12
5.524528099533382192e+04 -3.655213613324190360e-12
5.525940225930490851e+04 -3.807951058641571153e-12
5.527352352351773879e+04 -3.688614241705347454e-12
5.528764478766691172e+04 -3.896059612819451295e-12
5.530176605185597145e+04 -3.875177461009595628e-12
5.531588731594636192e+04 -3.860806998810878462e-12
5.533000857994832768e+04 -4.105446865213688629e-12
5.534412984418435371e+04 -4.340379352937322958e-12
5.535825110822131683e+04 -4.441031392251546878e-12
5.537237237242928677e+04 -4.706204642367955614e-12
5.538649363646491838e+04 -4.574808965731468485e-12
5.540061490065602993e+04 -4.754439405261847077e-12
5.541473616472298454e+04 -5.107386635510308103e-12
5.542885742895439034e+04 -5.042917258461345305e-12
5.544297869301069295e+04 -5.258538402622609466e-12
5.545709995701599109e+04 -5.352483415155503191e-12
5.547122122114450758e+04 -5.286269521718086986e-12
5.548534248521675181e+04 -5.328163599513151547e-12
5.549946374950085738e+04 -5.399736760848296336e-12
5.551358501359292131e+04 -5.603095597253146958e-12
5.552770627761758806e+04 -5.509821760533401369e-12
5.554182754186293459e+04 -5.698107867196875931e-12
5.555594880594303686e+04 -5.673173651943093945e-12
5.557007007004582556e+04 -5.774746952720882249e-12
5.558419133414001408e+04 -6.084969415270595150e-12
5.559831259825007146e+04 -6.073782475810976082e-12
5.561243386239741812e+04 -6.315050241376130356e-12
5.562655512667139556e+04 -6.528685570291647960e-12
5.564067639063597017e+04 -6.583451624104414128e-12
5.565479765475046588e+04 -7.005419114332273057e-12
5.566891891889253020e+04 -7.075148400925961330e-12
5.568304018306961370e+04 -6.817272244544435462e-12
5.569716144724655896e+04 -7.128046247339393312e-12
5.571128271123143350e+04 -7.390238746865691800e-12
5.572540397539964033e+04 -7.377830443162007397e-12
5.573952523954160279e+04 -7.233699999661966427e-12
5.575364650350840384e+04 -7.314492534704392181e-12
5.576776776777192572e+04 -7.502460965001119596e-12
5.578188903182173817e+04 -7.451808482184139814e-12
5.579601029598370951e+04 -7.849759639085963384e-12
5.581013156011876708e+04 -7.731170375472339394e-12
5.582425282433869870e+04 -7.830142109578623858e-12
5.583837408846861217e+04 -7.939253802948589796e-12
5.585249535245477455e+04 -7.956400215866940159e-12
5.586661661664832354e+04 -8.073199677312170737e-12
5.588073788074165350e+04 -8.362460906913922515e-12
5.589485914483245142e+04 -8.354950226515439499e-12
5.590898040898719046e+04 -8.256156931900264408e-12
5.592310167318316962e+04 -8.540401578536074678e-12
5.593722293714372790e+04 -8.617725358016495311e-12
5.595134420134923857e+04 -8.723158764603834381e-12
5.596546546543859586e+04 -8.811545792532990881e-12
5.597958672959074465e+04 -9.055529353080246033e-12
5.599370799372231704e+04 -8.823337668903754934e-12
5.600782925785154657e+04 -8.733928669343704001e-12
5.602195052195985045e+04 -8.983479001287817861e-12
5.603607178604898945e+04 -9.147454079102064684e-12
5.605019305027346854e+04 -9.249616095019078720e-12
5.606431431425319897e+04 -9.323508969738637274e-12
5.607843557834026433e+04 -9.627376553139093220e-12
5.609255684260282578e+04 -9.470384948135962941e-12
5.610667810674233624e+04 -9.583725116719474562e-12
5.612079937086526479e+04 -9.731105321860615971e-12
5.613492063492850866e+04 -9.724800459841442911e-12
5.614904189908460830e+04 -9.846474563748324148e-12
5.616316316323803039e+04 -9.999689199522987516e-12
5.617728442729999369e+04 -1.014058069589654034e-11
5.619140569132184464e+04 -1.015425970506721172e-11
5.620552695543993468e+04 -1.017114792144918500e-11
5.621964821961836424e+04 -1.039798777270674367e-11
5.623376948388264282e+04 -1.032957109782416381e-11
5.624789074780646479e+04 -1.039504487291777727e-11
5.626201201201380900e+04 -1.034676482424394499e-11
5.627613327609165572e+04 -1.058225763900594737e-11
5.629025454024654027e+04 -1.044288963737844922e-11
5.630437580448696826e+04 -1.040510913057917104e-11
5.631849706857004639e+04 -1.040112398194441014e-11
5.633261833266312169e+04 -1.074278018303010590e-11
5.634673959669784381e+04 -1.064418019786363088e-11
5.636086086098333908e+04 -1.083757210723860164e-11
5.637498212492156017e+04 -1.111798030481557574e-11
5.638910338903173397e+04 -1.097786069442250029e-11
5.640322465312408895e+04 -1.104442538367766361e-11
5.641734591733470006e+04 -1.107470872822172656e-11
5.643146718148187210e+04 -1.110915566089165657e-11
5.644558844566217158e+04 -1.125832837182984365e-11
5.645970970973519434e+04 -1.136761444924793895e-11
5.647383097383054701e+04 -1.131645503605848954e-11
5.648795223807455477e+04 -1.143066982851129860e-11
5.650207350212265010e+04 -1.149443626211044025e-11
5.651619476623426453e+04 -1.127350113583138670e-11
5.653031603024288052e+04 -1.158142145858293284e-11
5.654443729438915034e+04 -1.166048502310166056e-11
5.655855855858436553e+04 -1.168164632456995646e-11
5.657267982275499526e+04 -1.159699841506812222e-11
5.658680108687854226e+04 -1.168747805157482615e-11
5.660092235091746261e+04 -1.178093438322865952e-11
5.661504361504195549e+04 -1.187364451337422173e-11
5.662916487923367094e+04 -1.197403294889476241e-11
5.664328614332205325e+04 -1.207485666862846181e-11
5.665740740734441351e+04 -1.203655571331344944e-11
