5.299999999999973807e+04 4.902067152030379339e-12
5.301412126410256315e+04 4.852185481269977708e-12
5.302824252820125548e+04 4.614797378696552407e-12
5.304236379241563554e+04 4.702438994931738101e-12
5.305648505650369043e+04 4.647737224862258836e-12
5.307060632061943761e+04 4.578162904908853676e-12
5.308472758468117536e+04 4.582594833309799609e-12
5.309884884881707694e+04 4.433987636248256439e-12
5.311297011300215672e+04 4.408033198163521290e-12
5.312709137711238873e+04 4.338028211867269862e-12
5.314121264119061379e+04 4.165898762625553681e-12
5.315533390530852921e+04 4.235439318337679328e-12
5.316945516949779267e+04 3.854574070845401093e-12
5.318357643361940427e+04 3.996743830613950396e-12
5.319769769770202402e+04 3.866277786845321175e-12
5.321181896179458272e+04 3.684836732871711632e-12
5.322594022590976965e+04 3.665327529407440728e-12
5.324006149010354420e+04 3.463028116717330026e-12
5.325418275420893769e+04 3.165015276261266537e-12
5.326830401829862240e+04 3.313176466191497656e-12
5.328242528238251543e+04 3.213113000096359618e-12
5.329654654651074816e+04 3.128701816632195718e-12
5.331066781069679564e+04 2.968369687586685160e-12
5.332478907479926420e+04 3.000402704567574174e-12
5.333891033890433755e+04 2.798932673653847159e-12
5.335303160299327283e+04 2.755078871961062190e-12
5.336715286720003496e+04 2.680256370353789567e-12
5.338127413131249341e+04 2.554485260655017714e-12
5.339539539538053941e+04 2.612007813670203531e-12
5.340951665948426671e+04 2.211524816661937243e-12
5.342363792360112711e+04 2.134123394327100991e-12
5.343775918778519554e+04 2.128192710786410132e-12
5.345188045190965204e+04 2.079858637262362891e-12
5.346600171598391171e+04 2.115341046849637352e-12
5.348012298010948871e+04 1.922459101211821369e-12
5.349424424418674607e+04 1.757141179648485032e-12
5.350836550839442498e+04 1.750567706191111011e-12
5.352248677250081528e+04 1.699124058471834038e-12
5.353660803661146929e+04 1.592896387944923955e-12
5.355072930069353606e+04 1.444494460062371627e-12
5.356485056491646537e+04 1.484955916572543601e-12
5.357897182900104963e+04 1.420225622843558719e-12
5.359309309309713717e+04 1.273222644309129678e-12
5.360721435721336456e+04 1.295360526330217846e-12
5.362133562128609628e+04 1.303956662800075238e-12
5.363545688551110652e+04 1.236551196682565398e-12
5.364957814959038660e+04 1.068952683767349849e-12
5.366369941371247842e+04 1.000903339733974732e-12
5.367782067778568307e+04 7.819440846371450000e-13
5.369194194188975962e+04 5.949389303138751735e-13
5.370606320608276292e+04 4.665709116343980211e-13
5.372018447019209998e+04 3.584808041078631451e-13
5.373430573429523793e+04 4.175418967662137744e-13
5.374842699838927365e+04 4.662164415009257761e-13
5.376254826250782935e+04 5.240829835907980751e-13
5.377666952669116290e+04 4.641457614578799321e-13
5.379079079081911914e+04 4.161972023106292614e-13
5.380491205489943968e+04 2.237433480842628320e-13
5.381903331898158649e+04 2.493563720257085166e-13
5.383315458321802726e+04 2.570274915910905934e-13
5.384727584731933166e+04 2.832134559017396832e-13
5.386139711138929852e+04 1.453107201247949027e-13
5.387551837549969787e+04 3.623633059988479787e-15
5.388963963959885587e+04 -1.330999292035824720e-13
5.390376090378256049e+04 -1.007560345897770873e-13
5.391788216791546438e+04 -2.593964699739470694e-13
5.393200343198396149e+04 -1.146326662892051415e-13
5.394612469610361586e+04 8.183314865388231541e-14
5.396024596020644822e+04 -3.273738609947572712e-13
5.397436722440383892e+04 -3.166398786656895883e-13
5.398848848850376817e+04 -4.330729089858078410e-13
5.400260975261794374e+04 -2.495487717784780894e-13
5.401673101669114840e+04 -2.213920782829629888e-13
5.403085228088764416e+04 -2.055614000527917935e-13
5.404497354498102504e+04 -4.154006108070261184e-13
5.405909480908077967e+04 -5.539976351285987064e-13
5.407321607319461327e+04 -5.267281686993066838e-13
5.408733733731164102e+04 -5.269734762481921303e-13
5.410145860150834051e+04 -6.495387600907731243e-13
5.411557986559336132e+04 -5.224582796431898407e-13
5.412970112970035552e+04 -7.643619868213104472e-13
5.414382239381648105e+04 -6.701772341726065108e-13
5.415794365789694712e+04 -8.378704030166499155e-13
5.417206492209331191e+04 -8.676762131388530634e-13
5.418618618618586333e+04 -8.425485093658261180e-13
5.420030745030503022e+04 -1.037525071028690235e-12
5.421442871441890748e+04 -8.631127093701732251e-13
5.422854997850821383e+04 -9.638702826767419337e-13
5.424267124268623593e+04 -1.148806207622541901e-12
5.425679250678251992e+04 -1.355195155371045426e-12
5.427091377091447066e+04 -1.238939251317744902e-12
5.428503503498180362e+04 -1.402669637008090586e-12
5.429915629921669461e+04 -1.569974607744021934e-12
5.431327756330638658e+04 -1.411357383009066275e-12
5.432739882738007145e+04 -1.450009206746576499e-12
5.434152009148017532e+04 -1.561895270885580346e-12
5.435564135561635339e+04 -1.767461256052873269e-12
5.436976261979065748e+04 -1.930691742385761997e-12
5.438388388390261389e+04 -1.873292822344282524e-12
5.439800514801359532e+04 -1.957834783310113998e-12
5.441212641210178117e+04 -1.852228142716248411e-12
5.442624767619124032e+04 -1.848514003642260872e-12
5.444036894041258347e+04 -2.046121492393584974e-12
5.445449020449514501e+04 -2.266046745697409305e-12
5.446861146861405723e+04 -2.134779789464323528e-12
5.448273273270189384e+04 -2.022208285840705120e-12
5.449685399688553298e+04 -1.842830295915867524e-12
5.451097526098804519e+04 -2.074711209563507659e-12
5.452509652508997533e+04 -2.176969206275234167e-12
5.453921778921240184e+04 -2.229146745709361040e-12
5.455333905331861024e+04 -2.256006108980344852e-12
5.456746031751645205e+04 -2.437547621545086393e-12
5.458158158161056781e+04 -2.539515049941959262e-12
5.459570284569674550e+04 -2.595151991574945587e-12
5.460982410981066641e+04 -2.575044896293565944e-12
5.462394537388983008e+04 -2.830602122805540413e-12
5.463806663811956969e+04 -2.797625157734410239e-12
5.465218790218966024e+04 -2.748090295779908316e-12
5.466630916630400316e+04 -2.746279865141179828e-12
5.468043043038815085e+04 -2.909763637683621568e-12
5.469455169459181343e+04 -2.977732542310812494e-12
5.470867295868211659e+04 -3.120321508164158579e-12
5.472279422281875304e+04 -2.771368981209887548e-12
5.473691548690928903e+04 -2.680799577309452530e-12
5.475103675098626263e+04 -2.849050091867758307e-12
5.476515801519344677e+04 -2.834842998550139169e-12
5.477927927928214194e+04 -3.022966035766200888e-12
5.479340054338228947e+04 -3.152927392980972331e-12
5.480752180750870320e+04 -3.164287410039321613e-12
5.482164307158089650e+04 -3.044450102812228770e-12
5.483576433581283345e+04 -3.190065592256584008e-12
5.484988559989769419e+04 -3.142285745515810988e-12
5.486400686399653932e+04 -2.969460266930775888e-12
5.487812812809495517e+04 -2.947751491787040316e-12
5.489224939219982480e+04 -3.285577848973798230e-12
5.490637065639955836e+04 -3.150268177913782302e-12
5.492049192049646808e+04 -3.340589263610454010e-12
5.493461318458849564e+04 -3.051661506456606741e-12
5.494873444871480024e+04 -3.016045925769464497e-12
5.496285571288901701e+04 -3.186133563213095435e-12
5.497697697701580182e+04 -3.220826230460847648e-12
5.499109824108495377e+04 -3.328716581337580395e-12
5.500521950518247468e+04 -3.254214894422419000e-12
5.501934076929610455e+04 -3.177263903748901245e-12
5.503346203348771814e+04 -2.961361346087059460e-12
5.504758329758674518e+04 -3.007433034112205037e-12
5.506170456169787940e+04 -3.101051591986633404e-12
5.507582582579751761e+04 -2.955489487035471512e-12
5.508994708991263178e+04 -2.808930339633990292e-12
5.510406835409817722e+04 -2.993432225439479859e-12
5.511818961819354445e+04 -2.929838092989543009e-12
5.513231088231748436e+04 -3.083822472141290759e-12
5.514643214640341466e+04 -3.002248065210807938e-12
5.516055341059273633e+04 -2.790079955941016878e-12
5.517467467471452255e+04 -2.816308279686482189e-12
5.518879593879601452e+04 -2.755525827255763623e-12
5.520291720290758531e+04 -2.359389677112416044e-12
5.521703846701147995e+04 -2.413362850396397387e-12
5.523115973120781564e+04 -2.392840139427521274e-12
5.524528099528838356e+04 -2.643046295829657483e-12
5.525940225939944503e+04 -2.588962871961907328e-12
5.527352352348142449e+04 -2.352559363314828096e-12
5.528764478761629289e+04 -2.432085430452133790e-12
5.530176605180259503e+04 -2.348522451150201482e-12
5.531588731591573014e+04 -2.359450024800373634e-12
5.533000858000610606e+04 -2.155381996906759305e-12
5.534412984411572688e+04 -2.215380509660259564e-12
5.535825110831474012e+04 -2.119138278025250329e-12
5.537237237241724506e+04 -1.947443448190075104e-12
5.538649363648142753e+04 -1.910988802533829339e-12
5.540061490060743381e+04 -1.998867366857519649e-12
5.541473616471653804e+04 -2.088895672498142601e-12
5.542885742888646928e+04 -2.072026172649066084e-12
5.544297869300381717e+04 -2.195256731724756849e-12
5.545709995710880321e+04 -2.212530967269510704e-12
5.547122122121350549e+04 -2.099692396113367981e-12
5.548534248528286844e+04 -2.183457162996908604e-12
5.549946374951495090e+04 -2.002930681135627758e-12
5.551358501358186913e+04 -1.857834239834330743e-12
5.552770627770027932e+04 -1.901700626050986911e-12
5.554182754180604388e+04 -1.733414425119513777e-12
5.555594880591613764e+04 -1.656057683284415161e-12
5.557007007009391964e+04 -1.356679476388310709e-12
5.558419133420950675e+04 -1.475894593149898147e-12
5.559831259828206385e+04 -1.486579615515779234e-12
5.561243386239273968e+04 -1.695439772072835776e-12
5.562655512658323278e+04 -1.538782686664042073e-12
5.564067639068885182e+04 -1.661789553107928469e-12
5.565479765481919458e+04 -1.246387113450995427e-12
5.566891891890608531e+04 -1.108762470264951428e-12
5.568304018301782344e+04 -1.158235098666247315e-12
5.569716144719423028e+04 -1.107413351279360368e-12
5.571128271129733184e+04 -1.139530651930209666e-12
5.572540397540552658e+04 -1.057926506355420816e-12
5.573952523950409523e+04 -8.947826247574133827e-13
5.575364650358439394e+04 -8.631978634394787367e-13
5.576776776778956264e+04 -5.959739491664088309e-13
5.578188903191684949e+04 -5.972293551557964614e-13
5.579601029601943446e+04 -6.486802562029529567e-13
5.581013156010043167e+04 -5.217811089523577189e-13
5.582425282428580249e+04 -7.460795387013032593e-13
5.583837408839866112e+04 -7.430308199269827764e-13
5.585249535250864574e+04 -7.737089152599771935e-13
5.586661661661243124e+04 -5.968692999598569613e-13
5.588073788071114541e+04 -3.784652145789259269e-13
5.589485914489982679e+04 -2.916176382800309367e-13
5.590898040899734769e+04 -3.799904443654317493e-13
5.592310167310303223e+04 -1.465390401653178017e-13
5.593722293719603476e+04 2.405581709180408250e-15
5.595134420131082152e+04 8.571991693140279716e-14
5.596546546550915082e+04 -3.468590613488708040e-14
5.597958672960603872e+04 1.026938647019441988e-13
5.599370799371450266e+04 1.702835653475939914e-13
5.600782925781841914e+04 3.267819479423836439e-13
5.602195052201223007e+04 3.579582018341436022e-13
5.603607178608616232e+04 4.063225217354484825e-13
5.605019305021575565e+04 4.964604976936096916e-13
5.606431431429458462e+04 6.714345570631169290e-13
5.607843557838533889e+04 8.503239628219898692e-13
5.609255684259853297e+04 8.969785282755338855e-13
5.610667810669721075e+04 9.330162526452644815e-13
5.612079937080625677e+04 1.009982475307329424e-12
5.613492063489579596e+04 1.109263416124185439e-12
5.614904189898510231e+04 1.261377307082361682e-12
5.616316316321606428e+04 1.211648491140361218e-12
5.617728442728676600e+04 1.323788421755148228e-12
5.619140569139379659e+04 1.411787826521311306e-12
5.620552695551555371e+04 1.561364213254115817e-12
5.621964821957999811e+04 1.793692947365037454e-12
5.623376948380909744e+04 1.738336419387873579e-12
5.624789074789688311e+04 1.809014296911508573e-12
5.626201201199674688e+04 1.996953824932218521e-12
5.627613327610974375e+04 2.220162224567429549e-12
5.629025454030410037e+04 2.286034047038093236e-12
5.630437580440987949e+04 2.209474591003511870e-12
5.631849706849249924e+04 2.276692050862384698e-12
5.633261833259268315e+04 2.424838081337347424e-12
5.634673959669133910e+04 2.505398473030273072e-12
5.636086086088870798e+04 2.733076083171730255e-12
5.637498212501590751e+04 2.806013227263278358e-12
5.638910338910081191e+04 2.829904528765961958e-12
5.640322465320950869e+04 3.068834371513478613e-12
5.641734591729041131e+04 3.053290489867664035e-12
5.643146718148134823e+04 3.278685042525762802e-12
5.644558844558556302e+04 3.496821044908266554e-12
5.645970970968227630e+04 3.506353658540649099e-12
5.647383097381745756e+04 3.686155823079880881e-12
5.648795223799230007e+04 3.812800088388789938e-12
5.650207350210381992e+04 3.886545833472347591e-12
5.651619476619156194e+04 3.928495020063888580e-12
5.653031603028538666e+04 4.020460254381458735e-12
5.654443729439543677e+04 4.163905257991146187e-12
5.655855855858399445e+04 4.224843366838159145e-12
5.657267982271298388e+04 4.313788315426696450e-12
5.658680108679195109e+04 4.488576399469372711e-12
5.660092235088477173e+04 4.851479542067442925e-12
5.661504361499584047e+04 4.902578656712443368e-12
5.662916487921320368e+04 5.045669117655379075e-12
5.664328614329406264e+04 5.144915242498413668e-12
5.665740740738582826e+04 5.044262552312982395e-12
