5.299999999999985448e+04 -6.645022680724998023e-12
5.301412126411788631e+04 -6.847725490555081898e-12
5.302824252818309469e+04 -6.760347804732235569e-12
5.304236379239794769e+04 -6.592648835011126951e-12
5.305648505650540028e+04 -6.760475999584875290e-12
5.307060632059632917e+04 -6.832360584583986509e-12
5.308472758470461849e+04 -6.730331156683603514e-12
5.309884884880170284e+04 -6.819452494807445009e-12
5.311297011302172177e+04 -6.826968103703168911e-12
5.312709137707511400e+04 -6.607216261956359428e-12
5.314121264122003777e+04 -6.616880607107628089e-12
5.315533390529076132e+04 -6.772886623678761030e-12
5.316945516949570447e+04 -6.937908840830587812e-12
5.318357643357758207e+04 -6.744605241232315212e-12
5.319769769770976563e+04 -6.846758766666835389e-12
5.321181896178267198e+04 -6.877508322562558932e-12
5.322594022590138775e+04 -6.868305745206493817e-12
5.324006149011618254e+04 -6.948861126836559247e-12
5.325418275421371072e+04 -6.920283252179993237e-12
5.326830401827658352e+04 -6.899965110675642393e-12
5.328242528242692060e+04 -6.980073730939518178e-12
5.329654654649864824e+04 -7.019566145055352947e-12
5.331066781071538571e+04 -6.973113718432700188e-12
5.332478907479159534e+04 -6.959723681567330857e-12
5.333891033892770065e+04 -7.028394534799198651e-12
5.335303160301635216e+04 -7.022662181348619209e-12
5.336715286720974836e+04 -7.092545840857154244e-12
5.338127413132161018e+04 -6.997365746647547313e-12
5.339539539538787358e+04 -6.949318746096779657e-12
5.340951665948337177e+04 -6.864510296644892802e-12
5.342363792357259808e+04 -6.890297180370684413e-12
5.343775918777672632e+04 -6.955456836512045165e-12
5.345188045187932585e+04 -6.790311341289782035e-12
5.346600171600049362e+04 -7.067924541812291889e-12
5.348012298012710380e+04 -6.994252706482496476e-12
5.349424424418924173e+04 -6.900697403924958661e-12
5.350836550840034033e+04 -6.785515429982892525e-12
5.352248677250599576e+04 -6.885369028109134851e-12
5.353660803660677630e+04 -6.792698439049196027e-12
5.355072930072527379e+04 -6.866770582396661720e-12
5.356485056491672731e+04 -6.880490043669612547e-12
5.357897182900804182e+04 -6.890224452967269161e-12
5.359309309312670666e+04 -6.815540887266304881e-12
5.360721435717945860e+04 -6.820357797330518701e-12
5.362133562131661893e+04 -6.836273421320677884e-12
5.363545688551377680e+04 -6.846359790277678353e-12
5.364957814959956158e+04 -6.879492551480238151e-12
5.366369941372298490e+04 -6.830542706797498489e-12
5.367782067780991929e+04 -6.689198534754834506e-12
5.369194194189758855e+04 -6.747994235798492943e-12
5.370606320607652742e+04 -6.634324786981535354e-12
5.372018447021556494e+04 -6.657992742443886009e-12
5.373430573429572541e+04 -6.647981559281400862e-12
5.374842699837738473e+04 -6.800493997231586556e-12
5.376254826252073690e+04 -6.815103600949151351e-12
5.377666952669345483e+04 -6.661098509868595401e-12
5.379079079078426730e+04 -6.550952140365801253e-12
5.380491205492070731e+04 -6.532180480513645087e-12
5.381903331902243372e+04 -6.420324709731710172e-12
5.383315458318834135e+04 -6.325748765135260383e-12
5.384727584731301613e+04 -6.159143805062494507e-12
5.386139711141186854e+04 -6.046786727361808306e-12
5.387551837551369681e+04 -5.934216998830855750e-12
5.388963963961186528e+04 -5.900519627138685743e-12
5.390376090382364055e+04 -5.775008313252434951e-12
5.391788216791502782e+04 -5.802564828839350962e-12
5.393200343202132353e+04 -5.644513021140041923e-12
5.394612469611361303e+04 -5.816537504395740712e-12
5.396024596018148441e+04 -5.550758793769219811e-12
5.397436722440485755e+04 -5.543464542505580567e-12
5.398848848852258379e+04 -5.438665788246004104e-12
5.400260975261405110e+04 -5.494414723251385535e-12
5.401673101667379524e+04 -5.441582669287759132e-12
5.403085228087186260e+04 -5.147666853042553072e-12
5.404497354497458582e+04 -4.921300658821072242e-12
5.405909480907770194e+04 -4.877607673776725612e-12
5.407321607319457689e+04 -4.834371334879455967e-12
5.408733733729724190e+04 -4.783757364287025059e-12
5.410145860152262321e+04 -4.643959520247112353e-12
5.411557986557939148e+04 -4.760708718516290462e-12
5.412970112967420573e+04 -4.546993404902372474e-12
5.414382239378694794e+04 -4.502912403795862378e-12
5.415794365787286370e+04 -4.341606505742062958e-12
5.417206492208828422e+04 -4.355030345485075827e-12
5.418618618622278154e+04 -4.493709826439798070e-12
5.420030745029724494e+04 -4.451990109986137090e-12
5.421442871438949078e+04 -4.498871628288938296e-12
5.422854997850380460e+04 -4.415262566395624235e-12
5.424267124268493353e+04 -4.186175138090870965e-12
5.425679250679989491e+04 -4.224122453399504896e-12
5.427091377091136383e+04 -4.143543768270458486e-12
5.428503503500811348e+04 -3.992719630409128058e-12
5.429915629920901847e+04 -3.978231921917004157e-12
5.431327756332745048e+04 -4.007369182982090202e-12
5.432739882739332097e+04 -3.908385138274989565e-12
5.434152009152586106e+04 -3.779426135735016266e-12
5.435564135559705755e+04 -3.692969437482635107e-12
5.436976261982480355e+04 -3.635226747294056535e-12
5.438388388387180748e+04 -3.516949863821312981e-12
5.439800514799982921e+04 -3.475487254103669065e-12
5.441212641208483547e+04 -3.364857401017608632e-12
5.442624767619099293e+04 -3.475564078825586049e-12
5.444036894040146581e+04 -3.360927253110245880e-12
5.445449020449330419e+04 -3.293475147266873527e-12
5.446861146859764267e+04 -3.142291879438819799e-12
5.448273273271156359e+04 -2.998278509257861927e-12
5.449685399688299367e+04 -3.085017103023198582e-12
5.451097526099661627e+04 -2.926233309373462097e-12
5.452509652507772262e+04 -2.863584490010283100e-12
5.453921778921262012e+04 -2.894794994237509761e-12
5.455333905327419779e+04 -2.786335695628019228e-12
5.456746031752302224e+04 -2.849946565375527421e-12
5.458158158160612948e+04 -2.884300942089534358e-12
5.459570284568723582e+04 -2.797410747539614600e-12
5.460982410977312247e+04 -2.754331131075055829e-12
5.462394537389260222e+04 -2.753764471926193945e-12
5.463806663810438477e+04 -2.752797504759661781e-12
5.465218790222454118e+04 -2.606156524223207821e-12
5.466630916631065338e+04 -2.431097362018814036e-12
5.468043043040226621e+04 -2.376154369562826147e-12
5.469455169462203048e+04 -2.287314670869533133e-12
5.470867295872113027e+04 -2.319937930516337371e-12
5.472279422278756829e+04 -2.058575719503396800e-12
5.473691548688051989e+04 -2.044166679526516753e-12
5.475103675100300461e+04 -1.904253086238915349e-12
5.476515801517640648e+04 -1.785123141054002065e-12
5.477927927932479361e+04 -1.654623546757181490e-12
5.479340054340958886e+04 -1.473111927375436609e-12
5.480752180751282867e+04 -1.470012305928480825e-12
5.482164307162092882e+04 -1.347479947459295161e-12
5.483576433578542492e+04 -1.283965774428440023e-12
5.484988559992219234e+04 -1.087674307745361007e-12
5.486400686402148131e+04 -1.151990326007107348e-12
5.487812812810508331e+04 -9.885405060470027245e-13
5.489224939218470536e+04 -8.139213958497511593e-13
5.490637065638500644e+04 -7.995328424653824026e-13
5.492049192052042054e+04 -8.334213540656829501e-13
5.493461318460892653e+04 -6.848501267828167868e-13
5.494873444869343075e+04 -5.285611903691032181e-13
5.496285571287183120e+04 -5.027702093248090665e-13
5.497697697698898264e+04 -4.730974287314786906e-13
5.499109824109859619e+04 -3.218666320087988119e-13
5.500521950522418047e+04 -1.388549843233783647e-13
5.501934076929742150e+04 2.666398148036499605e-14
5.503346203351859003e+04 2.378496106509909889e-13
5.504758329757363390e+04 1.863942557041225513e-13
5.506170456167253724e+04 3.882511101088144900e-13
5.507582582580795861e+04 3.724440650589650634e-13
5.508994708990991057e+04 4.605696011373149759e-13
5.510406835412073997e+04 6.414940747776866837e-13
5.511818961822627898e+04 8.206120406904142554e-13
5.513231088228297449e+04 8.074010566435936559e-13
5.514643214640499355e+04 8.817305115930008135e-13
5.516055341060254432e+04 1.068425238880098345e-12
5.517467467467531969e+04 1.223049025054495538e-12
5.518879593877671141e+04 1.262257494998123943e-12
5.520291720287877979e+04 1.279345771543628416e-12
5.521703846699348651e+04 1.440708007726834137e-12
5.523115973118731199e+04 1.628409036438085457e-12
5.524528099530279724e+04 1.855270186734638352e-12
5.525940225937961077e+04 1.760815113034005033e-12
5.527352352350744331e+04 1.937968004993051330e-12
5.528764478759956546e+04 1.994807646183732688e-12
5.530176605177329475e+04 2.196660403269922389e-12
5.531588731592085969e+04 2.342747836076721708e-12
5.533000857998282299e+04 2.512139997060646648e-12
5.534412984409683850e+04 2.722009977260198742e-12
5.535825110830143967e+04 2.863600193278923011e-12
5.537237237241295952e+04 2.931573478035781711e-12
5.538649363651155727e+04 3.053235156323238457e-12
5.540061490060949291e+04 3.162823675911950619e-12
5.541473616471934656e+04 3.395456309050779676e-12
5.542885742887179367e+04 3.433422062292674232e-12
5.544297869302011532e+04 3.575303187925058698e-12
5.545709995709592476e+04 3.621600838341288642e-12
5.547122122117305844e+04 3.698084253627330733e-12
5.548534248527263117e+04 3.790863933792392031e-12
5.549946374951848702e+04 3.873208972927761131e-12
5.551358501362017705e+04 4.023167142523640804e-12
5.552770627771467116e+04 4.112482949626895043e-12
5.554182754182757344e+04 4.240405740317647844e-12
5.555594880588574597e+04 4.244436682260165989e-12
5.557007007007538778e+04 4.450994390182494935e-12
5.558419133419878199e+04 4.549456231646483590e-12
5.559831259828242764e+04 4.585379471615003759e-12
5.561243386237735831e+04 4.756306897841724005e-12
5.562655512661067041e+04 4.869741160576652072e-12
5.564067639070135192e+04 4.969398599579598590e-12
5.565479765479621710e+04 5.044304137510423555e-12
5.566891891889307590e+04 5.108154290658463406e-12
5.568304018297319271e+04 5.284240240879522168e-12
5.569716144719054864e+04 5.228129922382241363e-12
5.571128271129873610e+04 5.440564414232355427e-12
5.572540397537706303e+04 5.542454482087180328e-12
5.573952523950550676e+04 5.594328992716829683e-12
5.575364650357551000e+04 5.685848337710597337e-12
5.576776776780650835e+04 5.801174742129866726e-12
5.578188903187595133e+04 5.725043286503167681e-12
5.579601029601834307e+04 5.934279411530421232e-12
5.581013156007997895e+04 5.881961980770678565e-12
5.582425282430556399e+04 5.914885164131847299e-12
5.583837408841539582e+04 5.839134759125857886e-12
5.585249535251375346e+04 6.030999892630951242e-12
5.586661661659043602e+04 6.089299818135836177e-12
5.588073788068666909e+04 6.206558517960769846e-12
5.589485914490720461e+04 6.326515711751287985e-12
5.590898040901619970e+04 6.427081935998034708e-12
5.592310167307847587e+04 6.424199062699848022e-12
5.593722293717812863e+04 6.543045063712555145e-12
5.595134420129703358e+04 6.572061453881824316e-12
5.596546546550437051e+04 6.560477515012249413e-12
5.597958672958220268e+04 6.649557316569774108e-12
5.599370799371961039e+04 6.594005872316201731e-12
5.600782925780593359e+04 6.854380629570099050e-12
5.602195052201108047e+04 6.905192295780263009e-12
5.603607178609838593e+04 6.915102070309816734e-12
5.605019305018756131e+04 7.012741170218552885e-12
5.606431431429747317e+04 7.141945192404960025e-12
5.607843557838875131e+04 7.264044464308457507e-12
5.609255684260278940e+04 7.389732167756230237e-12
5.610667810667990852e+04 7.523441601367717106e-12
5.612079937079978845e+04 7.800813674696368431e-12
5.613492063490387227e+04 7.699089548240885121e-12
5.614904189902462531e+04 7.717387353208254924e-12
5.616316316321400518e+04 7.935609717174653495e-12
5.617728442731620453e+04 7.947696806756305344e-12
5.619140569138881256e+04 8.141720407648386589e-12
5.620552695550812496e+04 8.242548040815577316e-12
5.621964821961733833e+04 8.196781812609088858e-12
5.623376948378131056e+04 8.412009856214039390e-12
5.624789074791334860e+04 8.501086379916763991e-12
5.626201201200242213e+04 8.642729861076017250e-12
5.627613327609870612e+04 8.774273452127211979e-12
5.629025454032219568e+04 8.758806894244899111e-12
5.630437580441530008e+04 8.720826390656397670e-12
5.631849706847940251e+04 8.747336860829687246e-12
5.633261833259281411e+04 8.872621388136837595e-12
5.634673959671063494e+04 9.056722103080157468e-12
5.636086086089353194e+04 9.293231618985819883e-12
5.637498212499552756e+04 9.339467399892666551e-12
5.638910338908926497e+04 9.523205911880387027e-12
5.640322465321479103e+04 9.571605076956423341e-12
5.641734591728015221e+04 9.672302415395241674e-12
5.643146718147378124e+04 9.828360263045428363e-12
5.644558844557668635e+04 9.821576742533095926e-12
5.645970970968646725e+04 9.963248904921863739e-12
5.647383097382109554e+04 1.011714009054805907e-11
5.648795223798382358e+04 1.021009185809021496e-11
5.650207350210318691e+04 1.032865596358996619e-11
5.651619476620179194e+04 1.022772261960541831e-11
5.653031603031783743e+04 1.035630139098838038e-11
5.654443729441672622e+04 1.039726064512802215e-11
5.655855855861160671e+04 1.060368764859012909e-11
5.657267982269166532e+04 1.060805211225873208e-11
5.658680108677637327e+04 1.065823443034695005e-11
5.660092235091535986e+04 1.084694544806900759e-11
5.661504361501552921e+04 1.087013381240066848e-11
5.662916487917372433e+04 1.114672083950428858e-11
5.664328614330851997e+04 1.129525109360213216e-11
5.665740740741665650e+04 1.142014719511526782e-11
