5.300000000000040018e+04 -2.535500268637678530e-12
5.301412126408857148e+04 -2.460411724414959751e-12
5.302824252820200491e+04 -2.454146620256380174e-12
5.304236379241286340e+04 -2.357336628953408562e-12
5.305648505649633444e+04 -2.349300408573042368e-12
5.307060632060687931e+04 -2.301050953538582046e-12
5.308472758471297129e+04 -2.203123432063856632e-12
5.309884884880978643e+04 -2.094552731161740836e-12
5.311297011300535087e+04 -2.036274874014883379e-12
5.312709137710063806e+04 -1.993547153679582186e-12
5.314121264120063279e+04 -1.968108199040194580e-12
5.315533390529217286e+04 -1.943513731767844547e-12
5.316945516949646117e+04 -1.826740033186704633e-12
5.318357643359657959e+04 -1.796416301076624053e-12
5.319769769770080165e+04 -1.882639626491383551e-12
5.321181896179550677e+04 -1.743988316632157080e-12
5.322594022588727967e+04 -1.851411775571042903e-12
5.324006149011027446e+04 -1.725725884525193972e-12
5.325418275418953272e+04 -1.653796963125110390e-12
5.326830401830480696e+04 -1.709099532827233489e-12
5.328242528240777756e+04 -1.695420370756388847e-12
5.329654654649506847e+04 -1.742611450206405607e-12
5.331066781071063451e+04 -1.859130776725868342e-12
5.332478907481040369e+04 -1.693674197766952824e-12
5.333891033889202663e+04 -1.725764497627038827e-12
5.335303160298948933e+04 -1.735010709317901113e-12
5.336715286720907170e+04 -1.796782477509190146e-12
5.338127413131140202e+04 -1.827850642834188580e-12
5.339539539540046098e+04 -1.879904723334890676e-12
5.340951665949786548e+04 -1.923232438451895325e-12
5.342363792359559011e+04 -1.983971459007273194e-12
5.343775918778741470e+04 -1.954211541764912632e-12
5.345188045189545664e+04 -1.915674443416477784e-12
5.346600171598770976e+04 -1.914807201463457791e-12
5.348012298010234372e+04 -1.897945576394472907e-12
5.349424424419957359e+04 -1.886947811801314405e-12
5.350836550840063865e+04 -1.939422259129571333e-12
5.352248677250080800e+04 -1.911919166423651382e-12
5.353660803660016973e+04 -1.810184036076462531e-12
5.355072930070501025e+04 -1.830911666526590894e-12
5.356485056488795817e+04 -1.750538115997624220e-12
5.357897182899547624e+04 -1.596125030891176628e-12
5.359309309310121898e+04 -1.517624961653231592e-12
5.360721435719633882e+04 -1.554417011903100984e-12
5.362133562131244980e+04 -1.457165990016362230e-12
5.363545688549438637e+04 -1.424796423770547383e-12
5.364957814958964445e+04 -1.525470537485161508e-12
5.366369941369021399e+04 -1.518042345074564357e-12
5.367782067780203943e+04 -1.457414346357295939e-12
5.369194194189715927e+04 -1.484908929019237443e-12
5.370606320609521936e+04 -1.525967739250016016e-12
5.372018447019391169e+04 -1.488298078487796480e-12
5.373430573431208904e+04 -1.424169419380872283e-12
5.374842699839181296e+04 -1.387603227654522255e-12
5.376254826249551115e+04 -1.446038373890084608e-12
5.377666952669835155e+04 -1.455158010903842619e-12
5.379079079080583324e+04 -1.531187721973106790e-12
5.380491205489411368e+04 -1.381912160198096863e-12
5.381903331900144258e+04 -1.675992673978115026e-12
5.383315458320811740e+04 -1.529408046799042996e-12
5.384727584729838418e+04 -1.455226873788449664e-12
5.386139711140196596e+04 -1.449421654362796363e-12
5.387551837548725598e+04 -1.505319633693617223e-12
5.388963963961047557e+04 -1.540985130190618215e-12
5.390376090379650850e+04 -1.505657687854415536e-12
5.391788216790692240e+04 -1.572318036136623776e-12
5.393200343200313364e+04 -1.713229789746396806e-12
5.394612469609708933e+04 -1.766040970711386565e-12
5.396024596019055025e+04 -1.748671579685022106e-12
5.397436722441048914e+04 -1.667334731304336264e-12
5.398848848849921342e+04 -1.708151347639820784e-12
5.400260975260804844e+04 -1.718402037969930266e-12
5.401673101669119205e+04 -1.736331820283104316e-12
5.403085228089190059e+04 -1.685591807952588846e-12
5.404497354499049106e+04 -1.648891803120922647e-12
5.405909480909517151e+04 -1.763967747928365656e-12
5.407321607321086776e+04 -1.920124902967403922e-12
5.408733733731140092e+04 -1.946528634934547604e-12
5.410145860150735825e+04 -1.998248867388141478e-12
5.411557986561349389e+04 -1.967454148361323738e-12
5.412970112971014169e+04 -2.005321007384009041e-12
5.414382239381086401e+04 -1.932887034437124839e-12
5.415794365790171287e+04 -1.854721400145872168e-12
5.417206492209123098e+04 -1.785200112021352596e-12
5.418618618620378402e+04 -1.788050781120931639e-12
5.420030745031162951e+04 -1.760783817681263543e-12
5.421442871439972805e+04 -1.881866288471918454e-12
5.422854997848901257e+04 -1.700395567444352929e-12
5.424267124271083594e+04 -1.737627303299774718e-12
5.425679250680689438e+04 -1.678050148288945994e-12
5.427091377088843728e+04 -1.681340502994077232e-12
5.428503503500857914e+04 -1.886600416155459250e-12
5.429915629919531784e+04 -1.841759625000749436e-12
5.431327756331260025e+04 -1.850931398260950173e-12
5.432739882739857421e+04 -1.974862679635832625e-12
5.434152009149718651e+04 -2.038758828690610309e-12
5.435564135560769500e+04 -1.977913970576788063e-12
5.436976261980018171e+04 -1.966918211223877250e-12
5.438388388390787441e+04 -2.099022851848755238e-12
5.439800514799763914e+04 -2.055060258105980720e-12
5.441212641211252776e+04 -2.081507127192600985e-12
5.442624767620691273e+04 -2.009672672171507380e-12
5.444036894039766048e+04 -2.002427005531758094e-12
5.445449020449553791e+04 -1.906716203788517503e-12
5.446861146860414738e+04 -1.870716957061006555e-12
5.448273273269179481e+04 -1.824223163225934881e-12
5.449685399688911275e+04 -1.976643919875455547e-12
5.451097526100290270e+04 -2.021914028076387405e-12
5.452509652510964224e+04 -2.069048324991582585e-12
5.453921778920354700e+04 -2.177099081769935681e-12
5.455333905330594280e+04 -2.266868894650258042e-12
5.456746031750769180e+04 -2.200044312300925788e-12
5.458158158159243612e+04 -2.219221060598433462e-12
5.459570284569969226e+04 -2.237205228939791370e-12
5.460982410979941778e+04 -2.245916579475779609e-12
5.462394537389669131e+04 -2.294024934068413740e-12
5.463806663810391910e+04 -2.128699038083695735e-12
5.465218790219441871e+04 -1.972556555534275572e-12
5.466630916628850537e+04 -2.029558395167355975e-12
5.468043043040007615e+04 -2.046307726782464654e-12
5.469455169460811157e+04 -2.095820532081332221e-12
5.470867295870197995e+04 -2.202358652996668914e-12
5.472279422279573191e+04 -2.078230368994515611e-12
5.473691548688781768e+04 -2.054222850215183821e-12
5.475103675099782413e+04 -2.165463014970096277e-12
5.476515801519210800e+04 -2.147608942703351135e-12
5.477927927930139413e+04 -2.050107705960326968e-12
5.479340054339502240e+04 -2.094393974824074473e-12
5.480752180750414846e+04 -2.161053834023295423e-12
5.482164307160980388e+04 -2.121808445692701860e-12
5.483576433579881996e+04 -2.108044085365475282e-12
5.484988559989658825e+04 -1.961671328936487122e-12
5.486400686399897677e+04 -1.989352056583382035e-12
5.487812812808879971e+04 -1.883952129596010848e-12
5.489224939220374654e+04 -1.997574715398494013e-12
5.490637065641037043e+04 -1.993968217450394059e-12
5.492049192048941040e+04 -1.880690728603725986e-12
5.493461318460832990e+04 -1.927204672657872811e-12
5.494873444869786181e+04 -2.062284307277692985e-12
5.496285571290430380e+04 -1.992991420908226283e-12
5.497697697698879347e+04 -1.808167351286769556e-12
5.499109824109551846e+04 -1.664163321581708178e-12
5.500521950520842074e+04 -1.518118837653772728e-12
5.501934076930956508e+04 -1.503831745429756500e-12
5.503346203350562428e+04 -1.395530186895533243e-12
5.504758329760903143e+04 -1.327794932023911634e-12
5.506170456168962119e+04 -1.399086798378932006e-12
5.507582582579020527e+04 -1.322212343174061985e-12
5.508994708991063089e+04 -1.307244838698160977e-12
5.510406835410433996e+04 -1.231075249894538839e-12
5.511818961819336982e+04 -1.127059623394325535e-12
5.513231088229581655e+04 -1.128964503813129393e-12
5.514643214640375663e+04 -1.088782228112128926e-12
5.516055341060346836e+04 -1.003088628480877127e-12
5.517467467470573320e+04 -9.655785065891036184e-13
5.518879593879182357e+04 -9.029146510290413538e-13
5.520291720290812373e+04 -8.900063815627255588e-13
5.521703846699863789e+04 -7.811142064130797841e-13
5.523115973119089904e+04 -6.990803169589425017e-13
5.524528099530722102e+04 -5.231691000642276329e-13
5.525940225940993696e+04 -5.582764550561604679e-13
5.527352352350146975e+04 -4.874294585863572647e-13
5.528764478761161445e+04 -3.633086086456105726e-13
5.530176605179960461e+04 -3.413337187613564129e-13
5.531588731590021052e+04 -1.083418220560138660e-13
5.533000858000302833e+04 -1.718555082147496102e-13
5.534412984408847842e+04 -1.117225592971918249e-13
5.535825110831354687e+04 7.126758573606310884e-15
5.537237237238777743e+04 2.375760106447500102e-13
5.538649363648917642e+04 3.956026364943142338e-13
5.540061490059057542e+04 4.338960736984931075e-13
5.541473616469326953e+04 5.935368690392302071e-13
5.542885742888791719e+04 8.312646541268675813e-13
5.544297869299664308e+04 9.591620072620878633e-13
5.545709995710065414e+04 1.081276051889484441e-12
5.547122122120294807e+04 1.234692385867883822e-12
5.548534248531240883e+04 1.333075145787156456e-12
5.549946374950426252e+04 1.349886688758245233e-12
5.551358501361147501e+04 1.441559621358617208e-12
5.552770627771070576e+04 1.572245725687228606e-12
5.554182754179538460e+04 1.717145168525376688e-12
5.555594880590966932e+04 1.866674270920985199e-12
5.557007007009188965e+04 1.969922428397580487e-12
5.558419133420640719e+04 2.076927721382353880e-12
5.559831259828794282e+04 2.199815690928800303e-12
5.561243386239025131e+04 2.300198800265991020e-12
5.562655512660425302e+04 2.359111193680527445e-12
5.564067639068796416e+04 2.451252472149505616e-12
5.565479765479086200e+04 2.548052559521985103e-12
5.566891891890473198e+04 2.760685887799390179e-12
5.568304018301198812e+04 2.890109179854880554e-12
5.569716144719579461e+04 3.048539201352341949e-12
5.571128271130240319e+04 3.003809236402546872e-12
5.572540397539275727e+04 3.024670386508198830e-12
5.573952523949219176e+04 3.012175881249109852e-12
5.575364650359270308e+04 3.237670527026053477e-12
5.576776776779671491e+04 3.224919155382052543e-12
5.578188903190184647e+04 3.200529564973068532e-12
5.579601029600121547e+04 3.227801223609414009e-12
5.581013156011221145e+04 3.282342388916961694e-12
5.582425282430190418e+04 3.308752870229329174e-12
5.583837408840380522e+04 3.392198057551521351e-12
5.585249535248745815e+04 3.499544339195016597e-12
5.586661661660401296e+04 3.522785562749899866e-12
5.588073788069822331e+04 3.559931611265952630e-12
5.589485914490985306e+04 3.707647193944778471e-12
5.590898040899420448e+04 3.780318665590279547e-12
5.592310167309603275e+04 3.778735014877511820e-12
5.593722293719268055e+04 3.731925077799471833e-12
5.595134420129407226e+04 3.783380911990149884e-12
5.596546546549633058e+04 3.922254069892399736e-12
5.597958672959931573e+04 3.966927301215672366e-12
5.599370799369380256e+04 3.898915029740063652e-12
5.600782925780625374e+04 4.150399545460325673e-12
5.602195052200029750e+04 4.153590714135639279e-12
5.603607178610924166e+04 4.159147675036956530e-12
5.605019305021016771e+04 4.143234088430487962e-12
5.606431431429395889e+04 4.019852731966487694e-12
5.607843557841137954e+04 3.999284249120415728e-12
5.609255684260852286e+04 3.988970075818558788e-12
5.610667810669764003e+04 3.916868288036626022e-12
5.612079937080200762e+04 3.966365833946291342e-12
5.613492063490069995e+04 4.021735505834266837e-12
5.614904189900799247e+04 3.973027731132439165e-12
5.616316316318981262e+04 3.966132052278377874e-12
5.617728442729872768e+04 3.990783986801731492e-12
5.619140569140783191e+04 3.935705417107775853e-12
5.620552695550242788e+04 3.918144599000195855e-12
5.621964821960520931e+04 3.924976110166327885e-12
5.623376948379230453e+04 3.937912942079100426e-12
5.624789074789112783e+04 3.972037240266628068e-12
5.626201201200073410e+04 3.910556769902555219e-12
5.627613327609797852e+04 3.817117660818568057e-12
5.629025454029727553e+04 3.795436416359868066e-12
5.630437580440936290e+04 3.651944554359071877e-12
5.631849706848715141e+04 3.633107425287922046e-12
5.633261833259188279e+04 3.676176073146571731e-12
5.634673959668965108e+04 3.692423409983550255e-12
5.636086086090160825e+04 3.730475631458410110e-12
5.637498212500004593e+04 3.748838154398716832e-12
5.638910338909291022e+04 3.817731166517794349e-12
5.640322465319275216e+04 3.840947349023729565e-12
5.641734591730945976e+04 3.671791933248718526e-12
5.643146718148973741e+04 3.597630519190810916e-12
5.644558844561218575e+04 3.617596451796571086e-12
5.645970970968737674e+04 3.488972321342273121e-12
5.647383097379971150e+04 3.455601210955135022e-12
5.648795223801056272e+04 3.654481134364228419e-12
5.650207350210093864e+04 3.596498976791472154e-12
5.651619476620615023e+04 3.528253510547534720e-12
5.653031603029184043e+04 3.551419610955574235e-12
5.654443729440855532e+04 3.294798941336238558e-12
5.655855855859760049e+04 3.413990421664928050e-12
5.657267982270209905e+04 3.354823509463817855e-12
5.658680108680111152e+04 3.437640127330776007e-12
5.660092235088950110e+04 3.280332257839297803e-12
5.661504361499290098e+04 3.216016279948251104e-12
5.662916487918737403e+04 3.219079113247706190e-12
5.664328614329607808e+04 3.161261678825060826e-12
5.665740740740334149e+04 3.019017565341377521e-12
