5.300000000000107684e+04 3.372234822065327188e-12
5.301412126409384655e+04 3.218838134671852300e-12
5.302824252822955168e+04 3.445098939866224585e-12
5.304236379236954963e+04 3.500027604428086246e-12
5.305648505652943277e+04 3.487931009113699319e-12
5.307060632061583601e+04 3.443566816177087843e-12
5.308472758468245593e+04 3.327751416814770611e-12
5.309884884878117009e+04 3.276581940148645717e-12
5.311297011301726161e+04 3.340192224806864838e-12
5.312709137710361392e+04 3.321269527547489874e-12
5.314121264117625105e+04 3.220582152642956789e-12
5.315533390529595636e+04 3.095741587174318638e-12
5.316945516948221484e+04 3.125308968309837071e-12
5.318357643362770614e+04 3.106005179525252344e-12
5.319769769771302526e+04 3.262168462300629221e-12
5.321181896178675379e+04 3.122129932867195357e-12
5.322594022587882500e+04 3.070454212958374499e-12
5.324006149009538058e+04 3.122111326776508770e-12
5.325418275420969439e+04 3.192763380395055878e-12
5.326830401827174501e+04 3.162697392392824164e-12
5.328242528238835803e+04 3.095062373955008857e-12
5.329654654653237230e+04 3.155780290300713873e-12
5.331066781070957222e+04 3.286084137329222377e-12
5.332478907477989560e+04 3.296167062721401676e-12
5.333891033888320089e+04 3.255155602477948287e-12
5.335303160296992428e+04 3.219358453694880936e-12
5.336715286716959963e+04 3.212263048284200854e-12
5.338127413128798798e+04 3.162341270604953492e-12
5.339539539543351566e+04 3.004577985242820156e-12
5.340951665953128395e+04 3.021561770276607372e-12
5.342363792360986554e+04 3.046633568386449430e-12
5.343775918779320637e+04 3.154658470305226713e-12
5.345188045192585560e+04 3.095315828910229163e-12
5.346600171597473673e+04 3.248572197895030337e-12
5.348012298009021470e+04 2.998075308063143149e-12
5.349424424421678850e+04 3.002671436705918920e-12
5.350836550840820564e+04 2.941356307273475245e-12
5.352248677250539185e+04 2.953101295958806241e-12
5.353660803662271792e+04 2.986562440965208970e-12
5.355072930067445850e+04 2.894365928272873365e-12
5.356485056488247210e+04 2.819996353492619092e-12
5.357897182901922497e+04 2.898051752413638262e-12
5.359309309310734534e+04 2.913043049377644755e-12
5.360721435718662542e+04 2.929278469565171892e-12
5.362133562126799370e+04 3.028971236801096677e-12
5.363545688553428772e+04 2.953522387548684391e-12
5.364957814962422708e+04 2.965622770747983100e-12
5.366369941369966546e+04 2.861653632961999624e-12
5.367782067778880446e+04 2.930882108521443952e-12
5.369194194192173018e+04 2.867295581477391652e-12
5.370606320608072565e+04 2.767135661971060994e-12
5.372018447023425688e+04 2.716330246499581817e-12
5.373430573433276732e+04 2.811566279257486269e-12
5.374842699842851289e+04 2.783446233795238647e-12
5.376254826252405473e+04 2.642904915670148277e-12
5.377666952671110630e+04 2.510246761805080924e-12
5.379079079077131610e+04 2.502558991800349651e-12
5.380491205493370217e+04 2.464178808538207782e-12
5.381903331900627381e+04 2.406581139661312556e-12
5.383315458320720063e+04 2.320192151509634568e-12
5.384727584727975773e+04 2.175140523062331292e-12
5.386139711143406021e+04 2.112932422489233151e-12
5.387551837548838375e+04 2.038143695516175555e-12
5.388963963963361311e+04 1.971622375848596625e-12
5.390376090382371331e+04 1.983463607113767576e-12
5.391788216790629667e+04 1.988100705519749551e-12
5.393200343200013594e+04 2.187328179129998382e-12
5.394612469613124267e+04 2.041580791982089782e-12
5.396024596019903402e+04 1.881239684270520474e-12
5.397436722441519669e+04 1.928842670322142597e-12
5.398848848849952628e+04 1.981679361804899420e-12
5.400260975263165892e+04 1.960419206221053513e-12
5.401673101668092568e+04 1.923212843038468433e-12
5.403085228089460725e+04 1.855358672731194561e-12
5.404497354497676133e+04 1.834914033617325894e-12
5.405909480909060221e+04 1.939188626442599306e-12
5.407321607321940974e+04 1.963805151089118498e-12
5.408733733729401138e+04 1.996106051795488623e-12
5.410145860152666137e+04 1.952831315165677392e-12
5.411557986563185841e+04 2.012240380910488741e-12
5.412970112969176989e+04 1.861659288978134554e-12
5.414382239378616941e+04 1.657825262465832863e-12
5.415794365791056771e+04 1.825049775245336655e-12
5.417206492212061858e+04 1.711060742472107136e-12
5.418618618622504437e+04 1.848032600280923985e-12
5.420030745032727282e+04 1.900313896926368740e-12
5.421442871441302123e+04 1.947211427292011813e-12
5.422854997847952473e+04 1.937416017516180107e-12
5.424267124268424232e+04 1.948961248302801201e-12
5.425679250678877725e+04 1.898587833529746575e-12
5.427091377090934839e+04 1.959258961921020505e-12
5.428503503497283236e+04 2.207981303429414071e-12
5.429915629922399967e+04 2.247868398218719541e-12
5.431327756328138639e+04 2.336724784298883428e-12
5.432739882737598236e+04 2.393588391382945719e-12
5.434152009151771199e+04 2.444884959163632043e-12
5.435564135557170084e+04 2.346604072998202770e-12
5.436976261976944079e+04 2.367241682121019852e-12
5.438388388391691842e+04 2.314967173365336988e-12
5.439800514798390213e+04 2.492365763199538111e-12
5.441212641208817513e+04 2.415379456916033513e-12
5.442624767617628095e+04 2.461869713895956672e-12
5.444036894040356856e+04 2.498497167051696913e-12
5.445449020447242219e+04 2.623394338672457303e-12
5.446861146862402529e+04 2.682454797793062829e-12
5.448273273269490892e+04 2.617867541858384985e-12
5.449685399689795304e+04 2.542831784182917091e-12
5.451097526102606935e+04 2.690562932113769293e-12
5.452509652507566352e+04 2.777247193470094178e-12
5.453921778919899953e+04 2.755263642777326475e-12
5.455333905330473499e+04 2.802381779560234433e-12
5.456746031752878480e+04 2.746915508068606865e-12
5.458158158161711617e+04 2.586948219143216117e-12
5.459570284572011587e+04 2.374439754364349492e-12
5.460982410978319967e+04 2.385023044201841563e-12
5.462394537392718485e+04 2.482773990116566362e-12
5.463806663808453595e+04 2.391839055221424834e-12
5.465218790222499229e+04 2.524229572290162166e-12
5.466630916630533466e+04 2.446721083344252399e-12
5.468043043041082274e+04 2.429643722401603012e-12
5.469455169459251920e+04 2.138645918606218649e-12
5.470867295867013308e+04 2.243026208572071691e-12
5.472279422279493156e+04 2.162330320533634973e-12
5.473691548693153891e+04 1.890979093955815469e-12
5.475103675100526016e+04 1.926446787660791611e-12
5.476515801521051617e+04 2.029195074988153163e-12
5.477927927927088604e+04 1.911894036860337106e-12
5.479340054340998176e+04 1.724250581978206293e-12
5.480752180751433480e+04 1.704298064872082387e-12
5.482164307162444311e+04 1.720685000456082624e-12
5.483576433578079013e+04 1.616955378208843990e-12
5.484988559991387592e+04 1.746837285161254159e-12
5.486400686401882558e+04 1.611613793815420379e-12
5.487812812810360629e+04 1.653695801244194661e-12
5.489224939219203225e+04 1.526326868051529811e-12
5.490637065637150954e+04 1.408137586063429530e-12
5.492049192049080739e+04 1.331340370994723492e-12
5.493461318462535564e+04 1.267877965363462073e-12
5.494873444869188097e+04 1.139348787870764417e-12
5.496285571288504434e+04 1.139733273340854722e-12
5.497697697698467528e+04 1.042049236625212631e-12
5.499109824109704641e+04 1.112828017721370093e-12
5.500521950520062819e+04 9.200141302376718866e-13
5.501934076928874856e+04 9.329954845582240208e-13
5.503346203350012365e+04 7.284933357536341844e-13
5.504758329758617037e+04 6.644665655735895249e-13
5.506170456171580736e+04 7.273985461048776636e-13
5.507582582579883456e+04 6.965049204009506428e-13
5.508994708986948535e+04 6.102240536361961202e-13
5.510406835407453036e+04 4.416259628784250824e-13
5.511818961818650860e+04 3.796054989723195841e-13
5.513231088229281886e+04 3.176049138862313043e-13
5.514643214641921077e+04 2.490433484959034561e-13
5.516055341057149053e+04 2.238660956701160454e-13
5.517467467473094439e+04 2.649347681272778354e-13
5.518879593877642037e+04 -9.716827422678683143e-15
5.520291720290340891e+04 -1.181291239071584211e-13
5.521703846696999972e+04 -1.071007424409868000e-13
5.523115973121950083e+04 -1.406212814828069825e-13
5.524528099528318126e+04 -2.790670810685148598e-13
5.525940225940049277e+04 -4.844725040607191748e-13
5.527352352348826389e+04 -3.725547473634362442e-13
5.528764478759793565e+04 -4.042144349119315854e-13
5.530176605178999307e+04 -5.958220174150690621e-13
5.531588731592628028e+04 -7.162673030504961841e-13
5.533000858001974848e+04 -8.092778776650028094e-13
5.534412984408700868e+04 -1.023511436141953984e-12
5.535825110827106255e+04 -1.132494885064978942e-12
5.537237237236824876e+04 -1.038165520439569964e-12
5.538649363651490421e+04 -1.145208602589200852e-12
5.540061490059691278e+04 -1.205928215907346442e-12
5.541473616467846296e+04 -1.308139290244972519e-12
5.542885742888711684e+04 -1.402134108874968768e-12
5.544297869299835293e+04 -1.523010910359551532e-12
5.545709995708289352e+04 -1.530821832078536071e-12
5.547122122117097751e+04 -1.615850818031470747e-12
5.548534248528662283e+04 -1.628578111335216641e-12
5.549946374949216261e+04 -1.665284110072488747e-12
5.551358501357206842e+04 -1.694840521493302065e-12
5.552770627771248837e+04 -1.772189495029804973e-12
5.554182754178789764e+04 -1.870847593926293953e-12
5.555594880590493995e+04 -1.948854023071172757e-12
5.557007007009630615e+04 -1.953972091951719244e-12
5.558419133419419086e+04 -1.987927055938307308e-12
5.559831259828414477e+04 -1.911152143935961971e-12
5.561243386239538086e+04 -2.165792070769011344e-12
5.562655512663411355e+04 -2.287462085657210447e-12
5.564067639067539130e+04 -2.286250932183962652e-12
5.565479765479638445e+04 -2.361233841289140529e-12
5.566891891887811653e+04 -2.286613599436960761e-12
5.568304018300132884e+04 -2.343563994540122523e-12
5.569716144718746364e+04 -2.272755637638573359e-12
5.571128271129059431e+04 -2.353281343583691070e-12
5.572540397538524849e+04 -2.272688728439491055e-12
5.573952523951029434e+04 -2.371803555347108415e-12
5.575364650362947577e+04 -2.410365557085018247e-12
5.576776776780994987e+04 -2.561472710473926850e-12
5.578188903189211851e+04 -2.448324406332647512e-12
5.579601029599484900e+04 -2.505511407878941676e-12
5.581013156011264800e+04 -2.607703088245819292e-12
5.582425282430599327e+04 -2.564412836439409453e-12
5.583837408839636919e+04 -2.767954498842676486e-12
5.585249535251995258e+04 -2.752648777127908887e-12
5.586661661657181685e+04 -2.771100200898093872e-12
5.588073788067783607e+04 -2.889284149544238382e-12
5.589485914492655138e+04 -3.010864952166993875e-12
5.590898040902147477e+04 -3.234039131159033482e-12
5.592310167312746489e+04 -3.227798151372145397e-12
5.593722293720886955e+04 -3.332358805265960081e-12
5.595134420133148524e+04 -3.465019383377370764e-12
5.596546546550100902e+04 -3.655844419160804051e-12
5.597958672958815441e+04 -3.815622616871395634e-12
5.599370799373356567e+04 -3.968110620977602535e-12
5.600782925782293023e+04 -3.982995493527126035e-12
5.602195052199505881e+04 -4.069806785391854040e-12
5.603607178609053517e+04 -4.098232528318026455e-12
5.605019305018609884e+04 -4.053647728964149690e-12
5.606431431426909694e+04 -4.120311594316730347e-12
5.607843557840661379e+04 -4.379885347308214914e-12
5.609255684260212001e+04 -4.370323150030634867e-12
5.610667810672469932e+04 -4.413502856203778010e-12
5.612079937080819218e+04 -4.474186590676038713e-12
5.613492063487950509e+04 -4.460509962504150365e-12
5.614904189901200880e+04 -4.537298450286019484e-12
5.616316316317560268e+04 -4.524945460617720452e-12
5.617728442731308314e+04 -4.598759882985297514e-12
5.619140569141305605e+04 -4.521869576856998013e-12
5.620552695550724457e+04 -4.801850635568660645e-12
5.621964821956784726e+04 -4.828414557302970250e-12
5.623376948377015651e+04 -5.025505785035265167e-12
5.624789074792199244e+04 -5.050681098463977575e-12
5.626201201202822995e+04 -5.066198214459904032e-12
5.627613327611240675e+04 -5.173287842139332157e-12
5.629025454030717810e+04 -5.104138639435322854e-12
5.630437580436934513e+04 -5.145031796457209840e-12
5.631849706846941990e+04 -5.154441751064414030e-12
5.633261833259474224e+04 -5.310291699999883835e-12
5.634673959668112366e+04 -5.413403624278780909e-12
5.636086086089442688e+04 -5.380022721826350619e-12
5.637498212498731300e+04 -5.356279653137419397e-12
5.638910338912426960e+04 -5.448885863461818650e-12
5.640322465318837203e+04 -5.611886369412284859e-12
5.641734591731495311e+04 -5.514884515617723502e-12
5.643146718151742971e+04 -5.567152236483644071e-12
5.644558844557826524e+04 -5.672477012824952300e-12
5.645970970969421614e+04 -5.706307855398749483e-12
5.647383097382679262e+04 -5.914205403632144284e-12
5.648795223801194516e+04 -5.951762797685278921e-12
5.650207350210495497e+04 -6.047132648841347979e-12
5.651619476620666683e+04 -6.065231102343908985e-12
5.653031603028844984e+04 -6.060845155859121011e-12
5.654443729440910101e+04 -6.130531571552865990e-12
5.655855855857988354e+04 -6.145508565463445743e-12
5.657267982268174092e+04 -6.155829066997294050e-12
5.658680108678249962e+04 -6.227716698371001228e-12
5.660092235093157797e+04 -6.364324919228282756e-12
5.661504361498866638e+04 -6.366158619162559378e-12
5.662916487916888582e+04 -6.500392048301678956e-12
5.664328614331049175e+04 -6.385305316784080374e-12
5.665740740739287139e+04 -6.515492193926512176e-12
