5.300000000000083674e+04 -2.502463553100849146e-12
5.301412126411411009e+04 -2.442208371671968277e-12
5.302824252820401307e+04 -2.593004279764242059e-12
5.304236379240962560e+04 -2.556691999678555945e-12
5.305648505649889557e+04 -2.674818516754848299e-12
5.307060632060927310e+04 -2.585302983658651600e-12
5.308472758469180553e+04 -2.753959508660669290e-12
5.309884884878536104e+04 -2.607236156874150694e-12
5.311297011301386374e+04 -2.330717394819422453e-12
5.312709137709906645e+04 -2.359438994503825602e-12
5.314121264118818362e+04 -2.351809572821489004e-12
5.315533390529532335e+04 -2.277820848989038038e-12
5.316945516950879392e+04 -2.387795356087642307e-12
5.318357643361147348e+04 -2.389854961197394096e-12
5.319769769770105631e+04 -2.294099277782053237e-12
5.321181896180061449e+04 -2.365466003315806123e-12
5.322594022588894586e+04 -2.203659207541898667e-12
5.324006149008380453e+04 -1.972625255668695325e-12
5.325418275418550911e+04 -1.849655627231072432e-12
5.326830401830677147e+04 -1.956168558967601240e-12
5.328242528240802494e+04 -1.986374703914362076e-12
5.329654654650743032e+04 -1.768307445917706669e-12
5.331066781070290017e+04 -1.601570838245001238e-12
5.332478907481311762e+04 -1.582169514107644740e-12
5.333891033891845291e+04 -1.565265810063006624e-12
5.335303160299368028e+04 -1.541694351226890556e-12
5.336715286721311713e+04 -1.524472336956220232e-12
5.338127413130241621e+04 -1.567160329614056820e-12
5.339539539539410907e+04 -1.574931018380304204e-12
5.340951665949110611e+04 -1.591893897959064948e-12
5.342363792358541832e+04 -1.591149111334606554e-12
5.343775918779973290e+04 -1.646947256639350639e-12
5.345188045191418496e+04 -1.656590548092158229e-12
5.346600171601306647e+04 -1.402771598280511231e-12
5.348012298010984523e+04 -1.282293885104702853e-12
5.349424424420504511e+04 -1.140125051143276172e-12
5.350836550841345888e+04 -1.037851163305917800e-12
5.352248677250570472e+04 -1.016905473758419641e-12
5.353660803660688543e+04 -8.609881262411354132e-13
5.355072930070752045e+04 -8.094280579150696436e-13
5.356485056488319970e+04 -7.018420378162974591e-13
5.357897182900731423e+04 -6.857845825864326110e-13
5.359309309308976663e+04 -7.384878087797433468e-13
5.360721435721043963e+04 -8.316490511304132438e-13
5.362133562130628707e+04 -9.036184904376371066e-13
5.363545688549509941e+04 -7.316518098226224997e-13
5.364957814961014083e+04 -8.186555735562314035e-13
5.366369941368726722e+04 -7.883601496173573466e-13
5.367782067780453508e+04 -8.721236983202383514e-13
5.369194194189639529e+04 -9.080514985875427677e-13
5.370606320608553506e+04 -8.127326053892118443e-13
5.372018447018721054e+04 -8.209371191496261672e-13
5.373430573429518699e+04 -6.085638625474374673e-13
5.374842699841365538e+04 -6.993295916093653013e-13
5.376254826250155747e+04 -8.126788446098455282e-13
5.377666952669613238e+04 -8.914671361507951143e-13
5.379079079079964140e+04 -7.582787374140901993e-13
5.380491205489511049e+04 -8.512304803247835144e-13
5.381903331899995828e+04 -9.362931834009842895e-13
5.383315458321358892e+04 -1.008283121422642778e-12
5.384727584730672970e+04 -9.019944507789381919e-13
5.386139711139750580e+04 -8.946813087895998064e-13
5.387551837550685741e+04 -9.748770497989956116e-13
5.388963963961087575e+04 -9.713528179890254489e-13
5.390376090378665685e+04 -1.044488750178039127e-12
5.391788216788780119e+04 -9.017537520377465280e-13
5.393200343200649513e+04 -9.867940225585281361e-13
5.394612469611183769e+04 -9.276224850405972209e-13
5.396024596018662123e+04 -9.587204529879971380e-13
5.397436722441729944e+04 -9.476856984855477276e-13
5.398848848850132345e+04 -9.653267116361712150e-13
5.400260975260553096e+04 -1.004264084166130876e-12
5.401673101670963661e+04 -1.084275594591079490e-12
5.403085228090911551e+04 -1.014257400837114934e-12
5.404497354501225345e+04 -1.024513204191048174e-12
5.405909480908709520e+04 -8.202253367446348247e-13
5.407321607320510520e+04 -7.695668250854960697e-13
5.408733733728614607e+04 -8.243512509462178106e-13
5.410145860149902001e+04 -9.673119927907560292e-13
5.411557986560480640e+04 -9.595859112898822387e-13
5.412970112970587070e+04 -8.660395767378521130e-13
5.414382239378662052e+04 -8.848491455339823269e-13
5.415794365791845485e+04 -7.934143074914522026e-13
5.417206492209873250e+04 -6.943347381921253429e-13
5.418618618619734480e+04 -7.033231021648830721e-13
5.420030745030414255e+04 -6.514861078098511526e-13
5.421442871439012379e+04 -6.807195952028251304e-13
5.422854997849221400e+04 -6.360161534710470014e-13
5.424267124271096691e+04 -6.877203574118167975e-13
5.425679250679013785e+04 -4.553268186345312823e-13
5.427091377091524191e+04 -3.719638328608856771e-13
5.428503503500788065e+04 -2.549509825768262279e-13
5.429915629918687046e+04 -2.388240379942553545e-13
5.431327756328754185e+04 -1.143682205294381918e-13
5.432739882738834422e+04 -7.832322949847915522e-14
5.434152009150366212e+04 8.706375055121369589e-14
5.435564135559673014e+04 -3.902216594072013410e-14
5.436976261978985713e+04 -6.732951946929980869e-15
5.438388388388341991e+04 -1.478855995154553456e-14
5.439800514801815734e+04 9.351839606621085056e-14
5.441212641211270966e+04 1.126706414847767034e-13
5.442624767620907369e+04 1.686406407916677225e-13
5.444036894039534673e+04 1.709171113541022187e-14
5.445449020448999363e+04 -3.656696142692622737e-14
5.446861146860076406e+04 5.920251672076976814e-14
5.448273273270985374e+04 1.970724866352418500e-13
5.449685399688933103e+04 1.770123673358664835e-13
5.451097526099129027e+04 2.850052675777563394e-13
5.452509652509301668e+04 1.754632317846300074e-13
5.453921778918661585e+04 2.752303460152771488e-13
5.455333905331225105e+04 3.805651173627434145e-13
5.456746031751583359e+04 2.113101974987864953e-13
5.458158158160716994e+04 4.124902535605372366e-13
5.459570284570952936e+04 3.979493164306387215e-13
5.460982410981253634e+04 4.666834397709618201e-13
5.462394537389864854e+04 3.717749076295205661e-13
5.463806663810578175e+04 2.664079055989809646e-13
5.465218790221774543e+04 2.742048946026160939e-13
5.466630916629215062e+04 2.856068210466369441e-13
5.468043043038753967e+04 2.452429184838518528e-13
5.469455169459075114e+04 2.663653610973241310e-13
5.470867295870883390e+04 1.983954917140358737e-13
5.472279422280119616e+04 1.252184331734205497e-13
5.473691548689886986e+04 2.393601742093078287e-13
5.475103675100389955e+04 2.116459122936782897e-13
5.476515801520041714e+04 4.933270802732267833e-14
5.477927927931155864e+04 1.082065159119874606e-14
5.479340054341827636e+04 -5.240331417090798913e-14
5.480752180749337276e+04 6.896944507384680986e-14
5.482164307158965676e+04 -2.641919532265474009e-14
5.483576433578457363e+04 -1.658664059440032525e-13
5.484988559989728674e+04 -2.568806980337926050e-13
5.486400686401670100e+04 -2.264562224398929610e-13
5.487812812811555341e+04 -2.618643351733230304e-13
5.489224939221506065e+04 -3.079400304676311968e-13
5.490637065641854133e+04 -3.996793840038381597e-13
5.492049192050972488e+04 -3.971439895505578090e-13
5.493461318460915936e+04 -2.832531321517133216e-13
5.494873444868476508e+04 -2.492448624455240539e-13
5.496285571288998472e+04 -2.737051145980703244e-13
5.497697697699190030e+04 -4.175591620546689714e-13
5.499109824110507179e+04 -2.733908009767392159e-13
5.500521950519480015e+04 -2.987506759552282120e-13
5.501934076929392904e+04 -1.774898216421040342e-13
5.503346203350162250e+04 -1.677118059340497791e-13
5.504758329758696345e+04 -3.397238673508315691e-13
5.506170456169865065e+04 -1.284138365218657909e-13
5.507582582578765869e+04 4.939407345041381685e-16
5.508994708990259096e+04 1.625139276632238754e-14
5.510406835409338237e+04 1.039500500269922251e-13
5.511818961820569530e+04 1.147225756919571175e-13
5.513231088231213653e+04 2.597761202498127572e-13
5.514643214640916267e+04 2.105601250423039824e-13
5.516055341059657076e+04 2.784294346944034774e-13
5.517467467471589771e+04 4.048557071995916795e-13
5.518879593879057211e+04 3.283006152274269038e-13
5.520291720288995566e+04 5.327983688820138445e-13
5.521703846698708367e+04 4.078869384812721235e-13
5.523115973118372494e+04 2.685671035194294222e-13
5.524528099528495659e+04 1.655199371337757043e-13
5.525940225939153606e+04 1.653438286814630316e-13
5.527352352350559522e+04 2.441932295975196615e-13
5.528764478760732163e+04 3.418638023556129213e-13
5.530176605178837053e+04 3.664875285327070683e-13
5.531588731588450901e+04 4.349233246705034068e-13
5.533000858001453162e+04 5.900728083942486771e-13
5.534412984409352066e+04 3.907688359328301903e-13
5.535825110829126061e+04 5.335285872377232037e-13
5.537237237240337708e+04 3.826686206628411660e-13
5.538649363650954183e+04 3.955266004453827267e-13
5.540061490059499920e+04 4.999565920576144927e-13
5.541473616471225250e+04 6.090329589416974837e-13
5.542885742890151596e+04 5.844112955283199454e-13
5.544297869300336606e+04 5.810531161975436978e-13
5.545709995711042575e+04 6.539715557371785942e-13
5.547122122119521373e+04 6.444831004858550832e-13
5.548534248528577155e+04 7.760564841551216377e-13
5.549946374949095480e+04 7.661263396229612577e-13
5.551358501358416106e+04 7.907175772715175306e-13
5.552770627769087150e+04 8.275245016503300975e-13
5.554182754179016047e+04 8.663617012172977786e-13
5.555594880590077810e+04 8.221999928066161289e-13
5.557007007009154768e+04 7.936570155678051526e-13
5.558419133419662830e+04 9.827314849126780434e-13
5.559831259830649651e+04 9.724625314400509308e-13
5.561243386238656240e+04 1.095436253174424025e-12
5.562655512659773376e+04 1.106568988953416538e-12
5.564067639071399026e+04 1.021107656788964854e-12
5.565479765480365313e+04 1.125099311111399354e-12
5.566891891889504768e+04 1.190384235671947048e-12
5.568304018300339521e+04 1.242005413373119886e-12
5.569716144718654687e+04 1.418590879795274878e-12
5.571128271131365182e+04 1.533144915729036116e-12
5.572540397540178674e+04 1.483448812266467108e-12
5.573952523951564217e+04 1.457633840042982731e-12
5.575364650359643565e+04 1.554108783381787652e-12
5.576776776780203363e+04 1.599725771594596246e-12
5.578188903188998665e+04 1.422347172523372857e-12
5.579601029598979221e+04 1.459373265547084107e-12
5.581013156009682280e+04 1.503636565070812799e-12
5.582425282430277002e+04 1.637893604335496998e-12
5.583837408839333511e+04 1.620329686978784777e-12
5.585249535251681664e+04 1.469053299978595462e-12
5.586661661660050595e+04 1.441865042810722643e-12
5.588073788071173476e+04 1.455740222951058420e-12
5.589485914491307631e+04 1.380391589907694405e-12
5.590898040900525666e+04 1.415883502417115274e-12
5.592310167309183453e+04 1.417352190183400629e-12
5.593722293720326707e+04 1.283378265238832507e-12
5.595134420129238424e+04 1.313230066055885355e-12
5.596546546549088816e+04 1.250272454658696642e-12
5.597958672958618263e+04 1.178601213631267170e-12
5.599370799368339794e+04 1.428151789622147159e-12
5.600782925779562356e+04 1.417980301735133669e-12
5.602195052199228667e+04 1.342550189524960431e-12
5.603607178610804112e+04 1.298669016979749072e-12
5.605019305020885076e+04 1.350423242940648674e-12
5.606431431429476652e+04 1.245865875668911097e-12
5.607843557840150606e+04 1.158157162435122224e-12
5.609255684259456029e+04 1.326963946881627733e-12
5.610667810669205937e+04 1.258261022842519615e-12
5.612079937078657531e+04 1.226957552059844165e-12
5.613492063491587032e+04 1.362898322208278984e-12
5.614904189898839832e+04 1.295044225438590223e-12
5.616316316321160411e+04 1.369350647114094866e-12
5.617728442728314258e+04 1.407774778246794873e-12
5.619140569139520812e+04 1.278402879154169021e-12
5.620552695550043427e+04 1.212632173738340042e-12
5.621964821961115376e+04 1.348806036186761233e-12
5.623376948379747046e+04 1.344778490029918157e-12
5.624789074789643928e+04 1.335709033658547810e-12
5.626201201199868228e+04 1.354192943632905265e-12
5.627613327609702537e+04 1.401749961121263532e-12
5.629025454029580578e+04 1.605164763824586692e-12
5.630437580440496095e+04 1.425195849216126062e-12
5.631849706849850190e+04 1.386470554580788870e-12
5.633261833258964907e+04 1.279038210378910342e-12
5.634673959670032491e+04 1.207094684540877619e-12
5.636086086090577737e+04 1.214412338825846130e-12
5.637498212498477369e+04 1.371636189312190780e-12
5.638910338910586870e+04 1.307116550090536307e-12
5.640322465321727941e+04 1.429091894186030009e-12
5.641734591730804095e+04 1.435846413976341431e-12
5.643146718149198568e+04 1.340294557400756605e-12
5.644558844559641147e+04 1.292691127728772573e-12
5.645970970968661277e+04 1.294401158849911140e-12
5.647383097381587868e+04 1.282333475416327551e-12
5.648795223799312225e+04 1.194684582330322855e-12
5.650207350209374272e+04 1.406535572943991548e-12
5.651619476618384942e+04 1.371761502207979982e-12
5.653031603028545214e+04 1.480357245146073260e-12
5.654443729439526942e+04 1.412929109083881608e-12
5.655855855860962765e+04 1.356505301759318000e-12
5.657267982270615903e+04 1.224121251949391218e-12
5.658680108681086131e+04 1.328594561599673584e-12
5.660092235088971211e+04 1.283769158963145956e-12
5.661504361501356470e+04 1.090645484442404437e-12
5.662916487919689098e+04 1.037297257819430278e-12
5.664328614330082200e+04 1.067127399617457877e-12
5.665740740739760804e+04 1.034433110398801952e-12
