5.300000000000357977e+04 1.674659563107140275e-12
5.301412126408806944e+04 1.555919801459302084e-12
5.302824252830802288e+04 1.494770792203372946e-12
5.304236379238132940e+04 1.466374975286949667e-12
5.305648505648961873e+04 1.288721746904786059e-12
5.307060632061304204e+04 1.185724901822461372e-12
5.308472758458580211e+04 1.117217874032610804e-12
5.309884884887058433e+04 8.980856542178795456e-13
5.311297011304268381e+04 8.277208504240359021e-13
5.312709137704109162e+04 6.687415132197510360e-13
5.314121264121348941e+04 4.409669066777058117e-13
5.315533390517949738e+04 2.658970697452214474e-13
5.316945516946288262e+04 2.696050284563710140e-13
5.318357643369491416e+04 1.828479673180493977e-13
5.319769769769877894e+04 1.098645391772056953e-13
5.321181896168094681e+04 2.079383461886205581e-13
5.322594022603711346e+04 2.927630651480157804e-13
5.324006149012561218e+04 5.056575059491738260e-14
5.325418275431876100e+04 -1.014907350983168629e-15
5.326830401825602166e+04 -8.284391884248290340e-14
5.328242528234842030e+04 -2.144627851539872382e-13
5.329654654652828322e+04 -2.658918808950333090e-13
5.331066781082033413e+04 -1.422760457172183496e-13
5.332478907479441841e+04 -1.928540847488409974e-13
5.333891033900876937e+04 -2.301329199693238164e-13
5.335303160313362605e+04 -2.948909852451083595e-13
5.336715286723986355e+04 -3.960294468596932344e-13
5.338127413127815089e+04 -4.380392097411250303e-13
5.339539539541080740e+04 -4.941998406068670170e-13
5.340951665954741475e+04 -5.720815526709339952e-13
5.342363792357662896e+04 -5.419112582168129277e-13
5.343775918793938763e+04 -4.481328273598113810e-13
5.345188045204904483e+04 -7.332647683490147812e-13
5.346600171612560371e+04 -8.565592552047134201e-13
5.348012298003677279e+04 -9.002620195487883823e-13
5.349424424409534549e+04 -1.025018064179556812e-12
5.350836550828549662e+04 -1.074536686436565305e-12
5.352248677248973399e+04 -1.046879469503418331e-12
5.353660803647902503e+04 -1.063992330717670427e-12
5.355072930085325061e+04 -1.075319707206334423e-12
5.356485056484062079e+04 -1.163007706536798420e-12
5.357897182908908871e+04 -1.134271026525389266e-12
5.359309309311717516e+04 -1.073767637332974975e-12
5.360721435729106452e+04 -1.252862529052496780e-12
5.362133562141652510e+04 -1.235801302256732270e-12
5.363545688536787202e+04 -1.433482154776767196e-12
5.364957814955348294e+04 -1.552489162506762548e-12
5.366369941379408556e+04 -1.404689588100642287e-12
5.367782067791427835e+04 -1.634007152559843280e-12
5.369194194193309522e+04 -1.684486175000719378e-12
5.370606320615741424e+04 -1.719415340448147325e-12
5.372018447022377950e+04 -1.772613370620200619e-12
5.373430573444173206e+04 -1.857359423024370534e-12
5.374842699857035041e+04 -1.731173408733372026e-12
5.376254826261856942e+04 -1.747489884975422752e-12
5.377666952678265807e+04 -1.781625702769383822e-12
5.379079079069632280e+04 -1.808600737914748894e-12
5.380491205478878692e+04 -1.809352778033425742e-12
5.381903331904183142e+04 -1.808333453866107688e-12
5.383315458329393732e+04 -1.771182186032476360e-12
5.384727584715687408e+04 -1.699830709247711266e-12
5.386139711142276064e+04 -1.627779434226503645e-12
5.387551837562118453e+04 -1.699998369241858933e-12
5.388963963945863361e+04 -1.687104343749909157e-12
5.390376090375114291e+04 -1.703423249846947639e-12
5.391788216779837967e+04 -1.663757082101101503e-12
5.393200343207702826e+04 -1.662034314914859491e-12
5.394612469597502059e+04 -1.668950897137197155e-12
5.396024596023713093e+04 -1.637473340699722014e-12
5.397436722456945427e+04 -1.553506056819092847e-12
5.398848848855241522e+04 -1.538912347763283930e-12
5.400260975258924009e+04 -1.550130988241250910e-12
5.401673101673923520e+04 -1.517359534022853646e-12
5.403085228091338649e+04 -1.546143596206521813e-12
5.404497354512534366e+04 -1.418527612255292722e-12
5.405909480897414323e+04 -1.484284347931000457e-12
5.407321607319065515e+04 -1.527315864834737911e-12
5.408733733746059443e+04 -1.376519064301354753e-12
5.410145860154330148e+04 -1.285518565158980902e-12
5.411557986566369073e+04 -1.226015061293983226e-12
5.412970112966923625e+04 -1.114298833454423347e-12
5.414382239389909955e+04 -1.122924818660570770e-12
5.415794365787589049e+04 -1.127201363438829863e-12
5.417206492210916622e+04 -1.004773119886227439e-12
5.418618618619297922e+04 -9.526697393861093929e-13
5.420030745018048765e+04 -9.137531819039523495e-13
5.421442871437936992e+04 -9.367055921172674831e-13
5.422854997848801577e+04 -8.577304453087593362e-13
5.424267124283732119e+04 -8.685967568135173983e-13
5.425679250684697763e+04 -9.491075719742185511e-13
5.427091377092056064e+04 -9.977484091169394956e-13
5.428503503497364727e+04 -9.437546014364319728e-13
5.429915629924874520e+04 -9.433828336233219189e-13
5.431327756336244784e+04 -8.169331800661634343e-13
5.432739882748609671e+04 -7.356642501493163467e-13
5.434152009165204072e+04 -7.601401794398862130e-13
5.435564135573161184e+04 -7.969694914876543568e-13
5.436976261974107183e+04 -6.449286052005959453e-13
5.438388388401126576e+04 -5.032146026110379756e-13
5.439800514802253019e+04 -5.858855588557574663e-13
5.441212641213544703e+04 -5.312769978633751294e-13
5.442624767627535766e+04 -6.540186927093839968e-13
5.444036894027828384e+04 -6.173254525409241107e-13
5.445449020441209723e+04 -5.867943246211375867e-13
5.446861146845082112e+04 -7.267223837947748262e-13
5.448273273260556743e+04 -5.776483504476335788e-13
5.449685399695951492e+04 -5.907234001361629710e-13
5.451097526104026474e+04 -6.942157837700310126e-13
5.452509652510081651e+04 -4.659624957954193328e-13
5.453921778917559277e+04 -3.348572400819289389e-13
5.455333905316844903e+04 -3.765729905098554789e-13
5.456746031757448509e+04 -3.623777776720207167e-13
5.458158158161700703e+04 -2.776268655578752904e-13
5.459570284582783643e+04 -2.732968639698880467e-13
5.460982410984166927e+04 -1.408721969981052056e-13
5.462394537383696297e+04 -2.888261047243504093e-14
5.463806663814959029e+04 1.007525454451194571e-14
5.465218790211025771e+04 -3.935289314261604321e-15
5.466630916623563098e+04 -2.612958477143080633e-14
5.468043043040896009e+04 -2.269376606605677696e-13
5.469455169455678697e+04 -3.193839235205918084e-13
5.470867295864740299e+04 -2.427487270651878896e-13
5.472279422296486882e+04 -3.551392396638198190e-13
5.473691548694770609e+04 -3.787258420289108527e-13
5.475103675087768352e+04 -4.657996955112469747e-13
5.476515801513841870e+04 -2.250934007249435798e-13
5.477927927932580496e+04 -1.540128527713010721e-13
5.479340054341086216e+04 -2.035114287246614646e-13
5.480752180762908392e+04 -4.527684207409045792e-14
5.482164307151237881e+04 -1.126542910265586831e-13
5.483576433581724268e+04 -1.836109163758311813e-13
5.484988560003788734e+04 -2.809509071809765803e-13
5.486400686387586029e+04 -3.481023796195936532e-13
5.487812812808836316e+04 -2.712849440401161894e-13
5.489224939214711776e+04 -4.111984240838275514e-13
5.490637065642499510e+04 -3.015755163161257088e-13
5.492049192055710591e+04 -2.596094908244715455e-13
5.493461318463609496e+04 -2.583459662308950043e-13
5.494873444864680641e+04 -2.852371713791861914e-13
5.496285571296331909e+04 -4.563281207693983517e-13
5.497697697700053686e+04 -3.747967665138853674e-13
5.499109824106374435e+04 -4.057774176063867432e-13
5.500521950533201016e+04 -3.066393341103823911e-13
5.501934076930831361e+04 -2.400685970138130679e-13
5.503346203334503662e+04 -1.791642817484368668e-13
5.504758329759658227e+04 -1.130527872445328248e-13
5.506170456156504952e+04 -1.418587181230899474e-13
5.507582582566747442e+04 -1.681837670592593381e-13
5.508994708977227856e+04 -1.111890884690074480e-13
5.510406835401074932e+04 -1.466358130288042874e-13
5.511818961806769221e+04 -1.607071032622690148e-13
5.513231088231744798e+04 -2.164650231922178535e-14
5.514643214638269274e+04 1.366561202710033439e-13
5.516055341056814359e+04 -6.267703364063180984e-14
5.517467467484662484e+04 -3.451744418878881639e-14
5.518879593882083282e+04 -1.176816609960006716e-13
5.520291720288508077e+04 -3.439109172943116480e-14
5.521703846695956599e+04 1.703678908412107234e-14
5.523115973112609936e+04 -3.966873676260080810e-14
5.524528099529127212e+04 -1.915954198652397656e-13
5.525940225925012055e+04 -1.920570923128927141e-13
5.527352352338560013e+04 -1.734735613673672232e-13
5.528764478775538737e+04 -1.802674359128286793e-13
5.530176605181264313e+04 -1.610861606403419570e-13
5.531588731582053151e+04 -2.880728496781797965e-14
5.533000858014773257e+04 -1.068785632493307458e-14
5.534412984415797109e+04 1.150474198658571031e-13
5.535825110840125853e+04 1.606557979839943841e-13
5.537237237241186085e+04 8.516992293774756503e-14
5.538649363646835991e+04 2.485120272439435352e-14
5.540061490056302864e+04 8.328435546733335936e-14
5.541473616483775550e+04 3.217478565716290587e-14
5.542885742896947340e+04 4.091740390271740604e-14
5.544297869294240081e+04 1.450561289632995894e-13
5.545709995709446230e+04 2.221457083013935180e-13
5.547122122121760913e+04 3.323299125712418477e-13
5.548534248523549468e+04 3.245738154506720703e-13
5.549946374947888398e+04 3.026273652022428906e-13
5.551358501355668704e+04 3.631161752647314052e-13
5.552770627759208583e+04 2.630887648432482205e-13
5.554182754168882093e+04 1.139734239613170456e-13
5.555594880584195926e+04 2.917853522473612742e-13
5.557007007014555711e+04 3.078661325556102043e-13
5.558419133406013862e+04 3.414224299350175539e-13
5.559831259833082004e+04 4.216076445273739401e-13
5.561243386240844120e+04 5.086353307649447749e-13
5.562655512662709225e+04 4.800991137900164750e-13
5.564067639055475593e+04 2.638468795993941553e-13
5.565479765465606761e+04 2.109780947781671603e-13
5.566891891887782549e+04 2.388582509064307186e-13
5.568304018285097118e+04 3.007806754116310460e-13
5.569716144707569038e+04 3.581349725400547292e-13
5.571128271116659016e+04 5.389307627509296036e-13
5.572540397525299340e+04 6.026367008170630570e-13
5.573952523943939741e+04 3.285636373403887204e-13
5.575364650346873532e+04 3.800474048186568446e-13
5.576776776791069278e+04 3.716255274314718080e-13
5.578188903174464940e+04 3.729522282547271181e-13
5.579601029604781070e+04 5.039457106387858011e-13
5.581013156004124903e+04 4.675950800235842138e-13
5.582425282446570782e+04 4.886424839265839423e-13
5.583837408840872376e+04 4.837147380116355176e-13
5.585249535253461363e+04 6.229162705439662320e-13
5.586661661673268100e+04 6.965165781197988075e-13
5.588073788080684608e+04 7.124515671287889622e-13
5.589485914475871687e+04 6.703324607729130595e-13
5.590898040906048118e+04 6.864909964407666361e-13
5.592310167322403140e+04 7.235803029722130219e-13
5.593722293715870182e+04 6.586108403125030778e-13
5.595134420136638073e+04 5.959545996010333119e-13
5.596546546533793298e+04 6.021653089494594646e-13
5.597958672972134082e+04 5.815844372040880192e-13
5.599370799386157887e+04 6.068160513958161656e-13
5.600782925794718176e+04 6.565503232829782786e-13
5.602195052192234289e+04 7.738442832466822375e-13
5.603607178617073805e+04 8.144714586401428173e-13
5.605019305006814102e+04 8.723554641558735526e-13
5.606431431423826143e+04 8.751254988417912942e-13
5.607843557825931930e+04 9.235379296156734064e-13
5.609255684252500214e+04 8.495682840817184317e-13
5.610667810679540707e+04 1.034757252110259470e-12
5.612079937076396163e+04 1.148605677701479608e-12
5.613492063482802769e+04 1.173283284956024307e-12
5.614904189887885877e+04 1.341327196191726800e-12
5.616316316309335525e+04 1.267168021968735468e-12
5.617728442731867108e+04 1.280852965259164163e-12
5.619140569137389684e+04 1.500497277012542103e-12
5.620552695540997956e+04 1.617995344795208247e-12
5.621964821946342272e+04 1.639081626378010450e-12
5.623376948396935040e+04 1.651182304216493348e-12
5.624789074775562767e+04 1.706947476182995774e-12
5.626201201198268245e+04 1.702491122135650841e-12
5.627613327620001655e+04 1.585790046788932804e-12
5.629025454017859010e+04 1.760277933451875693e-12
5.630437580451651593e+04 1.861986803524810861e-12
5.631849706840214640e+04 2.005984869802757051e-12
5.633261833248054609e+04 1.815591152390675763e-12
5.634673959671860939e+04 1.917878327950670925e-12
5.636086086100239481e+04 1.765040449227664104e-12
5.637498212492815946e+04 2.036081053679754702e-12
5.638910338904319360e+04 2.021822664612241120e-12
5.640322465307749371e+04 2.066361906535813704e-12
5.641734591722842015e+04 2.041922425070058354e-12
5.643146718155728740e+04 1.811129938633355521e-12
5.644558844575272087e+04 1.695298751372215231e-12
5.645970970968144684e+04 1.774759869178252898e-12
5.647383097369358438e+04 1.803189172533724695e-12
5.648795223805660498e+04 1.882951592358230330e-12
5.650207350215367478e+04 1.771523302334706772e-12
5.651619476623312221e+04 1.835545121549234121e-12
5.653031603023962816e+04 2.083681912887762880e-12
5.654443729449124658e+04 2.074176320176086890e-12
5.655855855852865352e+04 2.028912981466195436e-12
5.657267982256175310e+04 1.910039615760520990e-12
5.658680108692237263e+04 1.960687513123038634e-12
5.660092235086916480e+04 2.037373736533182948e-12
5.661504361501568928e+04 1.986395378892345480e-12
5.662916487910425349e+04 2.026599759517955460e-12
5.664328614343365189e+04 2.138582056478662667e-12
5.665740740747988457e+04 2.048487893246681281e-12
