5.300000000000059663e+04 -1.489888469916585329e-12
5.301412126412889484e+04 -1.367734340197494895e-12
5.302824252817194065e+04 -1.148651653182203904e-12
5.304236379237080109e+04 -1.218634653548380551e-12
5.305648505647763523e+04 -1.064702427170943478e-12
5.307060632060204080e+04 -9.082461465051866418e-13
5.308472758472860733e+04 -8.176894853036761661e-13
5.309884884880376922e+04 -5.887962337020406317e-13
5.311297011297537392e+04 -6.640074794770803014e-13
5.312709137710202776e+04 -8.330429639703507441e-13
5.314121264117154351e+04 -8.529992522707953336e-13
5.315533390527540905e+04 -7.618762568218507386e-13
5.316945516946887801e+04 -7.187376327263663065e-13
5.318357643357333291e+04 -6.312820532465431301e-13
5.319769769769775303e+04 -6.368237824062696214e-13
5.321181896181818593e+04 -6.612675962359213842e-13
5.322594022591615794e+04 -5.828055063351220029e-13
5.324006149009104411e+04 -5.158853089750413660e-13
5.325418275423063460e+04 -5.212461354392272464e-13
5.326830401832469943e+04 -6.001744482467223325e-13
5.328242528241141554e+04 -5.299598970543341469e-13
5.329654654647246934e+04 -4.987192052403964423e-13
5.331066781068420096e+04 -5.218931887902072116e-13
5.332478907481295028e+04 -4.102339586566956456e-13
5.333891033888145466e+04 -4.267403650705069850e-13
5.335303160299325828e+04 -3.992569408880336990e-13
5.336715286721093435e+04 -3.500947584547647962e-13
5.338127413130669447e+04 -2.598776203568906686e-13
5.339539539542557759e+04 -2.801674782574519068e-13
5.340951665947179572e+04 -3.153239569591908764e-13
5.342363792362678942e+04 -2.299656869474376590e-13
5.343775918782829103e+04 -1.998816510454621316e-13
5.345188045189889090e+04 -1.124922537164158833e-13
5.346600171600118483e+04 -8.811903219864808648e-15
5.348012298008708603e+04 6.245555108042918369e-14
5.349424424420648575e+04 8.011815099816230935e-14
5.350836550839122356e+04 1.510439724581358527e-13
5.352248677246964508e+04 1.933974277010845203e-13
5.353660803658922669e+04 2.585406054123026458e-13
5.355072930070991424e+04 3.878229573771013358e-13
5.356485056487341353e+04 2.969502980810081100e-13
5.357897182902065106e+04 2.556819989067805738e-13
5.359309309311792458e+04 5.317543960605896392e-13
5.360721435720701993e+04 4.633315893230993183e-13
5.362133562131253711e+04 5.691436119852198185e-13
5.363545688552922365e+04 4.966334649769536255e-13
5.364957814961752592e+04 4.063021698941149706e-13
5.366369941369701701e+04 6.103617976880730670e-13
5.367782067779052159e+04 5.825257584743206928e-13
5.369194194192075520e+04 7.769723855171790409e-13
5.370606320607639645e+04 7.747743577978176258e-13
5.372018447019372979e+04 8.574163562789728417e-13
5.373430573428708158e+04 1.001715004747514105e-12
5.374842699840539717e+04 1.013770849374844840e-12
5.376254826250535552e+04 1.020861992275816619e-12
5.377666952669767488e+04 9.858074167459725474e-13
5.379079079079669464e+04 1.051743219639377244e-12
5.380491205490417633e+04 1.087876593127387512e-12
5.381903331901084312e+04 1.165829571775747562e-12
5.383315458318352466e+04 1.246033321560572909e-12
5.384727584727133217e+04 1.333796517989247323e-12
5.386139711138874554e+04 1.343636965695200374e-12
5.387551837546970637e+04 1.443124806992295808e-12
5.388963963959091780e+04 1.426733597981539737e-12
5.390376090377844230e+04 1.494166793711649042e-12
5.391788216791311424e+04 1.521303440764352728e-12
5.393200343201857322e+04 1.550972060843067551e-12
5.394612469610461994e+04 1.566001015766915064e-12
5.396024596018812736e+04 1.509692952880896488e-12
5.397436722437931894e+04 1.370698991650390666e-12
5.398848848850184731e+04 1.435272771660907328e-12
5.400260975260043779e+04 1.265593181667914103e-12
5.401673101668657182e+04 1.320340444014693414e-12
5.403085228088095027e+04 1.456782722076467991e-12
5.404497354499614448e+04 1.515332481341159691e-12
5.405909480912105209e+04 1.705292131964358827e-12
5.407321607319129544e+04 1.678335824047396419e-12
5.408733733727306389e+04 1.803790246652062882e-12
5.410145860147017083e+04 1.832880220869268725e-12
5.411557986561894359e+04 1.954065230037266633e-12
5.412970112967194291e+04 1.813222908267421099e-12
5.414382239383130945e+04 1.876539632020211767e-12
5.415794365790133452e+04 1.979147976176689610e-12
5.417206492207331030e+04 1.974583604211274556e-12
5.418618618620831694e+04 2.009838286820585498e-12
5.420030745027773082e+04 2.038603708394461837e-12
5.421442871437926078e+04 2.059939099774785630e-12
5.422854997849981009e+04 2.165942096957575947e-12
5.424267124267671898e+04 2.117750971409068501e-12
5.425679250680372206e+04 2.202397075237658031e-12
5.427091377087938599e+04 2.093704828494128657e-12
5.428503503499029466e+04 2.192830141887579768e-12
5.429915629917154729e+04 2.265538199537121188e-12
5.431327756329346448e+04 2.380458388972275280e-12
5.432739882741137262e+04 2.373818209512667363e-12
5.434152009152810933e+04 2.397412810976193147e-12
5.435564135561427247e+04 2.335669430580736323e-12
5.436976261977416289e+04 2.382202707702533431e-12
5.438388388388736348e+04 2.329708759736441139e-12
5.439800514797233336e+04 2.365597808376124869e-12
5.441212641210336005e+04 2.405538649668481010e-12
5.442624767623165098e+04 2.496947297684359811e-12
5.444036894038881292e+04 2.564798394680946764e-12
5.445449020452083641e+04 2.574514165619017061e-12
5.446861146862226451e+04 2.671272007646816374e-12
5.448273273270186473e+04 2.678651924368994480e-12
5.449685399689295446e+04 2.617708163077334818e-12
5.451097526100265532e+04 2.650530579394338383e-12
5.452509652509112493e+04 2.762332520209306992e-12
5.453921778922062367e+04 2.799547466103725299e-12
5.455333905330019479e+04 2.872840758929350628e-12
5.456746031749376561e+04 2.893394911925481525e-12
5.458158158157163416e+04 2.990860931867096097e-12
5.459570284572237870e+04 3.067393971025512460e-12
5.460982410977218387e+04 2.861197093268998214e-12
5.462394537392275379e+04 3.012540701635480268e-12
5.463806663808033773e+04 3.029017456133703068e-12
5.465218790216931666e+04 2.997070493839116548e-12
5.466630916627966508e+04 2.883323202398342035e-12
5.468043043041336205e+04 2.734267820219594980e-12
5.469455169462692720e+04 2.886733461696016935e-12
5.470867295867655776e+04 2.937385985243374926e-12
5.472279422279821301e+04 2.946354851594249100e-12
5.473691548692760989e+04 2.770745803299685342e-12
5.475103675102702255e+04 2.663839145204016503e-12
5.476515801521515095e+04 2.638119547591003895e-12
5.477927927928588906e+04 2.670510190400318789e-12
5.479340054339890776e+04 2.604664325870764310e-12
5.480752180750968546e+04 2.537005128210928057e-12
5.482164307159218879e+04 2.554631197893472566e-12
5.483576433577903663e+04 2.549415928810242223e-12
5.484988559991309012e+04 2.270001361942701400e-12
5.486400686398654216e+04 2.223301617926374036e-12
5.487812812811725598e+04 2.161084153687535516e-12
5.489224939218397049e+04 2.015355334951157792e-12
5.490637065641659137e+04 1.861465592312428985e-12
5.492049192047541874e+04 1.888876562935077979e-12
5.493461318462275085e+04 1.818087094046006178e-12
5.494873444870649109e+04 1.558320244813475889e-12
5.496285571292877285e+04 1.473461202082299106e-12
5.497697697700047138e+04 1.466289368978284123e-12
5.499109824112495699e+04 1.338134483417899664e-12
5.500521950517067307e+04 1.277707231907325488e-12
5.501934076927494607e+04 1.224197835884596980e-12
5.503346203352353041e+04 1.071503880438246071e-12
5.504758329762757057e+04 1.058887308260970586e-12
5.506170456171170372e+04 9.836738660477390712e-13
5.507582582580929011e+04 8.534851943238295733e-13
5.508994708988162165e+04 6.930000102033978373e-13
5.510406835407065228e+04 5.461906594787023117e-13
5.511818961818986281e+04 3.549706001394845870e-13
5.513231088231897593e+04 2.062325454784363496e-13
5.514643214640938822e+04 3.113296853101561741e-13
5.516055341059365310e+04 3.285317268196880439e-13
5.517467467469870462e+04 1.853866130088364824e-13
5.518879593882950576e+04 1.433302549318208264e-13
5.520291720293232356e+04 2.305207590025060858e-13
5.521703846698559937e+04 1.376944257358805491e-13
5.523115973121018760e+04 -2.422179566746359768e-14
5.524528099532842316e+04 -1.392263745699840002e-13
5.525940225937719515e+04 -3.118263025418875813e-13
5.527352352349068678e+04 -5.152223747979251457e-13
5.528764478761157807e+04 -6.673608625857904929e-13
5.530176605177428428e+04 -8.280117043866821664e-13
5.531588731590243697e+04 -8.973583445878120628e-13
5.533000858002738096e+04 -9.730000922484293411e-13
5.534412984412273363e+04 -1.043220105635794295e-12
5.535825110831450729e+04 -1.182814041298670649e-12
5.537237237238919624e+04 -1.341833160727132587e-12
5.538649363647824794e+04 -1.474329595378482152e-12
5.540061490060256619e+04 -1.492267328080231105e-12
5.541473616471758578e+04 -1.608356253837402015e-12
5.542885742887976812e+04 -1.713922391024059613e-12
5.544297869302446634e+04 -1.727972196922439205e-12
5.545709995709548093e+04 -2.100800008461835619e-12
5.547122122122036671e+04 -2.107777167780857658e-12
5.548534248532770289e+04 -2.389985257222239219e-12
5.549946374951759935e+04 -2.482822341475803076e-12
5.551358501362073002e+04 -2.561246976325333261e-12
5.552770627770495776e+04 -2.769606652088633909e-12
5.554182754177755123e+04 -2.692679988085858935e-12
5.555594880589603417e+04 -2.714552582007073881e-12
5.557007007008119399e+04 -2.716502903519313470e-12
5.558419133416900877e+04 -2.779970256691252252e-12
5.559831259831686475e+04 -2.834372447037911028e-12
5.561243386238662060e+04 -2.883150252787628584e-12
5.562655512657946383e+04 -2.950936728260574796e-12
5.564067639072905149e+04 -3.202590512822931918e-12
5.565479765478643094e+04 -3.249129107637193195e-12
5.566891891891905107e+04 -3.151402405162823815e-12
5.568304018296931463e+04 -3.085744162695646911e-12
5.569716144717776479e+04 -2.986512437651907355e-12
5.571128271127599146e+04 -2.881410904943804119e-12
5.572540397540816775e+04 -3.019408261245318232e-12
5.573952523952753836e+04 -2.972819495158677839e-12
5.575364650357222126e+04 -2.897619000370576667e-12
5.576776776782207162e+04 -2.903768333695339662e-12
5.578188903192555881e+04 -2.968099233882655786e-12
5.579601029602911149e+04 -2.856647913964292202e-12
5.581013156007793441e+04 -2.827564413459651328e-12
5.582425282431650703e+04 -2.649242070386249596e-12
5.583837408839089767e+04 -2.586976284507193322e-12
5.585249535252084752e+04 -2.513480688163909278e-12
5.586661661661429389e+04 -2.519404366364975202e-12
5.588073788068674912e+04 -2.566017871281775074e-12
5.589485914487785340e+04 -2.640165000553930291e-12
5.590898040901825880e+04 -2.766170729144719050e-12
5.592310167309262033e+04 -2.723449197101641544e-12
5.593722293723041366e+04 -2.659768442619075471e-12
5.595134420130012586e+04 -2.710267215493012822e-12
5.596546546550388302e+04 -2.598258578284002213e-12
5.597958672959294199e+04 -2.640262337446426764e-12
5.599370799370392342e+04 -2.514170138552089787e-12
5.600782925776887714e+04 -2.379793899614655943e-12
5.602195052198651683e+04 -2.222973992826159063e-12
5.603607178612917050e+04 -2.166980194004572136e-12
5.605019305018565501e+04 -2.165639095085510292e-12
5.606431431427515781e+04 -2.032329631497192984e-12
5.607843557842911832e+04 -2.013168829528684730e-12
5.609255684257679241e+04 -2.066375348284975566e-12
5.610667810672643100e+04 -2.104190153009754647e-12
5.612079937082903780e+04 -2.080990679216718757e-12
5.613492063489258726e+04 -2.041637905349693446e-12
5.614904189900878555e+04 -1.975466967967764143e-12
5.616316316318886675e+04 -1.850892507863908171e-12
5.617728442732015537e+04 -1.776259618945351877e-12
5.619140569142854656e+04 -1.615579992243947720e-12
5.620552695547047915e+04 -1.482336421801382114e-12
5.621964821957650565e+04 -1.479128697225386250e-12
5.623376948381397233e+04 -1.525297828015397591e-12
5.624789074790757877e+04 -1.294596676577954108e-12
5.626201201202908851e+04 -1.255336962329051943e-12
5.627613327612476860e+04 -1.176809326088531038e-12
5.629025454029237153e+04 -1.269332319680678689e-12
5.630437580439262820e+04 -1.149557077025736572e-12
5.631849706850599614e+04 -1.263430837065550119e-12
5.633261833258990373e+04 -1.268059310345560190e-12
5.634673959670180921e+04 -1.233931284926592960e-12
5.636086086087967124e+04 -1.257454213143862431e-12
5.637498212497251370e+04 -1.064808781020226843e-12
5.638910338907655387e+04 -1.101617617053196638e-12
5.640322465322557400e+04 -1.058425238023020124e-12
5.641734591731311957e+04 -9.739976219935017312e-13
5.643146718150961533e+04 -1.001191376439190347e-12
5.644558844559788122e+04 -9.673692339389229514e-13
5.645970970972506620e+04 -8.752607891549605056e-13
5.647383097377212835e+04 -1.089967477680279256e-12
5.648795223798775260e+04 -9.954457253336638991e-13
5.650207350211484300e+04 -8.498477680727085969e-13
5.651619476622086222e+04 -8.998754627555263144e-13
5.653031603028429527e+04 -7.932649770097095533e-13
5.654443729443225311e+04 -6.941108209147409789e-13
5.655855855861771124e+04 -6.349341519493275249e-13
5.657267982269766071e+04 -7.024942786865163060e-13
5.658680108682467107e+04 -6.706230357085390011e-13
5.660092235087935842e+04 -6.166958540213429050e-13
5.661504361500860978e+04 -6.166905363288787368e-13
5.662916487921647786e+04 -5.464736441957862074e-13
5.664328614328921685e+04 -3.958335896627161591e-13
5.665740740738887689e+04 -3.756735239189842126e-13
