5.299999999999893771e+04 7.566601032066590519e-12
5.301412126410530618e+04 7.663995372228252885e-12
5.302824252819034155e+04 7.559906092732743351e-12
5.304236379241900431e+04 7.470703055677447644e-12
5.305648505651504820e+04 7.583675270523352599e-12
5.307060632060767239e+04 7.546721557836344065e-12
5.308472758470643748e+04 7.594885557346678139e-12
5.309884884879775927e+04 7.532119098107789517e-12
5.311297011298150755e+04 7.530496708372022192e-12
5.312709137710795767e+04 7.634131192153299068e-12
5.314121264120706473e+04 7.706981174921574367e-12
5.315533390529642202e+04 7.787222819376364166e-12
5.316945516948984005e+04 7.606853611206889824e-12
5.318357643358779751e+04 7.543985056839268667e-12
5.319769769769636332e+04 7.519897710639054243e-12
5.321181896180755575e+04 7.440764611283602363e-12
5.322594022590450913e+04 7.344412516640730074e-12
5.324006149009246292e+04 7.521819940731367650e-12
5.325418275419201382e+04 7.476962607624975894e-12
5.326830401830451592e+04 7.302141764353139866e-12
5.328242528239437524e+04 7.504899321021028684e-12
5.329654654648903670e+04 7.531566803010397982e-12
5.331066781071738660e+04 7.452096657899979764e-12
5.332478907478281326e+04 7.356367387485753543e-12
5.333891033890531980e+04 7.589191739848133610e-12
5.335303160298886360e+04 7.528916101470502525e-12
5.336715286720160657e+04 7.410374612000091594e-12
5.338127413128061016e+04 7.483525991453094357e-12
5.339539539540277474e+04 7.548033121369574050e-12
5.340951665947960282e+04 7.495731266347712137e-12
5.342363792361324886e+04 7.439878492946068635e-12
5.343775918781311339e+04 7.339405241277572503e-12
5.345188045191242418e+04 7.391703434350771202e-12
5.346600171599585883e+04 7.244327285052592832e-12
5.348012298010229279e+04 7.213738222239747270e-12
5.349424424420763535e+04 7.152879198820573383e-12
5.350836550838554831e+04 7.118559928621393763e-12
5.352248677250683249e+04 7.068611388288483768e-12
5.353660803658627265e+04 7.020427394538448643e-12
5.355072930070818256e+04 6.933795649666284436e-12
5.356485056490174611e+04 6.766717191214187223e-12
5.357897182900738699e+04 6.751271677664378567e-12
5.359309309309234231e+04 6.634608291804888994e-12
5.360721435721860325e+04 6.414122362790521227e-12
5.362133562130865903e+04 6.197783590637285959e-12
5.363545688549838815e+04 6.194888673741038896e-12
5.364957814961774420e+04 6.127120065867122173e-12
5.366369941370689048e+04 6.133133864439859653e-12
5.367782067781093792e+04 6.021254008880203022e-12
5.369194194191872521e+04 6.037719448371700145e-12
5.370606320610775583e+04 5.863095984132812313e-12
5.372018447019746236e+04 5.917531436923830890e-12
5.373430573430228833e+04 5.768540734460024408e-12
5.374842699839257693e+04 5.556524746225810894e-12
5.376254826250210317e+04 5.346515066425218888e-12
5.377666952669674356e+04 5.581596058031841866e-12
5.379079079079245275e+04 5.657143670212130350e-12
5.380491205491886649e+04 5.480912390793155948e-12
5.381903331899670593e+04 5.471540145862376755e-12
5.383315458319884056e+04 5.471767186679498437e-12
5.384727584731400566e+04 5.376772576406092932e-12
5.386139711140415602e+04 5.344269413026966426e-12
5.387551837549969059e+04 5.146252761576469999e-12
5.388963963961815898e+04 5.098770177473393415e-12
5.390376090378722438e+04 4.948263501501973959e-12
5.391788216791796003e+04 4.894152936796359884e-12
5.393200343201769283e+04 4.992391447673619478e-12
5.394612469610084372e+04 4.828616506349614154e-12
5.396024596019365708e+04 4.728850816401832411e-12
5.397436722437898425e+04 4.633436253855725470e-12
5.398848848848578200e+04 4.582163406408237150e-12
5.400260975258002873e+04 4.558939913897683112e-12
5.401673101668649906e+04 4.376622329322438465e-12
5.403085228089171142e+04 4.423619631988660651e-12
5.404497354499503126e+04 4.426294172814353048e-12
5.405909480908936530e+04 4.391660194747053340e-12
5.407321607318936731e+04 4.266245191016232875e-12
5.408733733729591768e+04 4.257456074790590092e-12
5.410145860148299107e+04 4.118460807681074222e-12
5.411557986559933488e+04 4.083918671286249727e-12
5.412970112969732145e+04 3.920936322130918745e-12
5.414382239378232043e+04 3.637318105206203496e-12
5.415794365790445590e+04 3.751544830425164966e-12
5.417206492209562566e+04 3.743462323813583101e-12
5.418618618621089990e+04 3.610648279569689806e-12
5.420030745029144600e+04 3.565024940041919674e-12
5.421442871439003648e+04 3.462784944621352118e-12
5.422854997850749351e+04 3.383853545398272674e-12
5.424267124269491615e+04 3.514888175547718710e-12
5.425679250681645499e+04 3.250905473833304298e-12
5.427091377091341565e+04 3.124161329215669695e-12
5.428503503499129147e+04 2.931162572779453108e-12
5.429915629921325308e+04 2.846649191970006207e-12
5.431327756329542899e+04 2.760055384885992960e-12
5.432739882739904715e+04 2.734816355831185259e-12
5.434152009148887009e+04 2.865878377356632489e-12
5.435564135560853902e+04 2.718109227727913598e-12
5.436976261979064293e+04 2.651548184045190213e-12
5.438388388389760075e+04 2.386709904645093696e-12
5.439800514801222744e+04 2.040730899154404566e-12
5.441212641211006121e+04 1.852800279668128051e-12
5.442624767620591592e+04 1.797053995733612011e-12
5.444036894040648622e+04 1.630810608054682461e-12
5.445449020450506214e+04 1.560107607477928955e-12
5.446861146859869768e+04 1.486430372196882786e-12
5.448273273271430662e+04 1.315064943683690325e-12
5.449685399688073812e+04 1.300939489388010683e-12
5.451097526100583491e+04 1.209522310002709219e-12
5.452509652511245804e+04 9.891538563014585560e-13
5.453921778918294149e+04 1.072122627164745982e-12
5.455333905330559355e+04 9.055949257916015439e-13
5.456746031747880625e+04 8.406085200340766743e-13
5.458158158161363099e+04 5.828313565244078047e-13
5.459570284570503281e+04 5.499605334994908318e-13
5.460982410978089320e+04 6.017097272290945447e-13
5.462394537391050835e+04 4.087030609837653317e-13
5.463806663811847102e+04 2.952113621004912927e-13
5.465218790219251969e+04 3.714229588124005971e-13
5.466630916630782303e+04 1.816798212157610458e-13
5.468043043040401972e+04 5.286623616955000894e-14
5.469455169457981538e+04 9.256791175294962895e-14
5.470867295868511428e+04 4.745416900115746990e-14
5.472279422281684674e+04 4.387219729671146503e-14
5.473691548688666808e+04 1.904887265415581801e-14
5.475103675100791588e+04 -3.657085433455813124e-14
5.476515801521118556e+04 -7.718420865716083458e-14
5.477927927929651923e+04 -2.046686528165581430e-13
5.479340054338738992e+04 -2.029384553121451146e-13
5.480752180751693959e+04 -4.110188740789893748e-13
5.482164307158577867e+04 -4.666614516273620193e-13
5.483576433580519370e+04 -5.951727061919350154e-13
5.484988559990451904e+04 -7.436893327817970825e-13
5.486400686398970720e+04 -6.872815544407513917e-13
5.487812812811620097e+04 -8.624363674306765413e-13
5.489224939220033411e+04 -1.123704393362049728e-12
5.490637065640609217e+04 -1.153353873386877589e-12
5.492049192049372505e+04 -1.214684189599012430e-12
5.493461318458501773e+04 -1.335586500753134989e-12
5.494873444869320520e+04 -1.383595819551933318e-12
5.496285571291705855e+04 -1.477687393284980554e-12
5.497697697700520803e+04 -1.636535695355393536e-12
5.499109824109875626e+04 -1.639335181869476091e-12
5.500521950519986422e+04 -1.690792005617805866e-12
5.501934076930439187e+04 -1.923503862917251470e-12
5.503346203350030555e+04 -1.889501351277443079e-12
5.504758329759029584e+04 -1.822949682183298071e-12
5.506170456168706005e+04 -1.927660614083881476e-12
5.507582582578916481e+04 -2.090194887200776700e-12
5.508994708991194057e+04 -2.088372994501835917e-12
5.510406835411853535e+04 -2.136609647073648978e-12
5.511818961820097320e+04 -2.362367024427740518e-12
5.513231088228178851e+04 -2.529550214611606697e-12
5.514643214640826045e+04 -2.685656742478870207e-12
5.516055341060906358e+04 -2.798989073356319666e-12
5.517467467471438431e+04 -2.908652131673190881e-12
5.518879593881039909e+04 -3.040598294083893608e-12
5.520291720288149372e+04 -3.062728182245654621e-12
5.521703846700317081e+04 -3.152848738848272004e-12
5.523115973120949639e+04 -3.176596036495617903e-12
5.524528099531668704e+04 -3.263402968991832296e-12
5.525940225940649543e+04 -3.400680928656229320e-12
5.527352352351599257e+04 -3.485663331850465287e-12
5.528764478760919155e+04 -3.654411199459165508e-12
5.530176605179387116e+04 -3.789394435613222438e-12
5.531588731590298266e+04 -3.878617961271289764e-12
5.533000857999256550e+04 -4.099624472907626054e-12
5.534412984411291836e+04 -3.907110558474423586e-12
5.535825110829985351e+04 -4.001155552220474007e-12
5.537237237241482217e+04 -4.059840769674169594e-12
5.538649363649018051e+04 -4.157941151847851018e-12
5.540061490057994524e+04 -4.336465250563860593e-12
5.541473616469436820e+04 -4.330331340074967760e-12
5.542885742889442190e+04 -4.475191877119439799e-12
5.544297869299374725e+04 -4.443062818415750839e-12
5.545709995711818192e+04 -4.607295356844716115e-12
5.547122122120414133e+04 -4.624325468820086145e-12
5.548534248528542230e+04 -4.624962354931599374e-12
5.549946374947924051e+04 -4.634034905983777494e-12
5.551358501361605158e+04 -4.701717384825134976e-12
5.552770627770198917e+04 -4.789107885460324848e-12
5.554182754181083874e+04 -4.920324294741414774e-12
5.555594880588782689e+04 -4.965550532556142506e-12
5.557007007009683002e+04 -5.059938284697073621e-12
5.558419133417973353e+04 -5.082342672530631874e-12
5.559831259830491035e+04 -5.116415200628881205e-12
5.561243386238226958e+04 -5.274020197889147251e-12
5.562655512660522072e+04 -5.353843940762487564e-12
5.564067639070739096e+04 -5.556265916454875490e-12
5.565479765481443610e+04 -5.645566782468710990e-12
5.566891891889846738e+04 -5.699802878774502331e-12
5.568304018300388998e+04 -5.718751558893523362e-12
5.569716144718628493e+04 -5.739299192276866989e-12
5.571128271128670895e+04 -5.829850394042282602e-12
5.572540397540967388e+04 -5.985279314928898058e-12
5.573952523948746239e+04 -5.954175308895026226e-12
5.575364650361677195e+04 -6.132235072520535116e-12
5.576776776781513036e+04 -6.159713749377788076e-12
5.578188903189603298e+04 -6.111869071790889158e-12
5.579601029601310438e+04 -6.179131158925705328e-12
5.581013156011577667e+04 -6.154277952782057537e-12
5.582425282429980143e+04 -6.202922985868796294e-12
5.583837408841177967e+04 -6.219691195275771201e-12
5.585249535249946348e+04 -6.385216548060810517e-12
5.586661661658364756e+04 -6.253171366558253179e-12
5.588073788068201975e+04 -6.300353084959156495e-12
5.589485914490181312e+04 -6.331738035694472645e-12
5.590898040898038016e+04 -6.267766429150508390e-12
5.592310167309240205e+04 -6.276264493696396158e-12
5.593722293721375900e+04 -6.358174082528323920e-12
5.595134420128152124e+04 -6.267477574639950334e-12
5.596546546549496998e+04 -6.224538150526450976e-12
5.597958672961452976e+04 -6.226419513271682529e-12
5.599370799370775057e+04 -6.271723091442177629e-12
5.600782925780199730e+04 -6.217642261759708333e-12
5.602195052198415942e+04 -6.347793190457739153e-12
5.603607178608763934e+04 -6.484134570132023086e-12
5.605019305021173932e+04 -6.318316261453923431e-12
5.606431431430671364e+04 -6.332361738790797659e-12
5.607843557841127040e+04 -6.337227150262740128e-12
5.609255684258204565e+04 -6.226665303265960157e-12
5.610667810670116887e+04 -6.326464829619390578e-12
5.612079937078525109e+04 -6.106797126414339651e-12
5.613492063491154840e+04 -5.919569601071407466e-12
5.614904189901061181e+04 -5.991398284667243977e-12
5.616316316321289196e+04 -5.878115756291615276e-12
5.617728442728102527e+04 -5.899655924240646174e-12
5.619140569138859428e+04 -5.871419370488047302e-12
5.620552695548546762e+04 -5.778043780957639159e-12
5.621964821959350229e+04 -5.766496045564995069e-12
5.623376948377889494e+04 -5.680507045922205072e-12
5.624789074789790175e+04 -5.678590528469805212e-12
5.626201201198792114e+04 -5.523953467362131778e-12
5.627613327611456043e+04 -5.455581956260297129e-12
5.629025454028855165e+04 -5.337163911079323848e-12
5.630437580437881843e+04 -5.398481337232163724e-12
5.631849706851203518e+04 -5.344141534540229391e-12
5.633261833261026186e+04 -5.439046353832411633e-12
5.634673959671016928e+04 -5.407414734235138909e-12
5.636086086090375466e+04 -5.277850889146800964e-12
5.637498212498483190e+04 -5.304206959021847229e-12
5.638910338911601139e+04 -5.225937933072976886e-12
5.640322465319758339e+04 -5.143491356089069046e-12
5.641734591731656110e+04 -5.025253185826435544e-12
5.643146718150234665e+04 -4.962059084222652091e-12
5.644558844559790305e+04 -4.961454423259376275e-12
5.645970970969147311e+04 -4.962052053281218914e-12
5.647383097380321124e+04 -5.023511855998085870e-12
5.648795223801709653e+04 -4.783300913748087657e-12
5.650207350209682045e+04 -4.806143270641770972e-12
5.651619476618724730e+04 -4.823212638706811592e-12
5.653031603030100086e+04 -4.760658352773471455e-12
5.654443729438053560e+04 -4.548520201931851446e-12
5.655855855860562588e+04 -4.575582881420958628e-12
5.657267982271876099e+04 -4.794061769611971759e-12
5.658680108679371187e+04 -4.801072204132900410e-12
5.660092235089177848e+04 -4.603188115224012809e-12
5.661504361501696985e+04 -4.787114613563944122e-12
5.662916487920611689e+04 -4.735177049195102310e-12
5.664328614329411357e+04 -4.798299083649192874e-12
5.665740740738648310e+04 -4.940719591060367250e-12
