5.299999999999778811e+04 6.665275633825284011e-12
5.301412126409613847e+04 6.703615715013476759e-12
5.302824252819154935e+04 6.770852427994559172e-12
5.304236379239737289e+04 6.748688837828449399e-12
5.305648505654240580e+04 6.498487145682561570e-12
5.307060632058094779e+04 6.504909285358977068e-12
5.308472758470370172e+04 6.631375685070784098e-12
5.309884884884404164e+04 6.551109771274011190e-12
5.311297011297322751e+04 6.672119920695728933e-12
5.312709137711194489e+04 6.611810278003603505e-12
5.314121264124437585e+04 6.731833911621279573e-12
5.315533390526760195e+04 6.701812635731656683e-12
5.316945516950920137e+04 6.688592607660932601e-12
5.318357643361211376e+04 6.744413307424147767e-12
5.319769769771410938e+04 6.729251209299360452e-12
5.321181896173654241e+04 6.817780495810736862e-12
5.322594022592354304e+04 6.620821625144307256e-12
5.324006149009383807e+04 6.681001808194133276e-12
5.325418275422254374e+04 6.762699657318531817e-12
5.326830401835867815e+04 6.898269631009713966e-12
5.328242528236429644e+04 6.841954481953234691e-12
5.329654654649451550e+04 6.822186801504109405e-12
5.331066781068439013e+04 6.913160091931112079e-12
5.332478907482105569e+04 6.761753707289940776e-12
5.333891033885139041e+04 6.821966883837131643e-12
5.335303160295376438e+04 6.856228854728211537e-12
5.336715286722799647e+04 6.934611829484143997e-12
5.338127413125729072e+04 6.922121546822588109e-12
5.339539539545833395e+04 6.879772251373207021e-12
5.340951665955554199e+04 6.872581393906596822e-12
5.342363792361145170e+04 6.804627010230047720e-12
5.343775918783136149e+04 6.789231194765481154e-12
5.345188045186189265e+04 6.844290836726370234e-12
5.346600171595643042e+04 6.793839817695689803e-12
5.348012298007997015e+04 6.632188871721850105e-12
5.349424424423532037e+04 6.600033733715497475e-12
5.350836550845192687e+04 6.425190271306751420e-12
5.352248677253801725e+04 6.519732882187797012e-12
5.353660803654357733e+04 6.382872522143287818e-12
5.355072930073658790e+04 6.287892590275449911e-12
5.356485056487840484e+04 6.320974089791798613e-12
5.357897182895150036e+04 6.314217454232919343e-12
5.359309309309063246e+04 6.397477546188496048e-12
5.360721435723479954e+04 6.219635607841493105e-12
5.362133562133385567e+04 6.060136212124308439e-12
5.363545688544728910e+04 6.201646506407646304e-12
5.364957814957568917e+04 6.100238850673763659e-12
5.366369941375871713e+04 6.117638191514912889e-12
5.367782067779224599e+04 6.096977333091024559e-12
5.369194194187154790e+04 6.161737677245906260e-12
5.370606320606124063e+04 6.148279151652132972e-12
5.372018447013841796e+04 6.075636519179113634e-12
5.373430573435722181e+04 6.093709822006326120e-12
5.374842699835652456e+04 6.174088238220346471e-12
5.376254826253929059e+04 6.151149585922944076e-12
5.377666952672430489e+04 6.060466030151585184e-12
5.379079079074750916e+04 6.209077220898968626e-12
5.380491205486430408e+04 6.223488932578575413e-12
5.381903331893696304e+04 5.955894010039877489e-12
5.383315458318166930e+04 5.847265558566188154e-12
5.384727584731161915e+04 5.826687235049754615e-12
5.386139711134411482e+04 5.712401443986126137e-12
5.387551837550172786e+04 5.621805013267624620e-12
5.388963963962824346e+04 5.620976214274871889e-12
5.390376090376585489e+04 5.471997811895310836e-12
5.391788216796195047e+04 5.343696932798741394e-12
5.393200343205127137e+04 5.120678052488209802e-12
5.394612469605010847e+04 5.227029864933884556e-12
5.396024596022637706e+04 4.978708422062105079e-12
5.397436722442381870e+04 4.725390547446818421e-12
5.398848848853079107e+04 4.820432636315452924e-12
5.400260975255483208e+04 4.786475149942153544e-12
5.401673101665950526e+04 4.777999227182491403e-12
5.403085228085474228e+04 4.562975181462236305e-12
5.404497354502397502e+04 4.495433676979127825e-12
5.405909480904460361e+04 4.438153281741411222e-12
5.407321607325614605e+04 4.417155325378111467e-12
5.408733733730766835e+04 4.200533967531073984e-12
5.410145860148179781e+04 4.260243865333336581e-12
5.411557986556546530e+04 4.048100501310411179e-12
5.412970112971230265e+04 4.139081627144852165e-12
5.414382239385788853e+04 4.137664529389147707e-12
5.415794365784741240e+04 4.036084670111194333e-12
5.417206492214979517e+04 3.915068351767949172e-12
5.418618618620277994e+04 3.785024620775092026e-12
5.420030745031023253e+04 3.757466644953740878e-12
5.421442871441406896e+04 3.696150722519409917e-12
5.422854997850944346e+04 3.603446684146415588e-12
5.424267124264773156e+04 3.583228409296404776e-12
5.425679250685177249e+04 3.447527923445506664e-12
5.427091377094718337e+04 3.350185382342296285e-12
5.428503503505184926e+04 3.149970475954674296e-12
5.429915629915248428e+04 3.049420490351026640e-12
5.431327756329432304e+04 2.964254260116541319e-12
5.432739882736712752e+04 2.980195396549529907e-12
5.434152009154450934e+04 2.843864335819427127e-12
5.435564135556217661e+04 2.745728781315645099e-12
5.436976261984913435e+04 2.754993098093882164e-12
5.438388388386696170e+04 2.641955300320949204e-12
5.439800514804226987e+04 2.725905946030206082e-12
5.441212641203685052e+04 2.688888513777833109e-12
5.442624767623632943e+04 2.481840825119866394e-12
5.444036894044790824e+04 2.469719771415537593e-12
5.445449020447310613e+04 2.384740333785987310e-12
5.446861146862767782e+04 2.187552306688585683e-12
5.448273273268719640e+04 2.225076833061524365e-12
5.449685399687376048e+04 2.058482680565226590e-12
5.451097526103925338e+04 1.932503713363902724e-12
5.452509652508021827e+04 1.902561931775863138e-12
5.453921778923345119e+04 1.767033883361794742e-12
5.455333905328877154e+04 1.747572777846986012e-12
5.456746031752279669e+04 1.734687274895320450e-12
5.458158158156397985e+04 1.728013554319630514e-12
5.459570284572581295e+04 1.693455314393943564e-12
5.460982410982359579e+04 1.665775860520705662e-12
5.462394537389805191e+04 1.609313856047950574e-12
5.463806663815421780e+04 1.389947152701461132e-12
5.465218790222273674e+04 1.297508582610327982e-12
5.466630916630570573e+04 1.335563197685735696e-12
5.468043043038179167e+04 1.147592591868321872e-12
5.469455169457173179e+04 9.954958727479321106e-13
5.470867295871426904e+04 8.096089005771771789e-13
5.472279422273965611e+04 8.486181781864620149e-13
5.473691548688823241e+04 6.542308999358826425e-13
5.475103675104602007e+04 4.750290798494307733e-13
5.476515801520161040e+04 4.768984677285261949e-13
5.477927927932663442e+04 3.013883817190412106e-13
5.479340054344158852e+04 3.685851575114647002e-13
5.480752180753521679e+04 3.484913720826174837e-13
5.482164307163159538e+04 2.506099420618676999e-13
5.483576433583415201e+04 2.750039043445328354e-13
5.484988559985177562e+04 2.060486350775401702e-13
5.486400686406113527e+04 -2.182742307490102422e-14
5.487812812807990122e+04 8.135093241192917779e-14
5.489224939218626241e+04 3.008459245875401587e-14
5.490637065642693051e+04 -2.818660174415902990e-14
5.492049192055393360e+04 -6.272490231211146438e-14
5.493461318458466849e+04 -2.639458253125853277e-13
5.494873444873060362e+04 -2.056557735059497892e-13
5.496285571283529134e+04 -2.287532097503545534e-13
5.497697697704542225e+04 -3.845172503909542535e-13
5.499109824111866328e+04 -5.475354164895678096e-13
5.500521950524140266e+04 -7.507035844214053890e-13
5.501934076931540767e+04 -7.397573740472856111e-13
5.503346203352255543e+04 -9.054658331371191611e-13
5.504758329762411449e+04 -1.093446905655513798e-12
5.506170456173095590e+04 -1.251565486231288418e-12
5.507582582578902657e+04 -1.467834835475506129e-12
5.508994708995136898e+04 -1.679891834597041421e-12
5.510406835407629842e+04 -1.871651473879311280e-12
5.511818961824525468e+04 -1.956923423641021886e-12
5.513231088228040608e+04 -2.048176917593724593e-12
5.514643214641696250e+04 -2.229339314498822857e-12
5.516055341063900414e+04 -2.284264468123086516e-12
5.517467467470047995e+04 -2.439106211140383996e-12
5.518879593882858899e+04 -2.477090278312253374e-12
5.520291720289807563e+04 -2.414383629530833873e-12
5.521703846702636656e+04 -2.468664408603091375e-12
5.523115973117888643e+04 -2.607087610828974586e-12
5.524528099526288133e+04 -2.675134937640769898e-12
5.525940225943144469e+04 -2.771203406410617122e-12
5.527352352352382150e+04 -2.937864218343329633e-12
5.528764478763865918e+04 -3.161206309210685910e-12
5.530176605179966282e+04 -3.057845298097101752e-12
5.531588731583658227e+04 -3.113786832707116001e-12
5.533000857996559353e+04 -3.201704928201719686e-12
5.534412984412415244e+04 -3.218337977890051768e-12
5.535825110834137740e+04 -3.446509457215847983e-12
5.537237237236275541e+04 -3.540511951242366858e-12
5.538649363654709305e+04 -3.611330936489040956e-12
5.540061490061235236e+04 -3.745309328426043900e-12
5.541473616475912422e+04 -3.785766343742508162e-12
5.542885742892486451e+04 -3.919385768767099884e-12
5.544297869303809421e+04 -4.047961296436334662e-12
5.545709995708690985e+04 -4.064792482528430768e-12
5.547122122123876761e+04 -4.141029154996495724e-12
5.548534248527080490e+04 -4.286246678752107754e-12
5.549946374950064637e+04 -4.513534715889249319e-12
5.551358501362996321e+04 -4.562857085409691309e-12
5.552770627765676181e+04 -4.732750763062122984e-12
5.554182754183762881e+04 -4.644751068231101671e-12
5.555594880591223045e+04 -4.778777583603340533e-12
5.557007007011516544e+04 -5.043779541775302259e-12
5.558419133418720594e+04 -5.054128506988424839e-12
5.559831259827109170e+04 -5.067278630360699264e-12
5.561243386234578065e+04 -4.967969460463694163e-12
5.562655512657608779e+04 -4.965658600001327676e-12
5.564067639074525505e+04 -4.923607605529901201e-12
5.565479765482809307e+04 -5.087242605308107582e-12
5.566891891886951635e+04 -5.294144140228075853e-12
5.568304018293439731e+04 -5.226106403019414188e-12
5.569716144726196944e+04 -5.337018027900081781e-12
5.571128271128213964e+04 -5.399840979856087276e-12
5.572540397538858815e+04 -5.500471351477463581e-12
5.573952523955777724e+04 -5.495088485040620079e-12
5.575364650364340923e+04 -5.751307887045413008e-12
5.576776776779351349e+04 -5.787377541982012431e-12
5.578188903186195239e+04 -5.879913469934224074e-12
5.579601029594580177e+04 -5.865526726306678066e-12
5.581013156007786893e+04 -5.965089377481627891e-12
5.582425282425055047e+04 -6.194741953469405345e-12
5.583837408842841251e+04 -6.201978829336417139e-12
5.585249535250078770e+04 -6.214289599305173072e-12
5.586661661658162484e+04 -6.131497175921913654e-12
5.588073788069063448e+04 -6.234018570502625989e-12
5.589485914491864969e+04 -6.338036644850410529e-12
5.590898040905941161e+04 -6.404985289661760053e-12
5.592310167311332043e+04 -6.455854304289991160e-12
5.593722293719051959e+04 -6.620291819362117991e-12
5.595134420128831698e+04 -6.682970517958795124e-12
5.596546546550513449e+04 -6.821125474426300010e-12
5.597958672953911446e+04 -6.729884610682602439e-12
5.599370799364350387e+04 -6.709184107436004980e-12
5.600782925780685764e+04 -6.753310783200272039e-12
5.602195052200440841e+04 -6.582947741253017638e-12
5.603607178606806701e+04 -6.518805517187904357e-12
5.605019305020800675e+04 -6.535126846301214678e-12
5.606431431430924567e+04 -6.431896464293727088e-12
5.607843557834787498e+04 -6.577024874908026812e-12
5.609255684265726450e+04 -6.600847086340464059e-12
5.610667810670534527e+04 -6.763555052166990941e-12
5.612079937075608905e+04 -6.885532932880514675e-12
5.613492063493917522e+04 -6.856606830599946899e-12
5.614904189893594594e+04 -6.845388164397780856e-12
5.616316316323036153e+04 -6.750991151759430482e-12
5.617728442734042619e+04 -6.695000792035902341e-12
5.619140569138487626e+04 -6.598507340122318446e-12
5.620552695555167156e+04 -6.718613610975532233e-12
5.621964821958992979e+04 -6.670275403713239920e-12
5.623376948375605571e+04 -6.631984059928776216e-12
5.624789074785159028e+04 -6.559549226554140914e-12
5.626201201199011120e+04 -6.621390325942994892e-12
5.627613327604487131e+04 -6.744220950420509318e-12
5.629025454031441041e+04 -6.636653553449606120e-12
5.630437580437474389e+04 -6.594833411131656295e-12
5.631849706843690365e+04 -6.549949682978566750e-12
5.633261833260690764e+04 -6.564323971816677318e-12
5.634673959667298914e+04 -6.604045218985420311e-12
5.636086086093532504e+04 -6.468686099616791361e-12
5.637498212496616179e+04 -6.421363864027920350e-12
5.638910338914609747e+04 -6.540044616986093193e-12
5.640322465316877788e+04 -6.498394456231001188e-12
5.641734591730046668e+04 -6.548599537025225714e-12
5.643146718144392798e+04 -6.395595489418131827e-12
5.644558844558179408e+04 -6.287038901494752534e-12
5.645970970970448252e+04 -6.356315480939901113e-12
5.647383097373659984e+04 -6.181665418606541753e-12
5.648795223798399093e+04 -5.997099940526107315e-12
5.650207350204265094e+04 -6.147403257677595295e-12
5.651619476617747569e+04 -6.235950173855707906e-12
5.653031603025443474e+04 -6.244101687358153656e-12
5.654443729434776469e+04 -6.111962277241530860e-12
5.655855855863131001e+04 -6.008668978081777994e-12
5.657267982264911552e+04 -5.956863018296190511e-12
5.658680108676239615e+04 -5.928691103218143430e-12
5.660092235090970644e+04 -5.774767915539998254e-12
5.661504361496640195e+04 -5.886854003675141641e-12
5.662916487921182852e+04 -5.928231737838782026e-12
5.664328614330053824e+04 -5.894601525909001636e-12
5.665740740738689783e+04 -5.862273745809655250e-12
