5.300000000000032742e+04 8.589197818229871766e-12
5.301412126411060308e+04 8.518795127874336331e-12
5.302824252819812682e+04 8.484217474725208145e-12
5.304236379241973191e+04 8.533588494772427479e-12
5.305648505650558945e+04 8.488574785051653212e-12
5.307060632060502394e+04 8.423683704846084899e-12
5.308472758469758264e+04 8.111081785690829611e-12
5.309884884877558943e+04 7.985106258684483975e-12
5.311297011302060855e+04 7.918890422474590366e-12
5.312709137711531366e+04 7.830485932872627421e-12
5.314121264121771674e+04 7.712117559268532368e-12
5.315533390530520410e+04 7.585652627726196655e-12
5.316945516950159072e+04 7.411180408570495633e-12
5.318357643357278721e+04 7.196111457982490163e-12
5.319769769770284620e+04 7.252865952646179918e-12
5.321181896177455928e+04 7.181414550140299599e-12
5.322594022589563974e+04 7.100874032373331788e-12
5.324006149007052591e+04 7.008042688978754205e-12
5.325418275420310238e+04 6.821483903922651175e-12
5.326830401829868788e+04 6.709629241345798464e-12
5.328242528237100487e+04 6.469995845563018264e-12
5.329654654649064469e+04 6.367802136963508356e-12
5.331066781067928969e+04 6.271092790974516509e-12
5.332478907482147770e+04 6.212122365960387045e-12
5.333891033890774997e+04 5.994741662203002690e-12
5.335303160301610478e+04 5.769749351384636283e-12
5.336715286722639576e+04 5.806898563683361639e-12
5.338127413131027424e+04 5.555900924589131467e-12
5.339539539540948317e+04 5.333924155669775746e-12
5.340951665947141009e+04 5.321887990801736353e-12
5.342363792357386410e+04 5.320210980820398788e-12
5.343775918780019128e+04 5.230158665149910288e-12
5.345188045188529213e+04 5.047032516814977557e-12
5.346600171598725137e+04 5.051682966405942644e-12
5.348012298008007929e+04 5.012535914722284156e-12
5.349424424422686570e+04 4.839392490292493755e-12
5.350836550840575364e+04 4.986254625579869692e-12
5.352248677247179876e+04 4.803736387830676175e-12
5.353660803660056990e+04 4.658161940828984258e-12
5.355072930070161237e+04 4.724157085800570630e-12
5.356485056492275908e+04 4.604618893723579284e-12
5.357897182902063651e+04 4.460521401672461114e-12
5.359309309311357356e+04 4.472336543352473607e-12
5.360721435718677094e+04 4.399487134604233567e-12
5.362133562127519690e+04 4.265394717739348830e-12
5.363545688552810316e+04 4.082561902306271848e-12
5.364957814959384996e+04 4.069935198887797484e-12
5.366369941370313609e+04 3.893763839769479825e-12
5.367782067780513171e+04 3.829615773685361992e-12
5.369194194187608082e+04 3.760701462883235803e-12
5.370606320608813257e+04 3.570379529835557414e-12
5.372018447019992891e+04 3.551763125684053719e-12
5.373430573427464697e+04 3.321355055197134456e-12
5.374842699840235582e+04 3.228119009769913831e-12
5.376254826251764462e+04 3.102210038682265649e-12
5.377666952672349726e+04 2.906356827463756982e-12
5.379079079079607618e+04 2.923624851855918634e-12
5.380491205488803826e+04 2.996313984214744824e-12
5.381903331899372279e+04 3.032311496962746765e-12
5.383315458317686716e+04 2.837092420357793909e-12
5.384727584728734655e+04 2.677484577677614574e-12
5.386139711142399756e+04 2.648233500372483627e-12
5.387551837551665085e+04 2.536957536806082625e-12
5.388963963960666297e+04 2.362681278634609513e-12
5.390376090380881942e+04 2.248299261545765981e-12
5.391788216792923049e+04 2.318181205779325157e-12
5.393200343198144401e+04 2.218849346358841427e-12
5.394612469610371772e+04 2.119686891945050153e-12
5.396024596019233286e+04 2.106744061744002046e-12
5.397436722438914148e+04 1.994571723285886929e-12
5.398848848851032380e+04 1.879480772246764094e-12
5.400260975258136023e+04 1.761632978789784661e-12
5.401673101670191681e+04 1.759972344994593158e-12
5.403085228089962766e+04 1.427571174188459903e-12
5.404497354498928325e+04 1.399956940948645497e-12
5.405909480909082777e+04 1.451040461934679717e-12
5.407321607321697957e+04 1.363941945515432895e-12
5.408733733727822255e+04 1.249387867822143441e-12
5.410145860150636872e+04 1.107899168614123952e-12
5.411557986562455335e+04 1.028317100336358119e-12
5.412970112970995979e+04 8.344639968258640839e-13
5.414382239381281397e+04 7.346838946345702881e-13
5.415794365790810843e+04 6.264839984659782656e-13
5.417206492211671139e+04 5.614923374954971566e-13
5.418618618621357018e+04 4.885182816277012901e-13
5.420030745028772071e+04 3.529753551398714361e-13
5.421442871438100701e+04 3.504135885069909866e-13
5.422854997847081540e+04 2.780826298951687475e-13
5.424267124269812484e+04 1.869369824995813550e-13
5.425679250682390557e+04 -8.152093519917304480e-14
5.427091377088156878e+04 -2.816565190950199852e-13
5.428503503499164799e+04 -1.584606837122019751e-13
5.429915629920150968e+04 -2.569999578531709332e-13
5.431327756331665296e+04 -3.384646236383583722e-13
5.432739882738195593e+04 -4.784861050875668695e-13
5.434152009151790844e+04 -5.070853437941186061e-13
5.435564135558238195e+04 -6.249403294950138994e-13
5.436976261980723211e+04 -8.009456031038311853e-13
5.438388388390492764e+04 -8.459984828914700128e-13
5.439800514801707322e+04 -8.355970597405256931e-13
5.441212641210704896e+04 -1.039475598020030531e-12
5.442624767620133935e+04 -1.088863741140265168e-12
5.444036894042518543e+04 -1.076140551003413311e-12
5.445449020452843979e+04 -1.108851318931828091e-12
5.446861146862435999e+04 -1.130504177814650930e-12
5.448273273267386685e+04 -1.248349426323783318e-12
5.449685399688015605e+04 -1.259927168629623658e-12
5.451097526099572133e+04 -1.167066890284523611e-12
5.452509652507967985e+04 -1.370369717101050169e-12
5.453921778920703218e+04 -1.422728367608392007e-12
5.455333905332141148e+04 -1.373831510072555773e-12
5.456746031747293455e+04 -1.431381632888185803e-12
5.458158158159851882e+04 -1.655669435752528682e-12
5.459570284568069474e+04 -1.826477261958112429e-12
5.460982410977849213e+04 -1.785721581935269350e-12
5.462394537388006574e+04 -1.847363095689798197e-12
5.463806663808628946e+04 -1.844098038251864632e-12
5.465218790218704089e+04 -1.851555620643143321e-12
5.466630916631532455e+04 -2.065097325898118445e-12
5.468043043040838529e+04 -2.153051166093806395e-12
5.469455169462171034e+04 -2.059621040730766994e-12
5.470867295869883674e+04 -2.034521437263707982e-12
5.472279422282087035e+04 -2.147561824237500259e-12
5.473691548690779746e+04 -2.218100033065893915e-12
5.475103675101035333e+04 -2.169090091325720884e-12
5.476515801519749220e+04 -2.267894040042789403e-12
5.477927927928131976e+04 -2.311213920996453961e-12
5.479340054340976349e+04 -2.336065004773747064e-12
5.480752180748135288e+04 -2.545858776399276494e-12
5.482164307160830504e+04 -2.410470870430307376e-12
5.483576433581001038e+04 -2.410715406723442584e-12
5.484988559989940404e+04 -2.434619327301985882e-12
5.486400686400369887e+04 -2.317951615096719827e-12
5.487812812809656316e+04 -2.412248793126278208e-12
5.489224939219225053e+04 -2.374387714654754843e-12
5.490637065638094646e+04 -2.461229744590975766e-12
5.492049192048494297e+04 -2.518678733392159691e-12
5.493461318460721668e+04 -2.498234392786994009e-12
5.494873444872883556e+04 -2.413692774404746184e-12
5.496285571289432119e+04 -2.333894053610257430e-12
5.497697697697376134e+04 -2.332468440216251068e-12
5.499109824109231704e+04 -2.326851408367963778e-12
5.500521950521146209e+04 -2.390739557821957310e-12
5.501934076933017059e+04 -2.346663274108169943e-12
5.503346203352820885e+04 -2.449594243033996513e-12
5.504758329758658510e+04 -2.533071851916340480e-12
5.506170456167670636e+04 -2.520217209690689809e-12
5.507582582579887094e+04 -2.585772853234071648e-12
5.508994708987935155e+04 -2.703978820438054982e-12
5.510406835410742497e+04 -2.720635393447472397e-12
5.511818961820542609e+04 -2.695987241598509215e-12
5.513231088227921282e+04 -2.725718207547679366e-12
5.514643214639822691e+04 -2.745579865745763849e-12
5.516055341059697821e+04 -2.661417112643015946e-12
5.517467467469145049e+04 -2.598401769650674001e-12
5.518879593881123583e+04 -2.672916736114940610e-12
5.520291720290019293e+04 -2.766918257594609239e-12
5.521703846700533177e+04 -2.700979322775471905e-12
5.523115973118146212e+04 -2.796828255092327928e-12
5.524528099531168118e+04 -2.794209171807934648e-12
5.525940225937985088e+04 -2.833521755751560906e-12
5.527352352352074377e+04 -2.688120033253752822e-12
5.528764478759164194e+04 -2.816708059875061186e-12
5.530176605183053471e+04 -2.729351065274473316e-12
5.531588731592443946e+04 -2.823691175467713615e-12
5.533000858001764573e+04 -2.793199159462351840e-12
5.534412984410825447e+04 -2.756757055390450469e-12
5.535825110829155892e+04 -2.679557943496829185e-12
5.537237237243055279e+04 -2.731351836881925961e-12
5.538649363651973545e+04 -2.756091606853384778e-12
5.540061490059900098e+04 -2.688513725620709739e-12
5.541473616469316767e+04 -2.647556884068038443e-12
5.542885742892420240e+04 -2.620282124741047064e-12
5.544297869300388993e+04 -2.740515640829830929e-12
5.545709995708407223e+04 -2.610366786628900537e-12
5.547122122122533619e+04 -2.675661960292625978e-12
5.548534248532665515e+04 -2.598708048591578015e-12
5.549946374951597682e+04 -2.492915451786537702e-12
5.551358501360857190e+04 -2.450550036925445431e-12
5.552770627770117426e+04 -2.602440491234128600e-12
5.554182754178009054e+04 -2.477505239322765271e-12
5.555594880589163222e+04 -2.479563327581731150e-12
5.557007007012804388e+04 -2.367209855226845523e-12
5.558419133418044657e+04 -2.419335698331130005e-12
5.559831259828078328e+04 -2.359342646882089131e-12
5.561243386237887171e+04 -2.234464047722800519e-12
5.562655512657785584e+04 -2.306949916203577126e-12
5.564067639071376470e+04 -2.429838144846614112e-12
5.565479765478012996e+04 -2.301624114908924016e-12
5.566891891887318343e+04 -2.222280607829348146e-12
5.568304018302403711e+04 -2.190786546271664159e-12
5.569716144722315948e+04 -2.111791586397235704e-12
5.571128271131917427e+04 -2.138976276700420514e-12
5.572540397541077255e+04 -2.233324796286547087e-12
5.573952523950778414e+04 -2.215360120083715880e-12
5.575364650359877851e+04 -2.270089334185686098e-12
5.576776776777584018e+04 -2.283149563937420357e-12
5.578188903188845870e+04 -2.192379462324141005e-12
5.579601029599874892e+04 -2.352452919810434647e-12
5.581013156010925013e+04 -2.388046117800465813e-12
5.582425282428860373e+04 -2.305972656230287249e-12
5.583837408840567514e+04 -2.348516660040303188e-12
5.585249535247559834e+04 -2.245720684000279446e-12
5.586661661657841614e+04 -2.213645046534578052e-12
5.588073788068020076e+04 -2.146805864077002725e-12
5.589485914487089030e+04 -2.256495771885123280e-12
5.590898040902439243e+04 -2.324371965265442141e-12
5.592310167311837722e+04 -2.458652265671386965e-12
5.593722293720891321e+04 -2.325356749432366531e-12
5.595134420129460341e+04 -2.352874053354177969e-12
5.596546546551927895e+04 -2.509368871567811954e-12
5.597958672960605327e+04 -2.508328319848063800e-12
5.599370799372412148e+04 -2.526374434382002463e-12
5.600782925780412188e+04 -2.512059434691737350e-12
5.602195052198371559e+04 -2.622953656081072328e-12
5.603607178607548121e+04 -2.692148796345631678e-12
5.605019305021951004e+04 -2.781407420237541639e-12
5.606431431427942152e+04 -2.770578777798002030e-12
5.607843557837131084e+04 -2.743411570180027477e-12
5.609255684260715498e+04 -2.725937294362343721e-12
5.610667810669043683e+04 -2.775457996070440560e-12
5.612079937082156539e+04 -2.702944243813252274e-12
5.613492063487284759e+04 -2.775179600905948226e-12
5.614904189898991172e+04 -2.687879480357247913e-12
5.616316316321724298e+04 -2.623913212069338704e-12
5.617728442731978430e+04 -2.614293751806894769e-12
5.619140569137514103e+04 -2.608243414925160828e-12
5.620552695549343480e+04 -2.654568547336541070e-12
5.621964821961431880e+04 -2.639877337964529702e-12
5.623376948378898669e+04 -2.568166018828525083e-12
5.624789074789618462e+04 -2.349033173803359604e-12
5.626201201197246701e+04 -2.382800427038043528e-12
5.627613327612376452e+04 -2.422111683182793559e-12
5.629025454031377012e+04 -2.306157662873781637e-12
5.630437580438221630e+04 -2.439787784429743444e-12
5.631849706852190866e+04 -2.469494628699319373e-12
5.633261833262091386e+04 -2.364557355670720391e-12
5.634673959671635384e+04 -2.438485213731649825e-12
5.636086086090895697e+04 -2.574682855715624688e-12
5.637498212503053219e+04 -2.493784938750997510e-12
5.638910338907303958e+04 -2.521302685272434626e-12
5.640322465317856404e+04 -2.577978009928097920e-12
5.641734591730433749e+04 -2.616214634181929831e-12
5.643146718151040113e+04 -2.650607280687564033e-12
5.644558844558316196e+04 -2.652217458125438701e-12
5.645970970971284987e+04 -2.722893979336827773e-12
5.647383097379131505e+04 -2.673527302298433893e-12
5.648795223801842803e+04 -2.573513064905206313e-12
5.650207350207729178e+04 -2.464016130533839934e-12
5.651619476618542831e+04 -2.383335087385749123e-12
5.653031603029258258e+04 -2.366989440613304537e-12
5.654443729438826995e+04 -2.193533762147664271e-12
5.655855855862511817e+04 -2.145447968425710616e-12
5.657267982270110224e+04 -1.997497978583602447e-12
5.658680108679601835e+04 -1.967542835924073851e-12
5.660092235091845941e+04 -1.900060998810150424e-12
5.661504361497605714e+04 -1.893444577007294588e-12
5.662916487920023064e+04 -1.784379619870498432e-12
5.664328614331129938e+04 -1.657285809585161636e-12
5.665740740737344458e+04 -1.607640737382275624e-12
