5.300000000000403088e+04 1.787648205128616463e-12
5.301412126418171101e+04 1.827402888622540757e-12
5.302824252818212699e+04 1.680159204393463321e-12
5.304236379246623255e+04 1.542752716328267217e-12
5.305648505644710531e+04 1.389707400001033023e-12
5.307060632056782924e+04 1.303956642895698638e-12
5.308472758463477658e+04 1.134378174288384774e-12
5.309884884873498231e+04 1.118458643890836473e-12
5.311297011307237699e+04 1.082399222375016511e-12
5.312709137701115105e+04 1.174498099624680941e-12
5.314121264112702193e+04 1.016964406809515447e-12
5.315533390527738084e+04 9.635663135736911330e-13
5.316945516945829877e+04 9.196929551472965337e-13
5.318357643357842608e+04 9.627351616080497215e-13
5.319769769778398768e+04 7.976448962959257312e-13
5.321181896183823847e+04 7.607797821474396601e-13
5.322594022591294924e+04 7.878106660577395910e-13
5.324006149002342136e+04 6.730659719155031489e-13
5.325418275425831234e+04 6.023195081661599712e-13
5.326830401839425031e+04 6.593882483617271752e-13
5.328242528246864094e+04 5.107691323282868344e-13
5.329654654643089452e+04 5.994355026375369191e-13
5.331066781072690355e+04 5.635565479581824095e-13
5.332478907485634409e+04 5.836330505331275496e-13
5.333891033881391195e+04 7.177749853188138156e-13
5.335303160303749610e+04 7.918952436692604969e-13
5.336715286711892986e+04 8.851761613785005856e-13
5.338127413128769695e+04 9.152070899541146508e-13
5.339539539541414706e+04 1.118131829187947229e-12
5.340951665948075970e+04 1.058218917794262969e-12
5.342363792366525740e+04 1.117642386500949428e-12
5.343775918781699875e+04 1.174767933915672796e-12
5.345188045191371930e+04 1.234320950792873901e-12
5.346600171595295978e+04 1.243683404003677708e-12
5.348012298016123532e+04 1.319373481361537361e-12
5.349424424413989618e+04 1.354137074786728212e-12
5.350836550832586363e+04 1.350597707924913320e-12
5.352248677241960104e+04 1.266175252549207521e-12
5.353660803657865472e+04 1.295205127079935658e-12
5.355072930073644966e+04 1.342814426129554244e-12
5.356485056487809925e+04 1.293424705699065649e-12
5.357897182895514561e+04 1.496129490151409631e-12
5.359309309310528624e+04 1.586015137359621191e-12
5.360721435720367299e+04 1.628806214345446044e-12
5.362133562127879122e+04 1.792967300600335861e-12
5.363545688549910847e+04 1.879585839936103138e-12
5.364957814957261871e+04 1.853094278222304065e-12
5.366369941361844394e+04 1.843165484747351667e-12
5.367782067784572428e+04 1.807563292068642220e-12
5.369194194189285918e+04 1.656251028907524192e-12
5.370606320617182791e+04 1.772448810149517324e-12
5.372018447011793614e+04 1.875350238254142561e-12
5.373430573439345608e+04 1.876757948855670950e-12
5.374842699831075151e+04 1.754190138587569334e-12
5.376254826247249730e+04 1.871161744997823636e-12
5.377666952660919196e+04 1.823226150823539782e-12
5.379079079079337680e+04 1.750325169372054475e-12
5.380491205491518485e+04 1.750412458513684774e-12
5.381903331898371107e+04 1.740559869844917663e-12
5.383315458328108798e+04 1.800118775275324025e-12
5.384727584729267255e+04 1.877454876446781936e-12
5.386139711144529429e+04 1.829835878603648536e-12
5.387551837543766305e+04 1.721934722442315961e-12
5.388963963959187822e+04 1.634312357977801653e-12
5.390376090379818197e+04 1.439850162470823367e-12
5.391788216797568748e+04 1.545864903293592315e-12
5.393200343193824665e+04 1.443137360701262174e-12
5.394612469609085383e+04 1.598687303857236681e-12
5.396024596013648988e+04 1.537762946854186479e-12
5.397436722446014755e+04 1.280168533277686402e-12
5.398848848849700880e+04 1.312286780771806620e-12
5.400260975253296056e+04 1.292073109545728225e-12
5.401673101667375158e+04 1.383538274554867166e-12
5.403085228097342042e+04 1.339460029115479662e-12
5.404497354498809000e+04 1.240361913610455713e-12
5.405909480915168388e+04 1.326347260283921275e-12
5.407321607314170251e+04 1.104081394854829635e-12
5.408733733723700425e+04 1.084543868090902804e-12
5.410145860148734937e+04 9.108966690078997907e-13
5.411557986559340497e+04 8.127670473123918336e-13
5.412970112974852236e+04 7.502222990214605047e-13
5.414382239387778827e+04 5.768023288150820468e-13
5.415794365786885464e+04 5.550354650847586015e-13
5.417206492205560789e+04 5.020952934570101033e-13
5.418618618626068201e+04 5.106427016271160411e-13
5.420030745029621903e+04 4.093166346976262303e-13
5.421442871432743414e+04 2.933675582321826801e-13
5.422854997855542751e+04 4.121999474552839818e-13
5.424267124278962729e+04 2.978193044553226499e-13
5.425679250672843773e+04 2.822208734001997104e-13
5.427091377090758760e+04 1.809917944058545589e-13
5.428503503503216780e+04 6.979235567863813927e-14
5.429915629927608097e+04 -6.128545312744210882e-14
5.431327756322023924e+04 3.573019285583279767e-14
5.432739882734236744e+04 -1.118882155182042588e-13
5.434152009146307682e+04 -2.397086152453544961e-13
5.435564135568770871e+04 -3.692318460052588535e-13
5.436976261989340856e+04 -3.323459487278132090e-13
5.438388388393681817e+04 -4.792438752979185094e-13
5.439800514807701984e+04 -4.924079091809104540e-13
5.441212641219923535e+04 -4.324236423777981621e-13
5.442624767624950618e+04 -4.488935793072924346e-13
5.444036894040200423e+04 -4.821562844361195930e-13
5.445449020451900287e+04 -4.414213516753615587e-13
5.446861146858218854e+04 -4.262108723608172565e-13
5.448273273268662160e+04 -5.045979070866637997e-13
5.449685399689055339e+04 -6.146819845597166369e-13
5.451097526093020133e+04 -7.835490639820185610e-13
5.452509652502818790e+04 -7.459357571909879462e-13
5.453921778921313671e+04 -9.011275377578924487e-13
5.455333905338203476e+04 -1.000145291830939206e-12
5.456746031741271872e+04 -9.261005455157123097e-13
5.458158158156568970e+04 -9.782177052366618803e-13
5.459570284573918616e+04 -1.129543823817086324e-12
5.460982410984145099e+04 -1.155813698821983347e-12
5.462394537387668970e+04 -1.175905442358165404e-12
5.463806663805290736e+04 -1.195193571574577353e-12
5.465218790228276339e+04 -1.131313160862510918e-12
5.466630916634595633e+04 -1.109855272982719720e-12
5.468043043031054549e+04 -1.261184162647005569e-12
5.469455169458081218e+04 -1.149774121546332136e-12
5.470867295876675053e+04 -1.192204957630191184e-12
5.472279422278868151e+04 -1.187168512712321904e-12
5.473691548691274511e+04 -1.264452656061380654e-12
5.475103675103898422e+04 -1.401683656581424404e-12
5.476515801516198553e+04 -1.219448868612326705e-12
5.477927927935689513e+04 -1.315561141256825687e-12
5.479340054332060390e+04 -1.285052893486106884e-12
5.480752180743330973e+04 -1.344119931531136691e-12
5.482164307160708267e+04 -1.336847221937217690e-12
5.483576433576446288e+04 -1.279200364371091885e-12
5.484988559995212563e+04 -1.066080461226141959e-12
5.486400686409042828e+04 -9.833885477218029103e-13
5.487812812814550125e+04 -1.078970157806867494e-12
5.489224939214158803e+04 -9.533056613237899871e-13
5.490637065642124071e+04 -1.100022081900981632e-12
5.492049192058940389e+04 -1.016041614401149331e-12
5.493461318462966301e+04 -1.201241462101812373e-12
5.494873444865786587e+04 -9.887644504126785735e-13
5.496285571281391458e+04 -1.077516724321628255e-12
5.497697697691965004e+04 -1.090363469102503941e-12
5.499109824102032871e+04 -1.051138777046141309e-12
5.500521950515080971e+04 -1.075516001773786798e-12
5.501934076932139578e+04 -1.006909507536314235e-12
5.503346203358264756e+04 -1.034082755879987277e-12
5.504758329762766516e+04 -1.028826009795146549e-12
5.506170456167311931e+04 -1.123608162186232829e-12
5.507582582589264348e+04 -1.069452870285314761e-12
5.508994708985807665e+04 -1.192242367262318426e-12
5.510406835419111303e+04 -1.079977446790441229e-12
5.511818961824570579e+04 -1.049470584561653229e-12
5.513231088222136168e+04 -1.057775522893897594e-12
5.514643214643817919e+04 -1.032234442944515991e-12
5.516055341050960124e+04 -9.091013315687143407e-13
5.517467467462940112e+04 -9.685244538899181490e-13
5.518879593882357585e+04 -9.960440877162507823e-13
5.520291720290989906e+04 -8.369811029951435134e-13
5.521703846697723202e+04 -8.848959140404679453e-13
5.523115973121473507e+04 -7.252981101341344740e-13
5.524528099521882541e+04 -7.723317165115730112e-13
5.525940225933217152e+04 -6.357283664861082694e-13
5.527352352351002628e+04 -8.806395292295478449e-13
5.528764478763366787e+04 -8.703698924396587643e-13
5.530176605185285007e+04 -8.350579707954179449e-13
5.531588731589293457e+04 -9.407526514322094317e-13
5.533000857996701234e+04 -9.285432559394270633e-13
5.534412984415754181e+04 -9.522942157144242468e-13
5.535825110835470696e+04 -8.906930214782573816e-13
5.537237237246151199e+04 -1.034135406473351536e-12
5.538649363650113082e+04 -1.040919019765755185e-12
5.540061490068617422e+04 -1.133284787029808942e-12
5.541473616464884981e+04 -1.114710211907675395e-12
5.542885742892055714e+04 -1.010664326168343269e-12
5.544297869306354551e+04 -9.779766209407308079e-13
5.545709995712024102e+04 -1.175178032844580383e-12
5.547122122119706910e+04 -1.167848516031505319e-12
5.548534248521476547e+04 -1.093494793865745872e-12
5.549946374955947249e+04 -1.141196231453752063e-12
5.551358501352100575e+04 -1.321942947389344484e-12
5.552770627761029755e+04 -1.151488036914531268e-12
5.554182754175386071e+04 -1.194935860775478662e-12
5.555594880599152384e+04 -1.149686832404701837e-12
5.557007007007319044e+04 -1.072742146828649470e-12
5.558419133426080225e+04 -9.919345703499783479e-13
5.559831259823036817e+04 -1.172523334505477990e-12
5.561243386234450736e+04 -1.133506473738710992e-12
5.562655512660390377e+04 -1.151230326115432779e-12
5.564067639063760726e+04 -1.238937901408681282e-12
5.565479765474383748e+04 -1.255453561221886707e-12
5.566891891899053735e+04 -1.342648486000799233e-12
5.568304018299007294e+04 -1.219883928778547197e-12
5.569716144717292627e+04 -1.360472097396526730e-12
5.571128271126025356e+04 -1.361818844153107050e-12
5.572540397533107171e+04 -1.328640657082048636e-12
5.573952523956884397e+04 -1.377264865595859667e-12
5.575364650368503499e+04 -1.273108136502076414e-12
5.576776776789885480e+04 -1.297917650312080991e-12
5.578188903183599177e+04 -1.187864054761502289e-12
5.579601029608406679e+04 -1.267169703787361717e-12
5.581013156002757023e+04 -1.218423567583654548e-12
5.582425282421181328e+04 -1.159684902976185912e-12
5.583837408830959612e+04 -1.103745033068606030e-12
5.585249535249594919e+04 -1.195539957057236945e-12
5.586661661656040815e+04 -1.103553828282178015e-12
5.588073788072708703e+04 -1.027861672611422461e-12
5.589485914491740550e+04 -9.876698722874745393e-13
5.590898040907891118e+04 -1.019479143931062409e-12
5.592310167317365267e+04 -8.572183284340426344e-13
5.593722293720116431e+04 -8.680948325895510986e-13
5.595134420139232680e+04 -6.836431775314327014e-13
5.596546546544667945e+04 -6.765575160981498112e-13
5.597958672956399096e+04 -8.605630266546028058e-13
5.599370799367603468e+04 -7.455214801537270781e-13
5.600782925774715113e+04 -8.063412287410141627e-13
5.602195052208646666e+04 -8.085747223332025805e-13
5.603607178601702617e+04 -9.689927670624738778e-13
5.605019305017544684e+04 -7.127755821650279529e-13
5.606431431432721729e+04 -7.499025637384046193e-13
5.607843557843791496e+04 -7.238903995326061861e-13
5.609255684255537926e+04 -7.071696795136664309e-13
5.610667810660910618e+04 -6.739499261846889701e-13
5.612079937089638406e+04 -7.651324406399777928e-13
5.613492063492672605e+04 -5.843607849496339447e-13
5.614904189899874473e+04 -7.170153404727803339e-13
5.616316316321790509e+04 -5.160036882596760614e-13
5.617728442721162719e+04 -5.007405583517675502e-13
5.619140569142009917e+04 -4.572096019749818619e-13
5.620552695549636701e+04 -3.208390229938643833e-13
5.621964821951709018e+04 -2.707184291949642645e-13
5.623376948388347955e+04 -1.461166433726861565e-13
5.624789074785839330e+04 1.215658244795734287e-14
5.626201201201943331e+04 5.303838265336307155e-14
5.627613327606974781e+04 1.296810200885363730e-13
5.629025454026575608e+04 3.155139839302849163e-14
5.630437580440979946e+04 -4.963173647006163093e-15
5.631849706856378180e+04 1.511763176004547874e-13
5.633261833260307321e+04 2.092693196682461211e-13
5.634673959671591001e+04 3.985592871481526001e-13
5.636086086087967851e+04 4.339875943145670511e-13
5.637498212507394783e+04 3.884420599706336913e-13
5.638910338918224443e+04 3.231220711926343829e-13
5.640322465317256865e+04 3.320311058066369293e-13
5.641734591738616291e+04 5.152330020433198172e-13
5.643146718151343521e+04 5.514261283554465314e-13
5.644558844553281233e+04 5.409957687016033689e-13
5.645970970972085343e+04 7.154327266850701739e-13
5.647383097381611151e+04 9.016634175821278780e-13
5.648795223800806707e+04 9.027690800427770248e-13
5.650207350219462387e+04 9.201576312722842324e-13
5.651619476621188369e+04 9.576032874897076583e-13
5.653031603028051177e+04 8.906372748981104445e-13
5.654443729441211326e+04 9.057590795290938965e-13
5.655855855867524224e+04 9.856161742433474480e-13
5.657267982275695249e+04 1.061330498584993227e-12
5.658680108681927959e+04 1.077718688540579908e-12
5.660092235096874356e+04 1.309281540324252631e-12
5.661504361497268110e+04 1.259208054950994165e-12
5.662916487913260062e+04 1.253532875203100765e-12
5.664328614325346280e+04 1.292103591468202259e-12
5.665740740736744920e+04 1.398427308141503557e-12
