5.299999999999959982e+04 6.187808577978624930e-12
5.301412126407793403e+04 6.036713035000555608e-12
5.302824252822111157e+04 5.986165406612004308e-12
5.304236379241239047e+04 5.860047143073418385e-12
5.305648505648031278e+04 5.826986533798059004e-12
5.307060632062092918e+04 5.682033422707487644e-12
5.308472758469989640e+04 5.384548908991924893e-12
5.309884884880184836e+04 5.349408263553117373e-12
5.311297011297404970e+04 5.199692609762480018e-12
5.312709137711652147e+04 5.170552595323754836e-12
5.314121264122150751e+04 5.179926560483264355e-12
5.315533390532364137e+04 5.135711908075610861e-12
5.316945516951008176e+04 5.017986740979038294e-12
5.318357643358171481e+04 4.866567955012351369e-12
5.319769769769140112e+04 4.822751236269595224e-12
5.321181896180368494e+04 4.745906295041631622e-12
5.322594022587732616e+04 4.767144095704170133e-12
5.324006149008719512e+04 4.732970924110757724e-12
5.325418275420881400e+04 4.703949860483511266e-12
5.326830401832569623e+04 4.701274798561408276e-12
5.328242528240618412e+04 4.700879310207848258e-12
5.329654654647885764e+04 4.585531366112539800e-12
5.331066781069334684e+04 4.577061785765932278e-12
5.332478907480718044e+04 4.495022785897310461e-12
5.333891033888037055e+04 4.560712325486681882e-12
5.335303160297571594e+04 4.362627435326938467e-12
5.336715286720653967e+04 4.344350634992168649e-12
5.338127413127946784e+04 4.330642002276304268e-12
5.339539539537340170e+04 4.209931327398341496e-12
5.340951665948596201e+04 4.141360558971037841e-12
5.342363792361002561e+04 3.997507566280827913e-12
5.343775918777882907e+04 3.978765613389520375e-12
5.345188045188405522e+04 4.046480088126881725e-12
5.346600171598640009e+04 4.015627105926507021e-12
5.348012298008208018e+04 4.115910410659243049e-12
5.349424424418573471e+04 4.057062743510112220e-12
5.350836550840986456e+04 3.914679111232140056e-12
5.352248677251881600e+04 3.882492075846838608e-12
5.353660803659966041e+04 3.801132329127365603e-12
5.355072930072162853e+04 3.664309878232103324e-12
5.356485056492329750e+04 3.552050308015090710e-12
5.357897182899210748e+04 3.407273748403046669e-12
5.359309309307825606e+04 3.321894561928676189e-12
5.360721435718432622e+04 3.239788180147659687e-12
5.362133562130967039e+04 3.224889169872975360e-12
5.363545688550412888e+04 3.242762113455387767e-12
5.364957814957950177e+04 3.256863408831711941e-12
5.366369941367490537e+04 3.241394912716781696e-12
5.367782067780125362e+04 3.202772252614682555e-12
5.369194194190134294e+04 3.203627785541098265e-12
5.370606320609326212e+04 3.187888457610539015e-12
5.372018447017970902e+04 3.125714949682168821e-12
5.373430573427390482e+04 2.981852393107618958e-12
5.374842699839416309e+04 2.859824619203331191e-12
5.376254826247254823e+04 2.827074401447007184e-12
5.377666952671698527e+04 2.813333707982502740e-12
5.379079079080431256e+04 2.751647523433457728e-12
5.380491205492020526e+04 2.841230471797278517e-12
5.381903331900086050e+04 2.742741373502829415e-12
5.383315458320220205e+04 2.684599912267805031e-12
5.384727584732334071e+04 2.514164755137555149e-12
5.386139711142644956e+04 2.435978696491912424e-12
5.387551837547778996e+04 2.416499455062393552e-12
5.388963963962882553e+04 2.241762071506192574e-12
5.390376090377235960e+04 2.079544247273082659e-12
5.391788216791961895e+04 2.085286925097244346e-12
5.393200343200920179e+04 2.173991300267830472e-12
5.394612469609287655e+04 2.038482796664280700e-12
5.396024596022182232e+04 1.847109905742660342e-12
5.397436722440684389e+04 1.819165974589207397e-12
5.398848848852208175e+04 1.635530918181679789e-12
5.400260975261875137e+04 1.576458282389550494e-12
5.401673101670755568e+04 1.504989548326719820e-12
5.403085228092284524e+04 1.402101715318888379e-12
5.404497354501827795e+04 1.392850830830004237e-12
5.405909480909961712e+04 1.216715163911092096e-12
5.407321607318464521e+04 1.198380545548266317e-12
5.408733733730889799e+04 1.108925188095981461e-12
5.410145860151867237e+04 1.058242687202135289e-12
5.411557986560410791e+04 9.769327161534323093e-13
5.412970112970531045e+04 9.837139448725161106e-13
5.414382239382309490e+04 9.062747386494251608e-13
5.415794365791076416e+04 8.350329294786618886e-13
5.417206492212000012e+04 7.180801003827967742e-13
5.418618618620737107e+04 5.557718539704721115e-13
5.420030745027257944e+04 5.884373009337824247e-13
5.421442871440450836e+04 4.365106509725405371e-13
5.422854997848539642e+04 2.614554856230420173e-13
5.424267124268018233e+04 3.721617940788330479e-13
5.425679250682931161e+04 1.718823185045688341e-13
5.427091377089155139e+04 1.178937566831868107e-13
5.428503503501880186e+04 -4.131709536902039099e-14
5.429915629921377695e+04 -1.637995885014741238e-13
5.431327756327421230e+04 -2.777737023474410395e-13
5.432739882740984467e+04 -4.682980158948932207e-13
5.434152009149384685e+04 -5.692761150888304056e-13
5.435564135557601548e+04 -9.066673490596427608e-13
5.436976261977710237e+04 -1.122352503417604125e-12
5.438388388392839988e+04 -1.230038798032028666e-12
5.439800514802402904e+04 -1.371627758465748674e-12
5.441212641209091089e+04 -1.407415378944057372e-12
5.442624767622248328e+04 -1.510627079853402802e-12
5.444036894038385071e+04 -1.709945819773511415e-12
5.445449020447496878e+04 -1.878501021547925604e-12
5.446861146858741267e+04 -2.000918306378061081e-12
5.448273273268537014e+04 -2.119625673528302967e-12
5.449685399689163023e+04 -2.166373940182280597e-12
5.451097526101947733e+04 -2.206594421052184723e-12
5.452509652509744046e+04 -2.226679447610240117e-12
5.453921778917403572e+04 -2.407396867211041407e-12
5.455333905332011636e+04 -2.466091729571739835e-12
5.456746031750631664e+04 -2.700263872358944239e-12
5.458158158161165920e+04 -2.699880882263328064e-12
5.459570284568307397e+04 -2.937013047253765987e-12
5.460982410979540873e+04 -2.892615757259369587e-12
5.462394537387838500e+04 -2.965151299148127244e-12
5.463806663811438193e+04 -3.060672332882056890e-12
5.465218790220809751e+04 -3.083302222118586282e-12
5.466630916632291337e+04 -3.157685332573028112e-12
5.468043043042757927e+04 -3.158556080769984609e-12
5.469455169457647571e+04 -3.235019770790394209e-12
5.470867295868095971e+04 -3.302092595832943575e-12
5.472279422281534789e+04 -3.469184958025351132e-12
5.473691548687548493e+04 -3.565768452365053134e-12
5.475103675100152759e+04 -3.716535263989060737e-12
5.476515801521419780e+04 -3.745149536490345471e-12
5.477927927930199803e+04 -3.682609123180930572e-12
5.479340054337723268e+04 -3.803872655782048565e-12
5.480752180748891988e+04 -3.768666258638403235e-12
5.482164307157583971e+04 -3.924955344024736860e-12
5.483576433578787692e+04 -3.954632077131793142e-12
5.484988559992141381e+04 -3.987986123767584533e-12
5.486400686402754945e+04 -3.913107864937539355e-12
5.487812812808540912e+04 -3.766564377693678282e-12
5.489224939218385407e+04 -3.738079217630984085e-12
5.490637065637132036e+04 -3.725539226373166521e-12
5.492049192047757242e+04 -3.608896354074320934e-12
5.493461318459943868e+04 -3.729182196862680164e-12
5.494873444871560787e+04 -3.655344662537634212e-12
5.496285571291403176e+04 -3.701517357243149932e-12
5.497697697700471326e+04 -3.578385824141621265e-12
5.499109824107640452e+04 -3.797280965861702704e-12
5.500521950519533857e+04 -3.834915720183680639e-12
5.501934076928082504e+04 -3.852470229889771735e-12
5.503346203351288568e+04 -3.777566322460815151e-12
5.504758329762139329e+04 -3.731793137287503025e-12
5.506170456170920079e+04 -3.727363319950015795e-12
5.507582582578467554e+04 -3.596496343305480068e-12
5.508994708988375351e+04 -3.703895286667689197e-12
5.510406835412945657e+04 -3.852479793774112073e-12
5.511818961818986281e+04 -3.840911406220836878e-12
5.513231088228829321e+04 -3.855210717475200675e-12
5.514643214641261147e+04 -3.813330467950289556e-12
5.516055341060015053e+04 -3.787073258216802044e-12
5.517467467470035626e+04 -3.751672975054263945e-12
5.518879593878085871e+04 -3.655915017821911621e-12
5.520291720291728416e+04 -3.672031032378862071e-12
5.521703846697780682e+04 -3.695033913104652564e-12
5.523115973121933348e+04 -3.648379546406013322e-12
5.524528099531454063e+04 -3.707560862702006249e-12
5.525940225938021467e+04 -3.694913929828386823e-12
5.527352352348965360e+04 -3.698215208813752834e-12
5.528764478759183839e+04 -3.646285925179581271e-12
5.530176605181919876e+04 -3.726901645169602422e-12
5.531588731589380041e+04 -3.718508032495195961e-12
5.533000857999967411e+04 -3.762332358873222903e-12
5.534412984412590595e+04 -3.877771051189257666e-12
5.535825110830315680e+04 -3.767944620092747423e-12
5.537237237239472597e+04 -3.789835481903004115e-12
5.538649363650559098e+04 -3.723205638594203795e-12
5.540061490058940399e+04 -3.738599145161468154e-12
5.541473616470742854e+04 -3.861268134038551958e-12
5.542885742891703558e+04 -3.909172761253640333e-12
5.544297869299226295e+04 -3.931175781343883793e-12
5.545709995708200586e+04 -4.004423832615972465e-12
5.547122122117705294e+04 -3.957452988290081454e-12
5.548534248530826153e+04 -3.928545713150380254e-12
5.549946374952463520e+04 -3.956058400064501804e-12
5.551358501362323295e+04 -3.869979963228271555e-12
5.552770627770108695e+04 -3.739620741897787510e-12
5.554182754182173085e+04 -3.645036534107163224e-12
5.555594880590704270e+04 -3.609118931746233912e-12
5.557007007007970242e+04 -3.585935206662014124e-12
5.558419133418158890e+04 -3.393936750760154060e-12
5.559831259830829367e+04 -3.394488847719781878e-12
5.561243386239821848e+04 -3.255308247251683114e-12
5.562655512659395026e+04 -3.345192240611206710e-12
5.564067639069307188e+04 -3.360801369298136565e-12
5.565479765477245382e+04 -3.164917368022138923e-12
5.566891891891608975e+04 -2.997979766867232905e-12
5.568304018302923214e+04 -3.026065417397723913e-12
5.569716144719739532e+04 -3.074989033017038788e-12
5.571128271132234659e+04 -2.924197876960165601e-12
5.572540397540808772e+04 -2.791137293025643443e-12
5.573952523949127499e+04 -2.737077871515742262e-12
5.575364650358186918e+04 -2.700675988829595764e-12
5.576776776781486114e+04 -2.797433806697494717e-12
5.578188903188052791e+04 -2.592528454156773192e-12
5.579601029598537571e+04 -2.643590902092126937e-12
5.581013156010441890e+04 -2.591850287812663237e-12
5.582425282432333188e+04 -2.632824576657366519e-12
5.583837408838867123e+04 -2.544824668512825068e-12
5.585249535252533678e+04 -2.500608222876857962e-12
5.586661661658928642e+04 -2.258588043544643379e-12
5.588073788072638854e+04 -2.051231728280785840e-12
5.589485914492304437e+04 -2.011092975149787310e-12
5.590898040897023748e+04 -1.903276698652741349e-12
5.592310167309006647e+04 -1.809707132046189744e-12
5.593722293722606264e+04 -1.800254536542134466e-12
5.595134420130290528e+04 -1.508383044809623636e-12
5.596546546547902108e+04 -1.468119091738174057e-12
5.597958672957139788e+04 -1.212116513500862182e-12
5.599370799368103326e+04 -1.102348335154423040e-12
5.600782925780685036e+04 -1.064309289358072554e-12
5.602195052199916245e+04 -9.849933881942619808e-13
5.603607178607855167e+04 -8.732628746700588386e-13
5.605019305020062893e+04 -8.385485828479087588e-13
5.606431431428830547e+04 -6.104551580028130217e-13
5.607843557837647677e+04 -4.704242412724839581e-13
5.609255684259701957e+04 -4.712476047697559195e-13
5.610667810669463506e+04 -3.959537516929358297e-13
5.612079937077053910e+04 -1.650015948742074328e-13
5.613492063491466979e+04 -1.175229952342652440e-13
5.614904189902012149e+04 5.430301840926337637e-15
5.616316316320338956e+04 1.576951655301922586e-13
5.617728442732277472e+04 2.975765378872047399e-13
5.619140569142411550e+04 3.851104240311780915e-13
5.620552695549609780e+04 5.215887924512082100e-13
5.621964821962218411e+04 7.386168031149102640e-13
5.623376948378307861e+04 7.455671386980061116e-13
5.624789074789984443e+04 8.647044459215330643e-13
5.626201201201386721e+04 1.004372804490972452e-12
5.627613327612367721e+04 1.138515846243977924e-12
5.629025454032199923e+04 1.169984503498740338e-12
5.630437580441338650e+04 1.375881891678730530e-12
5.631849706851700466e+04 1.426307037139427321e-12
5.633261833262467553e+04 1.699601987707511549e-12
5.634673959667423333e+04 1.699690670998664426e-12
5.636086086092354526e+04 1.842082997716945439e-12
5.637498212501721719e+04 2.023698553001676401e-12
5.638910338908068661e+04 2.178720423712958739e-12
5.640322465322282369e+04 2.310810708108985160e-12
5.641734591731325054e+04 2.412972990073022111e-12
5.643146718147388310e+04 2.419366881476335312e-12
5.644558844560913712e+04 2.631472969481054987e-12
5.645970970971507631e+04 2.715980320953430111e-12
5.647383097377828381e+04 2.722167284677386666e-12
5.648795223799612722e+04 2.833953442619568255e-12
5.650207350208026764e+04 2.921840323040091044e-12
5.651619476617829059e+04 3.123140960628659474e-12
5.653031603031718259e+04 3.240345493771472814e-12
5.654443729437202273e+04 3.291980905323196420e-12
5.655855855862604949e+04 3.564921992170700428e-12
5.657267982268892956e+04 3.756976961934569823e-12
5.658680108680890407e+04 3.865554001958662019e-12
5.660092235087561858e+04 3.942042471133952745e-12
5.661504361499290826e+04 4.037049228723598770e-12
5.662916487919192878e+04 3.940329666393059960e-12
5.664328614329347329e+04 3.932643781159813538e-12
5.665740740742560592e+04 4.052016707715717044e-12
