5.300000000000090222e+04 1.630257106848789409e-12
5.301412126411800273e+04 1.738569342205873069e-12
5.302824252820681431e+04 1.611796447580073454e-12
5.304236379240795213e+04 1.696300367938564256e-12
5.305648505646146805e+04 1.775915639225038392e-12
5.307060632063075172e+04 1.831207452199183222e-12
5.308472758472011628e+04 1.720380318262193426e-12
5.309884884880384925e+04 1.965601753481981878e-12
5.311297011298373400e+04 1.942645519749180103e-12
5.312709137710751384e+04 2.054047316803929962e-12
5.314121264121059357e+04 1.930553990917060056e-12
5.315533390533523198e+04 1.905680298963704439e-12
5.316945516950431920e+04 1.944020336742572184e-12
5.318357643359717622e+04 1.769494109331100272e-12
5.319769769770033599e+04 1.565086029219026713e-12
5.321181896183576464e+04 1.525171175316790711e-12
5.322594022588102962e+04 1.539834054096149147e-12
5.324006149008300417e+04 1.525919873869447216e-12
5.325418275421646103e+04 1.575724377905332937e-12
5.326830401826609159e+04 1.538817693450582006e-12
5.328242528237705847e+04 1.468322327416514129e-12
5.329654654647105053e+04 1.533237859344403318e-12
5.331066781074122991e+04 1.458195856912593499e-12
5.332478907482472277e+04 1.338885439658760811e-12
5.333891033888644597e+04 1.369512057018824861e-12
5.335303160303055483e+04 1.482837921234694031e-12
5.336715286716570699e+04 1.362658113585017104e-12
5.338127413127708132e+04 1.378918939779723640e-12
5.339539539537353994e+04 1.222117733609714804e-12
5.340951665952924668e+04 1.351365794494162579e-12
5.342363792355842452e+04 1.413698174795232087e-12
5.343775918780705251e+04 1.483292207220721788e-12
5.345188045190372941e+04 1.529622454143513387e-12
5.346600171595990832e+04 1.562808934482689558e-12
5.348012298011607345e+04 1.436978325293616649e-12
5.349424424417913542e+04 1.443685141121973790e-12
5.350836550840973359e+04 1.507365745298444983e-12
5.352248677250403125e+04 1.394020526328061951e-12
5.353660803657236829e+04 1.316311659022266762e-12
5.355072930073082534e+04 1.207035344460162639e-12
5.356485056487742258e+04 1.188441562245766186e-12
5.357897182901520864e+04 1.247522658499969877e-12
5.359309309305791976e+04 1.204918909921863074e-12
5.360721435717846180e+04 1.246259721429011238e-12
5.362133562131461076e+04 1.087018872055894870e-12
5.363545688550444902e+04 1.035060010751320638e-12
5.364957814959983807e+04 9.591610490261591387e-13
5.366369941365825071e+04 1.112887524275842654e-12
5.367782067780816578e+04 1.154323378642554857e-12
5.369194194187130779e+04 1.077597355212314908e-12
5.370606320610007970e+04 1.088814930332485955e-12
5.372018447016443679e+04 9.963464104747634207e-13
5.373430573428365460e+04 1.114306558228733919e-12
5.374842699843542505e+04 1.251067883046281294e-12
5.376254826249609323e+04 1.137703151965656684e-12
5.377666952668511658e+04 1.129915302287625346e-12
5.379079079078269569e+04 1.102926906708975439e-12
5.380491205488828564e+04 9.961962931104856025e-13
5.381903331898220495e+04 1.076396731009547188e-12
5.383315458317823504e+04 1.084467506286081611e-12
5.384727584728847432e+04 1.053793210140507624e-12
5.386139711137653649e+04 1.044846592883291209e-12
5.387551837547203468e+04 1.199605951129956242e-12
5.388963963958737440e+04 1.232962847722290791e-12
5.390376090381959511e+04 1.335146510211583254e-12
5.391788216791957529e+04 1.437883435439661210e-12
5.393200343196845643e+04 1.330969974485520234e-12
5.394612469608169340e+04 1.328015463341199502e-12
5.396024596023932099e+04 1.350053762436144564e-12
5.397436722443527105e+04 1.441693332320055859e-12
5.398848848848150374e+04 1.514265793960484916e-12
5.400260975259417319e+04 1.576421306423558091e-12
5.401673101669777679e+04 1.641828417644952919e-12
5.403085228093229671e+04 1.508816879819797899e-12
5.404497354500729853e+04 1.501240516239868803e-12
5.405909480910429556e+04 1.463716839976592021e-12
5.407321607318262249e+04 1.384283039183150757e-12
5.408733733732840483e+04 1.425214411086681412e-12
5.410145860154168622e+04 1.356546889186211042e-12
5.411557986562440055e+04 1.455458811384029614e-12
5.412970112970011542e+04 1.361154894317777205e-12
5.414382239383992419e+04 1.265899289810064914e-12
5.415794365786637354e+04 1.349441963366634740e-12
5.417206492210624856e+04 1.282128330147765028e-12
5.418618618617483298e+04 1.290374399705017820e-12
5.420030745030462276e+04 1.379215555326541010e-12
5.421442871444024786e+04 1.152818428462309684e-12
5.422854997848383937e+04 1.310868409687779121e-12
5.424267124271754437e+04 1.448946801946632621e-12
5.425679250677007076e+04 1.541838294000559638e-12
5.427091377092360199e+04 1.475298221539331751e-12
5.428503503501244995e+04 1.551684986020532503e-12
5.429915629919403727e+04 1.653735840275600304e-12
5.431327756327930547e+04 1.776064183032038852e-12
5.432739882737206790e+04 1.875039047520959407e-12
5.434152009147562785e+04 1.855243696969428536e-12
5.435564135559857823e+04 1.969163579057571428e-12
5.436976261976169917e+04 2.130618738231650684e-12
5.438388388386423321e+04 2.135249402588013747e-12
5.439800514796508651e+04 1.997509010432377112e-12
5.441212641206274566e+04 1.923517200127601360e-12
5.442624767622734362e+04 2.039217719631015575e-12
5.444036894038302853e+04 2.144727882205040682e-12
5.445449020448258671e+04 2.096425968013483794e-12
5.446861146862566966e+04 2.047300139231403778e-12
5.448273273267656623e+04 2.206926195426063197e-12
5.449685399693671934e+04 2.359757631296278574e-12
5.451097526103581185e+04 2.403033603543353128e-12
5.452509652505942358e+04 2.432917973935598831e-12
5.453921778920999350e+04 2.451388389259435778e-12
5.455333905327232060e+04 2.473931170817561982e-12
5.456746031749455869e+04 2.548313223327168895e-12
5.458158158161439496e+04 2.517986998051388399e-12
5.459570284567894851e+04 2.653563434238943650e-12
5.460982410976395477e+04 2.654202927916538483e-12
5.462394537391818449e+04 2.736690059251330297e-12
5.463806663808130543e+04 2.829162355646518813e-12
5.465218790221113886e+04 2.804843342633498532e-12
5.466630916629143030e+04 2.697005574134527050e-12
5.468043043038365431e+04 2.531853814204036228e-12
5.469455169460652542e+04 2.700055128138411416e-12
5.470867295868651854e+04 2.625827284242003734e-12
5.472279422284019529e+04 2.636349347045499672e-12
5.473691548693364166e+04 2.612866207658311731e-12
5.475103675096335064e+04 2.612739064230286042e-12
5.476515801518365333e+04 2.766988589919025986e-12
5.477927927930308942e+04 2.704719781331969121e-12
5.479340054340905044e+04 2.712851925342327967e-12
5.480752180749581021e+04 2.761093414934427129e-12
5.482164307156543509e+04 2.726991911038357488e-12
5.483576433582522441e+04 2.609814135962783109e-12
5.484988559993540548e+04 2.575918453358616736e-12
5.486400686400476843e+04 2.579630789687803899e-12
5.487812812813001074e+04 2.431464007011146227e-12
5.489224939223380352e+04 2.304564165651980617e-12
5.490637065642297239e+04 2.260257828099568803e-12
5.492049192050625425e+04 2.179745825859552828e-12
5.493461318461284100e+04 2.300866935472658189e-12
5.494873444872613618e+04 2.203230853515473760e-12
5.496285571289548534e+04 2.206383003453854530e-12
5.497697697697504191e+04 2.013945760330713082e-12
5.499109824111952184e+04 1.992505098289780211e-12
5.500521950516041397e+04 1.801764779334744800e-12
5.501934076929714502e+04 1.649188889166402931e-12
5.503346203353948658e+04 1.871949210450769756e-12
5.504758329755769228e+04 1.805284512253160033e-12
5.506170456172202830e+04 1.744453305594869515e-12
5.507582582578637084e+04 1.787182309332269017e-12
5.508994708986826299e+04 1.644241625085797773e-12
5.510406835412232613e+04 1.623383808660467789e-12
5.511818961818954267e+04 1.489706970818366321e-12
5.513231088232478942e+04 1.451269372488290887e-12
5.514643214642784733e+04 1.476733305776453841e-12
5.516055341060127103e+04 1.252370473760633951e-12
5.517467467469462281e+04 1.026198680298547270e-12
5.518879593879676395e+04 9.987092640827267690e-13
5.520291720294214610e+04 1.006932044992272001e-12
5.521703846699647693e+04 9.832367900840709576e-13
5.523115973122353898e+04 9.026933166985040930e-13
5.524528099529183237e+04 8.842361192557986875e-13
5.525940225943800033e+04 9.064434184023520812e-13
5.527352352349091962e+04 9.462984771280413206e-13
5.528764478763507213e+04 7.652789656107750130e-13
5.530176605183258653e+04 5.989237490744168836e-13
5.531588731592652039e+04 7.184864075598403450e-13
5.533000858000048174e+04 6.371788147602971138e-13
5.534412984406459873e+04 5.943629506611771063e-13
5.535825110828605830e+04 6.029721972380876184e-13
5.537237237235976500e+04 6.873601857641552429e-13
5.538649363649129373e+04 4.984741467049802208e-13
5.540061490058393974e+04 4.146627095654055478e-13
5.541473616469992703e+04 2.510303765421133169e-13
5.542885742890827532e+04 -6.704471500360154827e-14
5.544297869299301237e+04 -1.613121255410149312e-13
5.545709995712692034e+04 -8.056471913227816748e-14
5.547122122120014683e+04 -2.596279842420990489e-13
5.548534248534373182e+04 -3.350013778365601657e-13
5.549946374945994467e+04 -3.994366600833424180e-13
5.551358501359200454e+04 -6.198567869845424918e-13
5.552770627768608392e+04 -6.770373407589259035e-13
5.554182754183694487e+04 -7.476258613838246257e-13
5.555594880590622051e+04 -8.813417234464092503e-13
5.557007007007026550e+04 -1.010422515192253867e-12
5.558419133423015592e+04 -1.052235079171210459e-12
5.559831259834010416e+04 -1.192880887484108448e-12
5.561243386243255372e+04 -1.263352335447557701e-12
5.562655512661436660e+04 -1.283880334267513846e-12
5.564067639071843587e+04 -1.316568783728346829e-12
5.565479765476191824e+04 -1.316505841437245048e-12
5.566891891891790146e+04 -1.397590618526287690e-12
5.568304018300941971e+04 -1.541858126269185849e-12
5.569716144715812698e+04 -1.656256999192613700e-12
5.571128271133387898e+04 -1.669667483734773066e-12
5.572540397539566038e+04 -1.842810396943554438e-12
5.573952523949305032e+04 -1.900238943344878991e-12
5.575364650359176449e+04 -1.949991047923422500e-12
5.576776776784131653e+04 -2.061246582829224076e-12
5.578188903190207930e+04 -2.077296867060195271e-12
5.579601029595817818e+04 -2.255140310568462386e-12
5.581013156007156067e+04 -2.448982425628996658e-12
5.582425282431855157e+04 -2.553339485430036063e-12
5.583837408839634736e+04 -2.642706209182259736e-12
5.585249535252156056e+04 -2.579572573515463595e-12
5.586661661658940284e+04 -2.675176878315880037e-12
5.588073788071837771e+04 -2.762534484136132824e-12
5.589485914494103054e+04 -2.957339616250525529e-12
5.590898040899553598e+04 -2.928039979742615907e-12
5.592310167308012751e+04 -2.992297764728491217e-12
5.593722293718227593e+04 -3.189242934740346479e-12
5.595134420130585204e+04 -3.189119567849786771e-12
5.596546546554375527e+04 -3.218631949301620763e-12
5.597958672960844706e+04 -3.298552294005279152e-12
5.599370799369079032e+04 -3.380287894384314773e-12
5.600782925778177741e+04 -3.363876321402419355e-12
5.602195052201997896e+04 -3.607812947105091452e-12
5.603607178609670518e+04 -3.631398682426775394e-12
5.605019305018754676e+04 -3.657022489134336753e-12
5.606431431431580131e+04 -3.567188733582137736e-12
5.607843557843333838e+04 -3.748042077450894794e-12
5.609255684256370296e+04 -3.743923133921190012e-12
5.610667810666072182e+04 -3.840622634586779091e-12
5.612079937079373485e+04 -3.964581182682755713e-12
5.613492063486524421e+04 -4.025988940727538880e-12
5.614904189903823135e+04 -3.995120782325371038e-12
5.616316316319367616e+04 -4.080007273796965705e-12
5.617728442729755625e+04 -4.013161301800982402e-12
5.619140569137085549e+04 -3.981204241762752969e-12
5.620552695551701618e+04 -3.987755275420633118e-12
5.621964821963092254e+04 -4.045983188918951514e-12
5.623376948382032424e+04 -4.185473376767219545e-12
5.624789074788238941e+04 -4.213456260545278069e-12
5.626201201200425567e+04 -4.238231605168786612e-12
5.627613327607088286e+04 -4.258077309553199391e-12
5.629025454030105175e+04 -4.263244871652660882e-12
5.630437580442301260e+04 -4.181654038543159537e-12
5.631849706853938551e+04 -4.202685575691930128e-12
5.633261833263962035e+04 -4.371782558428684519e-12
5.634673959668246971e+04 -4.527418702790398240e-12
5.636086086088896263e+04 -4.550193741402690393e-12
5.637498212500621594e+04 -4.562811153076966354e-12
5.638910338909378333e+04 -4.571942820670022533e-12
5.640322465315901354e+04 -4.672904773289028542e-12
5.641734591734367132e+04 -4.734710326613575236e-12
5.643146718153919937e+04 -4.704117855446433745e-12
5.644558844556724216e+04 -4.822302077756726558e-12
5.645970970970563940e+04 -4.893803261602602612e-12
5.647383097379542596e+04 -4.934170670577860692e-12
5.648795223800470558e+04 -4.907145768470372087e-12
5.650207350209780270e+04 -5.029661679254293646e-12
5.651619476623184164e+04 -5.029258848591242413e-12
5.653031603031670238e+04 -4.905351913173969424e-12
5.654443729437582806e+04 -5.158558679510121335e-12
5.655855855860162410e+04 -5.270447413864407102e-12
5.657267982266253966e+04 -5.245240285123940389e-12
5.658680108682448190e+04 -5.118801810758550748e-12
5.660092235087880545e+04 -5.095099002775417337e-12
5.661504361496495403e+04 -5.196162921906008080e-12
5.662916487917919585e+04 -5.321851124161463254e-12
5.664328614327799005e+04 -5.318969626074820726e-12
5.665740740741973423e+04 -5.245030057871659873e-12
