5.300000000000141881e+04 -5.628717875726947018e-12
5.301412126407053438e+04 -5.637377088762905565e-12
5.302824252820480615e+04 -5.633784676256988712e-12
5.304236379243250849e+04 -5.574806401744583379e-12
5.305648505647783895e+04 -5.728660591326536184e-12
5.307060632060933858e+04 -5.447316146650116889e-12
5.308472758471335692e+04 -5.446482052991738200e-12
5.309884884880304162e+04 -5.339681322727587516e-12
5.311297011300090526e+04 -5.279535102695103007e-12
5.312709137707380432e+04 -5.226010533656284525e-12
5.314121264118846011e+04 -5.266592588980824910e-12
5.315533390529689495e+04 -5.175507509987960123e-12
5.316945516948845761e+04 -5.030738975963542066e-12
5.318357643360455404e+04 -4.948848433258779405e-12
5.319769769772793370e+04 -5.055222889156923134e-12
5.321181896182490163e+04 -4.997485497642410623e-12
5.322594022590947861e+04 -4.899418179058794215e-12
5.324006149007067870e+04 -4.813579721956976218e-12
5.325418275418254780e+04 -4.868743030068627400e-12
5.326830401827202149e+04 -4.770426715127037193e-12
5.328242528242199478e+04 -4.738269064606568131e-12
5.329654654645648407e+04 -4.829981532025301544e-12
5.331066781073956372e+04 -4.817931924379465250e-12
5.332478907477192843e+04 -4.814991303876286902e-12
5.333891033887110825e+04 -4.856412140195676124e-12
5.335303160301054595e+04 -4.925631025768033232e-12
5.336715286717025447e+04 -4.951680845653664134e-12
5.338127413134459493e+04 -5.054412127083666027e-12
5.339539539539350517e+04 -5.038598272960409062e-12
5.340951665945563582e+04 -4.843337540282384389e-12
5.342363792362779350e+04 -4.829723833616659591e-12
5.343775918777901825e+04 -4.860486549619094283e-12
5.345188045190847333e+04 -4.792571037857752624e-12
5.346600171595946449e+04 -4.737062926753005425e-12
5.348012298010328959e+04 -4.617618453180810946e-12
5.349424424421610456e+04 -4.722193476341026666e-12
5.350836550837094546e+04 -4.700527472124752221e-12
5.352248677248113381e+04 -4.585855716012835283e-12
5.353660803657612269e+04 -4.508400066231344788e-12
5.355072930072318559e+04 -4.402482573090450234e-12
5.356485056493080629e+04 -4.385780016787961645e-12
5.357897182902085478e+04 -4.285026917465145370e-12
5.359309309306727664e+04 -4.288762577495931333e-12
5.360721435719830333e+04 -4.261793451117612017e-12
5.362133562126601464e+04 -4.277503805488491667e-12
5.363545688551927014e+04 -4.046949993560776410e-12
5.364957814956990478e+04 -3.917083027661910666e-12
5.366369941365921841e+04 -3.916348524138943681e-12
5.367782067781652586e+04 -3.883870789493940818e-12
5.369194194194299052e+04 -3.689479589260344863e-12
5.370606320612391573e+04 -3.587170798696060845e-12
5.372018447021292377e+04 -3.310411872293348006e-12
5.373430573426971387e+04 -3.318352178235313337e-12
5.374842699838928820e+04 -3.204911573117765483e-12
5.376254826250612678e+04 -3.032868079774919352e-12
5.377666952671582112e+04 -3.060207148403817192e-12
5.379079079084059049e+04 -2.835410226439595230e-12
5.380491205493050074e+04 -2.936234287412295784e-12
5.381903331898021133e+04 -2.983710910218088729e-12
5.383315458316749573e+04 -2.930796388562142646e-12
5.384727584733086405e+04 -2.813345693526106342e-12
5.386139711143374006e+04 -2.816013481619483590e-12
5.387551837546886964e+04 -2.947453963250071660e-12
5.388963963959342800e+04 -2.986411572725097103e-12
5.390376090375800413e+04 -2.924250176360369487e-12
5.391788216792609455e+04 -2.908114472479108491e-12
5.393200343198006885e+04 -2.847403417892217662e-12
5.394612469606973173e+04 -2.860328527505161063e-12
5.396024596018560260e+04 -2.986779328953285914e-12
5.397436722441425081e+04 -2.863904523823708912e-12
5.398848848851639923e+04 -2.880036191971327361e-12
5.400260975263421278e+04 -2.817567407227482315e-12
5.401673101671039331e+04 -2.727419206984207461e-12
5.403085228090287274e+04 -2.705337017736032026e-12
5.404497354495915351e+04 -2.674367638539978775e-12
5.405909480910728598e+04 -2.600649078111605978e-12
5.407321607321895135e+04 -2.628164710087370906e-12
5.408733733734252746e+04 -2.683553472777414765e-12
5.410145860151798843e+04 -2.719326047630526219e-12
5.411557986560279096e+04 -2.718542778992710175e-12
5.412970112967800378e+04 -2.678200576567110197e-12
5.414382239375996141e+04 -2.721638523007779580e-12
5.415794365787425340e+04 -2.589842392349930339e-12
5.417206492214360333e+04 -2.621407210413847104e-12
5.418618618622354552e+04 -2.747276698061857761e-12
5.420030745030054823e+04 -2.680122931025571491e-12
5.421442871435688721e+04 -2.571741622495823216e-12
5.422854997849908250e+04 -2.620972528269416964e-12
5.424267124273936497e+04 -2.734092292562372231e-12
5.425679250681577105e+04 -2.877872870583284243e-12
5.427091377085544082e+04 -2.820525263676426920e-12
5.428503503500056104e+04 -2.761739590348229295e-12
5.429915629918754712e+04 -2.613282269657729592e-12
5.431327756333084108e+04 -2.664780248805096432e-12
5.432739882740505709e+04 -2.853860255409362420e-12
5.434152009154308325e+04 -2.806268698272537065e-12
5.435564135564452590e+04 -2.824376194349382172e-12
5.436976261979160336e+04 -2.932047045602450708e-12
5.438388388392028719e+04 -2.966895941918095130e-12
5.439800514804628619e+04 -3.064878173784077941e-12
5.441212641211440496e+04 -2.929557166100488063e-12
5.442624767616059398e+04 -2.936037040930509836e-12
5.444036894041716732e+04 -2.834319233111525281e-12
5.445449020451682009e+04 -2.908241766244421201e-12
5.446861146862992609e+04 -2.887881321861552322e-12
5.448273273273465747e+04 -2.979366358873963692e-12
5.449685399690751365e+04 -2.993570459740498820e-12
5.451097526098753588e+04 -2.969962763175391737e-12
5.452509652510851447e+04 -2.827788575299833176e-12
5.453921778923930106e+04 -2.804545608162682994e-12
5.455333905331716232e+04 -2.766241114915497414e-12
5.456746031751027476e+04 -2.757621460477015664e-12
5.458158158156015270e+04 -2.697581346608219280e-12
5.459570284574443212e+04 -2.729275644459838467e-12
5.460982410979951965e+04 -2.800843999634506829e-12
5.462394537388984463e+04 -2.695050605303124635e-12
5.463806663814700005e+04 -2.746429362152464263e-12
5.465218790217721835e+04 -2.702306013614813833e-12
5.466630916628082196e+04 -2.498170366345408636e-12
5.468043043042745558e+04 -2.311702320185796379e-12
5.469455169456300791e+04 -2.257877740593426860e-12
5.470867295866594213e+04 -2.306727605848924272e-12
5.472279422280330618e+04 -2.183207251492087990e-12
5.473691548693636287e+04 -1.890582594973252997e-12
5.475103675101195404e+04 -1.809902057700127351e-12
5.476515801523029950e+04 -1.813217749198722435e-12
5.477927927933136380e+04 -1.634704302204393267e-12
5.479340054340179631e+04 -1.658460648292005478e-12
5.480752180746918020e+04 -1.527706241380672213e-12
5.482164307160933822e+04 -1.567715832091888236e-12
5.483576433578447177e+04 -1.435015192631374467e-12
5.484988559992949740e+04 -1.260551099880765171e-12
5.486400686398059770e+04 -1.274970271719341233e-12
5.487812812807843147e+04 -1.265815041795362235e-12
5.489224939220597298e+04 -1.325168240167061212e-12
5.490637065638123750e+04 -1.333020432591161035e-12
5.492049192051983118e+04 -1.250636647565257981e-12
5.493461318463451607e+04 -1.290213405843296901e-12
5.494873444866122736e+04 -1.113193684763463112e-12
5.496285571288056235e+04 -1.057318616169476988e-12
5.497697697701332800e+04 -9.118758203544876035e-13
5.499109824108221073e+04 -9.473546274295260322e-13
5.500521950519738311e+04 -9.360384302954626750e-13
5.501934076929584990e+04 -7.772054065652111987e-13
5.503346203348317067e+04 -6.956691256042699809e-13
5.504758329757221509e+04 -4.307164857398534093e-13
5.506170456167407974e+04 -2.703737613161043006e-13
5.507582582579964946e+04 -3.129214921774266088e-13
5.508994708989645005e+04 -3.140531791530603203e-13
5.510406835406753817e+04 -2.791501367443770289e-13
5.511818961824492726e+04 -1.999502092514082819e-13
5.513231088231532340e+04 -3.468557133927890604e-14
5.514643214644034015e+04 4.451200197573161913e-14
5.516055341056758334e+04 1.764014589740674351e-13
5.517467467466119706e+04 4.169371464859622080e-14
5.518879593880422181e+04 1.894526852633446969e-13
5.520291720287660428e+04 2.308021395439291220e-13
5.521703846701233124e+04 3.538526672425307112e-13
5.523115973116687383e+04 5.326349949908033096e-13
5.524528099532658234e+04 7.121733501748039014e-13
5.525940225940891105e+04 7.347616876839982656e-13
5.527352352350191359e+04 6.297915830157220199e-13
5.528764478760856582e+04 6.324840899776606761e-13
5.530176605179397302e+04 8.156159296593273261e-13
5.531588731591057876e+04 9.071591484984205667e-13
5.533000857997630374e+04 9.966670123370576626e-13
5.534412984412926016e+04 1.142012277922348929e-12
5.535825110830574704e+04 1.236269863947278763e-12
5.537237237237243971e+04 1.403278275104181003e-12
5.538649363646605343e+04 1.502875809360644961e-12
5.540061490056809271e+04 1.588690976916233285e-12
5.541473616465906525e+04 1.539962183670015918e-12
5.542885742892108101e+04 1.734167740156048651e-12
5.544297869301588071e+04 1.685774921735583826e-12
5.545709995714194520e+04 1.845903415965134298e-12
5.547122122117238905e+04 1.814336580034396462e-12
5.548534248529391334e+04 1.900851274754715354e-12
5.549946374954581552e+04 1.847547641113387840e-12
5.551358501359714137e+04 1.836711696282802928e-12
5.552770627770478313e+04 1.963619712721528806e-12
5.554182754177042807e+04 2.088527014206898180e-12
5.555594880593522976e+04 2.343040220071122958e-12
5.557007007008002984e+04 2.357778046711901894e-12
5.558419133417338890e+04 2.465165892143277935e-12
5.559831259827726899e+04 2.588013624226334972e-12
5.561243386244008434e+04 2.763933271577402678e-12
5.562655512660093518e+04 2.874966729732662928e-12
5.564067639072470047e+04 2.907686776551795130e-12
5.565479765480690548e+04 3.003169207737277367e-12
5.566891891892278363e+04 3.116916360456100049e-12
5.568304018296686991e+04 3.186048814066276447e-12
5.569716144716891722e+04 3.201697707576889456e-12
5.571128271127009066e+04 3.281812065051061468e-12
5.572540397543310974e+04 3.425314009295060410e-12
5.573952523947185546e+04 3.542165650118511752e-12
5.575364650355965568e+04 3.708076678035742940e-12
5.576776776784092363e+04 3.846788879068159239e-12
5.578188903186078096e+04 3.969398502866299136e-12
5.579601029600437323e+04 3.951768736759405478e-12
5.581013156013555999e+04 4.102692731483422373e-12
5.582425282426866761e+04 4.139037539735951887e-12
5.583837408843786397e+04 4.233702398547655219e-12
5.585249535250815825e+04 4.377238310216480144e-12
5.586661661660185928e+04 4.244801674998424807e-12
5.588073788074462209e+04 4.406172166256509113e-12
5.589485914491605217e+04 4.441582029548484536e-12
5.590898040903052606e+04 4.645682532304085078e-12
5.592310167307271331e+04 4.837439407402424450e-12
5.593722293721765891e+04 4.906867478501926708e-12
5.595134420133537787e+04 4.958013339888970010e-12
5.596546546547842445e+04 5.061342582520362008e-12
5.597958672957859380e+04 5.131417043624966551e-12
5.599370799373259797e+04 5.353107291462170543e-12
5.600782925775558397e+04 5.673309461205957800e-12
5.602195052197583573e+04 5.717549846019245730e-12
5.603607178613270662e+04 5.766465964568710713e-12
5.605019305020623869e+04 5.992114258175969528e-12
5.606431431425676419e+04 6.112682137062051267e-12
5.607843557838673587e+04 6.088102501311333411e-12
5.609255684263305739e+04 5.996181268754376351e-12
5.610667810674385692e+04 6.057902770152051801e-12
5.612079937084209087e+04 6.291160439542575377e-12
5.613492063488047279e+04 6.270009159521311082e-12
5.614904189902513463e+04 6.533187085516361002e-12
5.616316316324526269e+04 6.532959066565549017e-12
5.617728442731654650e+04 6.515321228991371073e-12
5.619140569138642604e+04 6.603005950156928680e-12
5.620552695548109477e+04 6.692170104013665121e-12
5.621964821957035019e+04 6.733162059555735365e-12
5.623376948376070504e+04 6.658953661956483478e-12
5.624789074785626872e+04 6.811649343749635064e-12
5.626201201203182427e+04 6.827059120041919891e-12
5.627613327607070096e+04 6.736620683287508837e-12
5.629025454033687129e+04 7.100503616112800538e-12
5.630437580440879537e+04 6.974336493108642344e-12
5.631849706849501672e+04 7.064457452149829197e-12
5.633261833263313747e+04 7.099418340074057531e-12
5.634673959665629809e+04 7.121630681732208743e-12
5.636086086093061022e+04 7.215927279849017541e-12
5.637498212502077513e+04 7.170408912715549330e-12
5.638910338910364953e+04 7.018050887303834680e-12
5.640322465318994364e+04 7.273025175736734593e-12
5.641734591732885019e+04 7.247911141589499171e-12
5.643146718151352252e+04 7.167879180343865321e-12
5.644558844557769044e+04 7.322891036936776340e-12
5.645970970970112103e+04 7.325093202261128972e-12
5.647383097378120874e+04 7.495734782629851709e-12
5.648795223796636128e+04 7.415646321113220585e-12
5.650207350205691182e+04 7.368005158083703166e-12
5.651619476615837630e+04 7.339066929998895578e-12
5.653031603030779661e+04 7.361429939046373393e-12
5.654443729438912851e+04 7.387868702761817690e-12
5.655855855855948175e+04 7.398651174121636835e-12
5.657267982269595814e+04 7.328856523882925246e-12
5.658680108681397542e+04 7.391253001732338497e-12
5.660092235089417954e+04 7.382976384653483342e-12
5.661504361498355138e+04 7.352242927719957923e-12
5.662916487921293447e+04 7.461939212794945181e-12
5.664328614328416006e+04 7.504438178541419137e-12
5.665740740737562737e+04 7.552478542890423142e-12
