5.300000000000629370e+04 -7.915274884764647860e-12
5.301412126412430371e+04 -8.022716132978884177e-12
5.302824252819598769e+04 -7.942560023349715759e-12
5.304236379241858231e+04 -7.814090113266013214e-12
5.305648505649103754e+04 -7.677918223593221696e-12
5.307060632054173766e+04 -7.655716571206844615e-12
5.308472758468140819e+04 -7.555683952423452423e-12
5.309884884884682106e+04 -7.112890002015665070e-12
5.311297011300214217e+04 -6.984186755423694527e-12
5.312709137707035552e+04 -6.870110903487406196e-12
5.314121264117749524e+04 -6.720661643108003337e-12
5.315533390523170965e+04 -6.664551985545530386e-12
5.316945516944082920e+04 -6.353983280327548647e-12
5.318357643359498616e+04 -6.404922897673534528e-12
5.319769769767140679e+04 -6.373069456777296858e-12
5.321181896176376176e+04 -6.235323580728518340e-12
5.322594022599171876e+04 -6.159995650286608710e-12
5.324006149008228385e+04 -6.173713602816664301e-12
5.325418275417604309e+04 -5.993218244297281938e-12
5.326830401831158815e+04 -6.003375686378622734e-12
5.328242528232800396e+04 -5.911676547797920543e-12
5.329654654653403850e+04 -5.830912275111842999e-12
5.331066781066963449e+04 -5.986890426916740645e-12
5.332478907476661698e+04 -6.080715294678214861e-12
5.333891033893647545e+04 -6.055561822192107887e-12
5.335303160300467425e+04 -6.072483601375515378e-12
5.336715286722112069e+04 -5.869715972390253097e-12
5.338127413123631413e+04 -5.861249302115050229e-12
5.339539539533390780e+04 -5.808531655889026980e-12
5.340951665942756517e+04 -5.701693063458906564e-12
5.342363792361192463e+04 -5.531533176449167698e-12
5.343775918774976162e+04 -5.431239567617526069e-12
5.345188045184310613e+04 -5.431862944027292634e-12
5.346600171605537616e+04 -5.546617635688000988e-12
5.348012298002575699e+04 -5.479761999970103571e-12
5.349424424415502290e+04 -5.488866107777097984e-12
5.350836550839894335e+04 -5.520131168833942570e-12
5.352248677244806458e+04 -5.231943473425498869e-12
5.353660803652603499e+04 -5.250867243915860663e-12
5.355072930068695860e+04 -5.414756807910670715e-12
5.356485056485165114e+04 -5.312052497825221402e-12
5.357897182894586149e+04 -5.080784536842569410e-12
5.359309309316646977e+04 -5.065200751537166831e-12
5.360721435719926376e+04 -5.021421916817002017e-12
5.362133562124901800e+04 -4.965566140624421123e-12
5.363545688550205523e+04 -4.801989046007940007e-12
5.364957814962180419e+04 -4.716222451044192408e-12
5.366369941378891963e+04 -4.686338817108941041e-12
5.367782067782022204e+04 -4.713738007017098468e-12
5.369194194197506295e+04 -4.709934942213456004e-12
5.370606320613868593e+04 -4.624620802909529646e-12
5.372018447022212058e+04 -4.460050368139340552e-12
5.373430573422710586e+04 -4.594961209518539296e-12
5.374842699838205590e+04 -4.304633723807299397e-12
5.376254826243585558e+04 -4.103775595193005461e-12
5.377666952672574553e+04 -4.135949317202031016e-12
5.379079079087373975e+04 -4.094065296792052882e-12
5.380491205485220416e+04 -3.997910032407001205e-12
5.381903331895127485e+04 -3.700785712778348674e-12
5.383315458324920473e+04 -3.652332023689003958e-12
5.384727584738163569e+04 -3.597019631745336939e-12
5.386139711137201084e+04 -3.494119403359674954e-12
5.387551837547757896e+04 -3.448233900090816161e-12
5.388963963964591676e+04 -3.393954531911904921e-12
5.390376090386326541e+04 -3.370745868836517709e-12
5.391788216798262874e+04 -3.265496183195199813e-12
5.393200343201612850e+04 -3.178882796216180915e-12
5.394612469606405648e+04 -3.151022089036231140e-12
5.396024596017210570e+04 -2.973978189152526302e-12
5.397436722444795305e+04 -2.861816993331948753e-12
5.398848848843070300e+04 -2.582717469792205241e-12
5.400260975268886250e+04 -2.518502512790566636e-12
5.401673101663896523e+04 -2.305278408528902113e-12
5.403085228089278098e+04 -2.296548639037145900e-12
5.404497354504498071e+04 -1.961883310887910623e-12
5.405909480916264147e+04 -1.842021932177171688e-12
5.407321607316373411e+04 -1.779622422263624566e-12
5.408733733724913327e+04 -1.534534565616237091e-12
5.410145860145856568e+04 -1.449178555415614339e-12
5.411557986563325539e+04 -1.276309871365141570e-12
5.412970112965536100e+04 -9.944818652138288193e-13
5.414382239376984217e+04 -8.256734082653633645e-13
5.415794365785462287e+04 -6.281402663058683355e-13
5.417206492205853283e+04 -5.527701524978839681e-13
5.418618618621819041e+04 -4.398474688023189130e-13
5.420030745030741673e+04 -3.847028729148148595e-13
5.421442871435140114e+04 -2.911089200239257863e-13
5.422854997847534105e+04 -2.405176279174321045e-13
5.424267124262515426e+04 -1.019268346696519968e-13
5.425679250674822106e+04 1.299004465002087380e-13
5.427091377096277574e+04 2.627199303302519760e-13
5.428503503506800189e+04 2.382048327840710158e-13
5.429915629921995424e+04 4.271988115725907430e-13
5.431327756328026589e+04 5.088851813941177542e-13
5.432739882747148658e+04 4.936285515278253701e-13
5.434152009150791855e+04 4.670617800435361238e-13
5.435564135565649485e+04 2.922782836426631993e-13
5.436976261987692851e+04 4.851018871319832883e-13
5.438388388398079405e+04 7.453688812398374965e-13
5.439800514808805747e+04 8.383710171281713214e-13
5.441212641213674215e+04 1.088920838508749834e-12
5.442624767622502986e+04 1.105927921832441220e-12
5.444036894032394775e+04 1.100704058765536885e-12
5.445449020455429854e+04 1.276316848896494975e-12
5.446861146858140273e+04 1.396343211438991748e-12
5.448273273263586452e+04 1.379954817484391798e-12
5.449685399690360646e+04 1.544692423371986922e-12
5.451097526103277778e+04 1.691726764160973673e-12
5.452509652518967050e+04 1.731003540078173757e-12
5.453921778918907512e+04 1.691854251667331901e-12
5.455333905325233354e+04 1.779284433601302897e-12
5.456746031745573418e+04 1.970515068199901617e-12
5.458158158167591318e+04 2.142994415404976383e-12
5.459570284566665214e+04 2.136489427886922930e-12
5.460982410980519489e+04 2.127629046195025475e-12
5.462394537385889998e+04 2.162543749590752731e-12
5.463806663814601052e+04 2.099003726446304674e-12
5.465218790217505739e+04 2.249606467535808645e-12
5.466630916625302052e+04 2.332387730059000498e-12
5.468043043039735494e+04 2.404865627301171560e-12
5.469455169457836018e+04 2.533727998924056133e-12
5.470867295865451888e+04 2.402965813480931410e-12
5.472279422277406411e+04 2.597049918442430458e-12
5.473691548695986421e+04 2.487968108345285920e-12
5.475103675109117466e+04 2.538702511427054166e-12
5.476515801524034032e+04 2.683088986704080849e-12
5.477927927925367112e+04 2.577989286364360987e-12
5.479340054340464121e+04 2.482081810196323903e-12
5.480752180745915393e+04 2.457102383153946074e-12
5.482164307161109173e+04 2.571531794191813477e-12
5.483576433575177361e+04 2.641036232829805785e-12
5.484988559983201412e+04 2.582601334388497003e-12
5.486400686407566536e+04 2.757814788653950757e-12
5.487812812803982524e+04 2.797194679465999414e-12
5.489224939225272828e+04 2.870996196994772068e-12
5.490637065646755946e+04 2.848249676129933483e-12
5.492049192056365428e+04 2.957238370352336185e-12
5.493461318464198848e+04 2.971541968614725076e-12
5.494873444875743735e+04 2.805119527839179712e-12
5.496285571287015773e+04 2.986164285643009738e-12
5.497697697697854892e+04 2.982385905920255068e-12
5.499109824105226289e+04 2.974507927953824030e-12
5.500521950514815398e+04 2.958520119742241987e-12
5.501934076925804402e+04 2.890162443722717048e-12
5.503346203344190144e+04 2.781500592470046602e-12
5.504758329766890529e+04 2.859171730780045709e-12
5.506170456176061998e+04 2.831499442635228402e-12
5.507582582577869471e+04 2.856239518133806464e-12
5.508994708982439624e+04 2.922731751964706838e-12
5.510406835407798644e+04 3.009931956436227515e-12
5.511818961827114981e+04 2.971583214572664586e-12
5.513231088226241991e+04 2.966799933329204097e-12
5.514643214644585532e+04 2.983807016652895685e-12
5.516055341053102893e+04 3.045134756598774253e-12
5.517467467463042703e+04 3.023110664936632159e-12
5.518879593875080900e+04 3.055876203948212155e-12
5.520291720295412961e+04 3.045874684086657080e-12
5.521703846701842849e+04 3.106330009528241123e-12
5.523115973115278030e+04 3.138245631830766400e-12
5.524528099536583613e+04 3.103257810600510380e-12
5.525940225944745907e+04 2.991063805495208552e-12
5.527352352351167792e+04 3.090759035467349753e-12
5.528764478758499172e+04 3.164554303608555974e-12
5.530176605181782361e+04 3.096237248608213861e-12
5.531588731595585705e+04 3.076752908053130196e-12
5.533000857994634134e+04 3.193129003317987413e-12
5.534412984411260550e+04 3.277117022580285848e-12
5.535825110825783486e+04 3.203902947482771656e-12
5.537237237236280635e+04 3.188349471707067026e-12
5.538649363656921196e+04 3.244500218992790519e-12
5.540061490064969257e+04 3.346655207911137865e-12
5.541473616477305040e+04 3.322170107425276259e-12
5.542885742899157049e+04 3.449146413880566915e-12
5.544297869303844345e+04 3.498112865219750024e-12
5.545709995709356008e+04 3.567747291119126891e-12
5.547122122123745794e+04 3.664896520596643230e-12
5.548534248522399866e+04 3.616862477882394263e-12
5.549946374946161086e+04 3.772369738334150518e-12
5.551358501352131134e+04 3.684692080652543270e-12
5.552770627774955938e+04 3.507491946079673560e-12
5.554182754183363431e+04 3.425651216385251931e-12
5.555594880586372165e+04 3.348237552842995610e-12
5.557007007018189324e+04 3.269459023056198593e-12
5.558419133420643630e+04 3.278573129883299137e-12
5.559831259829736518e+04 3.396054116869927932e-12
5.561243386249144532e+04 3.187788276703588069e-12
5.562655512654189806e+04 3.172492275695626226e-12
5.564067639078393404e+04 3.236618491393819378e-12
5.565479765479642083e+04 3.101245507804071603e-12
5.566891891887747624e+04 3.128781559299937514e-12
5.568304018293618719e+04 3.052337800708014340e-12
5.569716144727051869e+04 2.983822015183055286e-12
5.571128271136013791e+04 3.012557949091704662e-12
5.572540397541210405e+04 2.942684796587284309e-12
5.573952523952752381e+04 3.068198746351995243e-12
5.575364650356034690e+04 3.019922227400162686e-12
5.576776776781706576e+04 3.052356548870714044e-12
5.578188903183250659e+04 3.160987153185551919e-12
5.579601029592272243e+04 3.046333389134044351e-12
5.581013156014941342e+04 2.886660286930405677e-12
5.582425282429711660e+04 2.757417952543472751e-12
5.583837408839006821e+04 2.772360238215166149e-12
5.585249535243840364e+04 2.762371217128744345e-12
5.586661661667122826e+04 2.887040249694453626e-12
5.588073788071994932e+04 2.833465499963674603e-12
5.589485914487260743e+04 2.849392689115861153e-12
5.590898040902852517e+04 2.785863914869032999e-12
5.592310167303441267e+04 2.818896927668462721e-12
5.593722293713880936e+04 2.737143689399973177e-12
5.595134420133964159e+04 2.702284605553588752e-12
5.596546546552274958e+04 2.583662480397302337e-12
5.597958672954307985e+04 2.508001145128715272e-12
5.599370799362085381e+04 2.464887870184391558e-12
5.600782925785396947e+04 2.336036747459126888e-12
5.602195052192995354e+04 2.412445509480676986e-12
5.603607178607612150e+04 2.415848925949436368e-12
5.605019305018192244e+04 2.308038241283334008e-12
5.606431431436008279e+04 2.283479398024186955e-12
5.607843557843407325e+04 2.215027356252406813e-12
5.609255684252488572e+04 2.194110656067063033e-12
5.610667810671436018e+04 2.061751127161919752e-12
5.612079937077488285e+04 1.901186862291286849e-12
5.613492063492698799e+04 1.838591746546905800e-12
5.614904189907319233e+04 1.871047315935184000e-12
5.616316316326387459e+04 1.874794448720105292e-12
5.617728442729636299e+04 1.711682933477334361e-12
5.619140569140219304e+04 1.701063974124201217e-12
5.620552695554448292e+04 1.706179722786203712e-12
5.621964821954604849e+04 1.652682465461250239e-12
5.623376948383531271e+04 1.780324956631138477e-12
5.624789074792022438e+04 1.744628454850831997e-12
5.626201201200923242e+04 1.724697908023494332e-12
5.627613327614383161e+04 1.740961314226762789e-12
5.629025454025279760e+04 1.490982061931012984e-12
5.630437580435405107e+04 1.679271109802022608e-12
5.631849706845417677e+04 1.613735032268808944e-12
5.633261833260328422e+04 1.777122770442022770e-12
5.634673959662459674e+04 1.689497607615974531e-12
5.636086086086563591e+04 1.634279268955184778e-12
5.637498212505770061e+04 1.525929887080843064e-12
5.638910338904606033e+04 1.504959442162426504e-12
5.640322465316422313e+04 1.670674452265434776e-12
5.641734591736621223e+04 1.497538919365868965e-12
5.643146718153683469e+04 1.486438757170109148e-12
5.644558844558663259e+04 1.379650472309899348e-12
5.645970970975018281e+04 1.388360868700198769e-12
5.647383097377377271e+04 1.191326427868517052e-12
5.648795223792507022e+04 1.391306829999084854e-12
5.650207350212291203e+04 1.488106093772872851e-12
5.651619476626656251e+04 1.381225317976677495e-12
5.653031603039158654e+04 1.350609568288000838e-12
5.654443729432874534e+04 1.355990290982826526e-12
5.655855855858724681e+04 1.578106023874221479e-12
5.657267982271891378e+04 1.400978382197124456e-12
5.658680108684973675e+04 1.395750144558923334e-12
5.660092235092321789e+04 1.563226232078194030e-12
5.661504361495043850e+04 1.690216287186131122e-12
5.662916487926378613e+04 1.762352967867167010e-12
5.664328614335970633e+04 1.797743249656710786e-12
5.665740740735705185e+04 1.916002910334135386e-12
