5.299999999999941065e+04 -1.610256206694586030e-12
5.301412126410897326e+04 -1.562601175967474057e-12
5.302824252819346293e+04 -1.494274791547096450e-12
5.304236379239274538e+04 -1.453376684786633444e-12
5.305648505651109008e+04 -1.456223318031025483e-12
5.307060632059744967e+04 -1.376151915576781129e-12
5.308472758467981475e+04 -1.344427678212988238e-12
5.309884884879994206e+04 -1.232484974400485967e-12
5.311297011301334715e+04 -1.239421183503317798e-12
5.312709137708793423e+04 -1.153249181760786745e-12
5.314121264119050466e+04 -1.227544222592624571e-12
5.315533390530190809e+04 -1.328580140946973551e-12
5.316945516951135505e+04 -1.241123080916470950e-12
5.318357643360428483e+04 -1.204196497356516613e-12
5.319769769771905703e+04 -1.001789931937265189e-12
5.321181896178233728e+04 -9.665844856846663910e-13
5.322594022591313114e+04 -9.307707103362410098e-13
5.324006149010883382e+04 -8.075116158376334640e-13
5.325418275420063583e+04 -7.646155899847134420e-13
5.326830401831454219e+04 -7.611128687732560892e-13
5.328242528239968669e+04 -8.232723463368921792e-13
5.329654654649311851e+04 -8.703778943965576367e-13
5.331066781071718287e+04 -8.264947256253444501e-13
5.332478907481546048e+04 -8.592723850705296442e-13
5.333891033891835832e+04 -8.640705419932093223e-13
5.335303160301603930e+04 -8.466966145379277432e-13
5.336715286719473079e+04 -8.634466088886988648e-13
5.338127413131036883e+04 -8.149427598566813834e-13
5.339539539538415556e+04 -7.861130661037490783e-13
5.340951665949238668e+04 -8.231191089118072523e-13
5.342363792361265951e+04 -9.278559421121833237e-13
5.343775918781470682e+04 -7.511790235555889462e-13
5.345188045189764671e+04 -7.838336688740623504e-13
5.346600171598162706e+04 -8.794276134522912308e-13
5.348012298011873645e+04 -9.124513011509000048e-13
5.349424424420152354e+04 -8.372784590829785482e-13
5.350836550841854478e+04 -8.484874396510560082e-13
5.352248677251448680e+04 -1.037891472474962898e-12
5.353660803658607620e+04 -1.041657795386516828e-12
5.355072930067909328e+04 -1.139242690276625634e-12
5.356485056490902207e+04 -1.184099821881127085e-12
5.357897182899251493e+04 -1.286822980485132248e-12
5.359309309309067612e+04 -1.453341083407597395e-12
5.360721435719529109e+04 -1.467375147023607843e-12
5.362133562131976942e+04 -1.424390193470712708e-12
5.363545688549106126e+04 -1.402009045675433375e-12
5.364957814958052768e+04 -1.516433847335282724e-12
5.366369941369005392e+04 -1.412382227059928281e-12
5.367782067779065255e+04 -1.597191864045425666e-12
5.369194194189900008e+04 -1.644628050444436425e-12
5.370606320611650153e+04 -1.505798579202990612e-12
5.372018447020303574e+04 -1.506611957092541714e-12
5.373430573429804645e+04 -1.451263326328961699e-12
5.374842699838791305e+04 -1.459748119672246646e-12
5.376254826250787301e+04 -1.426610659055952433e-12
5.377666952669016609e+04 -1.415107929237020267e-12
5.379079079079098301e+04 -1.363081437370808268e-12
5.380491205490304856e+04 -1.386339591052213738e-12
5.381903331900633930e+04 -1.487357822338467005e-12
5.383315458319256140e+04 -1.490304707551272346e-12
5.384727584731033130e+04 -1.504914907526746915e-12
5.386139711141087173e+04 -1.646556887712040585e-12
5.387551837548200274e+04 -1.635916468741930285e-12
5.388963963958725799e+04 -1.679236226752994297e-12
5.390376090381017275e+04 -1.695198370160459018e-12
5.391788216789653961e+04 -1.794201714888501939e-12
5.393200343199167401e+04 -1.896616126213887786e-12
5.394612469610963308e+04 -1.897943224428167915e-12
5.396024596021575417e+04 -1.914553767419778576e-12
5.397436722440545418e+04 -1.739551931620637800e-12
5.398848848849215574e+04 -1.708029410155510850e-12
5.400260975260955456e+04 -1.891221078085242228e-12
5.401673101669669268e+04 -1.987149069645490198e-12
5.403085228091294994e+04 -2.067215510630953887e-12
5.404497354499851645e+04 -2.110480124378319427e-12
5.405909480909899139e+04 -2.098087814569175691e-12
5.407321607318871247e+04 -2.011168335362117428e-12
5.408733733731041139e+04 -2.162063644192185049e-12
5.410145860150193766e+04 -2.110638285398377414e-12
5.411557986560004792e+04 -2.188552888137764381e-12
5.412970112970340415e+04 -2.129433389605732119e-12
5.414382239377878432e+04 -2.259575669876692367e-12
5.415794365791146265e+04 -2.215421476139115257e-12
5.417206492211014120e+04 -2.402452639176462088e-12
5.418618618621955102e+04 -2.422416680578038531e-12
5.420030745029594982e+04 -2.289034826310027858e-12
5.421442871439367445e+04 -2.285408636486169065e-12
5.422854997849831125e+04 -2.409866815729756476e-12
5.424267124270436034e+04 -2.510336634283624573e-12
5.425679250680499536e+04 -2.617040784540009681e-12
5.427091377088316221e+04 -2.694431213783802238e-12
5.428503503499134968e+04 -2.742986040960694615e-12
5.429915629920691572e+04 -2.734063577898111093e-12
5.431327756329799740e+04 -2.881509643332890444e-12
5.432739882738916640e+04 -2.955644137094798712e-12
5.434152009150957019e+04 -3.014851502860196567e-12
5.435564135559617716e+04 -3.094636162717971012e-12
5.436976261982001597e+04 -3.102809027382808083e-12
5.438388388387973828e+04 -3.059688637094346147e-12
5.439800514798043150e+04 -3.131006531541198091e-12
5.441212641209743015e+04 -3.198229812913214771e-12
5.442624767619157501e+04 -3.159477333094401182e-12
5.444036894041974301e+04 -3.263586673052362787e-12
5.445449020448591182e+04 -3.423214772917128361e-12
5.446861146860104782e+04 -3.430086596547235471e-12
5.448273273271598737e+04 -3.458665868685075694e-12
5.449685399690699705e+04 -3.537121612385810604e-12
5.451097526101541007e+04 -3.359328628470244004e-12
5.452509652509209991e+04 -3.457090924274612982e-12
5.453921778920166980e+04 -3.404273021327190977e-12
5.455333905330421840e+04 -3.320991245581467218e-12
5.456746031752013369e+04 -3.358488738915452884e-12
5.458158158160046878e+04 -3.262936455525457641e-12
5.459570284570107469e+04 -3.308152327834458692e-12
5.460982410979228007e+04 -3.296337517841848633e-12
5.462394537390998448e+04 -3.484327948675179358e-12
5.463806663810865575e+04 -3.505287010747006164e-12
5.465218790218138747e+04 -3.423023282946483383e-12
5.466630916631211585e+04 -3.398881609084063830e-12
5.468043043040353223e+04 -3.525707961762083367e-12
5.469455169460397883e+04 -3.471263000045099124e-12
5.470867295871752867e+04 -3.515252366972500688e-12
5.472279422281264124e+04 -3.548377707970399925e-12
5.473691548689729098e+04 -3.541967641801151728e-12
5.475103675100830151e+04 -3.486562200326343852e-12
5.476515801518478838e+04 -3.507061322880070749e-12
5.477927927927906421e+04 -3.372592338842006039e-12
5.479340054338575283e+04 -3.328091524018325112e-12
5.480752180749320542e+04 -3.310979228825150987e-12
5.482164307160261524e+04 -3.138843076795567317e-12
5.483576433581434685e+04 -3.344544511970797455e-12
5.484988559991646616e+04 -3.272138881772971402e-12
5.486400686399572442e+04 -3.307175486591801601e-12
5.487812812809214665e+04 -3.325657298663639076e-12
5.489224939220656233e+04 -3.305850206320280880e-12
5.490637065637966589e+04 -3.252463893270121833e-12
5.492049192050945567e+04 -3.343356183387143110e-12
5.493461318461579503e+04 -3.359155923908111562e-12
5.494873444870040839e+04 -3.512477580340908323e-12
5.496285571290012012e+04 -3.382070486408011959e-12
5.497697697700632125e+04 -3.268578137888446851e-12
5.499109824108895555e+04 -3.159877886482363933e-12
5.500521950519610982e+04 -3.087308035455282406e-12
5.501934076931341406e+04 -3.009191641069614489e-12
5.503346203350434371e+04 -2.908410954303908238e-12
5.504758329760240304e+04 -2.931879989345391294e-12
5.506170456169865793e+04 -2.668798220877847081e-12
5.507582582580433518e+04 -2.619688921159372046e-12
5.508994708987948252e+04 -2.523023450819773004e-12
5.510406835411991779e+04 -2.494488415289075411e-12
5.511818961819753167e+04 -2.327918198007510334e-12
5.513231088230379828e+04 -2.203787248460594535e-12
5.514643214641648228e+04 -2.126588309187446957e-12
5.516055341058970953e+04 -1.975937210668043911e-12
5.517467467470402335e+04 -1.851425099122597162e-12
5.518879593877973821e+04 -1.849105404161746150e-12
5.520291720289248769e+04 -1.577212067139935230e-12
5.521703846699427959e+04 -1.375392545736703769e-12
5.523115973121296702e+04 -1.253559475837527299e-12
5.524528099529608880e+04 -1.194064875116161977e-12
5.525940225940766686e+04 -1.174800741676911131e-12
5.527352352348336717e+04 -9.264370377885593565e-13
5.528764478760956263e+04 -5.947988299255208486e-13
5.530176605178180034e+04 -4.625968205082878551e-13
5.531588731591576652e+04 -3.821746687229234618e-13
5.533000858000422159e+04 -3.040897853450831785e-13
5.534412984408811462e+04 -1.452827896265960383e-13
5.535825110830640187e+04 -4.107406879779310313e-14
5.537237237241021649e+04 2.269640176124887994e-13
5.538649363651617023e+04 3.504108147009927921e-13
5.540061490061863879e+04 3.021462523846665743e-13
5.541473616470093839e+04 5.489810664124576250e-13
5.542885742889312678e+04 5.640069692988892704e-13
5.544297869299667946e+04 9.565704988348524109e-13
5.545709995708293718e+04 9.439648837419522158e-13
5.547122122120223503e+04 1.074348344418977892e-12
5.548534248529688193e+04 1.274464453456757031e-12
5.549946374949623714e+04 1.412579018708112939e-12
5.551358501358920330e+04 1.406413768830448986e-12
5.552770627771191357e+04 1.334302039378707960e-12
5.554182754180670599e+04 1.468513481525873580e-12
5.555594880590526009e+04 1.636603498954202897e-12
5.557007007009546942e+04 1.694918860805710308e-12
5.558419133417973353e+04 1.754894004396447481e-12
5.559831259828015754e+04 1.833603048121643199e-12
5.561243386238373932e+04 1.869563167862191223e-12
5.562655512661494868e+04 1.827163288887326827e-12
5.564067639070742734e+04 1.952190484214571351e-12
5.565479765479361231e+04 1.945351383554131564e-12
5.566891891888905229e+04 1.973291345821622281e-12
5.568304018298047595e+04 2.097542279590651327e-12
5.569716144717868156e+04 2.198461130006063289e-12
5.571128271128486813e+04 2.214503262894936909e-12
5.572540397541155835e+04 2.259369484213234996e-12
5.573952523948308954e+04 2.337937940365045522e-12
5.575364650360436644e+04 2.393129470575177473e-12
5.576776776781906665e+04 2.483105517541517748e-12
5.578188903191916324e+04 2.496812199965626565e-12
5.579601029598687455e+04 2.549970058209035231e-12
5.581013156010173407e+04 2.567873158502499290e-12
5.582425282428441278e+04 2.671239565852832407e-12
5.583837408837996190e+04 2.838047327654944097e-12
5.585249535249244946e+04 2.720003456447042962e-12
5.586661661660001846e+04 2.828918831079641141e-12
5.588073788071551098e+04 2.985581866304008708e-12
5.589485914490501455e+04 3.106775626332835671e-12
5.590898040900330670e+04 3.013490317563671842e-12
5.592310167310505494e+04 3.258167233536188532e-12
5.593722293719711888e+04 3.368621799704983760e-12
5.595134420129132923e+04 3.497080058999924092e-12
5.596546546549220511e+04 3.578782648468746655e-12
5.597958672960358672e+04 3.653757637766365711e-12
5.599370799370204622e+04 3.697743974789168127e-12
5.600782925780144433e+04 3.904219853579854739e-12
5.602195052201910585e+04 4.072357743500845300e-12
5.603607178608603863e+04 4.143277508483413974e-12
5.605019305020866159e+04 4.161494506893314526e-12
5.606431431430952944e+04 4.128452791262343206e-12
5.607843557840162975e+04 4.266168621068495569e-12
5.609255684258937981e+04 4.322442433201323404e-12
5.610667810671659390e+04 4.344235930999662703e-12
5.612079937080427044e+04 4.587275486526981183e-12
5.613492063488180429e+04 4.671255958273191203e-12
5.614904189899678749e+04 4.817259789118934925e-12
5.616316316321839258e+04 4.870803657208232291e-12
5.617728442730350798e+04 5.025104578807365220e-12
5.619140569137888087e+04 4.977142400970001047e-12
5.620552695548487827e+04 5.048073073609124552e-12
5.621964821959841356e+04 5.058670467933932163e-12
5.623376948382014962e+04 5.191772964997931862e-12
5.624789074789720325e+04 5.423118300735673199e-12
5.626201201199498610e+04 5.396469683808196140e-12
5.627613327609108092e+04 5.482161445671815176e-12
5.629025454028989770e+04 5.603583054526472851e-12
5.630437580441628961e+04 5.630468004012657590e-12
5.631849706849914946e+04 5.666148160568275375e-12
5.633261833260208368e+04 5.618463521992161153e-12
5.634673959668375028e+04 5.758874148948497587e-12
5.636086086088184675e+04 5.842491032142850259e-12
5.637498212499394867e+04 5.788364816389661065e-12
5.638910338908254926e+04 5.743760984809620421e-12
5.640322465320486663e+04 5.777906797676399713e-12
5.641734591730433021e+04 5.799307619838732752e-12
5.643146718151648383e+04 5.806059459246727018e-12
5.644558844561180013e+04 5.717761979428128437e-12
5.645970970969717746e+04 5.751814471233264316e-12
5.647383097381335392e+04 5.890556226736574149e-12
5.648795223800804524e+04 5.950251407142381488e-12
5.650207350208969729e+04 5.852278835958854593e-12
5.651619476618921908e+04 5.853496857607577113e-12
5.653031603030727274e+04 5.980120206677476769e-12
5.654443729440110474e+04 6.101466673898083495e-12
5.655855855860743031e+04 6.098771270766980159e-12
5.657267982267873595e+04 6.096765473922565641e-12
5.658680108677886165e+04 6.142032248628826479e-12
5.660092235088512825e+04 6.190170160932922647e-12
5.661504361498903745e+04 6.275308056235878693e-12
5.662916487921592488e+04 6.302111804278814994e-12
5.664328614328343974e+04 6.263188437840628371e-12
5.665740740741702029e+04 6.343358501563371445e-12
