5.300000000000043656e+04 -3.468823321767842301e-12
5.301412126410812198e+04 -3.440456771665339116e-12
5.302824252818394598e+04 -3.453915768000164884e-12
5.304236379238877271e+04 -3.283652683473863143e-12
5.305648505649899016e+04 -3.389574101294198799e-12
5.307060632059809723e+04 -3.452702957967940950e-12
5.308472758469204564e+04 -3.386232896565371471e-12
5.309884884878738376e+04 -3.314223707777695869e-12
5.311297011300684244e+04 -3.365980880380146143e-12
5.312709137708940398e+04 -3.427331229826770125e-12
5.314121264118871477e+04 -3.458524442792732745e-12
5.315533390531376062e+04 -3.284469237414069751e-12
5.316945516951501486e+04 -3.125649296250948181e-12
5.318357643358565838e+04 -3.192958088615344675e-12
5.319769769769968843e+04 -3.235595443909425796e-12
5.321181896179285104e+04 -3.136436852224242736e-12
5.322594022588407825e+04 -3.041231031602844580e-12
5.324006149011014350e+04 -2.864675566829459823e-12
5.325418275420978898e+04 -3.101862159593041262e-12
5.326830401830244955e+04 -2.952682046936691968e-12
5.328242528238669911e+04 -2.809369837675913691e-12
5.329654654649737495e+04 -2.623556265547928361e-12
5.331066781068926502e+04 -2.722984910754646266e-12
5.332478907481818169e+04 -2.632733356846068399e-12
5.333891033889236132e+04 -2.594448358590916061e-12
5.335303160301042226e+04 -2.699700819540613984e-12
5.336715286718672724e+04 -2.813876068614104155e-12
5.338127413131292269e+04 -2.753430698154102349e-12
5.339539539540873375e+04 -2.553042660467553537e-12
5.340951665950561437e+04 -2.512423813726911293e-12
5.342363792359663057e+04 -2.387159204722984043e-12
5.343775918779623316e+04 -2.359855095455433366e-12
5.345188045190759294e+04 -2.352100796619455515e-12
5.346600171598971065e+04 -2.336849365821335863e-12
5.348012298010554514e+04 -2.295941218834689589e-12
5.349424424418914714e+04 -2.176886275780990469e-12
5.350836550841504504e+04 -2.229580111208009256e-12
5.352248677250745095e+04 -2.091166959197818787e-12
5.353660803659851081e+04 -1.897280318522184596e-12
5.355072930068420828e+04 -1.787034747772999192e-12
5.356485056491746218e+04 -1.779642207439851590e-12
5.357897182900436746e+04 -1.636841434928426078e-12
5.359309309310320532e+04 -1.700998459615044685e-12
5.360721435719908914e+04 -1.712323625219063912e-12
5.362133562130391510e+04 -1.505656959702743287e-12
5.363545688549667102e+04 -1.416608692360648392e-12
5.364957814959014650e+04 -1.283015246486148677e-12
5.366369941370752349e+04 -1.291720093759331153e-12
5.367782067781590013e+04 -1.220067402259146357e-12
5.369194194188549591e+04 -1.299688304287336201e-12
5.370606320610722469e+04 -1.227925426954505390e-12
5.372018447019393352e+04 -1.336522738855053927e-12
5.373430573430315417e+04 -1.272010548834194812e-12
5.374842699839240959e+04 -1.173336821431017480e-12
5.376254826248597965e+04 -1.294364686938157996e-12
5.377666952671590843e+04 -1.351196534827271760e-12
5.379079079079929215e+04 -1.430057690721388197e-12
5.380491205488927517e+04 -1.316819487409026030e-12
5.381903331900440389e+04 -1.210137224593185410e-12
5.383315458321254846e+04 -1.007586594310327223e-12
5.384727584730902163e+04 -8.417848871965058661e-13
5.386139711140590225e+04 -8.482710999403649512e-13
5.387551837550038908e+04 -8.536587176432287933e-13
5.388963963961521949e+04 -8.631552113308337129e-13
5.390376090381851100e+04 -8.831154631565415757e-13
5.391788216788322461e+04 -5.634299670282125846e-13
5.393200343199488270e+04 -7.673481137133379239e-13
5.394612469609749678e+04 -6.474105851370399364e-13
5.396024596018835291e+04 -7.006397991730887028e-13
5.397436722441214806e+04 -8.074077731805974794e-13
5.398848848851281946e+04 -7.189662105440960499e-13
5.400260975259655243e+04 -7.024466603550263544e-13
5.401673101669847529e+04 -6.840703673347885273e-13
5.403085228089466545e+04 -5.387400824053777795e-13
5.404497354500726942e+04 -6.066296063869832965e-13
5.405909480911846913e+04 -5.966410558698201105e-13
5.407321607321237389e+04 -4.442774916977470969e-13
5.408733733728683728e+04 -3.451381467370334754e-13
5.410145860149870714e+04 -3.887322440509336820e-13
5.411557986559063283e+04 -2.990604893922895690e-13
5.412970112970891205e+04 -3.432710812681741219e-13
5.414382239380657848e+04 -1.733204396756034666e-13
5.415794365789807489e+04 -1.324545156069975506e-13
5.417206492209973658e+04 9.916389654120224867e-14
5.418618618618303299e+04 2.243984699993314179e-13
5.420030745030651451e+04 2.355607710196482928e-13
5.421442871438602742e+04 2.880589758130026747e-13
5.422854997849676147e+04 5.424003106213920190e-13
5.424267124269077613e+04 6.748257666905464007e-13
5.425679250680393307e+04 8.535714287913569746e-13
5.427091377091236791e+04 9.640705368417708842e-13
5.428503503499134968e+04 1.114565903384721710e-12
5.429915629918329068e+04 1.225354344979971029e-12
5.431327756330314151e+04 1.458934591070801932e-12
5.432739882741012116e+04 1.543005881897155689e-12
5.434152009148566140e+04 1.657064102228175319e-12
5.435564135560375144e+04 1.779574764691411855e-12
5.436976261980080017e+04 1.748081529255778852e-12
5.438388388390289037e+04 1.854723300692804843e-12
5.439800514799140365e+04 2.026253638840443612e-12
5.441212641208214336e+04 2.205240451077253568e-12
5.442624767619416525e+04 2.228838933206645667e-12
5.444036894040388870e+04 2.274786991500117933e-12
5.445449020449556701e+04 2.342825894038765073e-12
5.446861146858744905e+04 2.605695525716985792e-12
5.448273273270270147e+04 2.657557056856610917e-12
5.449685399690779741e+04 2.495465006039530813e-12
5.451097526100582763e+04 2.587278807915595791e-12
5.452509652509048465e+04 2.668050584149862036e-12
5.453921778920716315e+04 2.630776272021173672e-12
5.455333905330003472e+04 2.668371851273877658e-12
5.456746031749945541e+04 2.672886573414039882e-12
5.458158158159770392e+04 2.532543254649748920e-12
5.459570284568305215e+04 2.562144583688401062e-12
5.460982410981246358e+04 2.624913147007888776e-12
5.462394537389084871e+04 2.620495457662023957e-12
5.463806663811203907e+04 2.724091251808191244e-12
5.465218790220881783e+04 2.800672503323462108e-12
5.466630916630269348e+04 2.934250098954281339e-12
5.468043043040000339e+04 3.007363876572579433e-12
5.469455169459767058e+04 2.935205575618512429e-12
5.470867295870324597e+04 3.002853549878143838e-12
5.472279422281519510e+04 3.040956869709930589e-12
5.473691548691080970e+04 3.149719510307694863e-12
5.475103675098778331e+04 3.117475452824766417e-12
5.476515801520937384e+04 3.181339281302123326e-12
5.477927927928911231e+04 3.211282722533161199e-12
5.479340054340650386e+04 3.192247046056273619e-12
5.480752180750027765e+04 3.121469314646328544e-12
5.482164307160535827e+04 3.186296278519107170e-12
5.483576433578941214e+04 3.300181078536914433e-12
5.484988559991585498e+04 3.342714341684470521e-12
5.486400686398410471e+04 3.475958149830719392e-12
5.487812812808296439e+04 3.569938107278038837e-12
5.489224939221180830e+04 3.620260033655435145e-12
5.490637065640313813e+04 3.711237901671499218e-12
5.492049192049470730e+04 3.654948425145980607e-12
5.493461318461439805e+04 3.755227589100791754e-12
5.494873444870482490e+04 3.765170353724969590e-12
5.496285571288619394e+04 3.658381135063116079e-12
5.497697697698274715e+04 3.727714363172916043e-12
5.499109824110864429e+04 3.987938935488672639e-12
5.500521950521090184e+04 3.934410664649059633e-12
5.501934076930917217e+04 4.016902658506319800e-12
5.503346203351677104e+04 3.980953839654846400e-12
5.504758329758780746e+04 4.042190523540957671e-12
5.506170456171568367e+04 3.869751993069479444e-12
5.507582582578376605e+04 3.877637422702967253e-12
5.508994708989359788e+04 3.878470159875166716e-12
5.510406835409641644e+04 3.828291285276872106e-12
5.511818961820262484e+04 3.941178918493707656e-12
5.513231088229931629e+04 3.818071807364906321e-12
5.514643214638438076e+04 3.840755504001869624e-12
5.516055341059300554e+04 3.834495590115266960e-12
5.517467467470272095e+04 3.920280172407712525e-12
5.518879593881665642e+04 3.783485776481660263e-12
5.520291720290589001e+04 3.778390122931302158e-12
5.521703846701527800e+04 3.785843466930334055e-12
5.523115973119851697e+04 3.829375894808736899e-12
5.524528099528539315e+04 3.951568420238096296e-12
5.525940225939638185e+04 3.825285932560152737e-12
5.527352352350849105e+04 3.774280114786297742e-12
5.528764478761747887e+04 3.685655408577855721e-12
5.530176605180580373e+04 3.639161316049349579e-12
5.531588731589059898e+04 3.640350084325402365e-12
5.533000857999408618e+04 3.484857129290159032e-12
5.534412984409921046e+04 3.361868029219350726e-12
5.535825110831490747e+04 3.348557553996660677e-12
5.537237237240617833e+04 3.187477854247607217e-12
5.538649363650425221e+04 3.044687004787897797e-12
5.540061490059952484e+04 2.983662900640562819e-12
5.541473616471804417e+04 2.807706814829893677e-12
5.542885742889564426e+04 2.588171216593416918e-12
5.544297869301481114e+04 2.365035615111544579e-12
5.545709995711322699e+04 2.308543148910652789e-12
5.547122122120771382e+04 2.236681940129105553e-12
5.548534248530488549e+04 2.044680213095887352e-12
5.549946374949485471e+04 1.854360743018024334e-12
5.551358501360619994e+04 1.778183939107261259e-12
5.552770627768784470e+04 1.598593352462009260e-12
5.554182754179024778e+04 1.500362333020459955e-12
5.555594880588805972e+04 1.643707275032368806e-12
5.557007007008352230e+04 1.417895779470283789e-12
5.558419133418435376e+04 1.443200626908864774e-12
5.559831259830678027e+04 1.384656220127947108e-12
5.561243386240439577e+04 1.368404792128198961e-12
5.562655512661505782e+04 1.367972440103093433e-12
5.564067639071634767e+04 1.356492468232537155e-12
5.565479765478854824e+04 1.313525654301950353e-12
5.566891891889040562e+04 1.271237870138457722e-12
5.568304018298293522e+04 1.177396968610488274e-12
5.569716144719738077e+04 1.109867671385474841e-12
5.571128271129111090e+04 1.137711421512457116e-12
5.572540397538312391e+04 1.108928577746224272e-12
5.573952523949246824e+04 9.503704652933158060e-13
5.575364650358955987e+04 8.819986410397117266e-13
5.576776776781384979e+04 8.510618956721289328e-13
5.578188903190388373e+04 6.991839283563493525e-13
5.579601029600941547e+04 6.434318283697364707e-13
5.581013156010121020e+04 4.715218169480482602e-13
5.582425282429832441e+04 4.301850474053979386e-13
5.583837408841646538e+04 3.332416271710870100e-13
5.585249535250449117e+04 1.905061869665975080e-13
5.586661661661013932e+04 1.167242350001964782e-13
5.588073788069769216e+04 -1.412338190668818443e-13
5.589485914489143761e+04 -2.144753975995634194e-13
5.590898040900065098e+04 -3.529704314358270092e-13
5.592310167311740952e+04 -5.471989179131966604e-13
5.593722293721656752e+04 -4.850069571558414601e-13
5.595134420130342187e+04 -5.455772648307381067e-13
5.596546546548748302e+04 -6.881926960473595113e-13
5.597958672959754040e+04 -9.292854248615437343e-13
5.599370799371082830e+04 -1.160448974974704734e-12
5.600782925778650679e+04 -1.107185496441287532e-12
5.602195052200146165e+04 -1.203794063628427822e-12
5.603607178608928371e+04 -1.385727156455297875e-12
5.605019305020173488e+04 -1.514100011564543937e-12
5.606431431428905489e+04 -1.458831410607855209e-12
5.607843557838854758e+04 -1.645944602821164286e-12
5.609255684259157715e+04 -1.738987797547421789e-12
5.610667810669299070e+04 -1.849603185116602594e-12
5.612079937078221701e+04 -1.886043694510491014e-12
5.613492063491018052e+04 -1.877624284818886180e-12
5.614904189900781057e+04 -1.993024714440414072e-12
5.616316316319664475e+04 -2.089390599745317016e-12
5.617728442731148243e+04 -2.382120891760058570e-12
5.619140569139150466e+04 -2.366582325139966723e-12
5.620552695551717625e+04 -2.458255073166805853e-12
5.621964821958720859e+04 -2.494524426568007575e-12
5.623376948381104739e+04 -2.479846168552400557e-12
5.624789074789211736e+04 -2.475112140309547187e-12
5.626201201201382355e+04 -2.503010167531486370e-12
5.627613327611092973e+04 -2.637279046899304289e-12
5.629025454028597596e+04 -2.678011242861561904e-12
5.630437580441871251e+04 -2.814814962460367058e-12
5.631849706849709764e+04 -2.744400987483127680e-12
5.633261833259885316e+04 -2.821605659717285710e-12
5.634673959668981115e+04 -2.842625480353749798e-12
5.636086086090027675e+04 -2.961679058155367343e-12
5.637498212499667716e+04 -2.955664090471527490e-12
5.638910338908959966e+04 -3.130420219598840213e-12
5.640322465320225456e+04 -3.344106811526486929e-12
5.641734591731145338e+04 -3.488520912412555422e-12
5.643146718151406094e+04 -3.400812323649792899e-12
5.644558844559223508e+04 -3.467650403735469998e-12
5.645970970968627807e+04 -3.594192355906607361e-12
5.647383097378948150e+04 -3.622899544728212747e-12
5.648795223800912936e+04 -3.653329481883987943e-12
5.650207350209231663e+04 -3.734800933160731610e-12
5.651619476621382637e+04 -3.782436243234248687e-12
5.653031603030748374e+04 -3.950724007791258052e-12
5.654443729441136384e+04 -3.952606457320160304e-12
5.655855855858902214e+04 -4.144255083546676807e-12
5.657267982271488290e+04 -4.201844613042325574e-12
5.658680108679405384e+04 -4.111893015005755736e-12
5.660092235088531015e+04 -4.188337008738564787e-12
5.661504361499813967e+04 -4.253062344578332117e-12
5.662916487918478379e+04 -4.224406169566219843e-12
5.664328614328569529e+04 -4.253352044410311075e-12
5.665740740740406909e+04 -4.329094498366093176e-12
