5.300000000000042928e+04 -7.682334901345855212e-12
5.301412126411982899e+04 -7.657124176049791534e-12
5.302824252822616108e+04 -7.735330203617987462e-12
5.304236379241423856e+04 -7.737785033114377505e-12
5.305648505647884303e+04 -7.650998717492275797e-12
5.307060632061679644e+04 -7.536722534329128401e-12
5.308472758471097040e+04 -7.565128091851765096e-12
5.309884884879974561e+04 -7.564452586836655698e-12
5.311297011297702556e+04 -7.651465805979856982e-12
5.312709137712320808e+04 -7.699316956340746331e-12
5.314121264121028798e+04 -7.654832092909310863e-12
5.315533390529108874e+04 -7.547065228832699909e-12
5.316945516947783472e+04 -7.488303492715711323e-12
5.318357643360082147e+04 -7.444728286667963080e-12
5.319769769769169216e+04 -7.443235510587040156e-12
5.321181896180938929e+04 -7.448576403029870188e-12
5.322594022589032829e+04 -7.668600135421797101e-12
5.324006149010176887e+04 -7.668586708026465745e-12
5.325418275417877157e+04 -7.657360967679954184e-12
5.326830401830347546e+04 -7.695929458018668654e-12
5.328242528237439547e+04 -7.799421496731748370e-12
5.329654654649724398e+04 -7.701898519043068195e-12
5.331066781067531701e+04 -7.839758268005586037e-12
5.332478907478356996e+04 -7.831522506969378308e-12
5.333891033890858671e+04 -7.853820642915725667e-12
5.335303160300603486e+04 -7.816018243860620914e-12
5.336715286717764684e+04 -7.839246956683382262e-12
5.338127413129069464e+04 -7.781867220635834522e-12
5.339539539539485122e+04 -7.868125002841721903e-12
5.340951665952248004e+04 -7.853619426585694212e-12
5.342363792358846695e+04 -7.923805297680210395e-12
5.343775918777786865e+04 -7.973403468933612807e-12
5.345188045192347636e+04 -7.907597653116037236e-12
5.346600171601005422e+04 -7.907098552939587118e-12
5.348012298008674406e+04 -7.901088966479279582e-12
5.349424424419631396e+04 -7.809946239472016459e-12
5.350836550841523422e+04 -7.761904478477408360e-12
5.352248677250347100e+04 -7.801779756011719037e-12
5.353660803660994861e+04 -7.723137739457628795e-12
5.355072930067856942e+04 -7.661930417341034230e-12
5.356485056490312854e+04 -7.569037653142306963e-12
5.357897182902436180e+04 -7.728267101774014929e-12
5.359309309310362005e+04 -7.736767129518329821e-12
5.360721435721693706e+04 -7.735034411720842445e-12
5.362133562132689258e+04 -7.760084093410403917e-12
5.363545688552126376e+04 -7.736831931295797418e-12
5.364957814962266275e+04 -7.667981015737082456e-12
5.366369941368851869e+04 -7.475770965173601940e-12
5.367782067782219383e+04 -7.475138126193657290e-12
5.369194194187903486e+04 -7.505853001113282198e-12
5.370606320610846160e+04 -7.434715828249559309e-12
5.372018447019949235e+04 -7.500186834883558217e-12
5.373430573431395896e+04 -7.423069508799293617e-12
5.374842699837691180e+04 -7.289496893646025268e-12
5.376254826249928010e+04 -7.249257033138489541e-12
5.377666952672624029e+04 -7.294391763043950203e-12
5.379079079078925861e+04 -7.362191936268035710e-12
5.380491205491832807e+04 -7.328195328089556689e-12
5.381903331898678880e+04 -7.335502652848605567e-12
5.383315458320998005e+04 -7.239531317720378347e-12
5.384727584728926013e+04 -7.181419788627294287e-12
5.386139711138548591e+04 -7.290102391335477740e-12
5.387551837550490745e+04 -7.189659636262081476e-12
5.388963963958771637e+04 -7.227366097550547257e-12
5.390376090380745154e+04 -7.098127222890323286e-12
5.391788216792328603e+04 -6.995924895228776933e-12
5.393200343198250630e+04 -6.875976124038138525e-12
5.394612469609746040e+04 -6.763665108291650782e-12
5.396024596021625621e+04 -6.630840632578234977e-12
5.397436722441753227e+04 -6.548143056134370765e-12
5.398848848849580827e+04 -6.505295264633681542e-12
5.400260975261549174e+04 -6.203071839724762835e-12
5.401673101669875905e+04 -6.112008022990061371e-12
5.403085228092451871e+04 -6.178378275911368038e-12
5.404497354502456437e+04 -6.045280873792856685e-12
5.405909480908716068e+04 -5.968815165582006745e-12
5.407321607319534087e+04 -5.968152358212482082e-12
5.408733733731883694e+04 -5.986910624089737355e-12
5.410145860148705106e+04 -6.047277469098587976e-12
5.411557986557737604e+04 -5.931336386214370268e-12
5.412970112971127674e+04 -5.565411451856151936e-12
5.414382239379963721e+04 -5.458390829870053928e-12
5.415794365789298172e+04 -5.435817237719489403e-12
5.417206492208499549e+04 -5.222873926565512599e-12
5.418618618618125765e+04 -5.189661556114332900e-12
5.420030745030947583e+04 -5.142650104461458573e-12
5.421442871442389151e+04 -4.961691627385508677e-12
5.422854997851372900e+04 -4.791548236148867827e-12
5.424267124271204375e+04 -4.621016034247427047e-12
5.425679250678222161e+04 -4.521226356546937876e-12
5.427091377092703624e+04 -4.328262231245670482e-12
5.428503503500814986e+04 -4.267206113276498157e-12
5.429915629920548236e+04 -4.158370652321467599e-12
5.431327756329950353e+04 -4.162379021727651003e-12
5.432739882741992187e+04 -3.991630813901321194e-12
5.434152009149369405e+04 -3.868713323442985051e-12
5.435564135558753333e+04 -3.806011279246144857e-12
5.436976261980973504e+04 -3.655184266492687946e-12
5.438388388391077751e+04 -3.706626758604771840e-12
5.439800514797991491e+04 -3.661914699752338147e-12
5.441212641208944842e+04 -3.681302691010620771e-12
5.442624767622249783e+04 -3.540928808222333669e-12
5.444036894040492189e+04 -3.445575230579295686e-12
5.445449020451475371e+04 -3.416821533777716783e-12
5.446861146857528365e+04 -3.349752277899471651e-12
5.448273273271127982e+04 -3.174833015123527547e-12
5.449685399688023608e+04 -3.099336025375828508e-12
5.451097526098108210e+04 -3.142487003571091536e-12
5.452509652508458385e+04 -2.871240385090718137e-12
5.453921778922638623e+04 -2.672567086974680661e-12
5.455333905331078131e+04 -2.457919469613336633e-12
5.456746031752398994e+04 -2.389113993138821154e-12
5.458158158160431049e+04 -2.131170615232558888e-12
5.459570284567559429e+04 -1.943812524781924230e-12
5.460982410979636188e+04 -1.995455065624446197e-12
5.462394537389230391e+04 -1.891100462711302797e-12
5.463806663810343161e+04 -1.764868546205480296e-12
5.465218790222331882e+04 -1.816962558891013643e-12
5.466630916631143918e+04 -1.590043858996649753e-12
5.468043043038315227e+04 -1.381171967626933072e-12
5.469455169459034369e+04 -1.368390254871472747e-12
5.470867295867897337e+04 -1.294988717195129645e-12
5.472279422279492428e+04 -1.356090371548467669e-12
5.473691548689373303e+04 -1.449105636404598983e-12
5.475103675097951054e+04 -1.338326900525296485e-12
5.476515801518203079e+04 -1.338087153408662849e-12
5.477927927932018792e+04 -1.075875420586620494e-12
5.479340054337766196e+04 -9.237348582899193975e-13
5.480752180751314881e+04 -8.716992255840858100e-13
5.482164307157920121e+04 -8.518262912944308435e-13
5.483576433581268793e+04 -7.272216194227722158e-13
5.484988559990130307e+04 -6.121959346202463615e-13
5.486400686400415725e+04 -5.584680609028496785e-13
5.487812812812034099e+04 -4.023381999933333818e-13
5.489224939218680083e+04 -2.694470738030941962e-13
5.490637065640155924e+04 -2.058611567136000026e-13
5.492049192049723206e+04 -1.512610860994892416e-13
5.493461318458717142e+04 3.625268429701129283e-14
5.494873444869794184e+04 3.124448654576820327e-13
5.496285571288398933e+04 4.625841620502759905e-13
5.497697697701932339e+04 3.816243630021402712e-13
5.499109824108520115e+04 5.814656499120370950e-13
5.500521950517559890e+04 6.201606788567517606e-13
5.501934076927503338e+04 6.961815316222897837e-13
5.503346203349525604e+04 8.035033943036383852e-13
5.504758329759479966e+04 8.194255607670798773e-13
5.506170456171626574e+04 9.158821308265781892e-13
5.507582582581279712e+04 1.071118778046688640e-12
5.508994708987611375e+04 1.204675825205369484e-12
5.510406835409255291e+04 1.418157788972042038e-12
5.511818961819536344e+04 1.606878857348733003e-12
5.513231088227770670e+04 1.733402673753054302e-12
5.514643214639837970e+04 1.750749311721169461e-12
5.516055341057493933e+04 1.783747622246783645e-12
5.517467467468680115e+04 1.973611770625995667e-12
5.518879593879542517e+04 2.065190498781648881e-12
5.520291720289772638e+04 2.101314084220522097e-12
5.521703846700128634e+04 2.317654720993158747e-12
5.523115973118372494e+04 2.327929208220447519e-12
5.524528099527770974e+04 2.564497340359448576e-12
5.525940225938427466e+04 2.729323872244902245e-12
5.527352352349477587e+04 2.909479430000047814e-12
5.528764478762175713e+04 2.856936669870555926e-12
5.530176605178383761e+04 3.094536960050648052e-12
5.531588731592646946e+04 3.099886122990602816e-12
5.533000857998556603e+04 3.253056118929342547e-12
5.534412984411608340e+04 3.393412876923583696e-12
5.535825110829430923e+04 3.651893739842948533e-12
5.537237237241400726e+04 3.809904214498525876e-12
5.538649363652567263e+04 3.888601205533499930e-12
5.540061490057921037e+04 4.115686872169804784e-12
5.541473616471075366e+04 4.249231464932816634e-12
5.542885742892220878e+04 4.332468472389106526e-12
5.544297869301566243e+04 4.232781543452889029e-12
5.545709995709281066e+04 4.370217745662685572e-12
5.547122122117373510e+04 4.476190641613105208e-12
5.548534248530241894e+04 4.623679487127331760e-12
5.549946374949500023e+04 4.689276789117413708e-12
5.551358501361801609e+04 4.768339628025172814e-12
5.552770627770185092e+04 4.893356073353647057e-12
5.554182754182445206e+04 5.042532100281195286e-12
5.555594880590339017e+04 5.146734915247119150e-12
5.557007007008320215e+04 5.328377216485285072e-12
5.558419133419120772e+04 5.476329599038326729e-12
5.559831259829948976e+04 5.596007000623327431e-12
5.561243386241622648e+04 5.691629904572714198e-12
5.562655512661655666e+04 5.820458951775445260e-12
5.564067639067838900e+04 5.878939345040265455e-12
5.565479765479737398e+04 6.021904909727355641e-12
5.566891891888686951e+04 6.144383771938214263e-12
5.568304018298219307e+04 6.196231421109415117e-12
5.569716144721896126e+04 6.233730049670149981e-12
5.571128271128273627e+04 6.311418623855776764e-12
5.572540397540217236e+04 6.279524473346217199e-12
5.573952523949041642e+04 6.380487199438805621e-12
5.575364650360681844e+04 6.528554395951924091e-12
5.576776776779093780e+04 6.532633599733476451e-12
5.578188903188129916e+04 6.595748584986726046e-12
5.579601029601427581e+04 6.462914671176592936e-12
5.581013156010849343e+04 6.797899773093409489e-12
5.582425282427684579e+04 6.842767122691844881e-12
5.583837408840822900e+04 6.792434239393919667e-12
5.585249535247372114e+04 6.828262811335377191e-12
5.586661661659252422e+04 7.044056233098294913e-12
5.588073788070986484e+04 7.103044142986638071e-12
5.589485914490174036e+04 7.040327698394805167e-12
5.590898040901064815e+04 7.081909811935604283e-12
5.592310167307647498e+04 7.096753505574059176e-12
5.593722293721628375e+04 7.033131392897150675e-12
5.595134420132362720e+04 7.263299522461602509e-12
5.596546546549817867e+04 7.409643341973983884e-12
5.597958672958749958e+04 7.253701075399236516e-12
5.599370799369528686e+04 7.508629321953939402e-12
5.600782925780718506e+04 7.644193083614832557e-12
5.602195052202460647e+04 7.797517591899845067e-12
5.603607178609356924e+04 7.825385080609581491e-12
5.605019305020205502e+04 8.004828013412525210e-12
5.606431431431170495e+04 8.018136702784742827e-12
5.607843557842045266e+04 8.157280714000687547e-12
5.609255684262541763e+04 8.257913009408175799e-12
5.610667810668196034e+04 8.474874419964952768e-12
5.612079937081078970e+04 8.454582706620918061e-12
5.613492063488074928e+04 8.533542407564540629e-12
5.614904189901303471e+04 8.534586630801436839e-12
5.616316316321729391e+04 8.668737207753731433e-12
5.617728442731409450e+04 8.733554553215026758e-12
5.619140569140422303e+04 8.859668931361719406e-12
5.620552695552047953e+04 9.071675438441448431e-12
5.621964821959394612e+04 9.059988934105154884e-12
5.623376948377481312e+04 9.075123360042513982e-12
5.624789074790957238e+04 9.156874013215648789e-12
5.626201201197780028e+04 9.229550082344256789e-12
5.627613327607791871e+04 9.189574975044660113e-12
5.629025454028431705e+04 9.264037082352214436e-12
5.630437580439573503e+04 9.300919218327319258e-12
5.631849706850900111e+04 9.361691220395286032e-12
5.633261833257808757e+04 9.345265818506834378e-12
5.634673959670998011e+04 9.570922732439954177e-12
5.636086086092003825e+04 9.551191856100901380e-12
5.637498212498860812e+04 9.476589247642202124e-12
5.638910338909060374e+04 9.497158071289878054e-12
5.640322465319060575e+04 9.586944144868885079e-12
5.641734591728664236e+04 9.534646191454266428e-12
5.643146718149130174e+04 9.607936807169180149e-12
5.644558844562222657e+04 9.480382389523226228e-12
5.645970970969585323e+04 9.516640638115275047e-12
5.647383097378375533e+04 9.697261289708693966e-12
5.648795223798638472e+04 9.506275856519383798e-12
5.650207350211909215e+04 9.666927441456575741e-12
5.651619476618613407e+04 9.685697383329771288e-12
5.653031603028123936e+04 9.637526116080195826e-12
5.654443729439724848e+04 9.663005863620212651e-12
5.655855855861656892e+04 9.437469990845002647e-12
5.657267982271144865e+04 9.551718054317928137e-12
5.658680108681397542e+04 9.623883104024231011e-12
5.660092235090508620e+04 9.381550143489812951e-12
5.661504361502664688e+04 9.260087092925730791e-12
5.662916487922303349e+04 9.280148789149747008e-12
5.664328614328712865e+04 9.262316040550666527e-12
5.665740740740732144e+04 9.170996908704744125e-12
