5.299999999999882857e+04 -3.516135102175396153e-12
5.301412126408072072e+04 -3.420704776611553906e-12
5.302824252820739639e+04 -3.476957398394145035e-12
5.304236379241241229e+04 -3.397955614259722229e-12
5.305648505650454172e+04 -3.554330684959641759e-12
5.307060632059299678e+04 -3.539345822909570272e-12
5.308472758470129338e+04 -3.641511374552937037e-12
5.309884884882078040e+04 -3.670263105050230390e-12
5.311297011302211467e+04 -3.750269668961456873e-12
5.312709137710330833e+04 -3.774423783903384115e-12
5.314121264120790147e+04 -3.588642042943583431e-12
5.315533390532485646e+04 -3.427114577391825599e-12
5.316945516951692116e+04 -3.438478989778824353e-12
5.318357643359576468e+04 -3.481930928398230437e-12
5.319769769769592676e+04 -3.315520808500646016e-12
5.321181896181065531e+04 -3.369131481504261154e-12
5.322594022591090470e+04 -3.408702274223378284e-12
5.324006149010443187e+04 -3.380881718549402655e-12
5.325418275420030113e+04 -3.225945696851854737e-12
5.326830401832279313e+04 -3.186009477187195364e-12
5.328242528239253443e+04 -3.092462584518920450e-12
5.329654654649334407e+04 -3.093325061385651283e-12
5.331066781069309945e+04 -3.039923176289310478e-12
5.332478907481134956e+04 -2.915807328605452435e-12
5.333891033891596453e+04 -2.881718517363227782e-12
5.335303160298854345e+04 -2.793242188157327042e-12
5.336715286717424169e+04 -2.819686186877674518e-12
5.338127413131101639e+04 -2.892332255440294331e-12
5.339539539540333499e+04 -2.985601373597831631e-12
5.340951665949880407e+04 -2.843565173238564335e-12
5.342363792358199134e+04 -2.840713726962076501e-12
5.343775918780380016e+04 -2.794066467420745605e-12
5.345188045191595302e+04 -2.701839172055819090e-12
5.346600171598795714e+04 -2.615698092295748792e-12
5.348012298007309437e+04 -2.455922809499461608e-12
5.349424424422237644e+04 -2.384297588723100101e-12
5.350836550842085853e+04 -2.466329106688010453e-12
5.352248677251784829e+04 -2.466180549762281917e-12
5.353660803660963575e+04 -2.463613901737190833e-12
5.355072930069201539e+04 -2.481257923136244834e-12
5.356485056488766713e+04 -2.427128551695709704e-12
5.357897182897252060e+04 -2.413143802964606962e-12
5.359309309307265357e+04 -2.347429300492240546e-12
5.360721435718300199e+04 -2.333310234747978600e-12
5.362133562129647908e+04 -2.369796354514463172e-12
5.363545688551661442e+04 -2.334512930066378246e-12
5.364957814960846736e+04 -2.196151012012635792e-12
5.366369941371300956e+04 -2.148306060365429643e-12
5.367782067779327917e+04 -2.065112642507319441e-12
5.369194194190951384e+04 -2.131935933847624778e-12
5.370606320609560498e+04 -2.218461876109582913e-12
5.372018447018587176e+04 -2.084270328126298580e-12
5.373430573431027733e+04 -2.115723600955594197e-12
5.374842699840851128e+04 -2.089985921141836695e-12
5.376254826249254256e+04 -2.172655541134877183e-12
5.377666952670938190e+04 -2.171728022505327223e-12
5.379079079078160430e+04 -1.972152568938798221e-12
5.380491205489695130e+04 -1.959478277026623460e-12
5.381903331898374745e+04 -1.877425206761607440e-12
5.383315458317979937e+04 -1.626757716619443178e-12
5.384727584729941009e+04 -1.763740672328921217e-12
5.386139711138504936e+04 -1.703350742570174715e-12
5.387551837548344338e+04 -1.678737246124431842e-12
5.388963963961814443e+04 -1.608614528555440514e-12
5.390376090379939706e+04 -1.594547419248933525e-12
5.391788216787770216e+04 -1.635483704124748978e-12
5.393200343199044437e+04 -1.615294202138208042e-12
5.394612469611799315e+04 -1.495850585227270445e-12
5.396024596018131706e+04 -1.301138254234597511e-12
5.397436722438611469e+04 -1.401912960903953720e-12
5.398848848852206720e+04 -1.361752943694446432e-12
5.400260975261114072e+04 -1.328976128721157857e-12
5.401673101671023323e+04 -1.138227496635428983e-12
5.403085228091602039e+04 -1.117127409969421284e-12
5.404497354501351947e+04 -1.135999912474501548e-12
5.405909480907330726e+04 -1.062099769449479916e-12
5.407321607321862393e+04 -8.647476665563574992e-13
5.408733733729525557e+04 -9.774746630843464963e-13
5.410145860150636145e+04 -7.911246245326952683e-13
5.411557986561363214e+04 -8.139150273069948994e-13
5.412970112967471505e+04 -7.110878489150700531e-13
5.414382239378373924e+04 -6.306993089707193466e-13
5.415794365789737640e+04 -5.592384244826637033e-13
5.417206492212143348e+04 -5.486073675930124380e-13
5.418618618621262431e+04 -4.016006680218623080e-13
5.420030745030618709e+04 -3.900755755403253017e-13
5.421442871439376904e+04 -3.072512408215256106e-13
5.422854997851229564e+04 -2.228793739826343867e-13
5.424267124269397755e+04 -1.421775559617468264e-13
5.425679250677551317e+04 4.820468702218459971e-14
5.427091377092458424e+04 2.346751875369267323e-13
5.428503503501940577e+04 3.072429365804121360e-13
5.429915629921969230e+04 3.248892671544772708e-13
5.431327756332002900e+04 3.898278868230375458e-13
5.432739882738420420e+04 7.294567291391070057e-13
5.434152009151192033e+04 8.347524156181412605e-13
5.435564135559040733e+04 8.215504772158783645e-13
5.436976261980706477e+04 8.838081446962870337e-13
5.438388388387824671e+04 9.754423669458042622e-13
5.439800514797468350e+04 1.108426601260666278e-12
5.441212641208004788e+04 1.146497584809925680e-12
5.442624767619681370e+04 1.221538075428041292e-12
5.444036894039164326e+04 1.197361013059439291e-12
5.445449020451273100e+04 1.224591959380522234e-12
5.446861146861314774e+04 1.436845938346746947e-12
5.448273273267855257e+04 1.567406693487220302e-12
5.449685399689203041e+04 1.503434078698398953e-12
5.451097526101733092e+04 1.622375065181870984e-12
5.452509652509712760e+04 1.659363045650817679e-12
5.453921778918737255e+04 1.507768015332159395e-12
5.455333905332436552e+04 1.640346989432533271e-12
5.456746031748887617e+04 1.656903774263753614e-12
5.458158158161641040e+04 1.830667269553660645e-12
5.459570284570203512e+04 1.827370152499986797e-12
5.460982410979381530e+04 1.955666761541853064e-12
5.462394537391622725e+04 2.005566494086639185e-12
5.463806663811746694e+04 1.980692445727118085e-12
5.465218790221841482e+04 1.917171274653011392e-12
5.466630916629824787e+04 1.891264255338423129e-12
5.468043043039877375e+04 2.012044499718417450e-12
5.469455169462040067e+04 1.869700409357640046e-12
5.470867295868249494e+04 1.946487790871825319e-12
5.472279422279002756e+04 1.942335894201457885e-12
5.473691548690779746e+04 2.184836217191057619e-12
5.475103675100051623e+04 2.076260732470934032e-12
5.476515801520796231e+04 2.156318290663661371e-12
5.477927927931487648e+04 2.152985381397311312e-12
5.479340054338257323e+04 2.255959577264957609e-12
5.480752180747617967e+04 2.248970474230672078e-12
5.482164307161908073e+04 2.184389776688867759e-12
5.483576433581463061e+04 2.305270470181854890e-12
5.484988559988276393e+04 2.409629786193795764e-12
5.486400686400345148e+04 2.562375170530597621e-12
5.487812812810784089e+04 2.548497413575019369e-12
5.489224939221522800e+04 2.504265935958039078e-12
5.490637065639899811e+04 2.460688724594268475e-12
5.492049192048744590e+04 2.210170945965338720e-12
5.493461318460065377e+04 2.378640657541776848e-12
5.494873444868368097e+04 2.428434168036041921e-12
5.496285571291462111e+04 2.453253950782796931e-12
5.497697697697575495e+04 2.212518607226855219e-12
5.499109824112412025e+04 2.171190532324118122e-12
5.500521950519652455e+04 2.249834105684908479e-12
5.501934076931080926e+04 2.299990156655952281e-12
5.503346203349361895e+04 2.253560344428187874e-12
5.504758329760864581e+04 2.303064438321033122e-12
5.506170456169035606e+04 2.241128515892202779e-12
5.507582582578111032e+04 2.087615330864134659e-12
5.508994708988175989e+04 2.045853900784271468e-12
5.510406835408051120e+04 2.295832871910558330e-12
5.511818961820282857e+04 2.141960995030730711e-12
5.513231088231302419e+04 2.258533537677584220e-12
5.514643214638234349e+04 2.222591998351270780e-12
5.516055341059378406e+04 2.151817323704081503e-12
5.517467467468530231e+04 2.061015174183646324e-12
5.518879593881431356e+04 2.142612952108928861e-12
5.520291720291001548e+04 2.172533702455706932e-12
5.521703846701096336e+04 2.200837260569551671e-12
5.523115973118013790e+04 2.094853824799643660e-12
5.524528099529744941e+04 2.142664523684182097e-12
5.525940225937653304e+04 2.306458925587685203e-12
5.527352352352122398e+04 2.293738450175284128e-12
5.528764478761146165e+04 2.162534974656657562e-12
5.530176605179289618e+04 2.166917788828157779e-12
5.531588731589381496e+04 2.139677990669531214e-12
5.533000858000011795e+04 2.055577836756972873e-12
5.534412984408715420e+04 1.828882277269904244e-12
5.535825110831906204e+04 1.823234804917200235e-12
5.537237237242238916e+04 1.909803466916867984e-12
5.538649363648855069e+04 1.891869644053892840e-12
5.540061490062286612e+04 1.913054015607813796e-12
5.541473616470048000e+04 1.960471385015422494e-12
5.542885742887968809e+04 1.831499342282742593e-12
5.544297869298337901e+04 1.632777128882898879e-12
5.545709995707647613e+04 1.555216558602421026e-12
5.547122122119661071e+04 1.562481223188058165e-12
5.548534248530446348e+04 1.571831072808924364e-12
5.549946374947572622e+04 1.711956430846317754e-12
5.551358501361785602e+04 1.717897938150464058e-12
5.552770627772288572e+04 1.665205643291978866e-12
5.554182754180583288e+04 1.785181140180525953e-12
5.555594880592384288e+04 1.754219721628642866e-12
5.557007007008029905e+04 1.536666955736424857e-12
5.558419133420512662e+04 1.669653884088800133e-12
5.559831259830435738e+04 1.791225790635178326e-12
5.561243386241851113e+04 1.759247565353307226e-12
5.562655512661983084e+04 1.798642860771563231e-12
5.564067639071276062e+04 1.693653139981529874e-12
5.565479765479655180e+04 1.668881080185009073e-12
5.566891891892177227e+04 1.692449290075624258e-12
5.568304018302428449e+04 1.707171050497842857e-12
5.569716144718797295e+04 1.476860862393042399e-12
5.571128271129700443e+04 1.430210908814198244e-12
5.572540397537661920e+04 1.474320769880581779e-12
5.573952523951051262e+04 1.558770378944854478e-12
5.575364650359020743e+04 1.538102492868466901e-12
5.576776776777542545e+04 1.471575930517116917e-12
5.578188903189195116e+04 1.421270552895340934e-12
5.579601029597525485e+04 1.305914945479457009e-12
5.581013156010676175e+04 1.275022032452910154e-12
5.582425282431251981e+04 1.358644956863127220e-12
5.583837408837756084e+04 1.473935137653690095e-12
5.585249535251677298e+04 1.417910703253858892e-12
5.586661661658841331e+04 1.347547831483689639e-12
5.588073788067648275e+04 1.394591884264466976e-12
5.589485914488484559e+04 1.317839525237953867e-12
5.590898040899644548e+04 1.329400794794668351e-12
5.592310167312114208e+04 1.178962661156685119e-12
5.593722293720791640e+04 1.091891368729551602e-12
5.595134420128823695e+04 1.193576660078374979e-12
5.596546546549301274e+04 1.098955135089203324e-12
5.597958672961029515e+04 1.065249646898859221e-12
5.599370799369380984e+04 1.032679503089084301e-12
5.600782925778949721e+04 9.144889984842938166e-13
5.602195052202390798e+04 8.648817614409426014e-13
5.603607178612260032e+04 8.243018592418754127e-13
5.605019305020296451e+04 8.448673718927607665e-13
5.606431431427614734e+04 9.180990087520029736e-13
5.607843557837732078e+04 8.634931775341308188e-13
5.609255684258796828e+04 6.874093462203410942e-13
5.610667810669056053e+04 6.919006916173735943e-13
5.612079937079476076e+04 6.347678532121050901e-13
5.613492063487439009e+04 4.415283910141574465e-13
5.614904189900210622e+04 3.403703612929206866e-13
5.616316316318503232e+04 3.135623788614125232e-13
5.617728442729545350e+04 2.664729123054123642e-13
5.619140569139787840e+04 1.832725669222681295e-13
5.620552695551630313e+04 1.096445216860813669e-13
5.621964821959945402e+04 9.612122309474201707e-14
5.623376948382293631e+04 1.271611535970102345e-13
5.624789074790152517e+04 1.285351127287502819e-13
5.626201201198693161e+04 1.323467909474487016e-13
5.627613327610443957e+04 4.914259693928557168e-14
5.629025454030298715e+04 -2.313842954029330012e-14
5.630437580437244469e+04 1.516391784420886395e-13
5.631849706850246002e+04 1.251313887620531099e-13
5.633261833259478590e+04 7.768400007929712111e-14
5.634673959671428020e+04 -7.264098398313102972e-14
5.636086086090195749e+04 -1.748058140093066636e-13
5.637498212500655791e+04 -1.647747577600987430e-13
5.638910338911529107e+04 -3.744717102637796138e-13
5.640322465318881586e+04 -5.444808718477696997e-13
5.641734591731538239e+04 -6.122874868803990826e-13
5.643146718150780362e+04 -7.285121138255458249e-13
5.644558844562319427e+04 -8.065922484835726421e-13
5.645970970971640781e+04 -7.466783936396616458e-13
5.647383097379678657e+04 -8.578636309850874499e-13
5.648795223797700601e+04 -1.017851742744918552e-12
5.650207350212428719e+04 -1.221149971292210249e-12
5.651619476622182265e+04 -1.274576583804297636e-12
5.653031603029593680e+04 -1.359021574518547460e-12
5.654443729440322204e+04 -1.519439192830485730e-12
5.655855855857922143e+04 -1.573127511843856913e-12
5.657267982267942716e+04 -1.560810372333434565e-12
5.658680108680250123e+04 -1.558732884548243157e-12
5.660092235091698967e+04 -1.773413036726369386e-12
5.661504361497850914e+04 -1.904785082020822666e-12
5.662916487919098290e+04 -2.030223317261167697e-12
5.664328614330266282e+04 -2.117201472962843931e-12
5.665740740738504246e+04 -2.123153756417043473e-12
