5.299999999999925785e+04 -4.350102815853393254e-12
5.301412126412530051e+04 -4.536196248443801298e-12
5.302824252823054121e+04 -4.642568397789262840e-12
5.304236379240665701e+04 -4.632185931165732742e-12
5.305648505650572042e+04 -4.397550345006734105e-12
5.307060632063275989e+04 -4.394387833264558779e-12
5.308472758471946872e+04 -4.501038284259146139e-12
5.309884884879049787e+04 -4.413621052860307082e-12
5.311297011301320890e+04 -4.364530101433312797e-12
5.312709137708132766e+04 -4.263109756996275298e-12
5.314121264117439569e+04 -4.331062099649837166e-12
5.315533390530375618e+04 -4.215380739357421725e-12
5.316945516949747253e+04 -4.192503749539017962e-12
5.318357643356748304e+04 -4.276222156961962958e-12
5.319769769768992410e+04 -4.191455880786124382e-12
5.321181896182816126e+04 -4.062783805333834623e-12
5.322594022587325162e+04 -4.031947052731931099e-12
5.324006149012319656e+04 -4.148307286151515232e-12
5.325418275422103761e+04 -4.038383292187586370e-12
5.326830401829531911e+04 -4.059400770671812072e-12
5.328242528241297987e+04 -3.982936896074789107e-12
5.329654654652473255e+04 -3.926146794262171165e-12
5.331066781072878075e+04 -3.670515591008654864e-12
5.332478907480239286e+04 -3.739082023178192675e-12
5.333891033887899539e+04 -3.777953914172054236e-12
5.335303160300751188e+04 -3.718168247736977932e-12
5.336715286720303266e+04 -3.668861268830837422e-12
5.338127413129920751e+04 -3.613787316901014607e-12
5.339539539539326506e+04 -3.483869573305005481e-12
5.340951665949881863e+04 -3.383218996111219594e-12
5.342363792361669039e+04 -3.329175423822523687e-12
5.343775918782195367e+04 -3.335852569634627091e-12
5.345188045188862452e+04 -3.414741026303755223e-12
5.346600171598952147e+04 -3.256637977979877956e-12
5.348012298006683704e+04 -3.277276607817665392e-12
5.349424424421574076e+04 -3.147342360411960609e-12
5.350836550841829012e+04 -3.104889881690769170e-12
5.352248677247641172e+04 -2.885249546174451420e-12
5.353660803663235856e+04 -2.929618683749960376e-12
5.355072930072082818e+04 -2.945156897415341467e-12
5.356485056492796139e+04 -2.966971731600816889e-12
5.357897182902527129e+04 -2.905573618325956417e-12
5.359309309307020158e+04 -2.764567038893319613e-12
5.360721435722390015e+04 -2.715059551015657115e-12
5.362133562129623897e+04 -2.736997794285571062e-12
5.363545688551988133e+04 -2.771063135449810135e-12
5.364957814963108103e+04 -2.662462894818756732e-12
5.366369941368295986e+04 -2.552230008655455887e-12
5.367782067776849726e+04 -2.728589965385120115e-12
5.369194194188276742e+04 -2.603129728359953000e-12
5.370606320611210685e+04 -2.389978838611144301e-12
5.372018447022807959e+04 -2.290805968198883955e-12
5.373430573431078665e+04 -2.183173047876389896e-12
5.374842699842438742e+04 -2.142596584299071773e-12
5.376254826251573832e+04 -2.085797368442293814e-12
5.377666952668810700e+04 -1.974552330726186499e-12
5.379079079077943607e+04 -1.839187590954169501e-12
5.380491205490620632e+04 -1.757570586523921917e-12
5.381903331897973840e+04 -1.697349170247785343e-12
5.383315458316724107e+04 -1.618137534499250465e-12
5.384727584730980016e+04 -1.749294049124479835e-12
5.386139711143123714e+04 -1.723069249193104921e-12
5.387551837551347126e+04 -1.594669609763546874e-12
5.388963963962050184e+04 -1.430955758794298075e-12
5.390376090377639775e+04 -1.389267628154965850e-12
5.391788216789175203e+04 -1.558170572483043222e-12
5.393200343200253701e+04 -1.392397932835683244e-12
5.394612469612847781e+04 -1.237043384639871050e-12
5.396024596022980404e+04 -1.246614608961082953e-12
5.397436722437677963e+04 -1.343046122685296213e-12
5.398848848847405316e+04 -1.297343871407234328e-12
5.400260975258101826e+04 -1.397368289134669594e-12
5.401673101672739722e+04 -1.381083709150231873e-12
5.403085228089858720e+04 -1.303546347946459049e-12
5.404497354501622613e+04 -1.256651881162049029e-12
5.405909480908483238e+04 -1.301014614274093967e-12
5.407321607319307805e+04 -1.156662934309182816e-12
5.408733733730170934e+04 -1.169257065385333738e-12
5.410145860152207752e+04 -1.152784785356301462e-12
5.411557986559926212e+04 -1.125891950620543057e-12
5.412970112967293244e+04 -9.784818930261236331e-13
5.414382239382138505e+04 -9.677741227655955191e-13
5.415794365791607561e+04 -9.069632495252666503e-13
5.417206492211164732e+04 -1.037081255767280313e-12
5.418618618617527682e+04 -1.071421003558393735e-12
5.420030745031376864e+04 -9.807539996026848389e-13
5.421442871441671741e+04 -8.787683381022031876e-13
5.422854997853290843e+04 -7.671996286556533164e-13
5.424267124271950888e+04 -6.490367850965122179e-13
5.425679250681994745e+04 -6.187042608296286255e-13
5.427091377089303569e+04 -5.955072941635496206e-13
5.428503503499594808e+04 -3.567336240489682334e-13
5.429915629919026105e+04 -3.133788549559267920e-13
5.431327756326803501e+04 -1.189467339588561029e-13
5.432739882740538451e+04 2.139230332043274654e-14
5.434152009148248908e+04 1.161419064088307821e-13
5.435564135557234113e+04 2.367620933339490433e-13
5.436976261979174160e+04 2.797434329419442138e-13
5.438388388389812462e+04 2.710072521262117756e-13
5.439800514800558449e+04 3.165976716191739513e-13
5.441212641207222623e+04 3.920831412593349708e-13
5.442624767619786871e+04 6.113108815332697286e-13
5.444036894037207821e+04 6.076293003436250907e-13
5.445449020447653311e+04 7.122102475000745927e-13
5.446861146858073334e+04 8.469059671656367819e-13
5.448273273273022642e+04 8.537237648484271235e-13
5.449685399691849307e+04 8.095886365148668742e-13
5.451097526098223898e+04 1.015017713930410498e-12
5.452509652507691499e+04 1.095417377651490185e-12
5.453921778919995995e+04 1.217079521517073867e-12
5.455333905328045512e+04 1.323277842023664327e-12
5.456746031751250121e+04 1.459867804921420370e-12
5.458158158157745493e+04 1.455636917826991325e-12
5.459570284567579802e+04 1.507202701731729091e-12
5.460982410982566944e+04 1.594100432613442338e-12
5.462394537392294296e+04 1.573639649799535876e-12
5.463806663810747705e+04 1.650147862989770863e-12
5.465218790217382048e+04 1.699988875618589397e-12
5.466630916632701701e+04 1.964826248775877783e-12
5.468043043036635208e+04 1.911429773622549134e-12
5.469455169460533943e+04 1.868938621795056733e-12
5.470867295866790664e+04 1.855964164119360014e-12
5.472279422278519633e+04 2.090386247635770183e-12
5.473691548690354102e+04 2.154567839262228869e-12
5.475103675100120017e+04 2.222671918434780731e-12
5.476515801519859087e+04 2.290737570826548880e-12
5.477927927932755847e+04 2.394549982367335942e-12
5.479340054338859773e+04 2.410258653291062769e-12
5.480752180752839922e+04 2.286466286347194093e-12
5.482164307161400211e+04 2.304871729040239139e-12
5.483576433581225137e+04 2.405088773322625446e-12
5.484988559992024966e+04 2.406660330126448163e-12
5.486400686398956896e+04 2.423934646041569195e-12
5.487812812807472073e+04 2.244296342994965601e-12
5.489224939220974193e+04 2.330575304175863464e-12
5.490637065641488152e+04 2.503874173695322815e-12
5.492049192047134420e+04 2.378601883040268512e-12
5.493461318457389280e+04 2.353491459751603898e-12
5.494873444867934450e+04 2.283343864083047645e-12
5.496285571291655651e+04 2.353997905016284420e-12
5.497697697697580588e+04 2.340086425070722260e-12
5.499109824108694011e+04 2.250490937117619376e-12
5.500521950518703670e+04 2.269459972595483592e-12
5.501934076927396382e+04 2.357517404015189976e-12
5.503346203351071745e+04 2.349896092493203548e-12
5.504758329760190099e+04 2.282124060118701200e-12
5.506170456169526005e+04 2.373166956814634914e-12
5.507582582578085567e+04 2.362717828347839258e-12
5.508994708991866355e+04 2.201157847706588290e-12
5.510406835408604093e+04 2.362946418428395062e-12
5.511818961821751873e+04 2.307806943910826944e-12
5.513231088232572802e+04 2.292227347558448693e-12
5.514643214642194653e+04 2.348926555254983310e-12
5.516055341057635087e+04 2.286859421873667525e-12
5.517467467467979441e+04 2.453100572655960427e-12
5.518879593879976892e+04 2.302084309480355653e-12
5.520291720292149694e+04 2.306660052299761443e-12
5.521703846702966257e+04 2.337418227061473568e-12
5.523115973116602981e+04 2.291550445035422838e-12
5.524528099529037718e+04 2.250006168498509257e-12
5.525940225942953839e+04 2.252193539096933102e-12
5.527352352353139577e+04 2.241797616941991227e-12
5.528764478756761673e+04 2.389643178051952460e-12
5.530176605176863814e+04 2.224725287951499310e-12
5.531588731587127404e+04 2.169693211359709365e-12
5.533000857999573782e+04 2.256724943323127878e-12
5.534412984409847559e+04 2.204509845353361961e-12
5.535825110832958308e+04 2.177752982303451658e-12
5.537237237238162925e+04 2.224775538357138835e-12
5.538649363651023305e+04 2.232108156372215747e-12
5.540061490063190286e+04 2.160795933655309264e-12
5.541473616468467662e+04 2.148039227737383551e-12
5.542885742891110567e+04 2.117184493372678050e-12
5.544297869299703598e+04 1.988344423917221100e-12
5.545709995707459893e+04 1.843587784800980099e-12
5.547122122121707071e+04 1.896358593138993837e-12
5.548534248526965530e+04 2.022491052502347367e-12
5.549946374948442099e+04 2.074222367155074181e-12
5.551358501362216339e+04 2.014917035479786612e-12
5.552770627771549334e+04 1.903677416925071696e-12
5.554182754181225755e+04 1.859483663118265570e-12
5.555594880587997613e+04 1.835930017102353200e-12
5.557007007009632071e+04 1.789473024437628030e-12
5.558419133417071134e+04 1.804093921874571043e-12
5.559831259832127398e+04 1.750538813087752873e-12
5.561243386239249230e+04 1.721633006220201631e-12
5.562655512659915257e+04 1.764851310976359411e-12
5.564067639071573649e+04 1.597372620792435943e-12
5.565479765481274808e+04 1.499752832770160021e-12
5.566891891891616979e+04 1.385779000967415198e-12
5.568304018298195297e+04 1.224805275058624414e-12
5.569716144723201432e+04 1.145888490954944812e-12
5.571128271131875226e+04 1.088036479834916383e-12
5.572540397539022524e+04 1.313481476179146384e-12
5.573952523951461626e+04 1.348446890785574717e-12
5.575364650362796965e+04 1.281731102231572401e-12
5.576776776778088970e+04 1.106639968244305071e-12
5.578188903187122196e+04 1.307759827050746309e-12
5.579601029600363108e+04 1.172418734528441946e-12
5.581013156011601677e+04 1.113192227018863428e-12
5.582425282430982770e+04 1.078062266966517466e-12
5.583837408837891417e+04 1.052200058197403823e-12
5.585249535251131601e+04 1.086309245303818604e-12
5.586661661656992510e+04 1.138963787997411602e-12
5.588073788071184390e+04 1.053457303640461955e-12
5.589485914489537390e+04 1.035082405311629272e-12
5.590898040898657200e+04 9.223135979421602195e-13
5.592310167313203419e+04 8.361932703947518775e-13
5.593722293722235190e+04 8.553899106511005798e-13
5.595134420133091771e+04 8.187888946062109517e-13
5.596546546552835935e+04 8.235764773709596394e-13
5.597958672960104741e+04 8.780124462095754153e-13
5.599370799367692234e+04 1.055564864771105532e-12
5.600782925779172365e+04 1.011704143064419531e-12
5.602195052196784673e+04 9.788265835472074108e-13
5.603607178607024980e+04 9.409417189033329615e-13
5.605019305021844048e+04 1.004646424327252475e-12
5.606431431430896191e+04 9.760480317059662890e-13
5.607843557837720437e+04 9.141927382699934024e-13
5.609255684261086571e+04 8.818117709967478194e-13
5.610667810668706079e+04 9.942209431101696549e-13
5.612079937079006777e+04 1.070009393137274499e-12
5.613492063492993475e+04 1.245090674103828450e-12
5.614904189901355858e+04 1.095010447896017698e-12
5.616316316317257588e+04 1.012550517543719704e-12
5.617728442732941039e+04 9.386972007847700649e-13
5.619140569140692969e+04 8.563387565458223379e-13
5.620552695553029480e+04 9.322878108105593378e-13
5.621964821959861729e+04 1.139574675281656243e-12
5.623376948380405520e+04 1.105457605758670517e-12
5.624789074787758000e+04 1.249589563361668026e-12
5.626201201200414653e+04 1.003312325322628128e-12
5.627613327610358101e+04 1.047278474350949869e-12
5.629025454029005050e+04 1.095726762501897877e-12
5.630437580436639109e+04 9.150302450306512116e-13
5.631849706850286748e+04 9.282667930573303538e-13
5.633261833263003791e+04 9.740793981673846673e-13
5.634673959671404737e+04 1.010992754968896042e-12
5.636086086086858268e+04 8.490977716233819096e-13
5.637498212500601221e+04 7.965102294706414426e-13
5.638910338907338155e+04 6.832931096587027423e-13
5.640322465317852766e+04 6.645487230531092611e-13
5.641734591730335524e+04 7.591061922375916393e-13
5.643146718149116350e+04 7.961574913290937521e-13
5.644558844561012666e+04 7.604797033250705111e-13
5.645970970971198403e+04 7.314329982613143752e-13
5.647383097377827653e+04 6.358508149226153430e-13
5.648795223800429812e+04 6.890847152341694027e-13
5.650207350207491982e+04 5.559408463310025660e-13
5.651619476616759493e+04 6.431479620631234045e-13
5.653031603026626544e+04 5.741610522346314029e-13
5.654443729438100127e+04 5.620063658823079668e-13
5.655855855858600989e+04 4.390051965017430976e-13
5.657267982272033260e+04 4.702826254550630259e-13
5.658680108677724638e+04 4.563642483950014402e-13
5.660092235089129099e+04 5.931103816710681544e-13
5.661504361497429636e+04 2.793468488582209671e-13
5.662916487922243687e+04 2.211687027525717129e-13
5.664328614330624259e+04 1.860545075333675408e-13
5.665740740741211630e+04 7.708601025314237379e-14
