5.299999999999971624e+04 -1.764656927680752937e-12
5.301412126411361533e+04 -1.757279274410919314e-12
5.302824252821829577e+04 -1.771861583536210678e-12
5.304236379241641407e+04 -1.784181253131635210e-12
5.305648505650165316e+04 -1.762620552103872627e-12
5.307060632061595970e+04 -1.867254488484552442e-12
5.308472758467352105e+04 -1.760560297459289600e-12
5.309884884879459423e+04 -1.791460817678399422e-12
5.311297011299699079e+04 -1.862081063301458330e-12
5.312709137709376228e+04 -1.910441809629198520e-12
5.314121264121212153e+04 -1.853053321715064613e-12
5.315533390529577446e+04 -1.847711009448920671e-12
5.316945516947870783e+04 -1.739326940981405562e-12
5.318357643358600762e+04 -1.668445032225369518e-12
5.319769769767286198e+04 -1.718916545534700872e-12
5.321181896182787750e+04 -1.553534876069856070e-12
5.322594022592865076e+04 -1.674040619193213265e-12
5.324006149012697279e+04 -1.613789425317790234e-12
5.325418275418676785e+04 -1.726974947964125841e-12
5.326830401829330367e+04 -1.699181195114319025e-12
5.328242528240953106e+04 -1.785835256049457856e-12
5.329654654647429561e+04 -1.839232262728189286e-12
5.331066781068698765e+04 -1.881612462996050989e-12
5.332478907481401257e+04 -2.018939806974178014e-12
5.333891033888720267e+04 -1.963284914209970239e-12
5.335303160301390744e+04 -1.992271837524661738e-12
5.336715286718808784e+04 -2.203283972724388321e-12
5.338127413127621548e+04 -2.348125393826355454e-12
5.339539539538128156e+04 -2.339686464192754116e-12
5.340951665947285073e+04 -2.326764421347305925e-12
5.342363792360349908e+04 -2.442118045903013386e-12
5.343775918777736661e+04 -2.503619116038755887e-12
5.345188045192330901e+04 -2.461488164025580750e-12
5.346600171600538306e+04 -2.420628338965294521e-12
5.348012298012772953e+04 -2.405677078670989423e-12
5.349424424418588751e+04 -2.493545728532207798e-12
5.350836550841979624e+04 -2.533459674081664533e-12
5.352248677251840854e+04 -2.455823400461136909e-12
5.353660803658929945e+04 -2.384893286186693892e-12
5.355072930067023844e+04 -2.420771613371510824e-12
5.356485056487312249e+04 -2.472540984768068055e-12
5.357897182901425549e+04 -2.459203602728642578e-12
5.359309309308740194e+04 -2.429742872853970927e-12
5.360721435719947476e+04 -2.575844515948166439e-12
5.362133562130010978e+04 -2.554653884546921236e-12
5.363545688547975442e+04 -2.655247505041446306e-12
5.364957814956897346e+04 -2.591869215831591380e-12
5.366369941371109599e+04 -2.707822165840625150e-12
5.367782067778336932e+04 -2.743363837316846066e-12
5.369194194187610992e+04 -2.763459163284775026e-12
5.370606320610613329e+04 -2.893230655751300520e-12
5.372018447020658641e+04 -2.749663661051857883e-12
5.373430573428898060e+04 -2.809181034959141623e-12
5.374842699841786816e+04 -2.994950786643493580e-12
5.376254826250945189e+04 -3.130347896661835781e-12
5.377666952670249157e+04 -3.117687405103614240e-12
5.379079079079604708e+04 -3.067511611958245817e-12
5.380491205489712593e+04 -3.180342723383115262e-12
5.381903331898341276e+04 -3.177257570205070216e-12
5.383315458320000471e+04 -3.087638031044775837e-12
5.384727584727983776e+04 -2.932345351568654996e-12
5.386139711142755550e+04 -3.091541224040984521e-12
5.387551837549466291e+04 -3.184883437156399373e-12
5.388963963957133819e+04 -3.234341180584430006e-12
5.390376090378732624e+04 -3.314078476625548318e-12
5.391788216787867714e+04 -3.249636310638229463e-12
5.393200343199845520e+04 -3.283145744830333794e-12
5.394612469612889981e+04 -3.243298906731095694e-12
5.396024596019680757e+04 -3.322492632425444266e-12
5.397436722439591540e+04 -3.317618842007575234e-12
5.398848848849866044e+04 -3.389400549825291206e-12
5.400260975259140105e+04 -3.518976312228679416e-12
5.401673101670194592e+04 -3.467734405390839776e-12
5.403085228089594602e+04 -3.505591954974101297e-12
5.404497354501180962e+04 -3.460603567730622535e-12
5.405909480908352998e+04 -3.359157235235321268e-12
5.407321607322942873e+04 -3.320432433703736179e-12
5.408733733730339009e+04 -3.271775282156812419e-12
5.410145860149317741e+04 -3.330318479578424312e-12
5.411557986562936276e+04 -3.171857657377488208e-12
5.412970112972816423e+04 -3.073261825675968136e-12
5.414382239380454121e+04 -2.985366053220286395e-12
5.415794365789261064e+04 -3.103089745149085444e-12
5.417206492212320154e+04 -3.035736234279787487e-12
5.418618618620398047e+04 -3.012610112168490899e-12
5.420030745028708770e+04 -2.979611813055551038e-12
5.421442871440071758e+04 -2.939921782698323253e-12
5.422854997850929067e+04 -2.763044886625426040e-12
5.424267124267521285e+04 -2.693624242597897969e-12
5.425679250682451675e+04 -2.614137928420596629e-12
5.427091377088459558e+04 -2.586352312349128701e-12
5.428503503501923115e+04 -2.586248743184291758e-12
5.429915629922902008e+04 -2.452784104040741264e-12
5.431327756328717078e+04 -2.570965468780030442e-12
5.432739882741643669e+04 -2.491448285175628610e-12
5.434152009147575882e+04 -2.401053207582309466e-12
5.435564135558129055e+04 -2.453147826420925302e-12
5.436976261982293363e+04 -2.470901102376228712e-12
5.438388388388862222e+04 -2.497721713313554511e-12
5.439800514796963398e+04 -2.465631378002070938e-12
5.441212641210540460e+04 -2.529840904828632259e-12
5.442624767619629711e+04 -2.388011322015346151e-12
5.444036894037499587e+04 -2.202957383133325100e-12
5.445449020450655371e+04 -2.169418645354625460e-12
5.446861146857220592e+04 -2.220183641912912457e-12
5.448273273268484627e+04 -2.177940173074870822e-12
5.449685399688475445e+04 -2.011888379796719089e-12
5.451097526102911070e+04 -1.800903674767269454e-12
5.452509652508592262e+04 -1.774415245708525297e-12
5.453921778917210759e+04 -1.775278247518335059e-12
5.455333905326988315e+04 -1.822322135962006564e-12
5.456746031750805560e+04 -1.799076786280821411e-12
5.458158158159943559e+04 -1.678956910996220363e-12
5.459570284567483759e+04 -1.551092388573403536e-12
5.460982410980558780e+04 -1.486710619291281453e-12
5.462394537388718891e+04 -1.364301261496726322e-12
5.463806663810742612e+04 -1.350254330016990466e-12
5.465218790218690992e+04 -1.264752056619101897e-12
5.466630916632962180e+04 -1.141800246935280467e-12
5.468043043042405043e+04 -1.078471840930087979e-12
5.469455169459112221e+04 -1.043425198744978980e-12
5.470867295870287489e+04 -9.231380022178332849e-13
5.472279422282115411e+04 -9.153577881310014667e-13
5.473691548687076283e+04 -8.119789847609081890e-13
5.475103675097628729e+04 -8.414984336545211465e-13
5.476515801519660454e+04 -8.311126609672059531e-13
5.477927927929449652e+04 -7.198632721439865687e-13
5.479340054341516952e+04 -7.412524297521280656e-13
5.480752180752778804e+04 -7.097085727769237274e-13
5.482164307160652243e+04 -6.117706177790453411e-13
5.483576433581719903e+04 -5.015889084888023558e-13
5.484988559990911017e+04 -4.107721724166102055e-13
5.486400686397234676e+04 -4.710272808932961414e-13
5.487812812811550975e+04 -3.732841611925521648e-13
5.489224939220647502e+04 -2.273021930512463012e-13
5.490637065640308720e+04 -2.812011075347369374e-13
5.492049192048043187e+04 -1.970519440247538563e-13
5.493461318462872441e+04 -2.372893474842636751e-13
5.494873444870609092e+04 -3.233186380578683470e-13
5.496285571289839572e+04 -7.214708384807341253e-14
5.497697697699465789e+04 -3.436693152406418597e-14
5.499109824109148030e+04 4.937332392258752990e-14
5.500521950520579412e+04 4.190202779826157561e-14
5.501934076930915762e+04 1.323968718009056985e-13
5.503346203349146526e+04 2.340771856059688372e-13
5.504758329757761385e+04 3.728149044961879855e-13
5.506170456168674718e+04 5.130464352282709125e-13
5.507582582582782925e+04 4.304163606997338065e-13
5.508994708992239612e+04 6.612290803537420065e-13
5.510406835412703367e+04 6.429941965973706093e-13
5.511818961820198456e+04 7.611220990679858495e-13
5.513231088231846661e+04 8.000922901758696911e-13
5.514643214640473889e+04 7.805311395116801847e-13
5.516055341060459614e+04 8.321980602009036108e-13
5.517467467472661519e+04 9.209290967203048848e-13
5.518879593881948676e+04 8.656925070624589309e-13
5.520291720291110687e+04 9.595514475445562708e-13
5.521703846697115659e+04 1.000611812035245615e-12
5.523115973117521935e+04 1.097026875296165430e-12
5.524528099529933388e+04 1.054866172313393445e-12
5.525940225937024661e+04 1.239881412565788699e-12
5.527352352352932940e+04 1.436072727577572253e-12
5.528764478758098267e+04 1.472039860288178392e-12
5.530176605180212209e+04 1.502621172735748760e-12
5.531588731591640681e+04 1.571148616600868684e-12
5.533000858000192966e+04 1.579552035208729529e-12
5.534412984408890043e+04 1.649535934435091797e-12
5.535825110828672041e+04 1.822517019331304698e-12
5.537237237237801310e+04 1.793669092322878024e-12
5.538649363650473970e+04 2.077571857993743243e-12
5.540061490057288029e+04 2.332797149579736800e-12
5.541473616470890556e+04 2.338749133031115758e-12
5.542885742892505368e+04 2.427070814104184463e-12
5.544297869302918116e+04 2.381630570029234359e-12
5.545709995712453383e+04 2.605546880715788703e-12
5.547122122120390850e+04 2.555116302951090434e-12
5.548534248532148194e+04 2.537723170311959967e-12
5.549946374952181213e+04 2.601094972468293597e-12
5.551358501361186791e+04 2.569590485197217263e-12
5.552770627772602893e+04 2.658227347594812182e-12
5.554182754177553579e+04 2.766672539764901109e-12
5.555594880591973197e+04 2.953290529620014687e-12
5.557007007012938266e+04 2.933607690779428963e-12
5.558419133422798041e+04 2.808359240457629845e-12
5.559831259827582107e+04 2.824309562917062868e-12
5.561243386241234111e+04 3.009218326015111178e-12
5.562655512658908265e+04 2.966835273680615426e-12
5.564067639070057339e+04 2.931055818139120295e-12
5.565479765482179209e+04 2.855690796171237398e-12
5.566891891887003294e+04 2.945102302235854410e-12
5.568304018300712050e+04 2.979057777280410891e-12
5.569716144718146825e+04 2.931464502510950657e-12
5.571128271130647772e+04 2.896111402969844028e-12
5.572540397538332036e+04 2.801481397884735893e-12
5.573952523951639159e+04 2.890952405888546600e-12
5.575364650358206563e+04 3.208748684058266346e-12
5.576776776778775820e+04 3.181781778879464162e-12
5.578188903187846881e+04 3.195489146661094406e-12
5.579601029598559398e+04 3.166430054875980403e-12
5.581013156012439867e+04 3.264927686008680780e-12
5.582425282427902130e+04 3.300134938691312968e-12
5.583837408839957061e+04 3.325309851257780233e-12
5.585249535249992186e+04 3.325386577442530126e-12
5.586661661657490185e+04 3.348266415211525289e-12
5.588073788072028401e+04 3.324620434052535647e-12
5.589485914491765288e+04 3.289315651875586274e-12
5.590898040901305649e+04 3.183539546692187253e-12
5.592310167310036195e+04 3.203103157962885018e-12
5.593722293719383742e+04 3.178548541927936983e-12
5.595134420132660307e+04 3.332034912535676504e-12
5.596546546549183404e+04 3.416583141682959221e-12
5.597958672961737466e+04 3.409278272035175065e-12
5.599370799368699227e+04 3.471516853048818842e-12
5.600782925777765195e+04 3.426389777074888636e-12
5.602195052198392659e+04 3.565594340127128085e-12
5.603607178608485265e+04 3.495830777028983269e-12
5.605019305017404258e+04 3.488488327209076757e-12
5.606431431432669342e+04 3.402599514897929329e-12
5.607843557842102018e+04 3.266980502910864495e-12
5.609255684261717397e+04 3.298171598389420364e-12
5.610667810669614846e+04 3.369083593652304106e-12
5.612079937079340016e+04 3.264916277742143774e-12
5.613492063492229499e+04 3.313204562004366410e-12
5.614904189899051562e+04 3.221302474770640579e-12
5.616316316321805061e+04 3.302204532456051341e-12
5.617728442731034738e+04 3.247299677293785491e-12
5.619140569139733998e+04 3.325261086510621438e-12
5.620552695549627970e+04 3.295115077723468522e-12
5.621964821957387903e+04 3.343995249696618558e-12
5.623376948377305962e+04 3.339010060911387075e-12
5.624789074789191363e+04 3.479605090332153675e-12
5.626201201202316588e+04 3.492689029901253921e-12
5.627613327608346299e+04 3.569947824114302525e-12
5.629025454029627872e+04 3.311081282279453127e-12
5.630437580441033060e+04 3.301654922438761843e-12
5.631849706847342895e+04 3.207348375263706968e-12
5.633261833257007675e+04 3.098086709115959584e-12
5.634673959671503690e+04 3.082730734973961817e-12
5.636086086087302101e+04 3.170593624779036345e-12
5.637498212501494709e+04 3.153193110320381909e-12
5.638910338906928519e+04 3.173347267153002056e-12
5.640322465318707691e+04 3.224119421839312456e-12
5.641734591730903048e+04 3.213227435285848906e-12
5.643146718148398941e+04 3.160647853273653949e-12
5.644558844562722516e+04 2.929751249306872756e-12
5.645970970973035583e+04 2.935850869148732309e-12
5.647383097381112020e+04 2.922796680549228911e-12
5.648795223800009990e+04 3.018504878667847375e-12
5.650207350210085133e+04 2.961738239145019549e-12
5.651619476618810586e+04 2.937367944906671791e-12
5.653031603030178667e+04 2.849478659504511346e-12
5.654443729442590120e+04 2.773053563514676991e-12
5.655855855861367309e+04 2.717199137931819461e-12
5.657267982269647473e+04 2.715799723903263160e-12
5.658680108681875572e+04 2.754564118830476921e-12
5.660092235091109615e+04 2.689230989595757409e-12
5.661504361502981192e+04 2.723306810667705493e-12
5.662916487920891086e+04 2.786968069625981526e-12
5.664328614329967240e+04 2.623728749586487095e-12
5.665740740739172179e+04 2.658599570252023833e-12
