5.299999999999655120e+04 -6.387221943648888511e-12
5.301412126412246289e+04 -6.379485344689053812e-12
5.302824252822330891e+04 -6.370616166357861705e-12
5.304236379243124975e+04 -6.427924045535454459e-12
5.305648505653407483e+04 -6.422863083308982922e-12
5.307060632056279428e+04 -6.382151704117485768e-12
5.308472758465504012e+04 -6.199691442326084545e-12
5.309884884883650375e+04 -6.157153930402648297e-12
5.311297011302221654e+04 -6.214952224164875909e-12
5.312709137710375944e+04 -6.166975603645768183e-12
5.314121264123990841e+04 -6.154659404190090670e-12
5.315533390531778423e+04 -6.080262729329246577e-12
5.316945516951321042e+04 -6.164413271877353864e-12
5.318357643358497444e+04 -6.021663979436942566e-12
5.319769769765139790e+04 -5.939648414094613110e-12
5.321181896183884237e+04 -5.867621556236722179e-12
5.322594022594323906e+04 -5.861815245926516602e-12
5.324006149013082177e+04 -5.890165535477184724e-12
5.325418275418494159e+04 -5.899370332071215990e-12
5.326830401829050243e+04 -5.821409462014504377e-12
5.328242528237844090e+04 -5.808207002046276241e-12
5.329654654651326564e+04 -5.777916344930598569e-12
5.331066781072629965e+04 -5.746179839080045797e-12
5.332478907476957102e+04 -5.635379489947344576e-12
5.333891033888396487e+04 -5.580986180857650271e-12
5.335303160300392483e+04 -5.499826585841034403e-12
5.336715286723496683e+04 -5.412228370191944151e-12
5.338127413133047230e+04 -5.376468463927708014e-12
5.339539539538360987e+04 -5.395646491580439883e-12
5.340951665948765731e+04 -5.455326667409307678e-12
5.342363792362935783e+04 -5.322207089229799989e-12
5.343775918781920336e+04 -5.263280469975665415e-12
5.345188045190549747e+04 -5.146071769021048380e-12
5.346600171602856426e+04 -5.117174289489668404e-12
5.348012298013492546e+04 -5.063696782929610713e-12
5.349424424418505805e+04 -4.974976034760124575e-12
5.350836550838014955e+04 -4.873251112983105685e-12
5.352248677248297463e+04 -4.871656186080971744e-12
5.353660803655042400e+04 -4.692826770722248855e-12
5.355072930068758433e+04 -4.602857519622322560e-12
5.356485056489500857e+04 -4.694114392242606303e-12
5.357897182897668972e+04 -4.684738499914313733e-12
5.359309309313831909e+04 -4.718968377658377448e-12
5.360721435722084425e+04 -4.600784704634839585e-12
5.362133562128010817e+04 -4.571594883116734700e-12
5.363545688550376508e+04 -4.592402638253231159e-12
5.364957814961317490e+04 -4.600116738679794345e-12
5.366369941369005392e+04 -4.546486306222321393e-12
5.367782067784302490e+04 -4.622429041812319901e-12
5.369194194188428810e+04 -4.437242577700424870e-12
5.370606320613362914e+04 -4.156258662869067086e-12
5.372018447018631559e+04 -4.082984541904896534e-12
5.373430573430886579e+04 -3.919629671171397508e-12
5.374842699839150737e+04 -4.008992434493656148e-12
5.376254826246787707e+04 -3.971682534264994515e-12
5.377666952667743317e+04 -4.008236996806402046e-12
5.379079079077589995e+04 -3.964441533637365117e-12
5.380491205486655235e+04 -3.836325287237106994e-12
5.381903331898061151e+04 -3.731775917762948907e-12
5.383315458315559226e+04 -3.604331271285105394e-12
5.384727584731724346e+04 -3.661977878974079896e-12
5.386139711140386498e+04 -3.437544310757753235e-12
5.387551837549723859e+04 -3.458659627791369760e-12
5.388963963958789100e+04 -3.274950692059299062e-12
5.390376090377158835e+04 -3.223793580545970128e-12
5.391788216786897101e+04 -3.186402279448235167e-12
5.393200343195833557e+04 -3.204950818447479551e-12
5.394612469613864232e+04 -3.248658040338276897e-12
5.396024596023449703e+04 -3.345881887379049226e-12
5.397436722435626143e+04 -3.375720949232108428e-12
5.398848848847744375e+04 -3.375231603461406403e-12
5.400260975255197991e+04 -3.502742131630028801e-12
5.401673101665065042e+04 -3.491710945788714061e-12
5.403085228087365249e+04 -3.443461435696446142e-12
5.404497354496177286e+04 -3.382597185040968681e-12
5.405909480906301906e+04 -3.271278332893495813e-12
5.407321607316673908e+04 -3.245201667091885261e-12
5.408733733727354411e+04 -3.281442411367923744e-12
5.410145860150777298e+04 -3.377297407029494211e-12
5.411557986561032158e+04 -3.394187403321362616e-12
5.412970112968234025e+04 -3.360925400721709903e-12
5.414382239381974796e+04 -3.309023112134876247e-12
5.415794365788446157e+04 -3.165793494713350557e-12
5.417206492205814720e+04 -3.236516656089344314e-12
5.418618618622219947e+04 -3.295618817343697610e-12
5.420030745030173421e+04 -3.258646747822715019e-12
5.421442871441448369e+04 -3.239202713758545731e-12
5.422854997852933593e+04 -3.146007611201117701e-12
5.424267124269199849e+04 -3.009250730952781388e-12
5.425679250682597194e+04 -2.918812655309650617e-12
5.427091377085562999e+04 -2.817028735003576022e-12
5.428503503496263147e+04 -2.777182753076674114e-12
5.429915629916015314e+04 -2.827763902138237941e-12
5.431327756331463024e+04 -2.915293863329620552e-12
5.432739882740753092e+04 -2.793066439675131092e-12
5.434152009150751837e+04 -2.691989133635889210e-12
5.435564135563930176e+04 -2.681798292060600090e-12
5.436976261979072297e+04 -2.416999212841225180e-12
5.438388388386726729e+04 -2.255441403100710286e-12
5.439800514797093638e+04 -2.238377745921143636e-12
5.441212641206467379e+04 -2.255064924081244578e-12
5.442624767620521743e+04 -2.177844571069293622e-12
5.444036894043611392e+04 -1.958491032719988460e-12
5.445449020453407138e+04 -1.823868018110940221e-12
5.446861146856985579e+04 -1.789820223508360176e-12
5.448273273272216466e+04 -1.671067300184551470e-12
5.449685399689445330e+04 -1.555972627682641626e-12
5.451097526103503333e+04 -1.547754218090326446e-12
5.452509652508702129e+04 -1.489542507099137820e-12
5.453921778920678480e+04 -1.315611936269655266e-12
5.455333905332867289e+04 -1.038981343336561205e-12
5.456746031747627421e+04 -9.487809719119438106e-13
5.458158158155845013e+04 -9.076441192703309491e-13
5.459570284568637726e+04 -8.399688732084125821e-13
5.460982410980205896e+04 -7.297261029278429689e-13
5.462394537388319441e+04 -5.613449850443885989e-13
5.463806663810964528e+04 -5.249476809035667975e-13
5.465218790220325900e+04 -3.668143510017075085e-13
5.466630916631440050e+04 -2.130303242577273395e-13
5.468043043036082963e+04 -1.195636574564146887e-13
5.469455169459729223e+04 -2.019078189540487034e-13
5.470867295872559771e+04 -2.264785686777963232e-13
5.472279422281540610e+04 -1.058479530379607891e-13
5.473691548688644980e+04 4.439958216727286047e-14
5.475103675099238171e+04 1.168340429063341936e-13
5.476515801517686486e+04 7.399324434150707942e-14
5.477927927927179553e+04 2.182280598899550558e-13
5.479340054341481300e+04 3.090225208506268518e-13
5.480752180752895219e+04 2.097134605807582676e-13
5.482164307163748163e+04 1.792524345242937669e-13
5.483576433576090494e+04 1.855404806500050780e-13
5.484988559987864573e+04 2.648745200942050426e-13
5.486400686397739628e+04 3.423619910840827210e-13
5.487812812808385206e+04 3.698874555470209783e-13
5.489224939222534158e+04 5.133900052942642920e-13
5.490637065642930975e+04 3.313708216363884841e-13
5.492049192053268052e+04 1.346273152285536412e-13
5.493461318461967312e+04 9.413414508944764149e-14
5.494873444872367691e+04 2.137198882291989716e-13
5.496285571291033557e+04 3.867155461359384537e-13
5.497697697702594451e+04 3.473164994429107983e-13
5.499109824113811919e+04 2.698416832099899216e-13
5.500521950519762322e+04 3.335289707282154141e-13
5.501934076925003319e+04 4.341797772559662870e-13
5.503346203351955774e+04 5.509571904126762076e-13
5.504758329760659399e+04 5.491595308838897666e-13
5.506170456165337964e+04 4.757619405342761933e-13
5.507582582578192523e+04 4.314487438964990443e-13
5.508994708987151535e+04 5.056798381029718829e-13
5.510406835405769380e+04 5.176142999746374136e-13
5.511818961820351979e+04 6.567995254768519696e-13
5.513231088227236614e+04 6.821695770116296065e-13
5.514643214642704697e+04 6.928683189674835686e-13
5.516055341055576719e+04 7.406037723109375630e-13
5.517467467468555697e+04 5.596793961400566389e-13
5.518879593881413166e+04 7.167512655496045611e-13
5.520291720290025114e+04 6.776648255554564471e-13
5.521703846700522263e+04 7.208264393101621197e-13
5.523115973122495780e+04 7.122458300525148369e-13
5.524528099534263310e+04 8.062245014798916930e-13
5.525940225938999356e+04 7.288758907960808536e-13
5.527352352348221029e+04 8.774745453718853931e-13
5.528764478756561584e+04 9.530617506954888351e-13
5.530176605183433276e+04 1.030903212859699385e-12
5.531588731593058037e+04 1.050494486731163556e-12
5.533000857996086415e+04 1.174445094959646334e-12
5.534412984414042876e+04 1.273858129448835944e-12
5.535825110831534403e+04 1.260876742954336578e-12
5.537237237239015667e+04 1.325416003434169089e-12
5.538649363650971645e+04 1.465188478063272222e-12
5.540061490063573729e+04 1.676649124791442069e-12
5.541473616472943104e+04 1.784752899125849121e-12
5.542885742888367531e+04 1.904638936227981246e-12
5.544297869302713661e+04 1.876323404506386849e-12
5.545709995713475655e+04 1.988854291652934990e-12
5.547122122116487299e+04 2.063475631202319693e-12
5.548534248530464538e+04 1.984714818046218424e-12
5.549946374953352642e+04 1.962277933961758776e-12
5.551358501355197950e+04 1.908552676332224773e-12
5.552770627771327418e+04 1.935476868829484623e-12
5.554182754182311328e+04 2.119650781374604184e-12
5.555594880590295361e+04 2.262231243966290621e-12
5.557007007005374180e+04 2.258359230357958656e-12
5.558419133424315078e+04 2.379866102411940129e-12
5.559831259833784861e+04 2.386748922114622659e-12
5.561243386241055123e+04 2.716254851838393397e-12
5.562655512657004147e+04 2.748683179570957426e-12
5.564067639073899045e+04 2.980400671982429059e-12
5.565479765481812501e+04 2.784107948538623855e-12
5.566891891888992541e+04 2.765061513257220033e-12
5.568304018301267206e+04 2.774233475887255383e-12
5.569716144719497970e+04 2.820841629800176404e-12
5.571128271134036913e+04 2.845482151697415953e-12
5.572540397540420236e+04 3.001613806867117275e-12
5.573952523950004252e+04 3.036476636221808529e-12
5.575364650360435917e+04 3.097951735415796808e-12
5.576776776781249646e+04 3.129508253000173035e-12
5.578188903191417194e+04 3.110605124290793825e-12
5.579601029600504990e+04 3.262514536902871517e-12
5.581013156013254775e+04 3.373294963343877398e-12
5.582425282434218389e+04 3.488776803004574616e-12
5.583837408841181605e+04 3.614519940454969246e-12
5.585249535252361966e+04 3.736135232994229618e-12
5.586661661661582912e+04 3.807903437880536531e-12
5.588073788071869785e+04 4.044639396476537017e-12
5.589485914485481044e+04 4.114151976440404298e-12
5.590898040897001920e+04 4.189374245935008671e-12
5.592310167305303912e+04 4.298192158986330953e-12
5.593722293724097108e+04 4.518467356965620807e-12
5.595134420133919775e+04 4.578062711720832551e-12
5.596546546547841717e+04 4.735074385529720451e-12
5.597958672962188575e+04 4.840322973078300523e-12
5.599370799371314934e+04 4.938042322258024263e-12
5.600782925781473750e+04 5.045259579564536917e-12
5.602195052200117061e+04 5.066333170102241476e-12
5.603607178605949593e+04 5.451651708312506675e-12
5.605019305015576538e+04 5.368044807282855723e-12
5.606431431433350372e+04 5.440786744413922121e-12
5.607843557839878486e+04 5.619587857579721979e-12
5.609255684257068788e+04 5.571295936950625630e-12
5.610667810672435007e+04 5.731328677467613475e-12
5.612079937079965748e+04 5.688267275707187722e-12
5.613492063486445841e+04 5.961037825747990357e-12
5.614904189895656600e+04 5.804899330169123186e-12
5.616316316315528820e+04 5.911571406865117259e-12
5.617728442728763184e+04 5.936348052904757337e-12
5.619140569141177548e+04 6.061275813582582122e-12
5.620552695553597005e+04 6.185404272449377193e-12
5.621964821963538270e+04 6.386187382490107091e-12
5.623376948381624970e+04 6.467820825475408599e-12
5.624789074793813052e+04 6.490845642727673086e-12
5.626201201198037597e+04 6.500957135556639077e-12
5.627613327613823640e+04 6.661252205765137236e-12
5.629025454027191881e+04 6.746899942869420220e-12
5.630437580441980390e+04 6.759147695480882312e-12
5.631849706852965755e+04 6.813650707632573380e-12
5.633261833256205136e+04 6.814129878294641492e-12
5.634673959669435862e+04 6.796221687098435780e-12
5.636086086091742618e+04 6.936610482593382048e-12
5.637498212502260139e+04 6.928731699316152131e-12
5.638910338912197767e+04 6.746525430467589649e-12
5.640322465322434437e+04 6.843719778243834933e-12
5.641734591726306826e+04 6.933068518727303238e-12
5.643146718148660875e+04 7.001100492127220886e-12
5.644558844559883437e+04 7.025510492235570938e-12
5.645970970969666087e+04 6.941919324147001885e-12
5.647383097382047708e+04 7.022023935683735389e-12
5.648795223799681844e+04 7.093363246915343568e-12
5.650207350211888115e+04 7.123627953228747694e-12
5.651619476621248032e+04 7.257858328351675840e-12
5.653031603028925747e+04 7.226745411301705549e-12
5.654443729437384900e+04 7.262507412441248811e-12
5.655855855859688018e+04 7.342978327888813705e-12
5.657267982271729124e+04 7.433790573913316009e-12
5.658680108681545244e+04 7.302922601915863827e-12
5.660092235085016728e+04 7.272467732227648838e-12
5.661504361499071820e+04 7.184998052142040202e-12
5.662916487917509949e+04 7.015946232139873727e-12
5.664328614332870347e+04 7.114057878785259329e-12
5.665740740736391308e+04 7.044342480689625393e-12
