5.299999999999966531e+04 -1.033970547806739088e-12
5.301412126410917699e+04 -1.095446938643594354e-12
5.302824252821376285e+04 -1.137304323103966613e-12
5.304236379239557573e+04 -1.111997161947933364e-12
5.305648505649077561e+04 -1.041915281200678719e-12
5.307060632061754586e+04 -1.135930311549341038e-12
5.308472758471427369e+04 -1.154622101388040352e-12
5.309884884879706078e+04 -1.059604924013505597e-12
5.311297011301515158e+04 -1.028278833078412939e-12
5.312709137710591312e+04 -8.694189068683954800e-13
5.314121264117879036e+04 -8.668473800147173214e-13
5.315533390530846373e+04 -8.124013089823264987e-13
5.316945516950065212e+04 -7.231583685221986676e-13
5.318357643361935334e+04 -7.827064466236508642e-13
5.319769769771996653e+04 -8.077526163543713132e-13
5.321181896181854245e+04 -6.963791471018823736e-13
5.322594022588190273e+04 -6.171325428043038240e-13
5.324006149009239743e+04 -5.300294746860466017e-13
5.325418275417623227e+04 -6.073895205871773541e-13
5.326830401830400660e+04 -6.616292432634170092e-13
5.328242528240428510e+04 -6.679326687078996048e-13
5.329654654649965232e+04 -7.416016482017752176e-13
5.331066781071439618e+04 -6.830437505513947689e-13
5.332478907479985355e+04 -5.667399666991175996e-13
5.333891033891787083e+04 -4.654559927506372066e-13
5.335303160298225703e+04 -4.671581200659272499e-13
5.336715286720524455e+04 -4.919404246777447566e-13
5.338127413129065098e+04 -4.962636178929308403e-13
5.339539539540468832e+04 -4.229972986292667804e-13
5.340951665949258313e+04 -2.272861552021600091e-13
5.342363792361622473e+04 -3.108737524588039240e-13
5.343775918782017106e+04 -2.893559637653777575e-13
5.345188045191350102e+04 -3.433830331159475836e-13
5.346600171597817098e+04 -3.154339181678033250e-13
5.348012298008677317e+04 -3.288815174411534157e-13
5.349424424420703872e+04 -2.663133160493185104e-13
5.350836550840792188e+04 -2.768692933158089452e-13
5.352248677248546301e+04 -1.908177825967949810e-13
5.353660803660584497e+04 -2.038809931842529187e-13
5.355072930068140704e+04 -2.445084153425736892e-13
5.356485056488813279e+04 -3.733789041554523148e-13
5.357897182900689950e+04 -2.665457849934755831e-13
5.359309309309574746e+04 -1.467379821629966224e-13
5.360721435720974841e+04 -8.037067206310745376e-14
5.362133562129356869e+04 -8.775829491910325517e-14
5.363545688549375336e+04 -1.485459214497323578e-13
5.364957814959916868e+04 2.133226067624498021e-14
5.366369941372021276e+04 8.025241528277856319e-14
5.367782067781119258e+04 1.297067089853116777e-13
5.369194194187834364e+04 1.571678964964207527e-13
5.370606320611421688e+04 2.418908171759128166e-13
5.372018447020713938e+04 1.833288877763164437e-13
5.373430573430423829e+04 1.605619430811135654e-13
5.374842699840995920e+04 3.299091352571528428e-13
5.376254826248189784e+04 2.679500711245279950e-13
5.377666952670724277e+04 2.394013407078753651e-13
5.379079079080345400e+04 3.054697008924924778e-13
5.380491205488229753e+04 4.851642487585683609e-13
5.381903331899311888e+04 4.698232714278624125e-13
5.383315458320960897e+04 5.525054407488689122e-13
5.384727584731256502e+04 4.182727254786999337e-13
5.386139711141949374e+04 5.991778274923566123e-13
5.387551837548325420e+04 5.290013722023222467e-13
5.388963963958614477e+04 4.711370211989934574e-13
5.390376090381186805e+04 5.278554976059939669e-13
5.391788216788651334e+04 5.108248742261880117e-13
5.393200343201786745e+04 6.508761756521399887e-13
5.394612469609081745e+04 6.707949039809789737e-13
5.396024596019204182e+04 6.965164345963297891e-13
5.397436722441951861e+04 6.296297151027613090e-13
5.398848848850420472e+04 5.590794223003150727e-13
5.400260975261413842e+04 6.659952352121690457e-13
5.401673101672324265e+04 5.683028635599657647e-13
5.403085228092149191e+04 6.170213201396283750e-13
5.404497354498987261e+04 4.998446196911364138e-13
5.405909480911793798e+04 4.673938422885739960e-13
5.407321607318144379e+04 5.463574521039481744e-13
5.408733733728945663e+04 3.774803447301156950e-13
5.410145860151094530e+04 4.092052357100002966e-13
5.411557986561943108e+04 3.947043205084936347e-13
5.412970112971980416e+04 3.303821366438989377e-13
5.414382239378371014e+04 3.943896725058486188e-13
5.415794365789424046e+04 2.852304913919300347e-13
5.417206492210250144e+04 3.287805886042635242e-13
5.418618618618838809e+04 3.042419903652689855e-13
5.420030745028035744e+04 3.332647515514462559e-13
5.421442871441780881e+04 3.620358286482668170e-13
5.422854997850289510e+04 3.032054019072639705e-13
5.424267124268962652e+04 4.254928162874858902e-13
5.425679250677906384e+04 5.261755449113919106e-13
5.427091377090916649e+04 5.193986033887739726e-13
5.428503503499772341e+04 4.324927907454574732e-13
5.429915629920653009e+04 4.011009050944354450e-13
5.431327756330100237e+04 2.900660169941929476e-13
5.432739882740098983e+04 2.201347263692511353e-13
5.434152009148002253e+04 3.034258613856711757e-13
5.435564135561475996e+04 2.610406823510692878e-13
5.436976261980894924e+04 2.923052676651432751e-13
5.438388388389383908e+04 2.543397435902679686e-13
5.439800514798909717e+04 2.362275820377933670e-13
5.441212641211636219e+04 3.501665305201364274e-13
5.442624767621875799e+04 3.203254100250077895e-13
5.444036894042124186e+04 4.580533945197608205e-13
5.445449020450015814e+04 4.211321792737297476e-13
5.446861146862156602e+04 3.989567007667050581e-13
5.448273273269084166e+04 4.498833549701649075e-13
5.449685399689464975e+04 4.970352625246629091e-13
5.451097526101824769e+04 4.515588470060598485e-13
5.452509652507879218e+04 5.895995923016972200e-13
5.453921778918160271e+04 7.504449405458529979e-13
5.455333905328559922e+04 8.253756001986443621e-13
5.456746031748166570e+04 8.969281686998105226e-13
5.458158158160930907e+04 1.059847208551365679e-12
5.459570284571516095e+04 1.104216694455428981e-12
5.460982410980707209e+04 9.485462250028665302e-13
5.462394537387677701e+04 1.065446021483927237e-12
5.463806663809292513e+04 1.120374058111427514e-12
5.465218790221613017e+04 1.203359638006413084e-12
5.466630916628379782e+04 1.303823965917468890e-12
5.468043043040706834e+04 1.403218421994013186e-12
5.469455169458014279e+04 1.559276625626498100e-12
5.470867295868481597e+04 1.498946902868529702e-12
5.472279422281168081e+04 1.523064655114891546e-12
5.473691548688822513e+04 1.621448943558080283e-12
5.475103675100336841e+04 1.640420811294444898e-12
5.476515801521729009e+04 1.597014141415923349e-12
5.477927927930171427e+04 1.648890572796396890e-12
5.479340054342097574e+04 1.664506309547078743e-12
5.480752180750618572e+04 1.600014792215411847e-12
5.482164307159356395e+04 1.445482476988338458e-12
5.483576433580089360e+04 1.584553119753920323e-12
5.484988559991877264e+04 1.666114891702367560e-12
5.486400686398275866e+04 1.612845362294916246e-12
5.487812812809593743e+04 1.589300290001023867e-12
5.489224939218391955e+04 1.491115358689281872e-12
5.490637065640799847e+04 1.465969596174736209e-12
5.492049192050362763e+04 1.404998911073320793e-12
5.493461318460574694e+04 1.468866965568776301e-12
5.494873444871723768e+04 1.334035664212877346e-12
5.496285571291902306e+04 1.341767015135012456e-12
5.497697697698255797e+04 1.293791944485263191e-12
5.499109824107868189e+04 1.344339099571028891e-12
5.500521950518101949e+04 1.340553715966688805e-12
5.501934076928834838e+04 1.385961849094314314e-12
5.503346203348976996e+04 1.366513377131478770e-12
5.504758329759343178e+04 1.138310195208769093e-12
5.506170456171799015e+04 1.110902878729737678e-12
5.507582582580290182e+04 1.115392703282202486e-12
5.508994708991872903e+04 1.019033897019617544e-12
5.510406835408062034e+04 1.089513677101732823e-12
5.511818961820728146e+04 1.079826498900342997e-12
5.513231088230782916e+04 9.979040998518084151e-13
5.514643214638067730e+04 1.008729089151094470e-12
5.516055341060196952e+04 8.533358667935563079e-13
5.517467467469015537e+04 9.213458144623247606e-13
5.518879593881328037e+04 8.689190064229172291e-13
5.520291720288133365e+04 8.222591438365685937e-13
5.521703846700642316e+04 6.450879562883243141e-13
5.523115973120051058e+04 5.260861601734540973e-13
5.524528099532292981e+04 5.510401143635956189e-13
5.525940225938545336e+04 6.086076599991077021e-13
5.527352352348619752e+04 6.501405100930659635e-13
5.528764478758805490e+04 5.248327150767667112e-13
5.530176605179363105e+04 4.686284153676545266e-13
5.531588731588163500e+04 3.832352807174248245e-13
5.533000858000939479e+04 5.926649226524381335e-13
5.534412984411689831e+04 5.699114457152546828e-13
5.535825110828655306e+04 4.171153561080110844e-13
5.537237237239404203e+04 6.074012233826409882e-13
5.538649363648148574e+04 6.453274593481347906e-13
5.540061490060998040e+04 6.975195681140317927e-13
5.541473616468456748e+04 7.445935857049525505e-13
5.542885742891361588e+04 6.099801703705145620e-13
5.544297869299224112e+04 5.961164431089335665e-13
5.545709995709245413e+04 7.103919997598641858e-13
5.547122122121853317e+04 5.822986949447946472e-13
5.548534248530100012e+04 3.966728435086839815e-13
5.549946374947868026e+04 3.694895893477848077e-13
5.551358501357804198e+04 3.267695177825595701e-13
5.552770627768658596e+04 3.304416692812587251e-13
5.554182754181011114e+04 4.771098432077634027e-13
5.555594880590038520e+04 4.648564137394354840e-13
5.557007007010096277e+04 4.341561017518061812e-13
5.558419133417676494e+04 5.441298677711547819e-13
5.559831259827826580e+04 3.975426719565630860e-13
5.561243386242264387e+04 3.142076166082580103e-13
5.562655512661780085e+04 3.654554382386270823e-13
5.564067639071930171e+04 2.481222716077947681e-13
5.565479765479789785e+04 1.707837140721663897e-13
5.566891891889298131e+04 1.284479454109351223e-13
5.568304018300017924e+04 1.178350089640313399e-13
5.569716144718271244e+04 4.603556015980834124e-14
5.571128271132113878e+04 -8.345118580983200403e-14
5.572540397542222490e+04 -1.991435162916474007e-13
5.573952523951020703e+04 -2.560865697081693484e-13
5.575364650359719963e+04 -4.762626322296218725e-14
5.576776776780840737e+04 -1.275115137527360264e-13
5.578188903191254212e+04 -1.062029471090511951e-13
5.579601029598880996e+04 -2.417695708964312434e-13
5.581013156007856014e+04 -5.203984407370371231e-13
5.582425282432064705e+04 -5.304133057896004283e-13
5.583837408839388081e+04 -5.750353336020027206e-13
5.585249535248128814e+04 -4.731765351535973103e-13
5.586661661661359540e+04 -5.106086673853846552e-13
5.588073788070511364e+04 -5.568269247597331159e-13
5.589485914488569688e+04 -5.708553532658830315e-13
5.590898040901408967e+04 -7.136297152687062864e-13
5.592310167309684039e+04 -6.268719621817052579e-13
5.593722293722185714e+04 -6.261215421361385599e-13
5.595134420131377556e+04 -7.349036260255131195e-13
5.596546546552106156e+04 -8.728817505354550666e-13
5.597958672960047988e+04 -8.780327819593450748e-13
5.599370799367973086e+04 -7.160779306437034010e-13
5.600782925777953642e+04 -6.383090911066389510e-13
5.602195052201045473e+04 -7.003880783329654528e-13
5.603607178610505071e+04 -6.912107877345532528e-13
5.605019305021991022e+04 -7.200901215869185835e-13
5.606431431431388773e+04 -7.602775683893052057e-13
5.607843557840064022e+04 -7.445036498183186389e-13
5.609255684260415728e+04 -7.846996748105265590e-13
5.610667810668630409e+04 -8.097603416820450066e-13
5.612079937080587115e+04 -9.543316628886327003e-13
5.613492063489495922e+04 -8.963805006043124366e-13
5.614904189901304198e+04 -9.863070370112992013e-13
5.616316316321814520e+04 -9.098482586237426026e-13
5.617728442727679794e+04 -9.668842996179272482e-13
5.619140569137650891e+04 -1.045476645377835895e-12
5.620552695549925556e+04 -1.127158511983781303e-12
5.621964821957788809e+04 -1.114228434902349849e-12
5.623376948379791429e+04 -9.746039842019054746e-13
5.624789074790448649e+04 -1.024659437447114640e-12
5.626201201200040668e+04 -1.046146773566675224e-12
5.627613327607893734e+04 -1.171309082483605445e-12
5.629025454030447872e+04 -1.180529950286309698e-12
5.630437580439847807e+04 -1.201267895743082180e-12
5.631849706847716152e+04 -1.175889835848175911e-12
5.633261833259260311e+04 -1.320497185452013157e-12
5.634673959670164913e+04 -1.511521806434052774e-12
5.636086086087983858e+04 -1.288024962574897444e-12
5.637498212501094531e+04 -1.335951652234054811e-12
5.638910338909605343e+04 -1.468812714951798908e-12
5.640322465317848400e+04 -1.541639830896612918e-12
5.641734591731428372e+04 -1.503457621746851707e-12
5.643146718150363449e+04 -1.614976148189218689e-12
5.644558844561927253e+04 -1.720553763488950893e-12
5.645970970970335475e+04 -1.800499747602659645e-12
5.647383097381781408e+04 -1.811010432026893667e-12
5.648795223798786174e+04 -1.696379738317361415e-12
5.650207350210372533e+04 -1.752766238778277846e-12
5.651619476620428031e+04 -1.783226018323318177e-12
5.653031603029551479e+04 -1.822674025163109524e-12
5.654443729439540766e+04 -1.819830183673554210e-12
5.655855855858616269e+04 -1.884721101523300656e-12
5.657267982269752974e+04 -2.120733867459315520e-12
5.658680108678907709e+04 -2.315425836153754244e-12
5.660092235087660811e+04 -2.262883394115555959e-12
5.661504361501100357e+04 -2.325634911423871613e-12
5.662916487918322673e+04 -2.445108851106505946e-12
5.664328614331690187e+04 -2.515751959922818616e-12
5.665740740738560999e+04 -2.502301358283031146e-12
