5.299999999999992724e+04 3.582479771970416443e-12
5.301412126409931807e+04 3.508206979142721571e-12
5.302824252818353852e+04 3.501835752264172991e-12
5.304236379239806411e+04 3.515253912472465374e-12
5.305648505651902815e+04 3.634204478570153289e-12
5.307060632060737407e+04 3.780282269324089619e-12
5.308472758470101689e+04 3.667950317042592505e-12
5.309884884882087499e+04 3.744810569956428988e-12
5.311297011300794838e+04 3.657648875274577946e-12
5.312709137710859068e+04 3.607612912161313037e-12
5.314121264121386776e+04 3.539636381668779756e-12
5.315533390528582095e+04 3.409972019508643381e-12
5.316945516951879108e+04 3.278768409057740049e-12
5.318357643360216025e+04 3.269147624043574741e-12
5.319769769769604318e+04 3.159394404721029187e-12
5.321181896179263276e+04 3.299013214127645404e-12
5.322594022591756220e+04 3.148007446386837698e-12
5.324006149008486682e+04 3.082873296844837952e-12
5.325418275418518169e+04 3.171488132162515300e-12
5.326830401830773917e+04 3.339792742391053343e-12
5.328242528241499531e+04 3.204665021109136543e-12
5.329654654650918383e+04 3.232029741958878885e-12
5.331066781071955484e+04 3.134412298066901814e-12
5.332478907481984061e+04 3.046360811135784109e-12
5.333891033890547988e+04 2.822700851617932728e-12
5.335303160300352465e+04 2.796431824052174887e-12
5.336715286718201241e+04 2.782042655075366217e-12
5.338127413131550566e+04 2.911273165610816037e-12
5.339539539538136887e+04 2.735668929810453484e-12
5.340951665950164897e+04 2.762853073086069503e-12
5.342363792358915816e+04 2.670037304435146410e-12
5.343775918780540815e+04 2.518390797918867492e-12
5.345188045189264085e+04 2.411874800419945062e-12
5.346600171599649912e+04 2.183506886132015401e-12
5.348012298009862570e+04 2.263467645737993196e-12
5.349424424420733703e+04 2.225876112384160363e-12
5.350836550840698328e+04 2.094264013213805067e-12
5.352248677250723267e+04 2.162874340224700355e-12
5.353660803658409714e+04 2.045567077385132952e-12
5.355072930068611458e+04 2.033057603409943882e-12
5.356485056488036935e+04 2.079944819033086283e-12
5.357897182898906613e+04 2.009773904179741674e-12
5.359309309310584649e+04 1.968526325786455491e-12
5.360721435719056899e+04 1.991016398806211641e-12
5.362133562127964979e+04 1.842285640275825603e-12
5.363545688551253988e+04 1.832626278401132326e-12
5.364957814960369433e+04 1.788296180072760410e-12
5.366369941371495224e+04 1.723088190159689042e-12
5.367782067778263445e+04 1.675770870152913398e-12
5.369194194188717665e+04 1.690695145152132812e-12
5.370606320609524118e+04 1.667333345529451327e-12
5.372018447020807798e+04 1.650401811554229588e-12
5.373430573430629738e+04 1.486190766341599620e-12
5.374842699840273417e+04 1.524551943563137065e-12
5.376254826251055783e+04 1.522772674621745929e-12
5.377666952668826707e+04 1.405955945358376445e-12
5.379079079080318479e+04 1.299083999404033373e-12
5.380491205488336709e+04 1.291055279057165053e-12
5.381903331897928001e+04 1.292992799904933327e-12
5.383315458321679762e+04 1.152062456129663037e-12
5.384727584728904185e+04 1.200880408122035399e-12
5.386139711139181600e+04 1.125446473487012343e-12
5.387551837551178323e+04 1.089839005659294250e-12
5.388963963961972331e+04 1.015274746505777744e-12
5.390376090378841764e+04 8.450067397438821908e-13
5.391788216792042658e+04 7.899312896389288015e-13
5.393200343199349300e+04 8.299410951453466819e-13
5.394612469611114648e+04 8.212443403302818929e-13
5.396024596018575539e+04 7.085942275610386486e-13
5.397436722440412996e+04 7.523834609491702943e-13
5.398848848850220384e+04 6.833351406261084102e-13
5.400260975259778206e+04 7.171297326768835690e-13
5.401673101671436598e+04 6.835225815680586956e-13
5.403085228090146120e+04 6.151369312417905836e-13
5.404497354498454661e+04 6.436052343040504778e-13
5.405909480909800914e+04 7.000407356881378464e-13
5.407321607321854390e+04 7.595980438714064215e-13
5.408733733728650259e+04 6.782183815794365803e-13
5.410145860150820226e+04 6.974793583719593013e-13
5.411557986560568679e+04 6.925301601673338821e-13
5.412970112970122864e+04 6.108570297339268610e-13
5.414382239378040686e+04 7.892859752849081460e-13
5.415794365791710152e+04 7.783295157807766276e-13
5.417206492207849078e+04 7.124342424138877820e-13
5.418618618619941844e+04 5.469402996431793672e-13
5.420030745029477112e+04 6.004348084700676882e-13
5.421442871439699229e+04 8.475217301602851628e-13
5.422854997850405925e+04 9.427010217997729075e-13
5.424267124268961197e+04 1.009685598418534265e-12
5.425679250680929545e+04 1.123512739324939853e-12
5.427091377088644367e+04 1.107663881901622399e-12
5.428503503501286468e+04 1.079921044707280920e-12
5.429915629921264917e+04 1.059212291750334690e-12
5.431327756328241958e+04 1.223111093171618040e-12
5.432739882740669418e+04 1.149815689283390876e-12
5.434152009149712831e+04 1.171571145278130029e-12
5.435564135559474380e+04 1.237377115974022332e-12
5.436976261979055562e+04 1.227987713233737469e-12
5.438388388390720502e+04 1.151461004218287298e-12
5.439800514801566169e+04 1.310645066390953852e-12
5.441212641208850982e+04 1.359161976870497062e-12
5.442624767621372303e+04 1.399062599606014626e-12
5.444036894040118932e+04 1.388260447543993770e-12
5.445449020450650278e+04 1.499189196107279898e-12
5.446861146858410939e+04 1.568695074285270870e-12
5.448273273269782658e+04 1.751504899629341458e-12
5.449685399691753264e+04 1.715342682347164784e-12
5.451097526098583330e+04 1.814018662669734205e-12
5.452509652511764580e+04 1.793966268566755003e-12
5.453921778921979421e+04 1.890991569483025507e-12
5.455333905329015397e+04 1.891208988353402195e-12
5.456746031751279952e+04 1.976862241010408914e-12
5.458158158160788298e+04 2.043951582600091938e-12
5.459570284569251817e+04 2.078586818875371089e-12
5.460982410980659188e+04 2.113258975336185950e-12
5.462394537390970072e+04 2.153280456456833069e-12
5.463806663808206940e+04 2.171248280084183923e-12
5.465218790220360825e+04 2.098329020308422456e-12
5.466630916631813307e+04 1.988704469410254669e-12
5.468043043040308839e+04 2.056745846895331580e-12
5.469455169458240562e+04 2.194114181659264590e-12
5.470867295868893416e+04 2.155871811701438320e-12
5.472279422280831204e+04 2.285632063787896187e-12
5.473691548689513002e+04 2.334542158465537132e-12
5.475103675099622342e+04 2.369783580009312156e-12
5.476515801520702371e+04 2.125280440192307556e-12
5.477927927929900761e+04 2.064529379343386387e-12
5.479340054340280767e+04 2.055413564644634627e-12
5.480752180749452964e+04 1.998831644746970153e-12
5.482164307161538454e+04 1.864589219025055313e-12
5.483576433579037257e+04 1.855946740038299552e-12
5.484988559988501220e+04 1.885039215126110798e-12
5.486400686401327403e+04 1.877513808419664576e-12
5.487812812808617309e+04 1.991543537010804089e-12
5.489224939218016516e+04 1.838788636035602443e-12
5.490637065639065986e+04 1.767231005324681465e-12
5.492049192048285477e+04 1.847261976394605385e-12
5.493461318461701740e+04 1.896530543984797225e-12
5.494873444871582615e+04 2.041354231769801629e-12
5.496285571288112260e+04 1.986285092807675085e-12
5.497697697699067066e+04 1.996032652903369864e-12
5.499109824110889895e+04 1.889982102187909675e-12
5.500521950518499943e+04 1.937861587241965382e-12
5.501934076931942400e+04 1.883380646791278324e-12
5.503346203348289418e+04 1.829206427881964699e-12
5.504758329759845219e+04 1.793806596653241846e-12
5.506170456171562546e+04 1.890810755241043146e-12
5.507582582580405870e+04 1.730100658732903015e-12
5.508994708990643994e+04 1.624096810474359781e-12
5.510406835409297491e+04 1.531642354750259624e-12
5.511818961818795651e+04 1.485627181287183738e-12
5.513231088232019829e+04 1.225023685005221326e-12
5.514643214639937651e+04 1.282470231470131239e-12
5.516055341059858620e+04 1.214145799229281159e-12
5.517467467470744305e+04 1.164973161010053484e-12
5.518879593879004824e+04 1.079426251109674941e-12
5.520291720287885983e+04 1.005419896982030439e-12
5.521703846699865244e+04 1.053529738749257502e-12
5.523115973121116986e+04 9.112443926091145475e-13
5.524528099529067549e+04 7.588384978322242358e-13
5.525940225940137316e+04 6.403606757768917225e-13
5.527352352349531429e+04 5.217875554648775069e-13
5.528764478760360362e+04 4.812813785751469364e-13
5.530176605181863852e+04 5.195616153899331657e-13
5.531588731587975053e+04 4.640929810868820420e-13
5.533000857998897118e+04 3.879578784838229443e-13
5.534412984410428908e+04 3.875602764857467113e-13
5.535825110827873868e+04 2.633292166296790634e-13
5.537237237238962553e+04 3.449676357775397503e-13
5.538649363650227315e+04 2.030232408224727518e-15
5.540061490059322387e+04 -2.768837825565731157e-13
5.541473616469297849e+04 -1.868237744208877571e-13
5.542885742890051915e+04 -2.226281499047959482e-13
5.544297869302124309e+04 -3.818500789344221073e-13
5.545709995711667580e+04 -4.763057980488393795e-13
5.547122122119011328e+04 -6.036690780897521948e-13
5.548534248529927572e+04 -6.996312669968806031e-13
5.549946374951083999e+04 -6.951333155043576293e-13
5.551358501358597277e+04 -9.501905794702974311e-13
5.552770627768157283e+04 -1.101314681139103833e-12
5.554182754182069766e+04 -1.079924955871166567e-12
5.555594880589142122e+04 -1.142729662595865836e-12
5.557007007009552035e+04 -1.216614842781239602e-12
5.558419133419622085e+04 -1.193771030206051882e-12
5.559831259831300849e+04 -1.391398787792713910e-12
5.561243386239724350e+04 -1.314108746052385567e-12
5.562655512659859960e+04 -1.522339223587747543e-12
5.564067639069267898e+04 -1.441230309323039271e-12
5.565479765479826165e+04 -1.384715287539336807e-12
5.566891891891293926e+04 -1.404941238070047578e-12
5.568304018299037853e+04 -1.307129253200440627e-12
5.569716144721949240e+04 -1.457689138700548382e-12
5.571128271130121720e+04 -1.634475609330905082e-12
5.572540397538086836e+04 -1.694459235212110914e-12
5.573952523951726471e+04 -1.787555534161677123e-12
5.575364650360419910e+04 -1.866651193864697811e-12
5.576776776777863415e+04 -1.995184559785663562e-12
5.578188903191382997e+04 -2.051053320543921223e-12
5.579601029601375922e+04 -2.067059009866479996e-12
5.581013156008113583e+04 -2.048928989868485530e-12
5.582425282430004881e+04 -2.127023071204923336e-12
5.583837408838726697e+04 -2.188646963106764679e-12
5.585249535248982284e+04 -2.190018374442986212e-12
5.586661661659763195e+04 -2.376902673595914658e-12
5.588073788070146838e+04 -2.256361738950564282e-12
5.589485914491352742e+04 -2.597802770355690734e-12
5.590898040899200714e+04 -2.566195935965759080e-12
5.592310167309756071e+04 -2.588358145115672796e-12
5.593722293719976005e+04 -2.688067890633240877e-12
5.595134420131085790e+04 -2.666379017195322352e-12
5.596546546548048354e+04 -2.848292029143732330e-12
5.597958672960724653e+04 -3.019544889743719606e-12
5.599370799369920132e+04 -2.986492172532212235e-12
5.600782925779851939e+04 -3.027149816849781327e-12
5.602195052198827034e+04 -3.117568929012300750e-12
5.603607178611322888e+04 -3.181348707303710799e-12
5.605019305019450258e+04 -3.202773774971477063e-12
5.606431431430159864e+04 -3.192671528648926769e-12
5.607843557839903951e+04 -3.202247425659738072e-12
5.609255684261421266e+04 -3.419812083435652240e-12
5.610667810669138271e+04 -3.404622424880574055e-12
5.612079937078002695e+04 -3.464886265503281218e-12
5.613492063489149587e+04 -3.627068751632868967e-12
5.614904189900762140e+04 -3.697066898951335261e-12
5.616316316318907775e+04 -3.727337033290591010e-12
5.617728442731035466e+04 -3.731852655983028483e-12
5.619140569138245337e+04 -3.810537460288037240e-12
5.620552695552150544e+04 -3.938126048127859693e-12
5.621964821960125118e+04 -4.046267480461775479e-12
5.623376948382065893e+04 -4.116004346467219765e-12
5.624789074790864834e+04 -4.117548683116890304e-12
5.626201201202084485e+04 -4.196352768021322310e-12
5.627613327610948909e+04 -4.210267575725425488e-12
5.629025454028378590e+04 -4.403224456506115636e-12
5.630437580438980513e+04 -4.659380490438167914e-12
5.631849706851012888e+04 -4.667625998541130157e-12
5.633261833261179709e+04 -4.934740069763019857e-12
5.634673959668791940e+04 -4.964663722361095635e-12
5.636086086091782636e+04 -5.086493392371639025e-12
5.637498212497874192e+04 -5.214743387979690427e-12
5.638910338909026177e+04 -5.346176092915199584e-12
5.640322465318494505e+04 -5.340735887798664475e-12
5.641734591730790999e+04 -5.364727066139729014e-12
5.643146718149539811e+04 -5.392311178091980878e-12
5.644558844562013837e+04 -5.479927511725203825e-12
5.645970970971324277e+04 -5.528187558691704385e-12
5.647383097378573439e+04 -5.633873956466069599e-12
5.648795223801609973e+04 -5.772443932824188558e-12
5.650207350211419543e+04 -6.034346893414148975e-12
5.651619476619057968e+04 -6.115979632533466390e-12
5.653031603028242534e+04 -6.216985686787619053e-12
5.654443729439435265e+04 -6.373921088771165150e-12
5.655855855859191797e+04 -6.412772484011759333e-12
5.657267982271200890e+04 -6.472233547266922361e-12
5.658680108679694240e+04 -6.628530261596415828e-12
5.660092235091432667e+04 -6.928819486200649974e-12
5.661504361498269282e+04 -7.042326652165746684e-12
5.662916487921588850e+04 -7.126777316557143306e-12
5.664328614332137658e+04 -7.315154832102847191e-12
5.665740740738944442e+04 -7.463678742927090436e-12
