5.300000000000025466e+04 -2.056291472509586932e-12
5.301412126411450299e+04 -2.030688639980903807e-12
5.302824252817851811e+04 -2.033537723926478434e-12
5.304236379241502436e+04 -2.065026127478456391e-12
5.305648505649276922e+04 -2.080965799272378901e-12
5.307060632060279750e+04 -2.077417976721613563e-12
5.308472758467943640e+04 -2.173488425531462494e-12
5.309884884879853053e+04 -2.077981937549193724e-12
5.311297011299472069e+04 -2.007899388858302466e-12
5.312709137711171934e+04 -2.021704910898633029e-12
5.314121264121068816e+04 -1.844587830821330691e-12
5.315533390530032193e+04 -1.742961141858015524e-12
5.316945516950641468e+04 -1.693969986336030755e-12
5.318357643358233327e+04 -1.731587100763896083e-12
5.319769769768392143e+04 -1.707366085590682754e-12
5.321181896181282355e+04 -1.646722885339733341e-12
5.322594022590952227e+04 -1.442218285005576590e-12
5.324006149010013178e+04 -1.530047323066162193e-12
5.325418275420640566e+04 -1.423939484199283386e-12
5.326830401828587492e+04 -1.400806293210625377e-12
5.328242528240560932e+04 -1.415524166640199909e-12
5.329654654650419980e+04 -1.355028169025430026e-12
5.331066781067958073e+04 -1.204919393455226972e-12
5.332478907480192720e+04 -1.098745329886125249e-12
5.333891033889269602e+04 -1.097748538910786228e-12
5.335303160299659066e+04 -9.015095396807186028e-13
5.336715286720807489e+04 -9.128692808546940161e-13
5.338127413128157787e+04 -8.516266378417435862e-13
5.339539539542029524e+04 -8.334740637080757815e-13
5.340951665950880852e+04 -8.136781114317516164e-13
5.342363792359580839e+04 -9.385497120854838715e-13
5.343775918781696964e+04 -7.653350678524310118e-13
5.345188045189851982e+04 -6.492673552103404046e-13
5.346600171598928864e+04 -5.741213160638549926e-13
5.348012298012287647e+04 -6.463148131969806988e-13
5.349424424422003358e+04 -6.192867278205178752e-13
5.350836550838673429e+04 -5.600211827004427724e-13
5.352248677250058972e+04 -7.018548788333200214e-13
5.353660803661192767e+04 -8.198598803686920025e-13
5.355072930071238807e+04 -7.105997539180273835e-13
5.356485056489342242e+04 -4.850462480739510344e-13
5.357897182901232009e+04 -6.173369110433063734e-13
5.359309309309632954e+04 -4.533143543831525187e-13
5.360721435720335285e+04 -5.067901214608393653e-13
5.362133562130649079e+04 -3.293999005457435494e-13
5.363545688551084459e+04 -4.128483826655074992e-13
5.364957814957912342e+04 -2.720282088266392117e-13
5.366369941370002198e+04 -2.882340157337889629e-13
5.367782067781240767e+04 -2.944722425687041337e-13
5.369194194188538677e+04 -1.942577428373600861e-13
5.370606320608486567e+04 -2.537064258396250183e-13
5.372018447018240113e+04 -5.036980342109015364e-14
5.373430573431836820e+04 -1.648080592620908595e-14
5.374842699841562717e+04 6.735447460989904992e-14
5.376254826247785240e+04 -1.001532239712249366e-13
5.377666952669675084e+04 -2.259755426587371955e-13
5.379079079078066570e+04 -3.823141381943758959e-13
5.380491205489353160e+04 -2.600442988039584577e-13
5.381903331897930184e+04 -1.748731502235063996e-13
5.383315458321142069e+04 7.249973367947236342e-15
5.384727584730875969e+04 -3.093007163388588012e-14
5.386139711141402222e+04 -1.757586738086761376e-13
5.387551837551543576e+04 -2.281178108107971649e-13
5.388963963961679838e+04 -3.375010731732491051e-13
5.390376090377812216e+04 -2.542730653265984195e-13
5.391788216788303544e+04 -3.785242884649199047e-13
5.393200343202020304e+04 -4.504279134415823437e-13
5.394612469610118569e+04 -5.061619964382613368e-13
5.396024596018598095e+04 -4.643697998500869991e-13
5.397436722440788435e+04 -4.304002777328390159e-13
5.398848848850505601e+04 -2.421821737687771279e-13
5.400260975261112617e+04 -2.242320238649284680e-13
5.401673101669562311e+04 -2.874386599448008897e-13
5.403085228091553290e+04 -3.110019612116801400e-13
5.404497354500254005e+04 -9.867064781243552845e-14
5.405909480907980469e+04 -6.895236420254560617e-14
5.407321607318228052e+04 -1.865974363357920509e-13
5.408733733730010863e+04 -2.950709435481040779e-13
5.410145860148400971e+04 -3.839373233662237264e-13
5.411557986559311394e+04 -4.196952009145042833e-13
5.412970112972212519e+04 -4.980264545502367611e-13
5.414382239379143721e+04 -4.183314748124734890e-13
5.415794365789653239e+04 -3.250368177061929601e-13
5.417206492210155557e+04 -1.640060351169695567e-13
5.418618618620748748e+04 -1.484950312462104210e-13
5.420030745031627885e+04 -8.112765413631757209e-14
5.421442871438177826e+04 -2.006967454963140899e-13
5.422854997850242944e+04 -2.727602658336643297e-13
5.424267124268544285e+04 -3.483291210627931428e-13
5.425679250681659323e+04 -2.245725844991356052e-13
5.427091377089006710e+04 -1.907504298586451184e-13
5.428503503499751969e+04 -2.714621462816889171e-13
5.429915629920223000e+04 -2.260612597593120738e-13
5.431327756329024851e+04 -1.101606954633425160e-13
5.432739882739302993e+04 -1.430876009245595486e-13
5.434152009150185040e+04 -1.587182790549674667e-13
5.435564135559226997e+04 -2.818073761181871213e-13
5.436976261978236289e+04 -2.148811123950988926e-13
5.438388388389018655e+04 -2.441584474587622233e-13
5.439800514799026860e+04 -4.193610690628402765e-13
5.441212641208154673e+04 -4.886724111094246286e-13
5.442624767620399507e+04 -5.358942914972836700e-13
5.444036894039716572e+04 -5.471285065710902266e-13
5.445449020450527314e+04 -5.302079509176084046e-13
5.446861146860638110e+04 -5.255719745011314118e-13
5.448273273270168283e+04 -4.710186445648714249e-13
5.449685399688730831e+04 -4.448858083676820681e-13
5.451097526099158858e+04 -4.017796675320416674e-13
5.452509652511703462e+04 -4.193544754397191301e-13
5.453921778919699864e+04 -3.148054927091125227e-13
5.455333905332153518e+04 -2.255701996773648073e-13
5.456746031749303074e+04 -1.575663730957034635e-13
5.458158158159876621e+04 -2.284778226332116589e-13
5.459570284568158240e+04 3.997461943992314012e-14
5.460982410981410067e+04 1.572293490843978299e-13
5.462394537389506877e+04 1.773260529953351539e-13
5.463806663812214538e+04 2.305852195534924161e-13
5.465218790222182724e+04 3.001319539455016956e-13
5.466630916631365108e+04 3.099419464251409774e-13
5.468043043041654892e+04 4.414824199238880205e-13
5.469455169460587786e+04 3.406520757930290733e-13
5.470867295869863301e+04 3.596222591937188331e-13
5.472279422280409199e+04 3.977001030371742304e-13
5.473691548692031211e+04 5.408364518379226360e-13
5.475103675097895757e+04 7.542347782987465410e-13
5.476515801519393426e+04 7.577650041178074295e-13
5.477927927929547150e+04 7.547118269315613083e-13
5.479340054339745984e+04 8.633041842006319618e-13
5.480752180749534455e+04 8.686519422330365348e-13
5.482164307161360193e+04 8.819575440103507619e-13
5.483576433578282013e+04 9.013398288561120220e-13
5.484988559992005321e+04 1.051180243965284568e-12
5.486400686398585094e+04 1.041390691717320840e-12
5.487812812808346644e+04 9.970680274158290249e-13
5.489224939218886720e+04 1.026212171292445400e-12
5.490637065641160734e+04 1.169908978058491050e-12
5.492049192049099656e+04 1.132082351255951281e-12
5.493461318458652386e+04 1.124214510466645351e-12
5.494873444870545063e+04 1.209691932841074610e-12
5.496285571287864150e+04 1.405692655015601724e-12
5.497697697700515710e+04 1.427118303666605807e-12
5.499109824111884518e+04 1.564598642554036221e-12
5.500521950521938561e+04 1.536443542145591609e-12
5.501934076928976720e+04 1.343311046028762484e-12
5.503346203350587894e+04 1.279576095896308369e-12
5.504758329761651112e+04 1.327105239121612733e-12
5.506170456169370300e+04 1.325932563249517169e-12
5.507582582579032896e+04 1.417818657616543108e-12
5.508994708991895459e+04 1.341087346631156482e-12
5.510406835408219195e+04 1.242656421954082114e-12
5.511818961821389530e+04 1.244784184135275511e-12
5.513231088232015463e+04 1.228488374272522136e-12
5.514643214641248778e+04 1.206480179018764943e-12
5.516055341060765932e+04 1.176754147901707522e-12
5.517467467471265263e+04 1.201119233740117976e-12
5.518879593879916501e+04 1.211831893225042002e-12
5.520291720291905222e+04 1.178108807771946727e-12
5.521703846701548900e+04 1.024533105164645790e-12
5.523115973118934198e+04 1.061944993072865499e-12
5.524528099530664622e+04 9.931929551075323297e-13
5.525940225938511867e+04 9.951862073770543394e-13
5.527352352351257287e+04 1.025799080803905702e-12
5.528764478758536279e+04 9.772891361393309839e-13
5.530176605177936290e+04 9.314647741719985492e-13
5.531588731591524993e+04 8.324226206315940587e-13
5.533000857999398431e+04 9.250251121507324308e-13
5.534412984409256751e+04 8.451265542991039016e-13
5.535825110829018377e+04 8.203312345520386685e-13
5.537237237240935065e+04 8.974548661131335567e-13
5.538649363647975406e+04 7.917824948432618665e-13
5.540061490058179334e+04 8.799580277988635370e-13
5.541473616469680564e+04 9.926723885621178950e-13
5.542885742890427355e+04 9.829715205451336624e-13
5.544297869300415186e+04 8.388837119280039788e-13
5.545709995712032833e+04 9.322823834390205042e-13
5.547122122120333370e+04 9.765865855957729078e-13
5.548534248528473108e+04 1.057694413927819591e-12
5.549946374951649341e+04 9.694015144806615139e-13
5.551358501358723151e+04 8.778259797626414203e-13
5.552770627767911355e+04 9.414851032292023010e-13
5.554182754179859330e+04 1.114739144360404023e-12
5.555594880588452361e+04 1.121922567069735257e-12
5.557007007011989481e+04 1.292798288341140018e-12
5.558419133421419974e+04 1.103704386386012222e-12
5.559831259831412899e+04 1.050076471454804757e-12
5.561243386238772655e+04 9.689880943109655825e-13
5.562655512658636144e+04 9.435063783969892587e-13
5.564067639069603320e+04 9.144347643747055955e-13
5.565479765479687921e+04 9.333607705004838257e-13
5.566891891890156694e+04 7.998567160362597299e-13
5.568304018301111500e+04 8.115587486705115499e-13
5.569716144721020828e+04 7.542100522120422167e-13
5.571128271128569759e+04 8.687254611308372417e-13
5.572540397538887191e+04 8.618034755782594388e-13
5.573952523952034971e+04 9.158174471432097489e-13
5.575364650361281383e+04 7.007782975686889846e-13
5.576776776780367800e+04 6.308097361375045517e-13
5.578188903191127611e+04 5.735935715037702112e-13
5.579601029599783942e+04 6.900722317068861053e-13
5.581013156012213585e+04 7.195005607400237397e-13
5.582425282428516948e+04 6.353075761495935017e-13
5.583837408841406432e+04 7.281830436659472348e-13
5.585249535248780012e+04 4.866131327388760025e-13
5.586661661658442608e+04 3.822842121799375688e-13
5.588073788072201569e+04 4.945683390345371982e-13
5.589485914489872084e+04 5.094372888538748899e-13
5.590898040899035550e+04 5.698843288169701720e-13
5.592310167310418183e+04 4.838484265641799619e-13
5.593722293720779999e+04 4.648637371926236800e-13
5.595134420131875231e+04 3.961522500094854853e-13
5.596546546549924096e+04 4.173247035326375964e-13
5.597958672959666001e+04 5.389440820021541162e-13
5.599370799369802990e+04 4.753930939547798350e-13
5.600782925778228673e+04 3.823834462079107973e-13
5.602195052199170459e+04 3.663889649217937134e-13
5.603607178611459676e+04 2.518234444672779755e-13
5.605019305018398882e+04 4.417309995155551903e-13
5.606431431430894008e+04 3.909835088448200125e-13
5.607843557840283756e+04 2.491807203203231437e-13
5.609255684261455463e+04 1.691974344115878072e-13
5.610667810669742175e+04 2.044746368343369159e-13
5.612079937078397779e+04 2.633214044659303387e-13
5.613492063489496650e+04 2.609490188669424095e-13
5.614904189900084748e+04 2.519764165236885221e-13
5.616316316319311591e+04 1.294471180634540478e-13
5.617728442730822280e+04 1.787509349518145687e-13
5.619140569140554726e+04 1.526566714498838680e-13
5.620552695549211785e+04 1.658983150829230001e-13
5.621964821960735571e+04 1.008255188191885526e-13
5.623376948379356327e+04 3.582690081556698342e-14
5.624789074788505241e+04 -3.556753161556506781e-14
5.626201201197779301e+04 -3.587875062688310976e-14
5.627613327607859537e+04 3.169500688670157183e-14
5.629025454031088884e+04 3.142895419376337659e-14
5.630437580437929864e+04 -1.188693880411725934e-13
5.631849706847968628e+04 -2.486747496155903833e-13
5.633261833258750266e+04 -3.250618734740533166e-13
5.634673959668691532e+04 -3.419389112149356226e-13
5.636086086092035839e+04 -2.962160910436688933e-13
5.637498212501611124e+04 -3.970892937248152923e-13
5.638910338911888539e+04 -4.103137939377394184e-13
5.640322465317827300e+04 -4.945226032236604584e-13
5.641734591731557157e+04 -4.588636300221969968e-13
5.643146718148403306e+04 -5.220213084503949189e-13
5.644558844558116834e+04 -5.465495864610537722e-13
5.645970970970536291e+04 -5.157613226591800154e-13
5.647383097378927050e+04 -5.955125130340510986e-13
5.648795223799689848e+04 -5.407828036793004195e-13
5.650207350208560092e+04 -5.677411614912572080e-13
5.651619476618996850e+04 -7.109787224069152365e-13
5.653031603029799589e+04 -6.880236828729615169e-13
5.654443729438909941e+04 -7.482959918233464692e-13
5.655855855859177245e+04 -8.060007439303576085e-13
5.657267982271579240e+04 -7.701235218035843517e-13
5.658680108681663842e+04 -7.826883300232379544e-13
5.660092235092227929e+04 -8.528682170754551051e-13
5.661504361501828680e+04 -9.478388083385527369e-13
5.662916487921432417e+04 -9.750098104961662705e-13
5.664328614331875724e+04 -1.136244995402145314e-12
5.665740740740665933e+04 -1.092389489298786698e-12
