5.300000000000006548e+04 5.933272261753745676e-12
5.301412126411286590e+04 5.780002392181901411e-12
5.302824252819043613e+04 5.680917334989216913e-12
5.304236379240424139e+04 5.559916534949203215e-12
5.305648505649745493e+04 5.471721186873907795e-12
5.307060632057873590e+04 5.426563368226874884e-12
5.308472758470660483e+04 5.320487055110269312e-12
5.309884884879871970e+04 5.190901487182380492e-12
5.311297011300053418e+04 5.025317090161120176e-12
5.312709137711307994e+04 4.929413155957349820e-12
5.314121264118156250e+04 4.807462864682244861e-12
5.315533390530552424e+04 4.737839623743988965e-12
5.316945516948515433e+04 4.551698638108901163e-12
5.318357643361667579e+04 4.521469247523364791e-12
5.319769769769037521e+04 4.561081260328712396e-12
5.321181896182157652e+04 4.572490833557058339e-12
5.322594022588749795e+04 4.432803977955833919e-12
5.324006149010484660e+04 4.497760566817575769e-12
5.325418275419714337e+04 4.475168025032803967e-12
5.326830401831571362e+04 4.352535443070462186e-12
5.328242528238293744e+04 4.452781370024649496e-12
5.329654654650520388e+04 4.488785970839372799e-12
5.331066781070373690e+04 4.507413727707664871e-12
5.332478907478108158e+04 4.501630204476828085e-12
5.333891033889657410e+04 4.423767185219171269e-12
5.335303160299165029e+04 4.404609592945197004e-12
5.336715286721321900e+04 4.407026264362691506e-12
5.338127413130692730e+04 4.448116010124557762e-12
5.339539539541231352e+04 4.410238873383761536e-12
5.340951665949079324e+04 4.390061021679303790e-12
5.342363792361994274e+04 4.418170166118616334e-12
5.343775918780112988e+04 4.450214073908864567e-12
5.345188045189322293e+04 4.394617494179543902e-12
5.346600171600244357e+04 4.440494753585954890e-12
5.348012298011513485e+04 4.433971588571005069e-12
5.349424424417913542e+04 4.352011077878301731e-12
5.350836550841967255e+04 4.324462996441542159e-12
5.352248677249597677e+04 4.262015814191866328e-12
5.353660803661478712e+04 4.373274099342190220e-12
5.355072930067725247e+04 4.322442549387666390e-12
5.356485056490654824e+04 4.243882530167832819e-12
5.357897182899792097e+04 4.181896827191099628e-12
5.359309309311605466e+04 4.334824700736514053e-12
5.360721435722155729e+04 4.451618841970072018e-12
5.362133562131941289e+04 4.177133434173104980e-12
5.363545688547884492e+04 4.144037350194741930e-12
5.364957814958393283e+04 4.378422560934024015e-12
5.366369941370056767e+04 4.388696569522471489e-12
5.367782067779365752e+04 4.408581441759451660e-12
5.369194194191395218e+04 4.263703138164078096e-12
5.370606320608015085e+04 4.220214768382082316e-12
5.372018447017992003e+04 4.162634783989658275e-12
5.373430573431101220e+04 4.098907571776072613e-12
5.374842699837728287e+04 4.132134079427990325e-12
5.376254826248103927e+04 4.084518928878709500e-12
5.377666952672155458e+04 4.000282981651466839e-12
5.379079079080201336e+04 4.028759276484897319e-12
5.380491205489948334e+04 3.875981639984846063e-12
5.381903331898427859e+04 3.720031710368099927e-12
5.383315458321003825e+04 3.721930520548092107e-12
5.384727584728724469e+04 3.633688567976499512e-12
5.386139711139452993e+04 3.607879325278653829e-12
5.387551837548909680e+04 3.531236378998913526e-12
5.388963963961408444e+04 3.704992413569572126e-12
5.390376090380674577e+04 3.611659716619673497e-12
5.391788216789116996e+04 3.663701691301493484e-12
5.393200343200440693e+04 3.702698369694552647e-12
5.394612469611526467e+04 3.747911105839531779e-12
5.396024596018179000e+04 3.664798662938913756e-12
5.397436722438581637e+04 3.606338878693107300e-12
5.398848848849762726e+04 3.642315826932393862e-12
5.400260975260793202e+04 3.678547075491585440e-12
5.401673101669937751e+04 3.651551270257707768e-12
5.403085228089433076e+04 3.535777603817371413e-12
5.404497354501455266e+04 3.474588398387331753e-12
5.405909480908533442e+04 3.495778024230434804e-12
5.407321607320975454e+04 3.592564622611990192e-12
5.408733733731532266e+04 3.519019453941927361e-12
5.410145860149656801e+04 3.428031971053370860e-12
5.411557986560014979e+04 3.484839320090367153e-12
5.412970112970745686e+04 3.396858817881549267e-12
5.414382239377832593e+04 3.175072068824204627e-12
5.415794365791435121e+04 3.220007762344247757e-12
5.417206492211642762e+04 3.317567426806705535e-12
5.418618618617920583e+04 3.305628061245225186e-12
5.420030745029993705e+04 3.336898386084002427e-12
5.421442871438557631e+04 3.273683909474776820e-12
5.422854997849073698e+04 3.208175561280721672e-12
5.424267124269400665e+04 3.289137133453908458e-12
5.425679250682293059e+04 3.380834279633580527e-12
5.427091377088746958e+04 3.285073152460745654e-12
5.428503503499786893e+04 3.408628133025857940e-12
5.429915629921837535e+04 3.286031085915128920e-12
5.431327756331637647e+04 3.197323519106041642e-12
5.432739882738432789e+04 3.112624283558865024e-12
5.434152009151659877e+04 3.128587658789512497e-12
5.435564135559759598e+04 3.043740425969437055e-12
5.436976261980263371e+04 2.879412282865917168e-12
5.438388388390538603e+04 2.826922525981229752e-12
5.439800514801790268e+04 2.748378874329411589e-12
5.441212641207711567e+04 2.697590827647771305e-12
5.442624767622228683e+04 2.722906803532685566e-12
5.444036894040810148e+04 2.638104710742295453e-12
5.445449020450570970e+04 2.640259027273519387e-12
5.446861146858742723e+04 2.672394248864275077e-12
5.448273273271198559e+04 2.712722385842850212e-12
5.449685399689301266e+04 2.551923262693669477e-12
5.451097526099708193e+04 2.413458116827162143e-12
5.452509652508396539e+04 2.295191928213344182e-12
5.453921778919227654e+04 2.202678643405360414e-12
5.455333905328297260e+04 2.289310630299887572e-12
5.456746031750878319e+04 2.249126527919849560e-12
5.458158158160623861e+04 2.260228735449882563e-12
5.459570284570723015e+04 2.151929878886957270e-12
5.460982410980891291e+04 2.164612504326532481e-12
5.462394537391160702e+04 2.062747997185799004e-12
5.463806663808106532e+04 1.913051426147030743e-12
5.465218790220937808e+04 1.757401023024968912e-12
5.466630916628015257e+04 1.819071262664475822e-12
5.468043043041857163e+04 1.842519440603533380e-12
5.469455169459711033e+04 1.846410097665920941e-12
5.470867295868790825e+04 1.937795915472918773e-12
5.472279422281472216e+04 1.792293404520489312e-12
5.473691548690827040e+04 1.722635791689400818e-12
5.475103675099237444e+04 1.805284257109325739e-12
5.476515801519060915e+04 1.788036803095312168e-12
5.477927927931636077e+04 1.721728856131150465e-12
5.479340054342165968e+04 1.625073715164287950e-12
5.480752180748396495e+04 1.505519485092741786e-12
5.482164307161285251e+04 1.423863928035696098e-12
5.483576433580832236e+04 1.422499389733769232e-12
5.484988559988250199e+04 1.285306779207922766e-12
5.486400686401747953e+04 1.179471500066619825e-12
5.487812812811663753e+04 1.209607638587015069e-12
5.489224939220398664e+04 1.287157520425005724e-12
5.490637065640103538e+04 1.084547014054663293e-12
5.492049192048831901e+04 1.105660832214326019e-12
5.493461318458340247e+04 1.044807248073699610e-12
5.494873444870506501e+04 8.974574417079799885e-13
5.496285571291377710e+04 8.958113812361859085e-13
5.497697697697940021e+04 6.684979074756581432e-13
5.499109824108058820e+04 5.251407539645916059e-13
5.500521950518306403e+04 4.119819357323793365e-13
5.501934076932190510e+04 4.374233388753498079e-13
5.503346203350814176e+04 4.498468398697108343e-13
5.504758329761995265e+04 2.985619255726770124e-13
5.506170456169608951e+04 1.913712395094982044e-13
5.507582582580720191e+04 2.939055023978546479e-14
5.508994708990037907e+04 -3.852762083672573512e-14
5.510406835411119391e+04 -1.031130104848944491e-13
5.511818961820435652e+04 -1.861634289172431331e-13
5.513231088230363821e+04 -1.165044377646374087e-13
5.514643214638171048e+04 -1.993701611136949783e-13
5.516055341058910562e+04 -4.583078437625146007e-13
5.517467467469910480e+04 -6.126784753559511038e-13
5.518879593881958863e+04 -5.714635607713134941e-13
5.520291720290315425e+04 -5.977688269251249598e-13
5.521703846702333249e+04 -7.044988090212138790e-13
5.523115973117739486e+04 -6.572230701455178675e-13
5.524528099527844461e+04 -8.839690200213805978e-13
5.525940225938478397e+04 -1.022586470415527122e-12
5.527352352351894660e+04 -9.921872447755557903e-13
5.528764478759472695e+04 -1.242148953124655289e-12
5.530176605181033665e+04 -1.349416136032033012e-12
5.531588731588222436e+04 -1.465907046531829272e-12
5.533000857998488209e+04 -1.605600276870070685e-12
5.534412984410869103e+04 -1.722972623980050942e-12
5.535825110829874757e+04 -1.810737591161632553e-12
5.537237237239496608e+04 -1.798279287548964892e-12
5.538649363648729923e+04 -2.007035384983666959e-12
5.540061490058389609e+04 -2.120134935390643997e-12
5.541473616470267734e+04 -2.300655082806460079e-12
5.542885742888473033e+04 -2.326925201761585842e-12
5.544297869301935134e+04 -2.406478818505057185e-12
5.545709995711470401e+04 -2.504547083607324187e-12
5.547122122118388506e+04 -2.521756806069807432e-12
5.548534248532098718e+04 -2.639637064658838172e-12
5.549946374948952871e+04 -2.761446917893114950e-12
5.551358501360377704e+04 -2.908601347183785973e-12
5.552770627768001577e+04 -2.858729195150256851e-12
5.554182754179173207e+04 -2.973561640284605224e-12
5.555594880589062814e+04 -3.092407757676742229e-12
5.557007007011120004e+04 -3.139989139348854631e-12
5.558419133420690196e+04 -3.441128959368933273e-12
5.559831259829558985e+04 -3.497453034423997164e-12
5.561243386240770633e+04 -3.558167408091396426e-12
5.562655512661963439e+04 -3.525204159849244336e-12
5.564067639067698474e+04 -3.579852195939516984e-12
5.565479765480902279e+04 -3.395946890877708935e-12
5.566891891887999373e+04 -3.634250411254815726e-12
5.568304018298808660e+04 -3.547820693042922861e-12
5.569716144720588636e+04 -3.647951271715146991e-12
5.571128271131063957e+04 -3.711701743104334261e-12
5.572540397538887919e+04 -3.786472584183476283e-12
5.573952523949112219e+04 -3.732821074550065099e-12
5.575364650361014355e+04 -3.691043115625693161e-12
5.576776776779468491e+04 -3.806350392522681528e-12
5.578188903191476857e+04 -3.840800505101402812e-12
5.579601029598242167e+04 -4.049878096029968278e-12
5.581013156011562387e+04 -4.164080303650623436e-12
5.582425282427949423e+04 -4.202258086772336339e-12
5.583837408841487195e+04 -4.277691900501202797e-12
5.585249535248532629e+04 -4.271400207356030622e-12
5.586661661661534890e+04 -4.354455449913688676e-12
5.588073788068624708e+04 -4.472979729231583417e-12
5.589485914491238509e+04 -4.547874274666885049e-12
5.590898040899243642e+04 -4.478635326996615398e-12
5.592310167308581731e+04 -4.562313226299622737e-12
5.593722293719681329e+04 -4.606114905791474010e-12
5.595134420129327191e+04 -4.673722609946258275e-12
5.596546546547724574e+04 -4.747685754616381815e-12
5.597958672960445983e+04 -4.842400908047928723e-12
5.599370799367735162e+04 -5.004519084888971725e-12
5.600782925779098878e+04 -5.097285291695343026e-12
5.602195052199635393e+04 -5.345151606758075110e-12
5.603607178608728282e+04 -5.429608602298621351e-12
5.605019305021726177e+04 -5.434742849949811335e-12
5.606431431430466182e+04 -5.457651587305114129e-12
5.607843557839347341e+04 -5.377833332830359682e-12
5.609255684258432302e+04 -5.530069978134949967e-12
5.610667810671099869e+04 -5.473286577434313014e-12
5.612079937078696094e+04 -5.539463239273971377e-12
5.613492063490943838e+04 -5.662624536755762573e-12
5.614904189900177880e+04 -5.688237196347232215e-12
5.616316316320569604e+04 -5.724165903333420627e-12
5.617728442732095573e+04 -5.728934895782579163e-12
5.619140569139019499e+04 -5.862767158449741278e-12
5.620552695548415795e+04 -5.803837366566604198e-12
5.621964821961671987e+04 -5.915077216666636661e-12
5.623376948378847737e+04 -6.032422341926654215e-12
5.624789074787888239e+04 -6.180312105746697504e-12
5.626201201200766081e+04 -6.349365651881397209e-12
5.627613327612135618e+04 -6.450341141643602556e-12
5.629025454032176640e+04 -6.455361677769631547e-12
5.630437580441293539e+04 -6.518067726029237059e-12
5.631849706850120856e+04 -6.638288719134679624e-12
5.633261833260166168e+04 -6.703661474949490058e-12
5.634673959670819022e+04 -6.539759060904564346e-12
5.636086086091300967e+04 -6.607276140419599692e-12
5.637498212499473448e+04 -6.707494931668918459e-12
5.638910338909533311e+04 -6.599841474156374246e-12
5.640322465321444179e+04 -6.690164950654068704e-12
5.641734591730054672e+04 -6.736761866182593878e-12
5.643146718150535162e+04 -6.842769263223344719e-12
5.644558844559159479e+04 -6.955584534817419677e-12
5.645970970971684437e+04 -7.058696767511506408e-12
5.647383097380393156e+04 -7.092646204799142680e-12
5.648795223801012617e+04 -7.194628213849208914e-12
5.650207350209086871e+04 -7.260381041822359590e-12
5.651619476622094953e+04 -7.414629347381152956e-12
5.653031603029918915e+04 -7.276713807219588132e-12
5.654443729438824812e+04 -7.240926722769282157e-12
5.655855855859459552e+04 -7.376908822422737498e-12
5.657267982269971253e+04 -7.538148663877011140e-12
5.658680108678968099e+04 -7.689593118889649066e-12
5.660092235087891459e+04 -7.779699509748400032e-12
5.661504361498605431e+04 -7.956851039376429494e-12
5.662916487920890359e+04 -8.181620476196773937e-12
5.664328614332134748e+04 -8.340510624044773129e-12
5.665740740741640184e+04 -8.667568401872359948e-12
