5.299999999999734428e+04 4.398649178039094257e-12
5.301412126410916244e+04 4.373125935045556046e-12
5.302824252818698005e+04 4.332990291726685188e-12
5.304236379240883980e+04 4.276561515269384303e-12
5.305648505649157596e+04 4.020509229436023574e-12
5.307060632057711337e+04 4.198713502532652138e-12
5.308472758470126428e+04 4.313304916615874040e-12
5.309884884877230070e+04 4.342500253254233813e-12
5.311297011298219149e+04 4.333393051228238123e-12
5.312709137710105279e+04 4.420877432878647512e-12
5.314121264118747058e+04 4.378304108208305855e-12
5.315533390528382006e+04 4.433473213472816833e-12
5.316945516949694866e+04 4.519623050343610165e-12
5.318357643362441013e+04 4.656524535522779668e-12
5.319769769768352853e+04 4.669279856405806607e-12
5.321181896182214405e+04 4.719920930001332373e-12
5.322594022591340035e+04 4.756218109605894384e-12
5.324006149010595982e+04 4.738966140178101583e-12
5.325418275417187397e+04 4.781568053971495944e-12
5.326830401830245683e+04 4.842933576490710213e-12
5.328242528241157561e+04 4.925309705563129267e-12
5.329654654648443102e+04 5.025454835390399161e-12
5.331066781071235164e+04 5.070620118254427052e-12
5.332478907478643669e+04 5.262485250834517610e-12
5.333891033892766427e+04 5.273795367558374795e-12
5.335303160300468153e+04 5.291722130601339152e-12
5.336715286722556630e+04 5.303171552272268370e-12
5.338127413130911009e+04 5.349985239380334593e-12
5.339539539542467537e+04 5.364708891752133483e-12
5.340951665949688322e+04 5.459862750161383113e-12
5.342363792360646039e+04 5.590671224351261741e-12
5.343775918782432564e+04 5.773924060000950470e-12
5.345188045187347598e+04 5.836576064835263252e-12
5.346600171598442830e+04 5.796950693618405227e-12
5.348012298008802463e+04 5.860891438546537059e-12
5.349424424420107971e+04 5.974375525056153443e-12
5.350836550838672702e+04 6.049823716568338287e-12
5.352248677248442982e+04 6.149636049812166366e-12
5.353660803659010708e+04 6.242383116105067663e-12
5.355072930068254209e+04 6.229635020113948383e-12
5.356485056488049304e+04 6.169379873169611308e-12
5.357897182902219356e+04 6.151463495908762392e-12
5.359309309311660036e+04 6.155186121463578651e-12
5.360721435718668363e+04 6.226890238523100513e-12
5.362133562131592771e+04 6.258752011830697101e-12
5.363545688552020147e+04 6.243769843795368384e-12
5.364957814962780685e+04 6.183530952857821926e-12
5.366369941368095169e+04 6.290705902510100992e-12
5.367782067776824260e+04 6.455511782899558734e-12
5.369194194192169380e+04 6.481267167878942959e-12
5.370606320609254908e+04 6.699488706133888987e-12
5.372018447022459441e+04 6.618810144437153261e-12
5.373430573427390482e+04 6.495679924120891188e-12
5.374842699839440320e+04 6.510303331117487869e-12
5.376254826251503982e+04 6.657828850511738697e-12
5.377666952667565783e+04 6.603746922145749329e-12
5.379079079079908843e+04 6.539311949455639473e-12
5.380491205487429397e+04 6.400846444512120415e-12
5.381903331900898775e+04 6.440235652074785004e-12
5.383315458321729966e+04 6.361719590836809273e-12
5.384727584729927185e+04 6.405127418744584265e-12
5.386139711140004511e+04 6.356113526273121516e-12
5.387551837548842013e+04 6.105942387118340457e-12
5.388963963959727698e+04 6.083008322428438243e-12
5.390376090379532980e+04 5.864167475470383646e-12
5.391788216787368583e+04 5.965544223589836850e-12
5.393200343200059433e+04 5.979902567364614306e-12
5.394612469609037362e+04 5.893763116275936416e-12
5.396024596019465389e+04 5.848920244213236513e-12
5.397436722439761797e+04 5.710009053750235836e-12
5.398848848847852787e+04 5.766899433066999018e-12
5.400260975262553256e+04 5.596338023162538260e-12
5.401673101670927281e+04 5.460999541747294151e-12
5.403085228091954195e+04 5.274993344947618217e-12
5.404497354496825574e+04 5.174084408579110001e-12
5.405909480912637082e+04 5.169345556822072175e-12
5.407321607317899907e+04 5.074375030044949906e-12
5.408733733728923107e+04 5.022999275253683015e-12
5.410145860149505461e+04 5.006304356280774183e-12
5.411557986562546284e+04 4.970207215870872966e-12
5.412970112968924514e+04 5.008995176960194903e-12
5.414382239377266524e+04 4.957710636429247262e-12
5.415794365788139112e+04 4.881718094467483290e-12
5.417206492211074510e+04 4.869194195903336496e-12
5.418618618617050379e+04 4.760088845444793418e-12
5.420030745031076367e+04 4.603680095673647978e-12
5.421442871440343879e+04 4.691900089853520977e-12
5.422854997847935738e+04 4.782150052881244358e-12
5.424267124271211651e+04 4.653693732562670269e-12
5.425679250678902463e+04 4.579709258995164719e-12
5.427091377092729817e+04 4.448313988115756333e-12
5.428503503499812359e+04 4.485486508530363180e-12
5.429915629919917410e+04 4.353853945107401898e-12
5.431327756332096760e+04 4.291170557148870574e-12
5.432739882741410838e+04 4.262727963936017843e-12
5.434152009151307720e+04 4.216325644110876705e-12
5.435564135557623376e+04 4.280430529552008907e-12
5.436976261978196999e+04 4.286394677820812053e-12
5.438388388391862827e+04 4.150233010283972536e-12
5.439800514802276302e+04 4.032838902585715079e-12
5.441212641207752313e+04 3.880716771493835640e-12
5.442624767620575585e+04 3.895267026459878987e-12
5.444036894038500031e+04 3.724034830497476071e-12
5.445449020451329852e+04 3.614080555239921194e-12
5.446861146858390566e+04 3.562895808528431735e-12
5.448273273270661593e+04 3.502155239159128187e-12
5.449685399689740007e+04 3.481498821642745097e-12
5.451097526097344962e+04 3.405816272699343329e-12
5.452509652511915920e+04 3.336205342291853364e-12
5.453921778921625810e+04 3.408932910445503240e-12
5.455333905330308335e+04 3.258919318900956647e-12
5.456746031751705596e+04 3.177637027174285112e-12
5.458158158160142193e+04 3.341014862522851367e-12
5.459570284571709635e+04 3.252793965231490315e-12
5.460982410979718406e+04 3.185776319462684233e-12
5.462394537389670586e+04 3.138873224317275270e-12
5.463806663809407473e+04 2.930454509712196235e-12
5.465218790221821109e+04 2.796085066923909370e-12
5.466630916628573323e+04 2.807015425266932227e-12
5.468043043039025360e+04 2.832258746032444727e-12
5.469455169460619800e+04 2.840419712996563189e-12
5.470867295872828981e+04 2.638973922192730206e-12
5.472279422279908613e+04 2.626991890521569787e-12
5.473691548687034810e+04 2.418523956340378105e-12
5.475103675097881205e+04 2.376432639204687684e-12
5.476515801519889646e+04 2.180527437381640001e-12
5.477927927932464081e+04 2.104740579061338168e-12
5.479340054342513758e+04 2.098300942593939964e-12
5.480752180749869876e+04 1.902663964882920500e-12
5.482164307156832365e+04 1.943007761288729842e-12
5.483576433582122263e+04 1.859338094342709585e-12
5.484988559988692577e+04 1.681121234129712489e-12
5.486400686402824067e+04 1.582440048024994104e-12
5.487812812812789343e+04 1.347309101818665353e-12
5.489224939216905477e+04 1.186658663164797091e-12
5.490637065639571665e+04 1.052908303301746983e-12
5.492049192048941040e+04 9.868696303862697615e-13
5.493461318460855546e+04 8.974652054894773728e-13
5.494873444871426182e+04 7.893279905464032827e-13
5.496285571289982181e+04 6.286500069921414127e-13
5.497697697698498087e+04 6.074273385725874354e-13
5.499109824110351474e+04 5.863563928830695583e-13
5.500521950520972314e+04 4.823956170176875434e-13
5.501934076928161085e+04 3.799114284356933701e-13
5.503346203351123404e+04 2.904717821908569499e-13
5.504758329759434855e+04 2.873826893450906463e-13
5.506170456171217666e+04 2.241843020603500609e-13
5.507582582579190057e+04 6.827203782990305504e-14
5.508994708990135405e+04 -2.542972595631658382e-13
5.510406835408147890e+04 -3.089847241820677285e-13
5.511818961818842945e+04 -4.338403389967469578e-13
5.513231088231513422e+04 -5.411674629348065546e-13
5.514643214642372186e+04 -5.624447695994034183e-13
5.516055341059141210e+04 -6.006820584587283383e-13
5.517467467471298733e+04 -6.655439771049370485e-13
5.518879593878835294e+04 -6.692390577593596993e-13
5.520291720291980164e+04 -7.032362381810665985e-13
5.521703846702572628e+04 -8.595467745778585567e-13
5.523115973120090348e+04 -1.074551881267186390e-12
5.524528099528944585e+04 -1.327292146828338430e-12
5.525940225942375400e+04 -1.545254040530395170e-12
5.527352352349989087e+04 -1.587385997683059509e-12
5.528764478759651684e+04 -1.704079742422131969e-12
5.530176605178599129e+04 -1.905818141348177684e-12
5.531588731590901443e+04 -1.957626486542345380e-12
5.533000858002549649e+04 -2.258976276406069316e-12
5.534412984407674958e+04 -2.579579500089086216e-12
5.535825110829008918e+04 -2.676151017757111083e-12
5.537237237237954832e+04 -2.890857194543808094e-12
5.538649363651768363e+04 -2.812319458630112617e-12
5.540061490060335927e+04 -2.915329709654047635e-12
5.541473616467718966e+04 -2.977573508095643923e-12
5.542885742887864762e+04 -3.082298767835880806e-12
5.544297869298847945e+04 -3.219264204597316523e-12
5.545709995711444935e+04 -3.317937262698640004e-12
5.547122122120623681e+04 -3.354869555457356367e-12
5.548534248529970500e+04 -3.461827306796696776e-12
5.549946374950581958e+04 -3.537398321471292031e-12
5.551358501357249042e+04 -3.620514832630722417e-12
5.552770627768548002e+04 -3.716504294944530817e-12
5.554182754179941549e+04 -3.707482662732053033e-12
5.555594880587279476e+04 -3.870496544150829935e-12
5.557007007010946836e+04 -3.986721574027468952e-12
5.558419133418489218e+04 -4.084315413900261565e-12
5.559831259829345800e+04 -4.205052388772500954e-12
5.561243386241618282e+04 -4.229374987375680805e-12
5.562655512662156980e+04 -4.228406400304467589e-12
5.564067639072112070e+04 -4.366966280398515297e-12
5.565479765482079529e+04 -4.427586735939873805e-12
5.566891891889328690e+04 -4.535783104685432160e-12
5.568304018300946336e+04 -4.687723033034545312e-12
5.569716144721995079e+04 -4.927357344677334091e-12
5.571128271131958900e+04 -4.838374221289838606e-12
5.572540397538817342e+04 -4.927891083566925561e-12
5.573952523947221198e+04 -5.014089462680215298e-12
5.575364650362291286e+04 -5.186928293980323370e-12
5.576776776781899389e+04 -5.359074890324640945e-12
5.578188903190605924e+04 -5.392372610898651305e-12
5.579601029599716276e+04 -5.545252678307095507e-12
5.581013156008518126e+04 -5.692421468663464238e-12
5.582425282431916276e+04 -5.669165444727978466e-12
5.583837408840259741e+04 -5.640213045079974549e-12
5.585249535252599890e+04 -5.657805656872264608e-12
5.586661661660096433e+04 -5.883819692604097862e-12
5.588073788068204158e+04 -5.909047208918564983e-12
5.589485914491180301e+04 -5.929769102017850530e-12
5.590898040901525383e+04 -6.191425787303093447e-12
5.592310167312531848e+04 -6.332389750179023713e-12
5.593722293719396112e+04 -6.453493388315517019e-12
5.595134420127215708e+04 -6.458861483002034426e-12
5.596546546548233891e+04 -6.810832478008542508e-12
5.597958672957145609e+04 -6.906220468071136444e-12
5.599370799370934401e+04 -7.028090847861205257e-12
5.600782925781086669e+04 -7.173589333519942886e-12
5.602195052202043735e+04 -7.163743612074380832e-12
5.603607178609897528e+04 -7.138903079032654890e-12
5.605019305019802414e+04 -7.207854738053678409e-12
5.606431431427850475e+04 -7.245741619655538312e-12
5.607843557839131245e+04 -7.436226797881490569e-12
5.609255684257861867e+04 -7.544059212697259167e-12
5.610667810667400772e+04 -7.609636847197955235e-12
5.612079937080189120e+04 -7.829514691922461476e-12
5.613492063488892745e+04 -7.916405757547286140e-12
5.614904189896847674e+04 -7.971003362573100254e-12
5.616316316321320483e+04 -8.025201792321083256e-12
5.617728442732210533e+04 -8.065373094432624300e-12
5.619140569141093874e+04 -8.071562117462016578e-12
5.620552695551908982e+04 -8.076225785187652748e-12
5.621964821958582615e+04 -8.159507114193699342e-12
5.623376948378836096e+04 -8.145629903064319498e-12
5.624789074788373546e+04 -8.185897838105110537e-12
5.626201201197738555e+04 -8.222384445344346494e-12
5.627613327611678687e+04 -8.060656143129179243e-12
5.629025454029396496e+04 -8.188670390374224735e-12
5.630437580440717284e+04 -8.328812521795792076e-12
5.631849706850200164e+04 -8.399992156858477642e-12
5.633261833260446292e+04 -8.327718853783448315e-12
5.634673959670306795e+04 -8.378442110524411181e-12
5.636086086091617472e+04 -8.343315589186571502e-12
5.637498212502420938e+04 -8.354766139746860989e-12
5.638910338911684812e+04 -8.502010339912503591e-12
5.640322465322046628e+04 -8.802449341840265486e-12
5.641734591731263208e+04 -8.931252908526094283e-12
5.643146718152264657e+04 -8.879485654904645945e-12
5.644558844559852150e+04 -9.017681581068904704e-12
5.645970970968691836e+04 -9.041878647175209579e-12
5.647383097380728577e+04 -9.096090623595515806e-12
5.648795223802738474e+04 -9.206002904168863675e-12
5.650207350207246782e+04 -9.217386624479017817e-12
5.651619476618935005e+04 -9.261822419038362303e-12
5.653031603031908890e+04 -9.364950526111521823e-12
5.654443729442227777e+04 -9.392738363495349991e-12
5.655855855857740244e+04 -9.525226625053485492e-12
5.657267982267565822e+04 -9.497087477300705164e-12
5.658680108678661054e+04 -9.701115715405362158e-12
5.660092235091212933e+04 -9.651885301954577397e-12
5.661504361498402432e+04 -9.721785228038326870e-12
5.662916487919969950e+04 -9.723884059137160919e-12
5.664328614330438722e+04 -1.000376914670246287e-11
5.665740740740607725e+04 -9.894477303721584650e-12
