5.299999999999920692e+04 8.232431372899897353e-12
5.301412126409863413e+04 8.224077578636393454e-12
5.302824252821163100e+04 8.226155050909779654e-12
5.304236379240370297e+04 8.163334950507557844e-12
5.305648505650852167e+04 8.086892862012214383e-12
5.307060632061010983e+04 7.973974317988507210e-12
5.308472758469312248e+04 8.003527980667111281e-12
5.309884884880339087e+04 7.985929243608366170e-12
5.311297011300013401e+04 7.911151999448392724e-12
5.312709137709102652e+04 8.005918574902447885e-12
5.314121264120829437e+04 7.917412484244189349e-12
5.315533390529177268e+04 7.901330612251648884e-12
5.316945516950072488e+04 7.765451238754056804e-12
5.318357643359856593e+04 7.786330027831413405e-12
5.319769769770866696e+04 7.901559344149248268e-12
5.321181896181040065e+04 7.942387724176074741e-12
5.322594022590703389e+04 7.826094818494709750e-12
5.324006149010532681e+04 7.925417045881320189e-12
5.325418275420565624e+04 7.967143446013913452e-12
5.326830401830181654e+04 7.761812592946708777e-12
5.328242528240031970e+04 7.626897349370939878e-12
5.329654654649797885e+04 7.526984662984328151e-12
5.331066781071449805e+04 7.542290931264420425e-12
5.332478907479817281e+04 7.492806167289263124e-12
5.333891033890000108e+04 7.383875183714475262e-12
5.335303160301173921e+04 7.353289637083888020e-12
5.336715286720713630e+04 7.263327393189560316e-12
5.338127413131352660e+04 7.159899283984516938e-12
5.339539539541101840e+04 7.214375819927009765e-12
5.340951665950114693e+04 7.156957629841807277e-12
5.342363792359172658e+04 7.146380989959987738e-12
5.343775918778833875e+04 7.055498947878771026e-12
5.345188045190294361e+04 7.007064743645960172e-12
5.346600171598707675e+04 7.032509763467355167e-12
5.348012298009621009e+04 6.787078110624836800e-12
5.349424424418216222e+04 6.597352090300289453e-12
5.350836550838408584e+04 6.668237882979032912e-12
5.352248677249455068e+04 6.552235599895893022e-12
5.353660803660652164e+04 6.418627754714338185e-12
5.355072930069098220e+04 6.359265979469143680e-12
5.356485056490159332e+04 6.289575375327891992e-12
5.357897182898915344e+04 6.130569572075742814e-12
5.359309309309183300e+04 6.117243247803329544e-12
5.360721435719260626e+04 6.145790527359984363e-12
5.362133562129439815e+04 6.012064236717283732e-12
5.363545688550548221e+04 6.068382912911976843e-12
5.364957814960352698e+04 5.931023529562385271e-12
5.366369941368373111e+04 5.908092885377576699e-12
5.367782067781528167e+04 5.761263449259604288e-12
5.369194194188744586e+04 5.765860547796687051e-12
5.370606320609643444e+04 5.702510963919313748e-12
5.372018447021111933e+04 5.643815374591528513e-12
5.373430573429827200e+04 5.776793020428468604e-12
5.374842699839700799e+04 5.602830390927228684e-12
5.376254826249198959e+04 5.482082099350613946e-12
5.377666952671270701e+04 5.413812096193342217e-12
5.379079079080418887e+04 5.327157918003170918e-12
5.380491205489292042e+04 5.518638252728553599e-12
5.381903331899636396e+04 5.393324071659884081e-12
5.383315458320153994e+04 5.274230169698784372e-12
5.384727584730883973e+04 5.257672189143588291e-12
5.386139711140946747e+04 5.302424470612975825e-12
5.387551837549054471e+04 5.245182987009358082e-12
5.388963963958526438e+04 5.180005347279827864e-12
5.390376090380102687e+04 5.082907369298100954e-12
5.391788216789665603e+04 5.067621762274459166e-12
5.393200343199200870e+04 4.939044033374012436e-12
5.394612469608707033e+04 4.865816073218667477e-12
5.396024596021551406e+04 4.751518436861325528e-12
5.397436722441453458e+04 4.748419868852068555e-12
5.398848848850743525e+04 4.539197905555617507e-12
5.400260975259290717e+04 4.395612969204166570e-12
5.401673101668440358e+04 4.443197145769239618e-12
5.403085228089387965e+04 4.370804074102732638e-12
5.404497354501274094e+04 4.366664873681555572e-12
5.405909480910743878e+04 4.280337738983110829e-12
5.407321607319160103e+04 4.368981168053233920e-12
5.408733733728851075e+04 4.261749122989248322e-12
5.410145860150422232e+04 4.305562899458474722e-12
5.411557986559257552e+04 4.218569454750990156e-12
5.412970112969844922e+04 4.192636785845318443e-12
5.414382239380361716e+04 3.899147174593139004e-12
5.415794365789953008e+04 3.874662655013379615e-12
5.417206492210026045e+04 3.931692190112398975e-12
5.418618618620718917e+04 3.925562559940782299e-12
5.420030745030777325e+04 3.861097206169326443e-12
5.421442871439925511e+04 3.851005330241377741e-12
5.422854997850047221e+04 3.737849647112117068e-12
5.424267124270831846e+04 3.675403015982815689e-12
5.425679250678486278e+04 3.511557390964665524e-12
5.427091377088688023e+04 3.458828127222987153e-12
5.428503503498742793e+04 3.132076002644999100e-12
5.429915629918629566e+04 3.047634626406813143e-12
5.431327756328997202e+04 2.862665875891192599e-12
5.432739882740588655e+04 2.795889935963054073e-12
5.434152009150882805e+04 2.698176215311646633e-12
5.435564135561326839e+04 2.686688804909044153e-12
5.436976261981226708e+04 2.554374863156906341e-12
5.438388388391334593e+04 2.442756675327393162e-12
5.439800514798416407e+04 2.338498362092556241e-12
5.441212641208605055e+04 2.155283026313451953e-12
5.442624767618661281e+04 2.022585145057083088e-12
5.444036894039718027e+04 2.079160008422585438e-12
5.445449020449133968e+04 2.070090151162007616e-12
5.446861146860017470e+04 2.062766014956865587e-12
5.448273273268969933e+04 1.924703404338213358e-12
5.449685399690883060e+04 1.992096824218857308e-12
5.451097526101480616e+04 1.866103861932300557e-12
5.452509652509688021e+04 1.747277687663631189e-12
5.453921778920296492e+04 1.693814049653679455e-12
5.455333905328446417e+04 1.674075290384133810e-12
5.456746031750826660e+04 1.643811327213538952e-12
5.458158158158317383e+04 1.685682573301632014e-12
5.459570284569181240e+04 1.607302576838383768e-12
5.460982410980303393e+04 1.533950773235973109e-12
5.462394537389979814e+04 1.563616614748393246e-12
5.463806663811248291e+04 1.597739331255626922e-12
5.465218790221059317e+04 1.443639118333552924e-12
5.466630916630090360e+04 1.430431301568101330e-12
5.468043043038933683e+04 1.294936643147429433e-12
5.469455169460909383e+04 1.277943287107231567e-12
5.470867295871413808e+04 1.096023467948738042e-12
5.472279422280487051e+04 1.032174849580006118e-12
5.473691548689566116e+04 1.008641368255070348e-12
5.475103675099844259e+04 9.184210447925705227e-13
5.476515801520462992e+04 7.550387779220601257e-13
5.477927927930567967e+04 6.862168151930950524e-13
5.479340054339772178e+04 5.392546010306729797e-13
5.480752180750168918e+04 2.736784092874402682e-13
5.482164307160657336e+04 1.730984201587470326e-13
5.483576433579838340e+04 -2.985666762294540043e-14
5.484988559990350768e+04 -1.361180679545158949e-13
5.486400686399869301e+04 -2.531486363323579843e-13
5.487812812810420291e+04 -3.166421044550949181e-13
5.489224939218648069e+04 -3.300231531364827290e-13
5.490637065640382207e+04 -4.523613687266580330e-13
5.492049192050324928e+04 -5.222758341690192952e-13
5.493461318458819733e+04 -8.065623137496498529e-13
5.494873444870897947e+04 -9.030279207832314031e-13
5.496285571288659412e+04 -9.099303936285231616e-13
5.497697697700905701e+04 -1.119176927067778992e-12
5.499109824108817702e+04 -1.131399704471697430e-12
5.500521950518419908e+04 -1.098833593375281860e-12
5.501934076929728326e+04 -1.329470545683731278e-12
5.503346203350047290e+04 -1.490465785953277471e-12
5.504758329759500339e+04 -1.657938857509137769e-12
5.506170456170345278e+04 -1.703299063875495827e-12
5.507582582580247981e+04 -1.741540133410011669e-12
5.508994708989059291e+04 -1.732686940135984304e-12
5.510406835410192434e+04 -2.007818435597632950e-12
5.511818961821545963e+04 -2.027627430729943154e-12
5.513231088229183661e+04 -2.166673591610565150e-12
5.514643214638742938e+04 -2.236475381852589502e-12
5.516055341060227511e+04 -2.384696133329785015e-12
5.517467467469036637e+04 -2.395960178797799370e-12
5.518879593880463653e+04 -2.549483365638854449e-12
5.520291720291515230e+04 -2.506621620157493858e-12
5.521703846701524162e+04 -2.607220967580517899e-12
5.523115973119463888e+04 -2.730971097740550354e-12
5.524528099529096653e+04 -2.764060627333683904e-12
5.525940225938446383e+04 -2.873910261247781000e-12
5.527352352350066940e+04 -3.038292706658724682e-12
5.528764478760854399e+04 -3.027492267521610895e-12
5.530176605178834870e+04 -2.911395364570346683e-12
5.531588731591017131e+04 -3.112672237143500891e-12
5.533000858001226879e+04 -3.209276082253266476e-12
5.534412984410003992e+04 -3.319649134664081349e-12
5.535825110830994527e+04 -3.286546947724654561e-12
5.537237237238988746e+04 -3.311203210120786325e-12
5.538649363650885061e+04 -3.391852346136188140e-12
5.540061490060740471e+04 -3.509439837750936574e-12
5.541473616470184061e+04 -3.475718929942700865e-12
5.542885742890375695e+04 -3.713205988428444598e-12
5.544297869300845196e+04 -3.808066097948858774e-12
5.545709995711465308e+04 -3.819315252421234405e-12
5.547122122118616244e+04 -3.920338993219975802e-12
5.548534248530730110e+04 -4.110879954303785911e-12
5.549946374950680183e+04 -4.166180644809094201e-12
5.551358501359507500e+04 -4.054524236757440203e-12
5.552770627769443672e+04 -4.114584585835558971e-12
5.554182754178466712e+04 -4.092363249409697985e-12
5.555594880589893728e+04 -4.207734712690071987e-12
5.557007007008871733e+04 -4.191209182096205365e-12
5.558419133420997241e+04 -4.393587988346660667e-12
5.559831259830962517e+04 -4.432085183006170877e-12
5.561243386239038227e+04 -4.562360795638562606e-12
5.562655512658329098e+04 -4.563474642112375648e-12
5.564067639068428980e+04 -4.783647443601895954e-12
5.565479765481531649e+04 -4.614596671058062557e-12
5.566891891888582904e+04 -4.659785382791309141e-12
5.568304018301219185e+04 -4.695949654800677787e-12
5.569716144718356372e+04 -4.911695363286663214e-12
5.571128271129907080e+04 -5.069767997478755282e-12
5.572540397538836987e+04 -5.073723045920527434e-12
5.573952523949365423e+04 -5.051679160526033695e-12
5.575364650360881933e+04 -5.251373616629261923e-12
5.576776776780567889e+04 -5.324085107419186664e-12
5.578188903190493875e+04 -5.542942289443983810e-12
5.579601029601110349e+04 -5.581523370045595016e-12
5.581013156011296815e+04 -5.670539756510664735e-12
5.582425282429408253e+04 -5.731151816977216551e-12
5.583837408840238641e+04 -5.687027315065651238e-12
5.585249535250420740e+04 -5.760569723412243579e-12
5.586661661660738901e+04 -5.783270798080947756e-12
5.588073788069992588e+04 -5.761685307168880304e-12
5.589485914489792776e+04 -5.827360802519281931e-12
5.590898040899941407e+04 -5.812310969593260807e-12
5.592310167309723329e+04 -5.888138153037428750e-12
5.593722293719384470e+04 -6.053231891673404400e-12
5.595134420130171202e+04 -6.107399129227308850e-12
5.596546546549619234e+04 -6.071470631315560868e-12
5.597958672960854892e+04 -5.986737391562847122e-12
5.599370799368483858e+04 -6.177928592789568898e-12
5.600782925779536890e+04 -6.291544407684081157e-12
5.602195052201561339e+04 -6.341292742282051784e-12
5.603607178608341928e+04 -6.460176495067192876e-12
5.605019305019712920e+04 -6.625120082830474158e-12
5.606431431431314559e+04 -6.658922642931464167e-12
5.607843557838580455e+04 -6.786981979046221977e-12
5.609255684261386341e+04 -6.797461765410571305e-12
5.610667810668981838e+04 -6.704133691158169644e-12
5.612079937081557728e+04 -6.754885182495701643e-12
5.613492063489432621e+04 -6.673782863846346609e-12
5.614904189899841003e+04 -6.665235680532704871e-12
5.616316316318234749e+04 -6.929143832581085963e-12
5.617728442730671668e+04 -7.121141381221670555e-12
5.619140569140244770e+04 -6.924040688375530735e-12
5.620552695549673808e+04 -6.917904605439136687e-12
5.621964821961403504e+04 -6.956363331693245379e-12
5.623376948379848182e+04 -7.027582000170340816e-12
5.624789074791115854e+04 -7.144306310404536404e-12
5.626201201200937066e+04 -7.236617081471519662e-12
5.627613327611231944e+04 -7.317020019692353464e-12
5.629025454029572575e+04 -7.282951903502462920e-12
5.630437580438549776e+04 -7.147758043193703378e-12
5.631849706848487403e+04 -6.957690615771220192e-12
5.633261833258619299e+04 -7.290422467831391656e-12
5.634673959668476891e+04 -7.228010085992060311e-12
5.636086086089960736e+04 -7.150917167918560467e-12
5.637498212500143563e+04 -7.311833982277740035e-12
5.638910338911562576e+04 -7.405413962539704985e-12
5.640322465320930496e+04 -7.571034594238047798e-12
5.641734591730630927e+04 -7.408059844281530541e-12
5.643146718149855587e+04 -7.376669625474091314e-12
5.644558844561444857e+04 -7.306113358119679786e-12
5.645970970971423230e+04 -7.249614190648676571e-12
5.647383097380614345e+04 -7.248801886836557780e-12
5.648795223799459927e+04 -7.138459112783542965e-12
5.650207350209263677e+04 -7.279283258543486000e-12
5.651619476618277258e+04 -7.248135514781703490e-12
5.653031603031136910e+04 -7.219719275986673639e-12
5.654443729441445612e+04 -7.208470617880819407e-12
5.655855855861159944e+04 -7.147203601789403850e-12
5.657267982271022629e+04 -7.192754412899943992e-12
5.658680108681365527e+04 -7.190395431007433451e-12
5.660092235089816677e+04 -7.116573071942824058e-12
5.661504361501424137e+04 -7.222601924559162657e-12
5.662916487918657367e+04 -7.212042223184881903e-12
5.664328614329460106e+04 -7.198789237065991327e-12
5.665740740740065667e+04 -7.254704677507938157e-12
