5.300000000000088039e+04 6.556962063249614599e-12
5.301412126407331380e+04 6.356818474482482908e-12
5.302824252820364200e+04 6.240291862790496425e-12
5.304236379241784016e+04 6.293892465580978141e-12
5.305648505648074934e+04 6.268182768062508138e-12
5.307060632062865625e+04 6.350900475964614370e-12
5.308472758467889071e+04 6.263140051386599000e-12
5.309884884880368190e+04 6.171185345574022127e-12
5.311297011302882311e+04 6.039273543011314990e-12
5.312709137709535571e+04 6.084278182756565659e-12
5.314121264117470855e+04 5.807337638754746980e-12
5.315533390528276504e+04 5.772016693746966923e-12
5.316945516949031298e+04 5.757836495764323556e-12
5.318357643357951747e+04 5.803305458893694522e-12
5.319769769767720572e+04 5.694203785203309478e-12
5.321181896182105993e+04 5.701738718691935157e-12
5.322594022592654073e+04 5.892827489983824064e-12
5.324006149009826186e+04 5.936442517016168182e-12
5.325418275417738187e+04 5.803292448815820074e-12
5.326830401832705684e+04 5.872284367181022144e-12
5.328242528239569947e+04 6.144963638539227010e-12
5.329654654648422729e+04 6.204743687329850990e-12
5.331066781069730496e+04 6.120915244029263945e-12
5.332478907482406066e+04 6.142652775916872224e-12
5.333891033888850507e+04 6.214076424724676153e-12
5.335303160300256422e+04 6.150497223354916798e-12
5.336715286720330187e+04 6.150283501349843976e-12
5.338127413132922811e+04 6.169505156968602518e-12
5.339539539542283455e+04 6.110124958232633640e-12
5.340951665947401489e+04 6.009947673363807793e-12
5.342363792360801745e+04 5.804406699033727449e-12
5.343775918778964115e+04 5.876451893819956286e-12
5.345188045192912978e+04 5.889649568623165913e-12
5.346600171597639564e+04 5.784513660444688066e-12
5.348012298007846402e+04 5.766943235516082338e-12
5.349424424419842398e+04 5.637654327604735998e-12
5.350836550837279356e+04 5.595350695438080326e-12
5.352248677251306799e+04 5.531968953476052146e-12
5.353660803658774967e+04 5.440999970902386277e-12
5.355072930069194263e+04 5.309635535890227193e-12
5.356485056490448187e+04 5.176280978643297207e-12
5.357897182899609470e+04 5.118822179553329819e-12
5.359309309310323442e+04 5.073270539477471137e-12
5.360721435721976013e+04 5.004848021859216314e-12
5.362133562128013727e+04 4.996910615316363699e-12
5.363545688548098406e+04 4.937983356146374673e-12
5.364957814958364179e+04 4.899938111323804848e-12
5.366369941369412845e+04 4.817205767084091780e-12
5.367782067781341902e+04 4.969902533010078890e-12
5.369194194191746647e+04 5.018407041083374006e-12
5.370606320610743569e+04 5.062273666234601811e-12
5.372018447022264445e+04 5.063908319567463680e-12
5.373430573431083030e+04 5.061665130334049736e-12
5.374842699837334658e+04 4.977919678739900514e-12
5.376254826252697239e+04 5.030122406368825174e-12
5.377666952668684826e+04 5.159322551974677759e-12
5.379079079078641371e+04 5.091689871987346024e-12
5.380491205490476568e+04 5.004924823286665000e-12
5.381903331898294709e+04 4.849717951690884891e-12
5.383315458322149789e+04 4.693308697091599825e-12
5.384727584732397372e+04 4.711054023631622846e-12
5.386139711139495193e+04 4.817179327248412101e-12
5.387551837549640186e+04 4.907286706922882854e-12
5.388963963962466369e+04 4.918048979084091027e-12
5.390376090377647779e+04 5.034785889766709790e-12
5.391788216790300066e+04 5.061806142791005867e-12
5.393200343200276257e+04 5.111066074740848219e-12
5.394612469608455285e+04 5.152790653522133302e-12
5.396024596022303012e+04 5.174616528035305362e-12
5.397436722440478479e+04 5.160507728100993982e-12
5.398848848852380615e+04 5.115380804115726820e-12
5.400260975260575651e+04 5.211358246990899816e-12
5.401673101672063785e+04 5.228124040571000163e-12
5.403085228088431177e+04 5.217318121696925193e-12
5.404497354497653578e+04 5.189419058896246074e-12
5.405909480910231650e+04 5.261712284521941294e-12
5.407321607322531781e+04 5.299276995823040727e-12
5.408733733728900552e+04 5.332945818320814047e-12
5.410145860152158275e+04 5.391914206124081137e-12
5.411557986560156132e+04 5.296101277782022819e-12
5.412970112967891328e+04 5.144298010430018751e-12
5.414382239377941733e+04 5.201975462764253328e-12
5.415794365787723655e+04 5.200806234475331068e-12
5.417206492210218858e+04 5.179321140066468041e-12
5.418618618621628411e+04 5.222786131523331283e-12
5.420030745030152320e+04 5.363213974334330842e-12
5.421442871441320312e+04 5.258189071497712142e-12
5.422854997848105995e+04 5.297803499583842429e-12
5.424267124272193178e+04 5.333212315077262319e-12
5.425679250679222605e+04 5.315222734817155611e-12
5.427091377092825132e+04 5.239094473978189810e-12
5.428503503500460647e+04 5.062188471208524553e-12
5.429915629917452316e+04 5.067920879391723387e-12
5.431327756330920965e+04 5.221619840993929347e-12
5.432739882740241592e+04 5.348930167868619070e-12
5.434152009150071535e+04 5.390940129003266712e-12
5.435564135558247654e+04 5.290829258483586935e-12
5.436976261981216521e+04 5.301469403784753265e-12
5.438388388391824265e+04 5.117158987985131937e-12
5.439800514798058430e+04 5.228291912543565946e-12
5.441212641207638808e+04 5.056725497541295122e-12
5.442624767621025967e+04 4.925392538523991567e-12
5.444036894037650927e+04 4.851554890750688395e-12
5.445449020450925309e+04 4.773229185790832590e-12
5.446861146858806751e+04 4.787245656140232910e-12
5.448273273269180208e+04 4.703394025523435808e-12
5.449685399692834471e+04 4.585393878247257365e-12
5.451097526102044503e+04 4.612515693814955446e-12
5.452509652511425520e+04 4.550985579710330772e-12
5.453921778920576617e+04 4.553731965181510475e-12
5.455333905330620473e+04 4.376079771493789734e-12
5.456746031749978283e+04 4.330461402308835682e-12
5.458158158161038591e+04 4.371328155310308345e-12
5.459570284570525109e+04 4.398664007643028546e-12
5.460982410979358247e+04 4.466938378245493438e-12
5.462394537388325989e+04 4.329830203691987433e-12
5.463806663809938618e+04 4.288930295975932880e-12
5.465218790218406502e+04 4.107479998908905336e-12
5.466630916632570734e+04 4.011549140506119460e-12
5.468043043041049532e+04 4.069699572123059037e-12
5.469455169462378399e+04 3.975220386603037656e-12
5.470867295869334339e+04 3.889522164288013707e-12
5.472279422279701976e+04 3.903346840908757298e-12
5.473691548692828655e+04 3.859766857150686014e-12
5.475103675097831729e+04 3.691369445310530079e-12
5.476515801517460932e+04 3.579417725205905781e-12
5.477927927927950805e+04 3.423960304691070152e-12
5.479340054337241600e+04 3.316787060285537704e-12
5.480752180751348351e+04 3.270348216834667003e-12
5.482164307159684540e+04 3.163616895396914406e-12
5.483576433578287833e+04 2.908173249302029578e-12
5.484988559991594229e+04 2.918971613937339156e-12
5.486400686398525431e+04 2.768056809000140262e-12
5.487812812808554736e+04 2.770740242481608100e-12
5.489224939217275096e+04 2.537571528426508983e-12
5.490637065640913352e+04 2.500492386806057006e-12
5.492049192047928955e+04 2.237248149825960196e-12
5.493461318461078918e+04 2.182672551864814356e-12
5.494873444867971557e+04 1.955724753433080641e-12
5.496285571289209474e+04 1.762767252326583806e-12
5.497697697698001866e+04 1.647640233860872988e-12
5.499109824107223540e+04 1.545303380984967598e-12
5.500521950522827683e+04 1.474188616606685582e-12
5.501934076927628485e+04 1.459451555815045670e-12
5.503346203350029828e+04 1.146583104704637919e-12
5.504758329757682077e+04 1.218128460692551899e-12
5.506170456170725811e+04 1.050007617927198562e-12
5.507582582582227769e+04 9.123148292292312255e-13
5.508994708989957871e+04 7.023858913762409992e-13
5.510406835410462372e+04 5.157928364296538223e-13
5.511818961817266245e+04 4.692171773211417819e-13
5.513231088230093155e+04 2.174742688614747769e-13
5.514643214637677011e+04 -1.589840964029219367e-14
5.516055341062676598e+04 -1.333722782824760425e-13
5.517467467471308191e+04 -2.313213774754370427e-13
5.518879593878202286e+04 -3.981861182060651070e-13
5.520291720288778015e+04 -6.663909719754878097e-13
5.521703846697641711e+04 -8.017381695367763210e-13
5.523115973119622504e+04 -1.058011103176137355e-12
5.524528099531147745e+04 -1.190892681140362340e-12
5.525940225939054653e+04 -1.317338887036268819e-12
5.527352352347714623e+04 -1.361552167810845496e-12
5.528764478762661747e+04 -1.581743119346796742e-12
5.530176605180164916e+04 -1.823392305776000353e-12
5.531588731591067335e+04 -2.029320854522742241e-12
5.533000857997295680e+04 -2.344376677435685267e-12
5.534412984409353521e+04 -2.368622006753464414e-12
5.535825110829500773e+04 -2.575627454204217503e-12
5.537237237238953821e+04 -2.643200119961356483e-12
5.538649363651266322e+04 -2.742113643636709172e-12
5.540061490059113567e+04 -2.864020591394430224e-12
5.541473616469016270e+04 -3.052560961222783678e-12
5.542885742889071116e+04 -3.366466441443717923e-12
5.544297869299154991e+04 -3.491229730814650062e-12
5.545709995711997908e+04 -3.614432650200580690e-12
5.547122122121101711e+04 -3.811984387516277634e-12
5.548534248529869365e+04 -3.984657498497690442e-12
5.549946374950224708e+04 -4.115348347219929250e-12
5.551358501358285139e+04 -4.218840578947019675e-12
5.552770627767600672e+04 -4.505044665614971772e-12
5.554182754177266906e+04 -4.633240936824879147e-12
5.555594880589329114e+04 -4.836119251830096077e-12
5.557007007009926747e+04 -5.093577781275704721e-12
5.558419133417883859e+04 -5.178573879065471573e-12
5.559831259828895418e+04 -5.202908600208642669e-12
5.561243386242812994e+04 -5.348131286236058824e-12
5.562655512659615488e+04 -5.312783324332693657e-12
5.564067639069820143e+04 -5.265759027377499050e-12
5.565479765478447371e+04 -5.287654568759285994e-12
5.566891891892752756e+04 -5.423250636519903564e-12
5.568304018300860480e+04 -5.692487063560744461e-12
5.569716144717478892e+04 -5.712812162639175365e-12
5.571128271130496432e+04 -5.871802029136731495e-12
5.572540397541919083e+04 -5.870480876712636607e-12
5.573952523951599142e+04 -5.971690888972692976e-12
5.575364650361504027e+04 -6.255501121311853272e-12
5.576776776782337402e+04 -6.225154904831093020e-12
5.578188903191263671e+04 -6.268401243043689073e-12
5.579601029597234447e+04 -6.430147567330779031e-12
5.581013156011797400e+04 -6.486936976930139621e-12
5.582425282429780054e+04 -6.626118790024767426e-12
5.583837408842663717e+04 -6.706108106232752704e-12
5.585249535247911990e+04 -6.647462871976674323e-12
5.586661661660078971e+04 -6.708979556323494574e-12
5.588073788068837894e+04 -6.743849083105045684e-12
5.589485914492173470e+04 -6.871793546356103980e-12
5.590898040898205363e+04 -7.027174165443490519e-12
5.592310167311595433e+04 -7.068554606681015463e-12
5.593722293718008586e+04 -7.037214588122664127e-12
5.595134420128935017e+04 -7.035558531113300854e-12
5.596546546550747007e+04 -7.174677392218215985e-12
5.597958672962909623e+04 -7.275557536052179818e-12
5.599370799368528969e+04 -7.552317984903429897e-12
5.600782925778607751e+04 -7.548939561455539571e-12
5.602195052200114151e+04 -7.584347957269027870e-12
5.603607178608223330e+04 -7.567306433973988307e-12
5.605019305018458545e+04 -7.551937754885567545e-12
5.606431431428161886e+04 -7.588539720424000640e-12
5.607843557841797883e+04 -7.705665674403041916e-12
5.609255684258839756e+04 -7.757725291175354111e-12
5.610667810667763843e+04 -8.006975720522346776e-12
5.612079937082954712e+04 -8.175051657535039555e-12
5.613492063492041052e+04 -8.308306750638223065e-12
5.614904189902856888e+04 -8.415503916799846861e-12
5.616316316317731253e+04 -8.490871717603088767e-12
5.617728442728970549e+04 -8.558684440280998361e-12
5.619140569142001914e+04 -8.727633311551033536e-12
5.620552695548118936e+04 -8.739240819094110464e-12
5.621964821959601977e+04 -8.748461187187299418e-12
5.623376948381474358e+04 -8.696715491003685795e-12
5.624789074787383288e+04 -8.759161346718658097e-12
5.626201201202702941e+04 -8.929549720153446500e-12
5.627613327610376291e+04 -8.870180957695608810e-12
5.629025454032379639e+04 -8.944929310920083759e-12
5.630437580442528997e+04 -9.110264737980635058e-12
5.631849706852686359e+04 -9.191279751940998540e-12
5.633261833261010906e+04 -9.221038416517777338e-12
5.634673959669655596e+04 -9.529606407370974697e-12
5.636086086091861944e+04 -9.581890133226662329e-12
5.637498212498676730e+04 -9.551046176347243759e-12
5.638910338910316204e+04 -9.740248801107370209e-12
5.640322465320947958e+04 -9.909634139506078198e-12
5.641734591728033411e+04 -9.884078149762488666e-12
5.643146718152180983e+04 -1.004831401540273259e-11
5.644558844562571176e+04 -9.966610726354848832e-12
5.645970970971196948e+04 -1.014423270308750720e-11
5.647383097381302650e+04 -1.030546282105895776e-11
5.648795223802702822e+04 -1.047370663004421551e-11
5.650207350211101584e+04 -1.050370954834107800e-11
5.651619476618667250e+04 -1.053233339838331039e-11
5.653031603032404382e+04 -1.077516608221910507e-11
5.654443729441499454e+04 -1.087771319474064868e-11
5.655855855862277531e+04 -1.095549751258897856e-11
5.657267982270663924e+04 -1.113128632738121692e-11
5.658680108677742101e+04 -1.129826941785250454e-11
5.660092235090477334e+04 -1.129715055115535210e-11
5.661504361499886727e+04 -1.144768302767503190e-11
5.662916487918633356e+04 -1.154643707297644697e-11
5.664328614332190773e+04 -1.163128292535076594e-11
5.665740740738278691e+04 -1.175313867215685562e-11
