5.300000000000075670e+04 -1.941610153563438724e-13
5.301412126406006428e+04 -1.638061779442782531e-13
5.302824252822597919e+04 -1.633725060782631355e-13
5.304236379240875249e+04 -1.722945204984005125e-13
5.305648505645815749e+04 -4.294983912898413484e-14
5.307060632060037460e+04 -6.389188633638242669e-14
5.308472758473752765e+04 -7.018402184259106626e-14
5.309884884878351295e+04 9.287730936035955592e-15
5.311297011302918690e+04 -5.649477592208277510e-14
5.312709137709106290e+04 1.089312920211631095e-13
5.314121264118640102e+04 1.698427823148870733e-13
5.315533390531828627e+04 1.848760428023858020e-13
5.316945516950968158e+04 6.498670794054689403e-14
5.318357643363156240e+04 2.536813148016782553e-13
5.319769769768690458e+04 2.362344781218979760e-13
5.321181896180392505e+04 2.409380059555958898e-13
5.322594022587411018e+04 3.105349257949337016e-13
5.324006149013529648e+04 2.432125045281540983e-13
5.325418275418369012e+04 2.539971368964665701e-13
5.326830401830466872e+04 2.835833249811233691e-13
5.328242528243851848e+04 4.815590289015099074e-13
5.329654654646503332e+04 4.487529685630044009e-13
5.331066781066040130e+04 3.927542664104323832e-13
5.332478907483333751e+04 2.342006289029119306e-13
5.333891033889215760e+04 2.160204153302388638e-13
5.335303160297439899e+04 3.476559336731416230e-13
5.336715286722601741e+04 3.138496090650057828e-13
5.338127413131315552e+04 4.481353287170803991e-13
5.339539539539381803e+04 5.069398896536766995e-13
5.340951665948501613e+04 4.186053189765016753e-13
5.342363792363520770e+04 4.623658344712919178e-13
5.343775918782773078e+04 5.281038332717099256e-13
5.345188045187831449e+04 5.310592326908301050e-13
5.346600171602408227e+04 6.510925547411441733e-13
5.348012298013836698e+04 6.116955995651725920e-13
5.349424424422625452e+04 6.017032589147745738e-13
5.350836550839433039e+04 6.125561423372105139e-13
5.352248677247788874e+04 7.921488111561608151e-13
5.353660803662842955e+04 9.050862771501754290e-13
5.355072930068775167e+04 7.186707564914195468e-13
5.356485056492243893e+04 8.309929971815191770e-13
5.357897182904295914e+04 8.954029978769403033e-13
5.359309309307895455e+04 8.136189187009460313e-13
5.360721435720856243e+04 8.367334903233855388e-13
5.362133562133154192e+04 9.451354806075344791e-13
5.363545688546398014e+04 9.813906337212845582e-13
5.364957814955803042e+04 1.176890949173956952e-12
5.366369941367975116e+04 8.811092311220906640e-13
5.367782067781251681e+04 8.361018461338088083e-13
5.369194194188904657e+04 8.192734541472888869e-13
5.370606320608118403e+04 9.516409006578790834e-13
5.372018447019741143e+04 1.050859582834140728e-12
5.373430573427632771e+04 1.105939793206456826e-12
5.374842699842470029e+04 1.269964139028695141e-12
5.376254826249262260e+04 1.274043749207245364e-12
5.377666952670722094e+04 1.141553000084724654e-12
5.379079079080504744e+04 1.128066978116647850e-12
5.380491205493485177e+04 1.177256671803599704e-12
5.381903331896244345e+04 1.117611689278374588e-12
5.383315458320052858e+04 1.056942297063428099e-12
5.384727584730827948e+04 1.045666063942065882e-12
5.386139711142123269e+04 1.238449536726115764e-12
5.387551837553564837e+04 1.036497886964102345e-12
5.388963963957744272e+04 1.215338506431956203e-12
5.390376090383693372e+04 1.208564267371266919e-12
5.391788216789058788e+04 1.313707591759954592e-12
5.393200343201211945e+04 1.351690591135405887e-12
5.394612469611664710e+04 1.354524619576202787e-12
5.396024596017891599e+04 1.297881717615606913e-12
5.397436722437955905e+04 1.379556337553855937e-12
5.398848848851072398e+04 1.433303398798222393e-12
5.400260975261662679e+04 1.479982612673594852e-12
5.401673101668369054e+04 1.434698038262670030e-12
5.403085228091794852e+04 1.554450307623126562e-12
5.404497354501984955e+04 1.477583523733367839e-12
5.405909480912284198e+04 1.521674992452870104e-12
5.407321607316070003e+04 1.676693096581220694e-12
5.408733733728640800e+04 1.664358328243075522e-12
5.410145860153450485e+04 1.531299678840017935e-12
5.411557986560037534e+04 1.672345633209129157e-12
5.412970112971572962e+04 1.725304587941730353e-12
5.414382239376431971e+04 1.661862013744616117e-12
5.415794365787517745e+04 1.740348794353003621e-12
5.417206492211775185e+04 1.782012843506038894e-12
5.418618618618862092e+04 1.790971116298679366e-12
5.420030745029986429e+04 1.903657469923749035e-12
5.421442871438188740e+04 2.083965808994192137e-12
5.422854997846324113e+04 1.927887238015451256e-12
5.424267124267347390e+04 2.104440481353365207e-12
5.425679250675666117e+04 2.314828862834056862e-12
5.427091377086139255e+04 2.303148918288775640e-12
5.428503503500560328e+04 2.344529661179411518e-12
5.429915629918602644e+04 2.348041371077424864e-12
5.431327756333303842e+04 2.316192596160788140e-12
5.432739882740635221e+04 2.152439000982501840e-12
5.434152009151534003e+04 2.215871917011579802e-12
5.435564135560450814e+04 2.408496351961964572e-12
5.436976261979390983e+04 2.320316633912305264e-12
5.438388388391090848e+04 2.450566688050395230e-12
5.439800514798367658e+04 2.435441996905485738e-12
5.441212641210189031e+04 2.486980557058875696e-12
5.442624767618023179e+04 2.575065625061778589e-12
5.444036894040388870e+04 2.413428456439189155e-12
5.445449020447114162e+04 2.339195133034005817e-12
5.446861146856489358e+04 2.471968544541057079e-12
5.448273273273408995e+04 2.480305475190025938e-12
5.449685399690081977e+04 2.524721458355549478e-12
5.451097526100538380e+04 2.581114213764003974e-12
5.452509652508484578e+04 2.651125629981568145e-12
5.453921778916452604e+04 2.504849455681844114e-12
5.455333905334251904e+04 2.621988224771666651e-12
5.456746031751529517e+04 2.757693856094550771e-12
5.458158158161258325e+04 2.713863157912029523e-12
5.459570284573280514e+04 2.844832423629892337e-12
5.460982410977935797e+04 3.003456887703012284e-12
5.462394537389423203e+04 3.066193127877735573e-12
5.463806663805893913e+04 3.093931386478105916e-12
5.465218790222052485e+04 2.975587278017347967e-12
5.466630916634306050e+04 3.030758597108140129e-12
5.468043043039830809e+04 3.128669241393346687e-12
5.469455169463373022e+04 3.156326371382211762e-12
5.470867295870951784e+04 3.159114362555368948e-12
5.472279422282732412e+04 3.086349080691709375e-12
5.473691548693281220e+04 2.937696997055045348e-12
5.475103675103224668e+04 2.964643285876435962e-12
5.476515801516737702e+04 2.964605297082159506e-12
5.477927927930769511e+04 2.998076644228901593e-12
5.479340054341791983e+04 3.050749073309757768e-12
5.480752180745689839e+04 3.073563597845201916e-12
5.482164307159238524e+04 2.977818314833742437e-12
5.483576433579543664e+04 3.238503216058350676e-12
5.484988559985723259e+04 3.173406519615545673e-12
5.486400686396558740e+04 3.044242687442609799e-12
5.487812812811609911e+04 2.825263687432527960e-12
5.489224939219481166e+04 2.688274807516548785e-12
5.490637065643089591e+04 2.698432624779302866e-12
5.492049192052116268e+04 2.607763674887744450e-12
5.493461318463717180e+04 2.587132540206382649e-12
5.494873444873982226e+04 2.533588944368648206e-12
5.496285571293274552e+04 2.485707610511686163e-12
5.497697697702485311e+04 2.254149812451073898e-12
5.499109824106030283e+04 2.268628050215417827e-12
5.500521950519333041e+04 2.295159681689114669e-12
5.501934076934367476e+04 2.171313636836987722e-12
5.503346203351329314e+04 2.180903553819204925e-12
5.504758329761258210e+04 2.034289987516077719e-12
5.506170456173241109e+04 1.994209877921002309e-12
5.507582582578019355e+04 1.958693574662032552e-12
5.508994708987830381e+04 1.785062892971915186e-12
5.510406835413008957e+04 1.735492023586462502e-12
5.511818961823008431e+04 1.678619579165536089e-12
5.513231088232207549e+04 1.507315872094307899e-12
5.514643214644229738e+04 1.512107611196071076e-12
5.516055341064031381e+04 1.507144600581130133e-12
5.517467467470092379e+04 1.378862237210977442e-12
5.518879593883420603e+04 1.257010925997289661e-12
5.520291720290250669e+04 1.173696993004339106e-12
5.521703846701510338e+04 1.188203561394922611e-12
5.523115973122174182e+04 1.138484600099579380e-12
5.524528099532572378e+04 1.102641206883111969e-12
5.525940225939130323e+04 1.057493778458303129e-12
5.527352352346947737e+04 9.698568494522865462e-13
5.528764478757087636e+04 8.885724195027056829e-13
5.530176605182700587e+04 8.964946928039812743e-13
5.531588731591021497e+04 6.604992884696053776e-13
5.533000857998397260e+04 5.442085065333733840e-13
5.534412984408451302e+04 4.017943116924471686e-13
5.535825110828682955e+04 3.748982453448458162e-13
5.537237237242647097e+04 4.151122815366918332e-13
5.538649363646066195e+04 4.528538267112346085e-13
5.540061490056147886e+04 3.089535617484501688e-13
5.541473616465980740e+04 1.821469664542504842e-13
5.542885742885964282e+04 1.664891444337350704e-13
5.544297869298531441e+04 9.585122026821611047e-15
5.545709995710905787e+04 -9.601471177105043598e-14
5.547122122121068969e+04 -2.547602248835594811e-13
5.548534248526455485e+04 -4.873572418248816988e-13
5.549946374950454629e+04 -5.929377592866811171e-13
5.551358501362910465e+04 -5.237904271694349155e-13
5.552770627774090099e+04 -6.802231309761749381e-13
5.554182754184021178e+04 -8.971288442477891280e-13
5.555594880588532396e+04 -9.753703073880535934e-13
5.557007007009317022e+04 -1.065769472452463762e-12
5.558419133418765705e+04 -1.162705285643869013e-12
5.559831259827334725e+04 -1.166804212158491986e-12
5.561243386243198620e+04 -1.128941617944560504e-12
5.562655512663928675e+04 -1.344685775540337341e-12
5.564067639071492158e+04 -1.338239270315014554e-12
5.565479765478165791e+04 -1.503162147703567146e-12
5.566891891888700775e+04 -1.503921923589092426e-12
5.568304018297320727e+04 -1.643128318886215327e-12
5.569716144721887395e+04 -1.816079065546574188e-12
5.571128271132925147e+04 -2.028145392754112471e-12
5.572540397542648134e+04 -2.127396590762763491e-12
5.573952523950830800e+04 -2.270515187992473318e-12
5.575364650358305516e+04 -2.381112801810217057e-12
5.576776776776091720e+04 -2.393718642731248969e-12
5.578188903191252757e+04 -2.491962815752644031e-12
5.579601029599222966e+04 -2.499878650275228673e-12
5.581013156011357205e+04 -2.401543046596423226e-12
5.582425282431982487e+04 -2.591530801672886781e-12
5.583837408836757095e+04 -2.755584443938168845e-12
5.585249535250684130e+04 -2.742099065847960682e-12
5.586661661657148215e+04 -2.792235260002473863e-12
5.588073788072327443e+04 -2.852459732609879466e-12
5.589485914491578296e+04 -2.926488946730561544e-12
5.590898040897383180e+04 -2.971078776920738826e-12
5.592310167312005797e+04 -2.951019405787128573e-12
5.593722293719046138e+04 -3.078303758460192535e-12
5.595134420127457997e+04 -3.112160144572649922e-12
5.596546546551112988e+04 -3.095150179027046714e-12
5.597958672956899682e+04 -3.080617855521699811e-12
5.599370799367420841e+04 -3.274745745296408220e-12
5.600782925777311902e+04 -3.222371431668940272e-12
5.602195052199579368e+04 -3.318705862930616310e-12
5.603607178605993249e+04 -3.233725574012462333e-12
5.605019305021504260e+04 -3.178404875256041333e-12
5.606431431428372161e+04 -3.258396398444490768e-12
5.607843557841093570e+04 -3.465439190517393881e-12
5.609255684261643182e+04 -3.473750366051599342e-12
5.610667810669489700e+04 -3.406811535025329840e-12
5.612079937080096715e+04 -3.419977549692469287e-12
5.613492063494234026e+04 -3.568468663861861270e-12
5.614904189897851029e+04 -3.419177853379060215e-12
5.616316316319784528e+04 -3.442392226071208898e-12
5.617728442729642848e+04 -3.492524556958507408e-12
5.619140569136934209e+04 -3.597999478449776047e-12
5.620552695545944880e+04 -3.595968687650668166e-12
5.621964821959987603e+04 -3.510724408806187747e-12
5.623376948381875991e+04 -3.570735113961055614e-12
5.624789074794451153e+04 -3.798684620443290581e-12
5.626201201201300137e+04 -3.700392800459583395e-12
5.627613327612802095e+04 -3.772961699573169838e-12
5.629025454033834103e+04 -3.812906594815737007e-12
5.630437580436515418e+04 -3.870541390633665282e-12
5.631849706847211928e+04 -3.954955067027020067e-12
5.633261833256146929e+04 -4.008026056508843093e-12
5.634673959667390591e+04 -3.950633358769692533e-12
5.636086086090754543e+04 -4.076766457812824865e-12
5.637498212496229826e+04 -3.945699966536729861e-12
5.638910338905666868e+04 -3.978041951901089043e-12
5.640322465321025811e+04 -4.027181423114252191e-12
5.641734591729591921e+04 -3.961502017199920670e-12
5.643146718147725187e+04 -3.959357903895853677e-12
5.644558844556328404e+04 -4.018249549314244160e-12
5.645970970968453184e+04 -4.159396592508802647e-12
5.647383097379282844e+04 -4.305925166933209511e-12
5.648795223797226936e+04 -4.323888071725064895e-12
5.650207350206904084e+04 -4.298413687712413121e-12
5.651619476618074259e+04 -4.386622380266180646e-12
5.653031603028027894e+04 -4.407733847837883611e-12
5.654443729437050206e+04 -4.290129555048709147e-12
5.655855855861552845e+04 -4.353950729432848035e-12
5.657267982272675727e+04 -4.317212345978346496e-12
5.658680108678997931e+04 -4.183790549457122537e-12
5.660092235088328016e+04 -3.985159377866002702e-12
5.661504361504177359e+04 -4.082220103364011885e-12
5.662916487919045903e+04 -4.167463094452754215e-12
5.664328614331639983e+04 -4.303117859423979777e-12
5.665740740736381849e+04 -4.557699442327489401e-12
