5.300000000000060390e+04 -3.135268802752144143e-12
5.301412126409520715e+04 -2.875126012465552258e-12
5.302824252819266985e+04 -2.873564431146690129e-12
5.304236379240837414e+04 -2.630848454150504090e-12
5.305648505650588777e+04 -2.580332869446477202e-12
5.307060632059220370e+04 -2.568339548411680425e-12
5.308472758470503322e+04 -2.671995567638564900e-12
5.309884884879723541e+04 -2.720794475504409648e-12
5.311297011299963924e+04 -2.614698514163900970e-12
5.312709137709960487e+04 -2.612468257650355867e-12
5.314121264120547858e+04 -2.528536049479656330e-12
5.315533390529327153e+04 -2.508238575222755345e-12
5.316945516950278397e+04 -2.584086351556777401e-12
5.318357643359309441e+04 -2.369999830026093289e-12
5.319769769770751009e+04 -2.283444264285691343e-12
5.321181896180562035e+04 -2.229414154112041913e-12
5.322594022590458917e+04 -2.088272180841529281e-12
5.324006149009598448e+04 -2.109116179043016513e-12
5.325418275420497230e+04 -1.953536318291618621e-12
5.326830401829299808e+04 -1.931459689513239827e-12
5.328242528239884996e+04 -1.823355259235714384e-12
5.329654654649939766e+04 -1.786454004477016730e-12
5.331066781070849538e+04 -1.739706070050840688e-12
5.332478907479188638e+04 -1.731218616161052293e-12
5.333891033889242681e+04 -1.582357877683732890e-12
5.335303160299722367e+04 -1.618245419732203950e-12
5.336715286720102449e+04 -1.416483793713019016e-12
5.338127413129785418e+04 -1.187587732676722872e-12
5.339539539539196994e+04 -9.765194899878691536e-13
5.340951665949837479e+04 -9.589487976441207331e-13
5.342363792359624495e+04 -9.809387119896212039e-13
5.343775918779687345e+04 -9.885029392207383879e-13
5.345188045190156117e+04 -9.695935518235747326e-13
5.346600171600109024e+04 -7.951425446087256953e-13
5.348012298009653750e+04 -5.712412217875516975e-13
5.349424424419672141e+04 -5.275926396064114762e-13
5.350836550840459677e+04 -5.165720354266601361e-13
5.352248677249487082e+04 -5.702630934796223088e-13
5.353660803660153033e+04 -4.451802133806320593e-13
5.355072930069659924e+04 -3.607625978862500126e-13
5.356485056489811541e+04 -3.626759564392476188e-13
5.357897182899671316e+04 -2.616683350504099162e-13
5.359309309310735989e+04 -2.834555658878966190e-13
5.360721435719232250e+04 -2.601728718467831476e-13
5.362133562130610517e+04 -2.589401756765231292e-13
5.363545688549919578e+04 -1.616535348839984444e-13
5.364957814960915130e+04 -1.205838215705186607e-13
5.366369941370125889e+04 -1.195412805749292093e-13
5.367782067779961653e+04 7.832767420644563872e-14
5.369194194190953567e+04 1.429181198945605950e-13
5.370606320610743569e+04 1.194012575286544876e-13
5.372018447020201711e+04 2.481558576043725496e-13
5.373430573430079676e+04 3.247985599686922903e-13
5.374842699840846035e+04 4.144591845771713092e-13
5.376254826249167672e+04 6.246149579197533626e-13
5.377666952670503088e+04 5.949876141441247714e-13
5.379079079080713564e+04 4.244149460161148371e-13
5.380491205490530410e+04 3.002629669998857246e-13
5.381903331900932972e+04 2.297224156875155840e-13
5.383315458320889593e+04 1.633048011323350480e-13
5.384727584730655508e+04 3.338450661364101341e-13
5.386139711140344298e+04 3.606759022483944288e-13
5.387551837550815981e+04 4.165744395177632646e-13
5.388963963959338435e+04 3.817359650050264049e-13
5.390376090379694506e+04 3.544203939013844963e-13
5.391788216790027218e+04 2.503716015851836391e-13
5.393200343199938652e+04 1.372276328219943346e-13
5.394612469609225809e+04 3.075625905833240469e-13
5.396024596020862373e+04 2.308112656011172566e-13
5.397436722439637379e+04 3.047763154851329506e-13
5.398848848849185742e+04 2.014234688064811252e-13
5.400260975260320265e+04 2.290760586363932619e-13
5.401673101669529569e+04 2.257411606058308102e-13
5.403085228090854071e+04 2.036333093841462211e-13
5.404497354499343783e+04 1.520546201635713004e-13
5.405909480910856655e+04 9.945923373451290017e-14
5.407321607320143085e+04 1.693211560585623561e-13
5.408733733729719097e+04 5.300863404679215486e-14
5.410145860150466615e+04 9.267045130331129916e-14
5.411557986559739948e+04 1.172056507119081429e-13
5.412970112970843184e+04 2.657041826095342529e-13
5.414382239379249950e+04 2.863803929749374838e-13
5.415794365789448057e+04 2.941330043597814291e-13
5.417206492210002762e+04 4.084614581675381386e-13
5.418618618620638154e+04 4.682629320368543882e-13
5.420030745029385434e+04 5.599998491251615371e-13
5.421442871440073941e+04 5.746292692414513351e-13
5.422854997849621577e+04 4.222232092080975575e-13
5.424267124269231135e+04 6.314513611363328616e-13
5.425679250680681434e+04 7.368226469439817315e-13
5.427091377089447633e+04 8.266661458632512273e-13
5.428503503499564249e+04 9.277484125052020415e-13
5.429915629919574712e+04 1.007113108466789428e-12
5.431327756329662225e+04 9.926043801481519406e-13
5.432739882739500172e+04 1.181545683945149195e-12
5.434152009149693913e+04 1.123189625539455014e-12
5.435564135559751594e+04 1.012464346638563765e-12
5.436976261979694391e+04 1.173895398214836445e-12
5.438388388389797910e+04 1.124617461980375537e-12
5.439800514800302335e+04 1.266201009806211388e-12
5.441212641209190042e+04 1.287852462371339304e-12
5.442624767620788771e+04 1.116254307523495117e-12
5.444036894039913022e+04 1.246221794572249781e-12
5.445449020450019452e+04 1.132887473854285168e-12
5.446861146860266308e+04 1.096859398014254278e-12
5.448273273270912614e+04 1.125484868682632591e-12
5.449685399690115446e+04 1.209560873914964257e-12
5.451097526100816322e+04 1.240617497185615698e-12
5.452509652509316220e+04 1.249553806494607604e-12
5.453921778920399811e+04 1.376238870207431204e-12
5.455333905329504341e+04 1.383412160963544420e-12
5.456746031750093971e+04 1.367281964580796588e-12
5.458158158160273160e+04 1.485106020171424301e-12
5.459570284569258365e+04 1.444713099231953090e-12
5.460982410980860732e+04 1.203613392025440603e-12
5.462394537389642937e+04 1.228152658222871493e-12
5.463806663809716702e+04 1.292456198518089126e-12
5.465218790220089431e+04 1.185772520597708781e-12
5.466630916629505373e+04 1.217794153502631859e-12
5.468043043039485201e+04 1.176410510328519752e-12
5.469455169460402976e+04 1.227191321817224181e-12
5.470867295870612725e+04 1.194037809749101597e-12
5.472279422279243590e+04 1.302359222888928118e-12
5.473691548690776835e+04 1.459014027759850310e-12
5.475103675100096007e+04 1.404902122655944240e-12
5.476515801519351953e+04 1.421276326368728325e-12
5.477927927929311409e+04 1.473843901209632030e-12
5.479340054340875940e+04 1.448004312079235028e-12
5.480752180750136176e+04 1.430740662292448549e-12
5.482164307159750751e+04 1.510388328044835913e-12
5.483576433579574223e+04 1.476108709029923533e-12
5.484988559989297210e+04 1.392750557620149576e-12
5.486400686399720144e+04 1.326653432262430264e-12
5.487812812810840842e+04 1.340864104315561348e-12
5.489224939219707449e+04 1.265137872492979126e-12
5.490637065639287175e+04 1.291363675375863281e-12
5.492049192049394333e+04 1.199867748322650918e-12
5.493461318460104667e+04 1.168445901177364971e-12
5.494873444870018284e+04 1.108183961862658040e-12
5.496285571289349900e+04 1.104446714111009292e-12
5.497697697699626588e+04 1.117545972131847271e-12
5.499109824110721092e+04 1.083556538178246400e-12
5.500521950520470273e+04 9.972325170279055092e-13
5.501934076930790616e+04 1.098144503285777454e-12
5.503346203349401185e+04 9.692120795886271841e-13
5.504758329760564811e+04 1.003230374624275191e-12
5.506170456169661338e+04 1.033832042292472235e-12
5.507582582580215239e+04 1.052446915466017300e-12
5.508994708989589708e+04 1.033838339255827988e-12
5.510406835410455096e+04 1.049976406842770714e-12
5.511818961820364348e+04 1.105435862104811249e-12
5.513231088230063324e+04 1.054156016270162150e-12
5.514643214639417420e+04 1.128118048859236680e-12
5.516055341059350030e+04 1.281409225804285568e-12
5.517467467470184783e+04 1.147365242103090133e-12
5.518879593879517051e+04 1.079445145853875761e-12
5.520291720289201476e+04 8.706294450254433160e-13
5.521703846700915165e+04 8.331824534425792875e-13
5.523115973119317641e+04 8.385275258377342815e-13
5.524528099529653264e+04 7.539377933449612540e-13
5.525940225939166703e+04 7.635653255689853267e-13
5.527352352350868750e+04 8.585844036197503156e-13
5.528764478760786005e+04 7.027392832869908049e-13
5.530176605179963371e+04 7.816942830702434737e-13
5.531588731589179952e+04 7.548849615830581211e-13
5.533000858000277367e+04 7.009703613309660958e-13
5.534412984410156787e+04 7.560530482855532094e-13
5.535825110830019548e+04 7.684764322395385699e-13
5.537237237240932154e+04 6.915710940285886909e-13
5.538649363649864972e+04 4.520025984114205645e-13
5.540061490059701464e+04 4.301122547989831974e-13
5.541473616470710112e+04 4.822138543515600376e-13
5.542885742890044639e+04 4.121979187987674172e-13
5.544297869299422746e+04 4.585252029541043276e-13
5.545709995710706426e+04 4.710740014282588141e-13
5.547122122119963024e+04 4.103072555511978558e-13
5.548534248529653996e+04 3.459281516957108788e-13
5.549946374950254540e+04 2.514957407309249644e-13
5.551358501359582442e+04 6.626321716373904419e-14
5.552770627770463034e+04 3.993351438548467370e-14
5.554182754180494521e+04 -7.512407530417545438e-14
5.555594880590636603e+04 -5.872310949712944234e-14
5.557007007010318193e+04 -1.701982517843034752e-13
5.558419133420604339e+04 -7.177356605196016787e-14
5.559831259829302144e+04 -1.932063063923898275e-13
5.561243386240529799e+04 -1.370442149692347472e-13
5.562655512660628301e+04 -5.025369378362049412e-14
5.564067639069255529e+04 -1.428972424084217717e-13
5.565479765479421621e+04 -7.564514902186531282e-14
5.566891891889234830e+04 2.111500470166220054e-13
5.568304018300646567e+04 2.930515009034281523e-13
5.569716144719470321e+04 2.101514535777863423e-13
5.571128271129681525e+04 5.366351823579210182e-14
5.572540397539631522e+04 9.758798612395695812e-14
5.573952523949442548e+04 1.141726133622128785e-13
5.575364650360922678e+04 1.472080573674146308e-13
5.576776776779995998e+04 1.762706422420726222e-13
5.578188903189643315e+04 1.106457891360360669e-13
5.579601029600284528e+04 1.559178071823354449e-13
5.581013156010630337e+04 1.301847416820401571e-13
5.582425282430385414e+04 7.378703887999005111e-14
5.583837408839571435e+04 -1.042081748036323247e-13
5.585249535249202017e+04 -1.266187204357373437e-14
5.586661661660685058e+04 -5.179802404662277758e-14
5.588073788070275623e+04 -2.588038726572180465e-13
5.589485914489463903e+04 -2.951714597715140831e-13
5.590898040899262560e+04 -2.252804139919442171e-13
5.592310167309499957e+04 -3.575413075695645230e-13
5.593722293720869493e+04 -3.336721432225767940e-13
5.595134420129175851e+04 -4.309040791459482699e-13
5.596546546549221239e+04 -3.163381773449844359e-13
5.597958672959199612e+04 -4.496134067698298390e-13
5.599370799370350869e+04 -5.256870210708719499e-13
5.600782925779654033e+04 -5.572080453890113169e-13
5.602195052200860664e+04 -2.462409060155131149e-13
5.603607178609828406e+04 -2.391709904078237363e-13
5.605019305020085449e+04 -3.568276517225774347e-13
5.606431431429606164e+04 -2.958677989692728496e-13
5.607843557840857829e+04 -4.686680178843860120e-13
5.609255684259571717e+04 -5.587733655298662275e-13
5.610667810669566825e+04 -6.815032803215842238e-13
5.612079937079868978e+04 -4.540333502986331535e-13
5.613492063490731380e+04 -5.161964477998358173e-13
5.614904189899887569e+04 -5.262453518217501339e-13
5.616316316320699843e+04 -4.437913394004753110e-13
5.617728442730330426e+04 -4.654460716340176652e-13
5.619140569140796288e+04 -4.997073245058091310e-13
5.620552695550856151e+04 -5.442950725341149157e-13
5.621964821960104018e+04 -6.103292282582764916e-13
5.623376948379510577e+04 -3.763839209178098594e-13
5.624789074790725135e+04 -4.682797051441136755e-13
5.626201201199583738e+04 -5.519852390323474712e-13
5.627613327610791748e+04 -4.670538962775240124e-13
5.629025454029451794e+04 -4.562283667750649216e-13
5.630437580439879821e+04 -5.901742227972996300e-13
5.631849706849936047e+04 -6.458404283561879414e-13
5.633261833259173000e+04 -6.773320668453337251e-13
5.634673959670753538e+04 -5.710702854697899709e-13
5.636086086089436867e+04 -7.765685361036248725e-13
5.637498212500010413e+04 -7.950175892421346603e-13
5.638910338909729762e+04 -8.704756753751505104e-13
5.640322465319734329e+04 -9.760558104674322393e-13
5.641734591730622924e+04 -1.135914195445601865e-12
5.643146718149250228e+04 -1.071479993160751742e-12
5.644558844560679427e+04 -8.968316155007205054e-13
5.645970970969896007e+04 -1.004016426754830705e-12
5.647383097380575782e+04 -9.559611509052816846e-13
5.648795223800680833e+04 -9.657566021521262189e-13
5.650207350210592267e+04 -9.007352080343508776e-13
5.651619476620605565e+04 -8.911333884106961651e-13
5.653031603029289545e+04 -7.484704361162921205e-13
5.654443729440477182e+04 -7.602373616404386713e-13
5.655855855859248550e+04 -7.079311107787993397e-13
5.657267982270733773e+04 -6.798739410532790860e-13
5.658680108680117701e+04 -6.157320228175260604e-13
5.660092235090163740e+04 -7.046808281933300014e-13
5.661504361499175866e+04 -7.387972509079387345e-13
5.662916487920537475e+04 -6.308316161977131915e-13
5.664328614329554694e+04 -6.838389289796281550e-13
5.665740740739348257e+04 -7.260721374598227482e-13
