5.299999999999833381e+04 -4.315812973186660220e-12
5.301412126406347670e+04 -4.046229296833183672e-12
5.302824252822216658e+04 -4.076840509575983700e-12
5.304236379242346447e+04 -3.939266126603252349e-12
5.305648505646476406e+04 -3.887071930976477079e-12
5.307060632057042676e+04 -3.665094719480141365e-12
5.308472758469900145e+04 -3.494556467391411770e-12
5.309884884883160703e+04 -3.393353651922288945e-12
5.311297011298670986e+04 -3.459310474947987788e-12
5.312709137712109805e+04 -3.549174530329129775e-12
5.314121264123108995e+04 -3.433025197550926233e-12
5.315533390533378406e+04 -3.339313298208214229e-12
5.316945516951417812e+04 -3.381150272903194632e-12
5.318357643358818314e+04 -3.208668633649880488e-12
5.319769769773373991e+04 -3.242981459371483387e-12
5.321181896180926560e+04 -3.015645092180416078e-12
5.322594022593132831e+04 -2.970511561100842699e-12
5.324006149013077084e+04 -2.983311388214550492e-12
5.325418275416778488e+04 -2.856715740130946016e-12
5.326830401830885239e+04 -2.726318086495380811e-12
5.328242528236984799e+04 -2.453891153663605970e-12
5.329654654651489545e+04 -2.554996062163472056e-12
5.331066781067182455e+04 -2.416958146343708590e-12
5.332478907477872417e+04 -2.251782600812426475e-12
5.333891033893296844e+04 -2.184482002212631743e-12
5.335303160298339935e+04 -2.256802826660895721e-12
5.336715286717164417e+04 -2.113907572749627315e-12
5.338127413130725472e+04 -1.915695736643221396e-12
5.339539539538483223e+04 -1.960557529883293930e-12
5.340951665951393807e+04 -1.807434935914219365e-12
5.342363792360627849e+04 -1.688545144133352304e-12
5.343775918777335755e+04 -1.452048906918398318e-12
5.345188045191350830e+04 -1.236525743495053635e-12
5.346600171601979673e+04 -1.039342600387677681e-12
5.348012298011348321e+04 -9.313820815923293887e-13
5.349424424422494485e+04 -8.232663013247147761e-13
5.350836550838113908e+04 -8.805044651593016442e-13
5.352248677247684827e+04 -7.216960361256038483e-13
5.353660803659607336e+04 -5.179464359298409474e-13
5.355072930069338327e+04 -5.173882403108520846e-13
5.356485056492890726e+04 -3.591126666485773880e-13
5.357897182897069433e+04 -3.501371832413725992e-13
5.359309309309975652e+04 -2.193163636117447675e-13
5.360721435722468595e+04 1.878205461367219636e-15
5.362133562128900667e+04 -8.433022061314679946e-14
5.363545688548653561e+04 1.382814009282958874e-13
5.364957814959259849e+04 1.229771826214121519e-13
5.366369941372255562e+04 1.002267406374866883e-13
5.367782067779131467e+04 1.058166378476318664e-13
5.369194194190533017e+04 1.681550672043681860e-13
5.370606320611161937e+04 2.149079692256712148e-13
5.372018447018284496e+04 2.040245265796191004e-13
5.373430573431762605e+04 3.478192947183299393e-13
5.374842699842723232e+04 4.317859643183874072e-13
5.376254826250711631e+04 3.090101083808953350e-13
5.377666952668476006e+04 2.661928373316786124e-13
5.379079079078431096e+04 3.752092293661207261e-13
5.380491205490221182e+04 2.968520835628580641e-13
5.381903331898231409e+04 1.352792756240172646e-13
5.383315458322015184e+04 1.793709190215131729e-13
5.384727584729425143e+04 1.999022009300852777e-13
5.386139711141378939e+04 7.484414096374197630e-14
5.387551837552133657e+04 5.670246054090151921e-14
5.388963963961218542e+04 -1.114221087567666286e-13
5.390376090376497450e+04 8.392963655400912939e-14
5.391788216792023741e+04 1.842440261715352670e-13
5.393200343201175565e+04 1.264382085109062413e-13
5.394612469610627159e+04 9.059715603738505965e-14
5.396024596023048070e+04 2.666300130931848821e-13
5.397436722439067671e+04 1.800806719173441199e-13
5.398848848849370552e+04 1.978524170062953603e-13
5.400260975259131374e+04 1.892656562248055770e-13
5.401673101668583695e+04 2.966567861134663000e-13
5.403085228090333840e+04 3.307908737904997772e-14
5.404497354498224740e+04 5.376247533415665045e-14
5.405909480906715908e+04 4.855552252767010890e-14
5.407321607323152421e+04 1.051762881776178252e-13
5.408733733728101652e+04 3.063861171476602148e-14
5.410145860147372150e+04 2.791361510520285663e-14
5.411557986562838050e+04 1.652268321251569691e-13
5.412970112970625632e+04 2.191331246314095588e-13
5.414382239383249544e+04 3.023172486499536917e-13
5.415794365793180623e+04 3.167853356288793777e-13
5.417206492211705336e+04 2.756576296211777284e-13
5.418618618623090879e+04 3.326421972966866599e-13
5.420030745029064565e+04 1.087846425892646713e-13
5.421442871439199371e+04 1.229709201908035578e-13
5.422854997846976767e+04 1.077147999334394475e-13
5.424267124272292858e+04 2.244977680230661673e-13
5.425679250678129756e+04 3.250748569204518721e-13
5.427091377089112939e+04 3.031944408631392422e-13
5.428503503500554507e+04 2.943351997890352101e-13
5.429915629917509068e+04 3.342133572069010668e-13
5.431327756331366982e+04 3.640987090493666958e-13
5.432739882740324538e+04 2.861918126385200385e-13
5.434152009149073274e+04 3.056416308860138539e-13
5.435564135559796705e+04 3.974852115300196790e-13
5.436976261979546689e+04 4.742660970929846351e-13
5.438388388387378654e+04 5.133858870763775493e-13
5.439800514798454969e+04 5.203905448343729742e-13
5.441212641209686990e+04 5.075023980807417371e-13
5.442624767620768398e+04 2.076622240295299280e-13
5.444036894037421007e+04 3.045656549218606033e-13
5.445449020446655049e+04 4.072535057400447285e-13
5.446861146861981979e+04 4.755497016843259808e-13
5.448273273271387734e+04 4.734662491258723006e-13
5.449685399687486643e+04 5.142915507524331603e-13
5.451097526101084077e+04 5.215069037917806748e-13
5.452509652509776060e+04 6.793361017300570174e-13
5.453921778921686200e+04 6.520651532638295192e-13
5.455333905329101981e+04 6.728990332369633970e-13
5.456746031751246483e+04 5.695308371223525457e-13
5.458158158160552557e+04 5.398100516264984334e-13
5.459570284567102499e+04 7.219835769802984200e-13
5.460982410981235444e+04 7.173554470771248762e-13
5.462394537386983575e+04 5.857101171247921490e-13
5.463806663813236082e+04 5.310052678742330998e-13
5.465218790222183452e+04 4.961752428577284855e-13
5.466630916632000299e+04 4.307332949258806156e-13
5.468043043037703319e+04 4.314940834031145772e-13
5.469455169457982265e+04 5.184256588100707420e-13
5.470867295866448694e+04 4.764912613543854912e-13
5.472279422283086024e+04 5.379059499157836449e-13
5.473691548691251955e+04 4.530103746291645611e-13
5.475103675101904082e+04 4.559642727616429534e-13
5.476515801517972432e+04 3.544385547493355131e-13
5.477927927931640443e+04 3.038552886951968573e-13
5.479340054342951044e+04 4.259776567706249012e-13
5.480752180752083223e+04 4.062461582680248536e-13
5.482164307159824239e+04 4.396416993083190889e-13
5.483576433582700702e+04 4.028158957618812133e-13
5.484988559990254726e+04 3.241468550898543410e-13
5.486400686400859558e+04 2.277603652478641955e-13
5.487812812810211472e+04 1.683491379920943523e-13
5.489224939219684893e+04 1.025459704802969987e-13
5.490637065643291862e+04 1.358326879143294982e-15
5.492049192047891847e+04 2.140449637954023025e-14
5.493461318460215989e+04 -4.418193938428747355e-14
5.494873444872476102e+04 4.744736283507991617e-14
5.496285571286774211e+04 -4.888612231072821293e-14
5.497697697699694982e+04 -2.840957851218874073e-13
5.499109824112083152e+04 -3.023140996182578086e-13
5.500521950522339466e+04 -3.857516261124590461e-13
5.501934076932609605e+04 -3.197099051872723412e-13
5.503346203346719267e+04 -2.038948377129453835e-13
5.504758329756892635e+04 -1.956520586869463113e-13
5.506170456171913247e+04 -3.970589287848316487e-13
5.507582582576313871e+04 -2.152942691325186529e-13
5.508994708992289816e+04 -3.048008010589928105e-13
5.510406835413208319e+04 -3.203327910688366264e-13
5.511818961816788942e+04 -2.476432740886340856e-13
5.513231088233109767e+04 -1.153633081272033644e-13
5.514643214640903170e+04 -3.292209878143628623e-13
5.516055341060038336e+04 -5.114443543684704422e-13
5.517467467468154064e+04 -4.019056627090433146e-13
5.518879593878577725e+04 -4.015960274801893921e-13
5.520291720291288220e+04 -5.093400485617014985e-13
5.521703846702412557e+04 -4.960627918155135413e-13
5.523115973121188290e+04 -4.398990544777127121e-13
5.524528099528862367e+04 -4.701862348573732076e-13
5.525940225941761310e+04 -5.588319085391564521e-13
5.527352352352223534e+04 -5.880983127296158500e-13
5.528764478759213671e+04 -6.978229404730920271e-13
5.530176605178444152e+04 -7.452903567743227005e-13
5.531588731591361284e+04 -8.263592641533881400e-13
5.533000858000116568e+04 -7.541900454028214346e-13
5.534412984410502395e+04 -8.783810815355756827e-13
5.535825110830313497e+04 -1.013414386447158951e-12
5.537237237240451213e+04 -1.032071523014113162e-12
5.538649363646411803e+04 -1.034569974582381923e-12
5.540061490061344375e+04 -1.088949564808135690e-12
5.541473616469751141e+04 -1.112711163371358314e-12
5.542885742892282724e+04 -1.114431330393373181e-12
5.544297869303145853e+04 -1.181981134994706233e-12
5.545709995712283126e+04 -1.080369001896114249e-12
5.547122122118389234e+04 -1.063365792621232423e-12
5.548534248527235468e+04 -1.071599985015572109e-12
5.549946374950690370e+04 -9.609191422231896007e-13
5.551358501363011601e+04 -1.008920866521500106e-12
5.552770627772119042e+04 -1.023250082487651779e-12
5.554182754177116294e+04 -1.089306458791685405e-12
5.555594880590348475e+04 -1.064198889575596503e-12
5.557007007012372924e+04 -9.947100556866493522e-13
5.558419133421878360e+04 -9.998223941420337729e-13
5.559831259826728638e+04 -1.120993582937498432e-12
5.561243386241864209e+04 -9.461640809756535264e-13
5.562655512659444503e+04 -9.285440545663951519e-13
5.564067639069639699e+04 -8.000513742169382397e-13
5.565479765479026537e+04 -6.593855617426152190e-13
5.566891891891074192e+04 -5.647815404230243689e-13
5.568304018297249422e+04 -3.221605169505825864e-13
5.569716144721855380e+04 -4.187490831616955109e-13
5.571128271130010398e+04 -3.365586196534287442e-13
5.572540397540842969e+04 -3.706991316915847246e-13
5.573952523951311014e+04 -2.695715945120455339e-13
5.575364650360619999e+04 -3.168076236864596362e-13
5.576776776782597881e+04 -2.041817474204154946e-13
5.578188903189766279e+04 -2.028814860548780996e-13
5.579601029599429603e+04 -1.742737991788466594e-13
5.581013156006983627e+04 -2.333821701254935193e-13
5.582425282426806370e+04 -3.946303651785952280e-14
5.583837408837383555e+04 -1.273108636278795543e-13
5.585249535252121859e+04 -1.086116331974531404e-13
5.586661661661530525e+04 -1.048923950273499712e-13
5.588073788072334719e+04 5.112373240802734535e-14
5.589485914486945694e+04 -5.364166415193663388e-15
5.590898040898067120e+04 1.437576059703819204e-13
5.592310167311725672e+04 3.633710076288706465e-14
5.593722293722773611e+04 6.155900775843799901e-14
5.595134420126950135e+04 2.389685020087439818e-13
5.596546546552775544e+04 3.006613199625322300e-13
5.597958672956539522e+04 3.589057982908942831e-13
5.599370799370570603e+04 4.812303072965853580e-13
5.600782925778020581e+04 5.301423436730526552e-13
5.602195052198995108e+04 5.156011089221730179e-13
5.603607178608851973e+04 6.365654438241331119e-13
5.605019305020148749e+04 9.323333271095395993e-13
5.606431431426477502e+04 1.080087307176829376e-12
5.607843557841081201e+04 1.099971363653946021e-12
5.609255684258999827e+04 9.717206584583141441e-13
5.610667810666689184e+04 1.155376443032142571e-12
5.612079937076568604e+04 1.347373526932060013e-12
5.613492063487177074e+04 1.518629440656306790e-12
5.614904189897044125e+04 1.732537929960878420e-12
5.616316316318411555e+04 1.885376164387524372e-12
5.617728442729500966e+04 1.873157129291908623e-12
5.619140569138743012e+04 1.884489675370136258e-12
5.620552695552004297e+04 2.091947086414170473e-12
5.621964821960092377e+04 2.281462181836594345e-12
5.623376948378214729e+04 2.234514095347894918e-12
5.624789074787837308e+04 2.318748306313333865e-12
5.626201201202211087e+04 2.404297304900876927e-12
5.627613327611385466e+04 2.454098412740344139e-12
5.629025454032311245e+04 2.530549390876402633e-12
5.630437580441308091e+04 2.597759087390662624e-12
5.631849706851749943e+04 2.679044403711995999e-12
5.633261833263141307e+04 2.707426772208398781e-12
5.634673959670255135e+04 2.794546091411332216e-12
5.636086086087496369e+04 2.866337046440911623e-12
5.637498212498545763e+04 2.879518107088060128e-12
5.638910338910911378e+04 2.774597667477341409e-12
5.640322465321303025e+04 2.765503133327433281e-12
5.641734591729231033e+04 2.839700669422641513e-12
5.643146718149501976e+04 2.743233155349581409e-12
5.644558844558696001e+04 2.912420013649660520e-12
5.645970970966557798e+04 2.950828468989284997e-12
5.647383097378863749e+04 3.036627641995470565e-12
5.648795223797899234e+04 3.036939601425375128e-12
5.650207350209033757e+04 3.074894579315569128e-12
5.651619476617799955e+04 3.097284899258930088e-12
5.653031603027176607e+04 2.914144312584653945e-12
5.654443729439598246e+04 3.039843045026712926e-12
5.655855855858041468e+04 3.173487962616256516e-12
5.657267982270073844e+04 3.274856700215937110e-12
5.658680108678804390e+04 3.334843038109452874e-12
5.660092235091552720e+04 3.180041693089862834e-12
5.661504361502779648e+04 3.161265764024765990e-12
5.662916487917376799e+04 3.069756803770908212e-12
5.664328614332510188e+04 2.967093744430597556e-12
5.665740740736923908e+04 2.947590340436658951e-12
