5.300000000000053114e+04 -1.107764530301503847e-12
5.301412126407879987e+04 -9.134375886310899343e-13
5.302824252821676782e+04 -1.119636920637363324e-12
5.304236379238058726e+04 -1.237585249240837893e-12
5.305648505649941217e+04 -1.228806377521314987e-12
5.307060632061749493e+04 -1.229628504985223908e-12
5.308472758468041138e+04 -1.259011050626324059e-12
5.309884884881140169e+04 -1.301359768174788465e-12
5.311297011299137375e+04 -1.064949043155142306e-12
5.312709137711505173e+04 -1.039568922565006224e-12
5.314121264118192630e+04 -1.083985663438207829e-12
5.315533390530082397e+04 -1.198951636655226241e-12
5.316945516951908212e+04 -1.176128549917100517e-12
5.318357643361356895e+04 -1.210540651872291592e-12
5.319769769770828134e+04 -1.086056057886235210e-12
5.321181896182247874e+04 -9.843362355013180525e-13
5.322594022588097141e+04 -1.052126671074210890e-12
5.324006149008749344e+04 -9.771101285550652934e-13
5.325418275422225270e+04 -8.754436512670505038e-13
5.326830401828260801e+04 -9.402981599112727322e-13
5.328242528239249077e+04 -7.785923144804993348e-13
5.329654654648145515e+04 -7.053752578077978420e-13
5.331066781070794241e+04 -7.210160567864121240e-13
5.332478907478282053e+04 -7.230702571871655581e-13
5.333891033890841209e+04 -7.621229269858667400e-13
5.335303160300680611e+04 -5.472488973710829780e-13
5.336715286718444986e+04 -6.917255397208690455e-13
5.338127413129295019e+04 -6.135566664443916212e-13
5.339539539540088299e+04 -5.911531753403647035e-13
5.340951665948156733e+04 -3.822334401228168982e-13
5.342363792360107618e+04 -3.509438072674523413e-13
5.343775918779141648e+04 -2.261105649694974128e-13
5.345188045190325647e+04 -2.645143960352214575e-13
5.346600171599442547e+04 -2.122450228919172692e-13
5.348012298011506209e+04 -1.371352092871937183e-13
5.349424424418365379e+04 -7.763314389452531639e-14
5.350836550840287964e+04 -2.582532180702973695e-14
5.352248677248415333e+04 8.020476784080951158e-14
5.353660803659234807e+04 2.049702519256180797e-13
5.355072930071812152e+04 3.082362537806939296e-13
5.356485056487916881e+04 2.905109371568133228e-13
5.357897182898715982e+04 3.877655926961879077e-13
5.359309309311879042e+04 4.094675212253457102e-13
5.360721435720087902e+04 5.556651434967476471e-13
5.362133562128357880e+04 5.643545959117576092e-13
5.363545688551064086e+04 6.069771626688551920e-13
5.364957814962034172e+04 6.155732611642857070e-13
5.366369941371697496e+04 6.187531756440841830e-13
5.367782067778374039e+04 4.877931164324745549e-13
5.369194194188511028e+04 7.240218551510417250e-13
5.370606320609049726e+04 9.449066719520173175e-13
5.372018447022264445e+04 1.004666061170039128e-12
5.373430573429847573e+04 1.029003312036781938e-12
5.374842699841990543e+04 9.325494127889545886e-13
5.376254826251126360e+04 8.783664499622759322e-13
5.377666952669806778e+04 9.180763247280958380e-13
5.379079079077865754e+04 1.033728660480726426e-12
5.380491205490442371e+04 9.622453194573561379e-13
5.381903331901831552e+04 9.290788752152392941e-13
5.383315458321132610e+04 9.865988886223750599e-13
5.384727584729747468e+04 1.063550971835266354e-12
5.386139711141735461e+04 1.283069110447120278e-12
5.387551837551588687e+04 1.319636511701775177e-12
5.388963963960532419e+04 1.348755562384417325e-12
5.390376090378878871e+04 1.273810836944486908e-12
5.391788216788565478e+04 1.298776839298866848e-12
5.393200343197993061e+04 1.299112192753540550e-12
5.394612469611348934e+04 1.223364101751018465e-12
5.396024596018977900e+04 1.114364744488944535e-12
5.397436722440875747e+04 1.063091491629492935e-12
5.398848848848046327e+04 1.033525882845295748e-12
5.400260975261719432e+04 9.194119401666920863e-13
5.401673101670986944e+04 9.362212784030761236e-13
5.403085228089125303e+04 7.272666286539375350e-13
5.404497354499075300e+04 7.684451502646043439e-13
5.405909480908286059e+04 8.856748939059217272e-13
5.407321607321334159e+04 7.744667679964793399e-13
5.408733733730598760e+04 7.081478784584824821e-13
5.410145860148386419e+04 6.324784383402910554e-13
5.411557986561003054e+04 7.096706159062445346e-13
5.412970112969878392e+04 8.682241719966867249e-13
5.414382239380063402e+04 7.774952619217160957e-13
5.415794365790912707e+04 8.737709023985274538e-13
5.417206492212240119e+04 8.457865118670817042e-13
5.418618618619674089e+04 8.400263182436295555e-13
5.420030745028187812e+04 9.391459813245567152e-13
5.421442871440398449e+04 8.857916898478977131e-13
5.422854997848674248e+04 9.088226070955395882e-13
5.424267124271806824e+04 8.380977770230021222e-13
5.425679250678842072e+04 8.538824586620506861e-13
5.427091377090672177e+04 7.785548744676427708e-13
5.428503503498971986e+04 9.138729961609830225e-13
5.429915629919460480e+04 1.034074243934573036e-12
5.431327756331812270e+04 1.048053061509069446e-12
5.432739882738159940e+04 1.144394720684997830e-12
5.434152009147873468e+04 1.210646183345854047e-12
5.435564135561638977e+04 1.056169551136386092e-12
5.436976261981461721e+04 1.010805510268907738e-12
5.438388388388612657e+04 1.035534110375271367e-12
5.439800514802169346e+04 1.230495695101672287e-12
5.441212641208271089e+04 1.095742004293881107e-12
5.442624767620112107e+04 1.101429801000108383e-12
5.444036894040749030e+04 1.191646962614421273e-12
5.445449020450998796e+04 1.174895939515023937e-12
5.446861146858304710e+04 1.125977243145407146e-12
5.448273273269431957e+04 1.279042880975003662e-12
5.449685399690297345e+04 1.339683665384937079e-12
5.451097526099058450e+04 1.191268328394015429e-12
5.452509652508582803e+04 1.238187163467798061e-12
5.453921778918723430e+04 1.319142572551418607e-12
5.455333905327837419e+04 1.295665842708234373e-12
5.456746031752180716e+04 1.055137439478924623e-12
5.458158158159790037e+04 1.179662290789662108e-12
5.459570284567796625e+04 1.159976956024621486e-12
5.460982410980684654e+04 1.256851320663562183e-12
5.462394537389312609e+04 1.256282416741937433e-12
5.463806663808011945e+04 1.221919973770586349e-12
5.465218790221602831e+04 1.232171344116021118e-12
5.466630916629054991e+04 1.196015793516333980e-12
5.468043043040244811e+04 1.152662216696869185e-12
5.469455169459396711e+04 1.169609887715593476e-12
5.470867295870315866e+04 1.239078788658882779e-12
5.472279422282136511e+04 1.195754286573909791e-12
5.473691548692194920e+04 1.090058100785719614e-12
5.475103675099464454e+04 1.079166092273446359e-12
5.476515801521950925e+04 9.989049977895722356e-13
5.477927927929811995e+04 9.873981953188978579e-13
5.479340054339075141e+04 1.070508945118982950e-12
5.480752180748945830e+04 1.106089462080941616e-12
5.482164307160707540e+04 1.046383045206815884e-12
5.483576433579721925e+04 1.098224539315881097e-12
5.484988559988285851e+04 9.117943597298163445e-13
5.486400686398021207e+04 8.019257424570360885e-13
5.487812812811203185e+04 9.126190550477687742e-13
5.489224939219873340e+04 9.687935129361398262e-13
5.490637065641835216e+04 9.554303176600585606e-13
5.492049192050517013e+04 9.151057317698388740e-13
5.493461318460936309e+04 7.850646329697762843e-13
5.494873444868699153e+04 7.729486692527958507e-13
5.496285571291368979e+04 7.839440545988180573e-13
5.497697697700666322e+04 7.424279844324405301e-13
5.499109824109941110e+04 5.590285352896502711e-13
5.500521950519058009e+04 4.715028988828732141e-13
5.501934076929411094e+04 6.107918341013925582e-13
5.503346203349267307e+04 6.054603064351926348e-13
5.504758329758857144e+04 7.547569972010253726e-13
5.506170456169915269e+04 7.657487378509859230e-13
5.507582582582288160e+04 7.580064094079995441e-13
5.508994708991701191e+04 6.798932834144653131e-13
5.510406835412034707e+04 6.052663920379119716e-13
5.511818961818893877e+04 4.964020541981223093e-13
5.513231088232236652e+04 4.144957936124150812e-13
5.514643214639941289e+04 3.937349421731786328e-13
5.516055341060072533e+04 2.701240812339042056e-13
5.517467467468984978e+04 3.515174336829340029e-13
5.518879593881456822e+04 1.646435951853632624e-13
5.520291720290255034e+04 7.480349394542962812e-14
5.521703846698204143e+04 3.723810864189057833e-14
5.523115973119487171e+04 -5.183909144513613703e-14
5.524528099530914187e+04 -4.093979354073953771e-14
5.525940225939789525e+04 -1.233298046946309784e-13
5.527352352350044384e+04 -1.716510979451445790e-14
5.528764478760355996e+04 -2.319891283809521741e-13
5.530176605179208855e+04 -4.740012542433639565e-13
5.531588731588977680e+04 -5.291117093837341987e-13
5.533000858001795859e+04 -5.552204067874466315e-13
5.534412984411070647e+04 -6.072629390179130360e-13
5.535825110828578181e+04 -6.563182286558406958e-13
5.537237237239915703e+04 -7.512552716700054881e-13
5.538649363649616134e+04 -8.461721031878282859e-13
5.540061490060342476e+04 -8.183484934531026240e-13
5.541473616467808461e+04 -9.957921778951321281e-13
5.542885742888736422e+04 -9.912283557539203071e-13
5.544297869297939178e+04 -1.001611100825577788e-12
5.545709995709016221e+04 -1.092835855232937258e-12
5.547122122122262954e+04 -1.245459490831055855e-12
5.548534248531296907e+04 -1.238327483310395022e-12
5.549946374950386235e+04 -1.186398847831855627e-12
5.551358501360075024e+04 -1.352527739018459045e-12
5.552770627769435669e+04 -1.427365939932587208e-12
5.554182754178290634e+04 -1.509279158574412382e-12
5.555594880589127570e+04 -1.629833776197980570e-12
5.557007007008522487e+04 -1.599082812853729265e-12
5.558419133419330319e+04 -1.584930126710291099e-12
5.559831259830477211e+04 -1.614466412257992353e-12
5.561243386239136453e+04 -1.702945385186897956e-12
5.562655512660754903e+04 -1.491424786576348295e-12
5.564067639069593861e+04 -1.510334795088271833e-12
5.565479765481215873e+04 -1.439330151759000353e-12
5.566891891889131512e+04 -1.550004329695409293e-12
5.568304018300448661e+04 -1.585996034640324381e-12
5.569716144718154828e+04 -1.497241058818749205e-12
5.571128271128168126e+04 -1.727211108893430636e-12
5.572540397538260004e+04 -1.601939923230066432e-12
5.573952523948537419e+04 -1.589976705411670194e-12
5.575364650358029030e+04 -1.587034110345886889e-12
5.576776776782122761e+04 -1.612412791695248613e-12
5.578188903190973360e+04 -1.646519526104273460e-12
5.579601029599115282e+04 -1.576516511519947926e-12
5.581013156011809042e+04 -1.491127578179320123e-12
5.582425282427973434e+04 -1.502485445115474846e-12
5.583837408841626166e+04 -1.451111797446324714e-12
5.585249535249148175e+04 -1.441410279202192392e-12
5.586661661661660037e+04 -1.567949156423003650e-12
5.588073788067999703e+04 -1.371748209367634904e-12
5.589485914491138828e+04 -1.351425715463814769e-12
5.590898040900283377e+04 -1.282889194040299539e-12
5.592310167309980898e+04 -1.384506302263478983e-12
5.593722293718502624e+04 -1.437287465284441784e-12
5.595134420130365470e+04 -1.548938421765376011e-12
5.596546546550990752e+04 -1.561157762316105295e-12
5.597958672960822150e+04 -1.602410089022020895e-12
5.599370799369744782e+04 -1.568016086296135938e-12
5.600782925778039498e+04 -1.576134149769478983e-12
5.602195052199687780e+04 -1.587195139644611103e-12
5.603607178611541167e+04 -1.489536502680401965e-12
5.605019305021863693e+04 -1.574770370770406392e-12
5.606431431428879296e+04 -1.395827390903011576e-12
5.607843557841242000e+04 -1.405957657938397465e-12
5.609255684261843271e+04 -1.353311017335710579e-12
5.610667810671999177e+04 -1.272878207966931601e-12
5.612079937079345837e+04 -1.236214222266642509e-12
5.613492063489236898e+04 -1.056350128303664157e-12
5.614904189899001358e+04 -9.420812860424400035e-13
5.616316316321697377e+04 -8.016484960985685768e-13
5.617728442729026574e+04 -7.700847655325668184e-13
5.619140569141912420e+04 -7.591377552433629491e-13
5.620552695550463250e+04 -8.944845375011881991e-13
5.621964821958703396e+04 -8.182103263387651542e-13
5.623376948379674286e+04 -7.036747585930284536e-13
5.624789074792162137e+04 -6.037607174386617044e-13
5.626201201199048228e+04 -4.751977085596058278e-13
5.627613327610124543e+04 -4.169127231495282523e-13
5.629025454027998057e+04 -3.810750894472196837e-13
5.630437580442213221e+04 -2.219841063556851235e-13
5.631849706851576775e+04 -1.827839877334931565e-14
5.633261833261686843e+04 1.859349155695742861e-13
5.634673959669462783e+04 1.082548457353666044e-13
5.636086086088663433e+04 1.669165601838177660e-13
5.637498212500370573e+04 2.065953721991122269e-13
5.638910338908674748e+04 2.378917146085903011e-13
5.640322465319486946e+04 2.283701118155018126e-13
5.641734591732097761e+04 2.075052208705052257e-13
5.643146718148949731e+04 2.970653431857021253e-13
5.644558844560783473e+04 2.915237484919482619e-13
5.645970970972171199e+04 3.653063128922171258e-13
5.647383097378753882e+04 5.352333087110776221e-13
5.648795223801643442e+04 5.968896379781922709e-13
5.650207350210433651e+04 6.462133097806605220e-13
5.651619476620402565e+04 7.021534302790672247e-13
5.653031603030918632e+04 7.419084495756509235e-13
5.654443729441989126e+04 7.303859086447101285e-13
5.655855855859828443e+04 5.869691066343547032e-13
5.657267982268388005e+04 6.436954874740634589e-13
5.658680108678782562e+04 5.036523486727842876e-13
5.660092235091883049e+04 5.636917582325436168e-13
5.661504361501000676e+04 6.160667033106339247e-13
5.662916487921095541e+04 6.042701475030572698e-13
5.664328614330804703e+04 5.571813370583989665e-13
5.665740740739939065e+04 5.236935383078453520e-13
