5.300000000000047294e+04 5.796645962697398126e-12
5.301412126410638302e+04 5.633433417879259839e-12
5.302824252817481465e+04 5.333396554309089461e-12
5.304236379241598479e+04 5.382253977099414975e-12
5.305648505651812593e+04 5.173896627969552214e-12
5.307060632058462943e+04 5.110161531643956059e-12
5.308472758468552638e+04 5.146835704409986865e-12
5.309884884878842422e+04 4.973203602540586207e-12
5.311297011300220038e+04 4.967647612810278736e-12
5.312709137711495714e+04 4.879669920052504624e-12
5.314121264120228443e+04 4.824259880202543792e-12
5.315533390528307791e+04 4.779880895750363783e-12
5.316945516948572913e+04 4.799679261001168905e-12
5.318357643361648661e+04 4.639703133665837626e-12
5.319769769770956191e+04 4.405349124004181479e-12
5.321181896179181786e+04 4.251495922008059330e-12
5.322594022587651125e+04 4.198396656054957286e-12
5.324006149012209789e+04 4.076086605216704914e-12
5.325418275419608835e+04 4.059669350088316713e-12
5.326830401828718459e+04 3.906870600569693016e-12
5.328242528237942315e+04 3.751844492785368732e-12
5.329654654652102909e+04 3.583460568142998756e-12
5.331066781068195269e+04 3.679068273629549746e-12
5.332478907479814370e+04 3.586838304266644775e-12
5.333891033889846585e+04 3.470384892403046837e-12
5.335303160299148294e+04 3.417040829862178364e-12
5.336715286717344861e+04 3.364816519651947970e-12
5.338127413132779475e+04 3.332654109950386906e-12
5.339539539538017561e+04 3.228570711919986298e-12
5.340951665950303868e+04 3.182179370785338801e-12
5.342363792362243839e+04 3.104493100987032867e-12
5.343775918781433575e+04 3.069997752812071132e-12
5.345188045188126125e+04 3.011976601266945765e-12
5.346600171598923043e+04 2.966156036909032049e-12
5.348012298008013749e+04 2.877196043339789337e-12
5.349424424422535958e+04 2.911180620008470761e-12
5.350836550839983829e+04 2.731892346599095912e-12
5.352248677248977037e+04 2.661522982443602698e-12
5.353660803658779332e+04 2.600233723781057529e-12
5.355072930070386792e+04 2.552890188285515173e-12
5.356485056490499846e+04 2.518936756220875522e-12
5.357897182898374012e+04 2.547151275914137606e-12
5.359309309308590309e+04 2.539255911158927666e-12
5.360721435719377769e+04 2.382091518676461976e-12
5.362133562132224324e+04 2.378614950342657680e-12
5.363545688548275211e+04 2.343323546088395548e-12
5.364957814961097029e+04 2.292236013925679769e-12
5.366369941367516731e+04 2.306061311290388427e-12
5.367782067782604281e+04 2.223965380821195128e-12
5.369194194187501853e+04 2.102978560393318776e-12
5.370606320610449620e+04 2.055165364268830991e-12
5.372018447022516921e+04 1.994397258647246858e-12
5.373430573431617813e+04 2.019212863886115067e-12
5.374842699840250134e+04 2.111427053316305546e-12
5.376254826250443148e+04 2.052033878147806243e-12
5.377666952668967133e+04 2.018675515651052326e-12
5.379079079078038922e+04 1.910408151513718587e-12
5.380491205488661217e+04 1.874264630892881512e-12
5.381903331898382748e+04 1.924443571140360591e-12
5.383315458317642333e+04 1.970633510502206211e-12
5.384727584728231159e+04 1.958757865350494687e-12
5.386139711141223233e+04 1.954616463535751279e-12
5.387551837552415236e+04 1.828707965146546018e-12
5.388963963962044363e+04 1.843023686209561151e-12
5.390376090379033121e+04 2.108619471077312490e-12
5.391788216791245941e+04 1.960621558456337141e-12
5.393200343198498012e+04 1.983626208785539335e-12
5.394612469607713138e+04 1.927603295035716218e-12
5.396024596018317970e+04 1.975821371012743416e-12
5.397436722437613207e+04 2.067474957570187637e-12
5.398848848852453375e+04 1.878866142324664049e-12
5.400260975258258259e+04 1.942050238697093042e-12
5.401673101669175958e+04 2.084192135235495179e-12
5.403085228091979661e+04 2.059592465917981296e-12
5.404497354501480731e+04 1.952895205085725262e-12
5.405909480908322439e+04 2.106939738766008568e-12
5.407321607320864860e+04 1.947228548195723946e-12
5.408733733729551750e+04 2.027303816754705499e-12
5.410145860151801025e+04 2.106440594578570218e-12
5.411557986560802237e+04 2.325312829201898514e-12
5.412970112968583999e+04 2.336677702847330132e-12
5.414382239380628016e+04 2.358457747345621382e-12
5.415794365788652794e+04 2.416736360950822767e-12
5.417206492212544254e+04 2.424624666262450088e-12
5.418618618621629867e+04 2.457159565428347154e-12
5.420030745032046252e+04 2.304710050736375134e-12
5.421442871437309805e+04 2.311940997272033579e-12
5.422854997850759537e+04 2.328678107483927743e-12
5.424267124269469787e+04 2.226478542736649413e-12
5.425679250680396217e+04 2.297631920391213852e-12
5.427091377088812442e+04 2.424968917952455211e-12
5.428503503500519582e+04 2.443669799264511745e-12
5.429915629917859042e+04 2.410026982717512570e-12
5.431327756328207761e+04 2.326666581324235084e-12
5.432739882738997403e+04 2.327281168177320227e-12
5.434152009152791288e+04 2.407437412706809905e-12
5.435564135562420415e+04 2.374071575505085753e-12
5.436976261980413983e+04 2.328867881937887255e-12
5.438388388392634806e+04 2.341629694889925985e-12
5.439800514802139514e+04 2.300842306175809853e-12
5.441212641209873982e+04 2.392083953437132042e-12
5.442624767619453633e+04 2.254682680895231176e-12
5.444036894039834442e+04 2.161674926954063173e-12
5.445449020450837997e+04 2.274094904963595471e-12
5.446861146860627923e+04 2.122517023923397802e-12
5.448273273267532204e+04 2.103730598765573801e-12
5.449685399687563768e+04 1.973880439288878157e-12
5.451097526102875418e+04 2.024651127013145267e-12
5.452509652512345929e+04 1.961776815635582325e-12
5.453921778922893282e+04 1.859336399283716897e-12
5.455333905332249560e+04 1.701929909412502066e-12
5.456746031752360432e+04 1.744948082298762886e-12
5.458158158157209982e+04 1.623383633281263740e-12
5.459570284568010538e+04 1.552354834042865586e-12
5.460982410982379224e+04 1.571606351954375673e-12
5.462394537392175698e+04 1.574755694315050575e-12
5.463806663811146427e+04 1.375306480556154310e-12
5.465218790222798998e+04 1.364991802959001606e-12
5.466630916628390696e+04 1.231827442350904522e-12
5.468043043039075565e+04 1.077963132112674631e-12
5.469455169460140314e+04 1.027346921624452930e-12
5.470867295870074304e+04 8.006407809312233085e-13
5.472279422281555162e+04 7.983020287984014568e-13
5.473691548687643808e+04 7.938267568283336516e-13
5.475103675098242820e+04 7.388943194813494000e-13
5.476515801517336513e+04 7.129442201325967513e-13
5.477927927930263104e+04 5.777434176815737314e-13
5.479340054339201743e+04 4.958970593060997084e-13
5.480752180750542902e+04 4.442007539497193121e-13
5.482164307162474870e+04 3.070806133669663545e-13
5.483576433582200116e+04 2.869578770650692292e-13
5.484988559992346563e+04 1.252326687667685709e-13
5.486400686401218263e+04 1.890724628696175626e-13
5.487812812812819902e+04 1.397198927827057996e-13
5.489224939217235078e+04 1.037034421463579455e-13
5.490637065640628862e+04 -6.436156175062742311e-14
5.492049192052312719e+04 -1.988921323226777029e-13
5.493461318461623159e+04 -1.226875151539718956e-13
5.494873444871101674e+04 -1.372656814137102571e-13
5.496285571287477796e+04 -2.344451512508882333e-13
5.497697697699171840e+04 -3.215860923134147332e-13
5.499109824110715999e+04 -2.197764580087359770e-13
5.500521950518847734e+04 -3.012507421812610852e-13
5.501934076928842842e+04 -3.253350721172351145e-13
5.503346203347267874e+04 -3.634261686441331066e-13
5.504758329757209867e+04 -5.920541390374159932e-13
5.506170456170744001e+04 -6.092725371970978482e-13
5.507582582578184520e+04 -8.060981295115394876e-13
5.508994708992700907e+04 -8.982139019929592040e-13
5.510406835411991779e+04 -8.753354911254714389e-13
5.511818961819067044e+04 -8.414293988589746606e-13
5.513231088228867156e+04 -9.834903194268688746e-13
5.514643214640537190e+04 -9.340966384626222551e-13
5.516055341061739455e+04 -1.010982284306368653e-12
5.517467467468243558e+04 -1.075142660200151255e-12
5.518879593877544539e+04 -1.231736898797963982e-12
5.520291720287397038e+04 -1.337961592171563693e-12
5.521703846698036796e+04 -1.402975745477470291e-12
5.523115973118328111e+04 -1.525809233294313168e-12
5.524528099531398766e+04 -1.504213980113334674e-12
5.525940225938094227e+04 -1.397531668691018708e-12
5.527352352350076399e+04 -1.465945982235481021e-12
5.528764478757377219e+04 -1.462806606148099430e-12
5.530176605179253966e+04 -1.532138647358317531e-12
5.531588731588412338e+04 -1.509078352003227399e-12
5.533000858000029257e+04 -1.671651524054230973e-12
5.534412984411883372e+04 -1.681259842031722672e-12
5.535825110829729238e+04 -1.702356781548037444e-12
5.537237237241224648e+04 -1.732241482540697756e-12
5.538649363652426109e+04 -1.616087058875898133e-12
5.540061490061462973e+04 -1.631401898836564392e-12
5.541473616468554246e+04 -1.716526330602751628e-12
5.542885742890745314e+04 -1.704649024405490849e-12
5.544297869300105231e+04 -1.640431342440271861e-12
5.545709995712192176e+04 -1.574548462312301401e-12
5.547122122122094879e+04 -1.733886748156862606e-12
5.548534248531062622e+04 -1.692568240128492330e-12
5.549946374951324105e+04 -1.749809530788418602e-12
5.551358501358843932e+04 -1.571958061778824310e-12
5.552770627768131089e+04 -1.631450069157481892e-12
5.554182754179010226e+04 -1.647781468994062217e-12
5.555594880590648245e+04 -1.698783042049623922e-12
5.557007007008176151e+04 -1.664649386542930655e-12
5.558419133417255216e+04 -1.701809467039681796e-12
5.559831259831033822e+04 -1.705114947681951361e-12
5.561243386242110137e+04 -1.834007929661105592e-12
5.562655512661406829e+04 -1.968981168871932425e-12
5.564067639071610756e+04 -2.148639024915932786e-12
5.565479765479246998e+04 -2.179556065717221455e-12
5.566891891892294370e+04 -2.180897359997941638e-12
5.568304018302492477e+04 -2.168546655819250111e-12
5.569716144721185265e+04 -2.096015440881890756e-12
5.571128271127984044e+04 -2.322004840420779152e-12
5.572540397542205028e+04 -2.452937586333956921e-12
5.573952523950244358e+04 -2.537327005444764859e-12
5.575364650361320673e+04 -2.625173060342790876e-12
5.576776776777976193e+04 -2.750924174666240037e-12
5.578188903188463883e+04 -2.699250708686156802e-12
5.579601029597343586e+04 -2.699588731455353732e-12
5.581013156009092199e+04 -2.674477875370172326e-12
5.582425282430184598e+04 -2.866254719738795394e-12
5.583837408839640557e+04 -2.902579294324460511e-12
5.585249535249256587e+04 -3.007049923598443580e-12
5.586661661661871767e+04 -2.966442343064993852e-12
5.588073788069767033e+04 -3.060364502580819536e-12
5.589485914491038420e+04 -3.228729740460764933e-12
5.590898040899924672e+04 -3.244892544174134006e-12
5.592310167310224642e+04 -3.292829488192013648e-12
5.593722293720841844e+04 -3.490375143751894418e-12
5.595134420128408237e+04 -3.474749688273587683e-12
5.596546546549415507e+04 -3.482716062726012235e-12
5.597958672958592069e+04 -3.485283208621805002e-12
5.599370799369712040e+04 -3.506135143919660142e-12
5.600782925778000936e+04 -3.526528630646024601e-12
5.602195052201196086e+04 -3.714714294537971409e-12
5.603607178612048301e+04 -3.602776434999001329e-12
5.605019305022478511e+04 -3.614613876103088866e-12
5.606431431428140058e+04 -3.545199613138201405e-12
5.607843557837765547e+04 -3.645648851138348009e-12
5.609255684259673581e+04 -3.634351249837646088e-12
5.610667810670166364e+04 -3.740132444049695185e-12
5.612079937077461364e+04 -3.823579219811514563e-12
5.613492063490414148e+04 -3.852415801062832026e-12
5.614904189897671313e+04 -3.907392256116861346e-12
5.616316316318314784e+04 -3.817875189396663281e-12
5.617728442727356014e+04 -3.886922361295248508e-12
5.619140569138766296e+04 -3.982872657426255769e-12
5.620552695549638884e+04 -4.028286473255388017e-12
5.621964821961041162e+04 -4.068918138949296092e-12
5.623376948378972156e+04 -3.974452817538987090e-12
5.624789074791162420e+04 -4.190988376336428993e-12
5.626201201201348158e+04 -4.240240868429020814e-12
5.627613327611190471e+04 -4.126292313253132905e-12
5.629025454031692061e+04 -4.143145281392061882e-12
5.630437580441644968e+04 -4.280380034117687157e-12
5.631849706848968344e+04 -4.240995813630986734e-12
5.633261833258435945e+04 -4.236847352372660707e-12
5.634673959668771568e+04 -4.265969633458385470e-12
5.636086086088400043e+04 -4.385376384307890604e-12
5.637498212502139359e+04 -4.477917384449823669e-12
5.638910338910372229e+04 -4.577633270840140230e-12
5.640322465322312200e+04 -4.467358117895598748e-12
5.641734591732292756e+04 -4.499216971523101551e-12
5.643146718151654204e+04 -4.522832056091517163e-12
5.644558844559619320e+04 -4.719680903043643430e-12
5.645970970967739413e+04 -4.682647062008606617e-12
5.647383097382695269e+04 -4.737292138475635222e-12
5.648795223801995598e+04 -4.637452504191926803e-12
5.650207350210656296e+04 -4.552061474615144462e-12
5.651619476622603543e+04 -4.517106432084530812e-12
5.653031603027279198e+04 -4.353167880592348103e-12
5.654443729439951858e+04 -4.549266765479155812e-12
5.655855855861406599e+04 -4.599452765170217510e-12
5.657267982270203356e+04 -4.562866575910604247e-12
5.658680108678991382e+04 -4.509870087150838196e-12
5.660092235090715258e+04 -4.452484285528159422e-12
5.661504361502383836e+04 -4.494377515316442002e-12
5.662916487918014900e+04 -4.400403863388601114e-12
5.664328614330149867e+04 -4.408299643405198267e-12
5.665740740738646127e+04 -4.366183833513365551e-12
