5.300000000000091677e+04 8.356173348270002076e-12
5.301412126410038036e+04 8.306967945865018753e-12
5.302824252820006222e+04 8.191033964539195646e-12
5.304236379240683164e+04 8.253634811018180040e-12
5.305648505647998536e+04 8.158348543215277852e-12
5.307060632062196964e+04 8.078975994994274201e-12
5.308472758468355460e+04 8.069718550670244136e-12
5.309884884881693142e+04 7.989456169079225332e-12
5.311297011301227758e+04 7.763555934625252292e-12
5.312709137710490904e+04 7.742167043055834339e-12
5.314121264118330146e+04 7.636820911870771108e-12
5.315533390531688201e+04 7.607670386460703961e-12
5.316945516948653676e+04 7.595060406167156512e-12
5.318357643359839858e+04 7.598874274746978412e-12
5.319769769767979597e+04 7.574359434047888666e-12
5.321181896181448246e+04 7.399831749298216197e-12
5.322594022590347595e+04 7.272105338022958622e-12
5.324006149008459761e+04 7.296062351066990346e-12
5.325418275418035046e+04 7.368688365860215697e-12
5.326830401828033064e+04 7.155872820249226180e-12
5.328242528240389220e+04 7.001356089597575472e-12
5.329654654650103475e+04 6.941619066989498061e-12
5.331066781068921409e+04 6.943983823196011829e-12
5.332478907480351336e+04 6.834404128824888805e-12
5.333891033890174731e+04 6.872475503445556664e-12
5.335303160299799492e+04 6.790335665624029583e-12
5.336715286721877783e+04 6.801976419876593150e-12
5.338127413131887442e+04 6.770804872437727046e-12
5.339539539539629186e+04 6.782210194471343042e-12
5.340951665948412119e+04 6.505811278852510553e-12
5.342363792360425577e+04 6.320704206891309455e-12
5.343775918779150379e+04 6.396553313081821936e-12
5.345188045188116666e+04 6.318638585323531315e-12
5.346600171599600435e+04 6.356815319980869685e-12
5.348012298009297956e+04 6.189814954783293754e-12
5.349424424421024742e+04 6.103896865252120854e-12
5.350836550841999269e+04 6.161458591436677212e-12
5.352248677248037711e+04 5.977867825349459786e-12
5.353660803659244993e+04 5.816598167492675803e-12
5.355072930072122108e+04 5.717013163122877401e-12
5.356485056489134149e+04 5.603901200954974633e-12
5.357897182899704057e+04 5.580711951126782231e-12
5.359309309309344826e+04 5.299983859853764815e-12
5.360721435720106820e+04 5.294265704713917083e-12
5.362133562129730853e+04 5.168901225399962645e-12
5.363545688548533508e+04 5.048177922384896379e-12
5.364957814960230462e+04 4.872689052847968882e-12
5.366369941371498135e+04 4.812435036463527751e-12
5.367782067779977660e+04 4.630846738683091164e-12
5.369194194188604160e+04 4.616901243434773866e-12
5.370606320610764669e+04 4.468091998552169518e-12
5.372018447018204461e+04 4.425147545720179406e-12
5.373430573428701609e+04 4.338292669742336240e-12
5.374842699839752459e+04 4.300233455066332332e-12
5.376254826248092286e+04 4.142921663069569621e-12
5.377666952671210311e+04 4.118690580563059848e-12
5.379079079079111398e+04 3.956960178480390532e-12
5.380491205491311121e+04 4.006530389031704351e-12
5.381903331901569618e+04 3.992195304846601061e-12
5.383315458320693870e+04 3.888669380088054057e-12
5.384727584731694515e+04 3.829339519498083732e-12
5.386139711138746497e+04 3.840855771607537870e-12
5.387551837551072094e+04 3.832005214722219917e-12
5.388963963958358363e+04 3.715559074178678964e-12
5.390376090382176335e+04 3.574866160877448776e-12
5.391788216789015132e+04 3.562801612940527240e-12
5.393200343199074996e+04 3.516681374818556137e-12
5.394612469609380059e+04 3.413371740172518190e-12
5.396024596021530306e+04 3.407517393652432587e-12
5.397436722441069287e+04 3.376715547756982670e-12
5.398848848852229276e+04 3.293521756538101888e-12
5.400260975258592225e+04 3.096573644268030628e-12
5.401673101668190793e+04 3.196237178344981986e-12
5.403085228090255987e+04 3.160584848199909404e-12
5.404497354500017536e+04 2.977719991583510734e-12
5.405909480909433478e+04 3.004895820431384403e-12
5.407321607321143529e+04 3.081076696983087066e-12
5.408733733729235973e+04 2.967281895083853716e-12
5.410145860147970961e+04 3.005728972769014493e-12
5.411557986561013968e+04 2.914438698136501329e-12
5.412970112968010653e+04 2.854806643308813760e-12
5.414382239380987448e+04 2.979331694184666405e-12
5.415794365792023018e+04 2.669732599326345464e-12
5.417206492210098804e+04 2.632961554272176027e-12
5.418618618620292546e+04 2.649492175304823221e-12
5.420030745032032428e+04 2.690812137980946097e-12
5.421442871439633018e+04 2.721049134833934998e-12
5.422854997849173378e+04 2.664532536280444171e-12
5.424267124269788474e+04 2.452122622888071538e-12
5.425679250680821860e+04 2.384647325300788410e-12
5.427091377089971502e+04 2.162477448064735461e-12
5.428503503499588987e+04 2.265579029980133338e-12
5.429915629919782805e+04 2.256613306651158065e-12
5.431327756328103715e+04 2.170962735902595326e-12
5.432739882741262409e+04 2.124742707783122557e-12
5.434152009148913930e+04 1.941632141833253594e-12
5.435564135558612179e+04 1.730129124959054681e-12
5.436976261981488642e+04 1.655961935243725587e-12
5.438388388389845204e+04 1.748211511833351743e-12
5.439800514800579549e+04 1.588697514632294575e-12
5.441212641211592563e+04 1.454901408139514168e-12
5.442624767620595958e+04 1.325250979813374274e-12
5.444036894040756306e+04 1.394079090857351756e-12
5.445449020449592354e+04 1.337438225514519457e-12
5.446861146860722511e+04 1.240364838102275478e-12
5.448273273270595382e+04 1.137436476559898888e-12
5.449685399691473867e+04 1.215634177998211377e-12
5.451097526098733215e+04 1.009057586189343795e-12
5.452509652510880551e+04 9.258663054106516537e-13
5.453921778920794168e+04 7.063440011586232447e-13
5.455333905330653943e+04 7.420713307043339800e-13
5.456746031749003305e+04 6.077539940673713827e-13
5.458158158158147126e+04 5.523576794480949320e-13
5.459570284570599324e+04 5.020299435698359835e-13
5.460982410979415727e+04 2.916676079563847865e-13
5.462394537391630001e+04 1.611385255641944450e-13
5.463806663808390294e+04 1.223660320695712918e-13
5.465218790221745439e+04 9.979089867254331353e-14
5.466630916631572472e+04 -7.093692104648439638e-14
5.468043043038859469e+04 -9.730187771340265739e-14
5.469455169459408353e+04 -2.595406439342874402e-13
5.470867295869998634e+04 -3.384073776828926825e-13
5.472279422279690334e+04 -5.399947834217109366e-13
5.473691548690827767e+04 -6.352204868550599104e-13
5.475103675099129759e+04 -6.320604702675137275e-13
5.476515801519480738e+04 -6.685045304871029124e-13
5.477927927932049352e+04 -8.105000484412532184e-13
5.479340054340965435e+04 -9.276996348464326334e-13
5.480752180748595856e+04 -1.062424290404014523e-12
5.482164307160533644e+04 -1.109775271828503543e-12
5.483576433580316370e+04 -1.172667760851285869e-12
5.484988559988792258e+04 -1.354756577644347398e-12
5.486400686400011182e+04 -1.322047111010496876e-12
5.487812812810732430e+04 -1.351821245453691260e-12
5.489224939218321379e+04 -1.454343857100566686e-12
5.490637065641507070e+04 -1.499748933573777467e-12
5.492049192051382124e+04 -1.750171304693639432e-12
5.493461318459624454e+04 -1.807930257335521172e-12
5.494873444871141692e+04 -1.826890043055774463e-12
5.496285571287936909e+04 -1.784844563165113095e-12
5.497697697700628487e+04 -1.832365940717411358e-12
5.499109824109505280e+04 -1.859496267836864063e-12
5.500521950519646634e+04 -2.009753958257102114e-12
5.501934076931540767e+04 -2.119241472402546458e-12
5.503346203349788993e+04 -2.131273070811991246e-12
5.504758329760008201e+04 -2.116286684300427595e-12
5.506170456168630335e+04 -2.052478512218811608e-12
5.507582582581529277e+04 -2.080520442931792114e-12
5.508994708988059574e+04 -2.147849821183105806e-12
5.510406835407965991e+04 -2.175235271786737371e-12
5.511818961821976700e+04 -2.240060172144783510e-12
5.513231088232016918e+04 -2.167110545920981716e-12
5.514643214642105158e+04 -2.196343366698484276e-12
5.516055341058234626e+04 -2.228661518467918674e-12
5.517467467470895645e+04 -2.434228913320922633e-12
5.518879593881136680e+04 -2.430211581408930058e-12
5.520291720289480145e+04 -2.425353879643764671e-12
5.521703846700888244e+04 -2.485036770885273486e-12
5.523115973120465060e+04 -2.500695013952342137e-12
5.524528099529236351e+04 -2.386025637452364401e-12
5.525940225938313961e+04 -2.397409542293120391e-12
5.527352352348169370e+04 -2.455803008692700311e-12
5.528764478760880593e+04 -2.426946126333457615e-12
5.530176605179240869e+04 -2.377511479552334457e-12
5.531588731588638620e+04 -2.201486944840139830e-12
5.533000858000160224e+04 -2.274720878415313563e-12
5.534412984408167540e+04 -2.403762211190666303e-12
5.535825110829099140e+04 -2.563325161975403286e-12
5.537237237241458934e+04 -2.662759932190158233e-12
5.538649363648448343e+04 -2.547549869634536086e-12
5.540061490061963559e+04 -2.550947436624939327e-12
5.541473616470034904e+04 -2.735246696004165308e-12
5.542885742891521659e+04 -2.617109460188500360e-12
5.544297869301856554e+04 -2.643342304940487708e-12
5.545709995708866336e+04 -2.821883242136846488e-12
5.547122122118810512e+04 -2.965353329896843777e-12
5.548534248532204947e+04 -2.956167001636285026e-12
5.549946374948047742e+04 -3.172608054361688467e-12
5.551358501359080401e+04 -3.015401465499084565e-12
5.552770627771655563e+04 -3.144695411318426513e-12
5.554182754180025222e+04 -3.171693940327972227e-12
5.555594880590988032e+04 -3.254300602347717020e-12
5.557007007008702203e+04 -3.314673237031075332e-12
5.558419133418926504e+04 -3.381884938398543265e-12
5.559831259830547788e+04 -3.469129011056893773e-12
5.561243386241849657e+04 -3.530842220801026435e-12
5.562655512661349348e+04 -3.659346005570970010e-12
5.564067639071999292e+04 -3.711810753659873689e-12
5.565479765479012713e+04 -3.820833208760358682e-12
5.566891891889910767e+04 -3.812026898383366463e-12
5.568304018300052849e+04 -3.847539271487918313e-12
5.569716144721444289e+04 -3.979422108751873421e-12
5.571128271131131623e+04 -4.177363100116582440e-12
5.572540397539301193e+04 -4.267765934142384407e-12
5.573952523951399780e+04 -4.250394629451540998e-12
5.575364650359326333e+04 -4.407761258876174761e-12
5.576776776779781358e+04 -4.525533225644382025e-12
5.578188903189911798e+04 -4.573456901236921389e-12
5.579601029598102468e+04 -4.729836613862367309e-12
5.581013156011565297e+04 -4.971310520929551287e-12
5.582425282431542291e+04 -4.909325242229965884e-12
5.583837408842238074e+04 -4.965533998055315781e-12
5.585249535250129702e+04 -5.108648858528609546e-12
5.586661661660191749e+04 -5.185678891474145568e-12
5.588073788071312447e+04 -5.307859818823785136e-12
5.589485914488828712e+04 -5.319475311771949783e-12
5.590898040898158069e+04 -5.368933493929842335e-12
5.592310167311120313e+04 -5.377837711474194588e-12
5.593722293721048482e+04 -5.459261328555006452e-12
5.595134420130206126e+04 -5.485343233090647487e-12
5.596546546552202926e+04 -5.561827245295137604e-12
5.597958672960733384e+04 -5.485647310158505555e-12
5.599370799371665635e+04 -5.669508811529824036e-12
5.600782925780455116e+04 -5.601762700207182992e-12
5.602195052199962083e+04 -5.503327712797584718e-12
5.603607178609497350e+04 -5.444711444831256283e-12
5.605019305018048181e+04 -5.542934927654955432e-12
5.606431431429470831e+04 -5.692792202865093207e-12
5.607843557838920970e+04 -5.735941335023719582e-12
5.609255684257968824e+04 -5.812556517728069884e-12
5.610667810668457969e+04 -5.862167836737473786e-12
5.612079937078981311e+04 -5.809914593234470039e-12
5.613492063489201973e+04 -5.677425798469963427e-12
5.614904189901089558e+04 -5.755424547523320199e-12
5.616316316317943711e+04 -5.766131888733217309e-12
5.617728442729385279e+04 -5.729722033261199294e-12
5.619140569142136519e+04 -5.694982248124724723e-12
5.620552695552162913e+04 -5.734657244867190970e-12
5.621964821958611719e+04 -5.601796591149730758e-12
5.623376948380312388e+04 -5.652594093148303238e-12
5.624789074788163998e+04 -5.682926486728463330e-12
5.626201201202243101e+04 -5.673882939753638364e-12
5.627613327609044791e+04 -5.589836226480641363e-12
5.629025454032071138e+04 -5.570452803978542007e-12
5.630437580441673344e+04 -5.549859035500457468e-12
5.631849706848061760e+04 -5.653505382936807232e-12
5.633261833258175466e+04 -5.652781120942362354e-12
5.634673959670880140e+04 -5.417543461108972951e-12
5.636086086088637239e+04 -5.306291107510860778e-12
5.637498212498101202e+04 -5.101149859879891526e-12
5.638910338908768608e+04 -4.945658843081251627e-12
5.640322465322176868e+04 -4.940749991097241188e-12
5.641734591728026862e+04 -4.812153633845338670e-12
5.643146718148000218e+04 -4.741622502938340996e-12
5.644558844559564022e+04 -4.618869822835721901e-12
5.645970970970131020e+04 -4.728503570122158680e-12
5.647383097378772072e+04 -4.610060374408494031e-12
5.648795223801462271e+04 -4.471322152599202630e-12
5.650207350208079151e+04 -4.399742599108392880e-12
5.651619476621303329e+04 -4.273844965059360156e-12
5.653031603030511178e+04 -4.159025589758106316e-12
5.654443729439317394e+04 -4.135377870790450075e-12
5.655855855859617441e+04 -4.089465999204142446e-12
5.657267982270567882e+04 -4.239131539544866822e-12
5.658680108680420381e+04 -4.007867906530214066e-12
5.660092235089904716e+04 -3.907655527467004556e-12
5.661504361498926301e+04 -3.822881414149327027e-12
5.662916487920770305e+04 -3.917168526757119752e-12
5.664328614330797427e+04 -3.781109572239235014e-12
5.665740740739121975e+04 -3.613144805752913160e-12
