5.299999999999567081e+04 5.658299900578035039e-12
5.301412126405549498e+04 5.701342070056244810e-12
5.302824252826125303e+04 5.577255611239381894e-12
5.304236379244430282e+04 5.326739513569419830e-12
5.305648505651405139e+04 5.353540964605989295e-12
5.307060632059227646e+04 5.272893834092066319e-12
5.308472758466164669e+04 5.178990558826505692e-12
5.309884884886487271e+04 5.238055720151380626e-12
5.311297011291900708e+04 5.222562407177648210e-12
5.312709137715037650e+04 5.312638738328855923e-12
5.314121264124938170e+04 5.337353241510370653e-12
5.315533390528523159e+04 5.303380373227092828e-12
5.316945516955495987e+04 5.315766371994388762e-12
5.318357643356586777e+04 5.269674657250105146e-12
5.319769769767197431e+04 5.252226367294949570e-12
5.321181896175442671e+04 5.125541425633015315e-12
5.322594022591858811e+04 5.083627070623052292e-12
5.324006149007660133e+04 5.164177968854601747e-12
5.325418275428422930e+04 5.071154640227250534e-12
5.326830401829484617e+04 5.125845245902914749e-12
5.328242528239599051e+04 4.811454463877190099e-12
5.329654654656531056e+04 4.651702116065599661e-12
5.331066781071518926e+04 4.681897592678434870e-12
5.332478907484223600e+04 4.626405614572294397e-12
5.333891033893202984e+04 4.721294193505140975e-12
5.335303160298317380e+04 4.658537565207955334e-12
5.336715286718215793e+04 4.546132852138438958e-12
5.338127413129312481e+04 4.604688379462192809e-12
5.339539539531607443e+04 4.479167687889026178e-12
5.340951665951363248e+04 4.350311056511439028e-12
5.342363792355926853e+04 4.382352435587219954e-12
5.343775918781289511e+04 4.465895912784237361e-12
5.345188045191898709e+04 4.298750154466995553e-12
5.346600171596473956e+04 4.264994674825111337e-12
5.348012298017996363e+04 4.216792017521476042e-12
5.349424424416778493e+04 4.165363593281037251e-12
5.350836550833848742e+04 4.272601334040781322e-12
5.352248677252926427e+04 4.222411847630654061e-12
5.353660803664803825e+04 4.155475409435680499e-12
5.355072930077827914e+04 4.158946868626340310e-12
5.356485056484555389e+04 4.065920075974776361e-12
5.357897182890795375e+04 4.017215895555980013e-12
5.359309309301154281e+04 4.107912498262100239e-12
5.360721435728373035e+04 3.998161396715660799e-12
5.362133562134846579e+04 4.132977839505559968e-12
5.363545688553110085e+04 3.967998025693082565e-12
5.364957814964284626e+04 3.870149649292187268e-12
5.366369941377740179e+04 3.913419536118129593e-12
5.367782067774648021e+04 3.667597508086724073e-12
5.369194194182375213e+04 3.583345342228996619e-12
5.370606320606427471e+04 3.583745479269664554e-12
5.372018447015670972e+04 3.602869934501384188e-12
5.373430573437008570e+04 3.451368723385661448e-12
5.374842699845621974e+04 3.472682441919278960e-12
5.376254826257356035e+04 3.466959198014117412e-12
5.377666952667454461e+04 3.387251156015191164e-12
5.379079079088610160e+04 3.276090788033291660e-12
5.380491205495428585e+04 3.221093911924261894e-12
5.381903331893654104e+04 3.303271380744269638e-12
5.383315458320507605e+04 3.201827516188251007e-12
5.384727584731116804e+04 2.976629105476743343e-12
5.386139711136441474e+04 2.863190592400974020e-12
5.387551837556486134e+04 2.880612437488365324e-12
5.388963963967712334e+04 2.842727165078775871e-12
5.390376090375381318e+04 2.847634589037845764e-12
5.391788216789709259e+04 2.793554580995819238e-12
5.393200343205447280e+04 2.620777164194042109e-12
5.394612469608929678e+04 2.545843054489435663e-12
5.396024596011544054e+04 2.534139046049899354e-12
5.397436722432326496e+04 2.416010751121639493e-12
5.398848848852526135e+04 2.394457761452217627e-12
5.400260975265879824e+04 2.361371767855571457e-12
5.401673101669392054e+04 2.319680800163075875e-12
5.403085228080653906e+04 2.259635911405011501e-12
5.404497354491348960e+04 2.153376884217712675e-12
5.405909480917293695e+04 1.971212130778577185e-12
5.407321607318441238e+04 1.928376852258630908e-12
5.408733733728368679e+04 1.832836698820371993e-12
5.410145860148268548e+04 1.612105696504632429e-12
5.411557986562199221e+04 1.477355154663153665e-12
5.412970112972705101e+04 1.293305634099183000e-12
5.414382239372604818e+04 1.315091473786358471e-12
5.415794365794017358e+04 1.259829304115736996e-12
5.417206492213044839e+04 1.273438018941425610e-12
5.418618618621097994e+04 1.107455158898625091e-12
5.420030745036194276e+04 9.962802589127148070e-13
5.421442871441505849e+04 8.459314695104024902e-13
5.422854997843041929e+04 7.684765640403046184e-13
5.424267124266926839e+04 6.462218558801569743e-13
5.425679250672682974e+04 5.791076541012385201e-13
5.427091377084881242e+04 3.210834740509520328e-13
5.428503503500373336e+04 1.865022469538776567e-13
5.429915629926801921e+04 1.811585249209038976e-13
5.431327756324032089e+04 -3.930279043668297531e-14
5.432739882740698522e+04 -1.591255846233118551e-13
5.434152009144136537e+04 -2.160890126239353005e-13
5.435564135556893598e+04 -3.618112174935250158e-13
5.436976261973898363e+04 -4.577447489008186751e-13
5.438388388384085556e+04 -4.311768660333636744e-13
5.439800514806019055e+04 -4.073639807634802417e-13
5.441212641203551902e+04 -4.486774543052781935e-13
5.442624767611238349e+04 -5.596776322894777890e-13
5.444036894037962338e+04 -7.657022465463453940e-13
5.445449020457002916e+04 -9.009012527906671115e-13
5.446861146852359525e+04 -1.010380639657463285e-12
5.448273273274697567e+04 -9.276773150644156060e-13
5.449685399694086664e+04 -9.132460212210026510e-13
5.451097526106658188e+04 -9.455361341328740948e-13
5.452509652504096448e+04 -9.715659948983498217e-13
5.453921778927735431e+04 -1.125011790922858725e-12
5.455333905335818417e+04 -1.170309737192253611e-12
5.456746031747001689e+04 -1.216984506353270861e-12
5.458158158166356588e+04 -1.235509769884733595e-12
5.459570284576719132e+04 -1.394716998569129631e-12
5.460982410986629111e+04 -1.359272426926182053e-12
5.462394537386341108e+04 -1.417706628914125454e-12
5.463806663804336858e+04 -1.357774616652330571e-12
5.465218790210515726e+04 -1.577619504676996728e-12
5.466630916622450604e+04 -1.603857544848766050e-12
5.468043043030767149e+04 -1.686959654668155127e-12
5.469455169452176779e+04 -1.620670059628450819e-12
5.470867295862838364e+04 -1.540779184741854458e-12
5.472279422271648946e+04 -1.703672135187672913e-12
5.473691548680568667e+04 -1.757309424037744572e-12
5.475103675092760386e+04 -1.684450011370857836e-12
5.476515801513043698e+04 -1.754989034746168548e-12
5.477927927938268840e+04 -1.726739494856447048e-12
5.479340054338058690e+04 -1.679005579170553774e-12
5.480752180752721324e+04 -1.735359338909889379e-12
5.482164307161962643e+04 -1.788192974142808622e-12
5.483576433576147247e+04 -1.707996589218404757e-12
5.484988559997933044e+04 -1.768914074124276964e-12
5.486400686393508659e+04 -1.838161438910539982e-12
5.487812812803780980e+04 -1.804406635175818228e-12
5.489224939226592687e+04 -1.781644109637688126e-12
5.490637065630692814e+04 -1.841589640042748583e-12
5.492049192043806397e+04 -1.890412442168702710e-12
5.493461318464988290e+04 -1.895028888093975879e-12
5.494873444877182919e+04 -1.829210400347085335e-12
5.496285571294096007e+04 -1.868185235103898505e-12
5.497697697697737021e+04 -1.975303678249321325e-12
5.499109824102317361e+04 -2.102351244104361200e-12
5.500521950524056592e+04 -2.240143030227064872e-12
5.501934076938092767e+04 -2.112981236061429171e-12
5.503346203354476893e+04 -2.084603273810682397e-12
5.504758329768057592e+04 -2.348141504499091682e-12
5.506170456174928404e+04 -2.425554503725065790e-12
5.507582582588358491e+04 -2.532939254292824920e-12
5.508994708986899059e+04 -2.453813506315073251e-12
5.510406835410874919e+04 -2.478060999890952530e-12
5.511818961819478864e+04 -2.591310596914582524e-12
5.513231088234989875e+04 -2.560928569924679931e-12
5.514643214648492722e+04 -2.556992086605676380e-12
5.516055341054034216e+04 -2.620997791340622379e-12
5.517467467462665809e+04 -2.581174017186716383e-12
5.518879593878945889e+04 -2.519705667942762698e-12
5.520291720283046016e+04 -2.585172008057579194e-12
5.521703846704346506e+04 -2.502165877055377489e-12
5.523115973123383446e+04 -2.590469768403449325e-12
5.524528099533380009e+04 -2.549392186461639486e-12
5.525940225930488668e+04 -2.577042872604685821e-12
5.527352352351772424e+04 -2.613239728920375382e-12
5.528764478766689717e+04 -2.557095500401659909e-12
5.530176605185594963e+04 -2.709792391289242970e-12
5.531588731594634010e+04 -2.574408862389343068e-12
5.533000857994831313e+04 -2.648653208833811796e-12
5.534412984418433916e+04 -2.670811473367960181e-12
5.535825110822129500e+04 -2.804057107910373042e-12
5.537237237242927222e+04 -2.597468111172157779e-12
5.538649363646490383e+04 -2.573390946201427842e-12
5.540061490065601538e+04 -2.490711278359095170e-12
5.541473616472296271e+04 -2.591811444122580510e-12
5.542885742895436852e+04 -2.527459674920030083e-12
5.544297869301067840e+04 -2.600755723614402068e-12
5.545709995701597654e+04 -2.498868801912847036e-12
5.547122122114449303e+04 -2.460442127865462270e-12
5.548534248521673726e+04 -2.387951760509731902e-12
5.549946374950084282e+04 -2.380708063440749070e-12
5.551358501359290676e+04 -2.324190734167897214e-12
5.552770627761757351e+04 -2.447324797547485478e-12
5.554182754186291277e+04 -2.479297909999774053e-12
5.555594880594302231e+04 -2.419036730949456456e-12
5.557007007004581101e+04 -2.435849921636304696e-12
5.558419133413999953e+04 -2.540639864604192269e-12
5.559831259825005691e+04 -2.395120431883589697e-12
5.561243386239740357e+04 -2.398962288199732413e-12
5.562655512667138100e+04 -2.549102898195751236e-12
5.564067639063595561e+04 -2.412203309528590792e-12
5.565479765475045133e+04 -2.446884106077020214e-12
5.566891891889251565e+04 -2.473652733371972552e-12
5.568304018306959915e+04 -2.481743342116558606e-12
5.569716144724654441e+04 -2.532563449910035462e-12
5.571128271123141894e+04 -2.524124073069191906e-12
5.572540397539962578e+04 -2.511202079921406404e-12
5.573952523954158823e+04 -2.519440036427589454e-12
5.575364650350838929e+04 -2.706677135173637626e-12
5.576776776777191117e+04 -2.656735706692438222e-12
5.578188903182172362e+04 -2.759204584461586299e-12
5.579601029598369496e+04 -2.560844757436431797e-12
5.581013156011875253e+04 -2.691548981044872329e-12
5.582425282433868415e+04 -2.602819944091091014e-12
5.583837408846859762e+04 -2.595144342344765613e-12
5.585249535245476000e+04 -2.665910470526941844e-12
5.586661661664830899e+04 -2.594435991637637098e-12
5.588073788074163895e+04 -2.567291559959895302e-12
5.589485914483244414e+04 -2.530983178962262586e-12
5.590898040898717591e+04 -2.452987547761532366e-12
5.592310167318315507e+04 -2.409813301799196284e-12
5.593722293714371335e+04 -2.408430395743103896e-12
5.595134420134922402e+04 -2.573878951173323523e-12
5.596546546543858858e+04 -2.434716425323466702e-12
5.597958672959073010e+04 -2.330538854245520272e-12
5.599370799372230977e+04 -2.364987138729778026e-12
5.600782925785153202e+04 -2.393250872669928570e-12
5.602195052195983590e+04 -2.412389859905658984e-12
5.603607178604897490e+04 -2.392155903065398300e-12
5.605019305027346127e+04 -2.203437215817417294e-12
5.606431431425318442e+04 -2.192426688127417187e-12
5.607843557834024978e+04 -2.205072911152580215e-12
5.609255684260281123e+04 -2.165251164720164227e-12
5.610667810674232169e+04 -2.153983792308113570e-12
5.612079937086525752e+04 -2.176602349620462614e-12
5.613492063492850139e+04 -2.148483259813256397e-12
5.614904189908459375e+04 -2.184407725542140028e-12
5.616316316323802312e+04 -2.188002199836518359e-12
5.617728442729997914e+04 -2.158140621362349147e-12
5.619140569132183009e+04 -2.182363782280349948e-12
5.620552695543992741e+04 -2.071515007500727568e-12
5.621964821961835696e+04 -2.060641013057711757e-12
5.623376948388263554e+04 -2.116969764232005414e-12
5.624789074780645024e+04 -2.005263939169330984e-12
5.626201201201379445e+04 -1.957440803737883225e-12
5.627613327609164116e+04 -1.901935307488477379e-12
5.629025454024652572e+04 -1.904875503648790299e-12
5.630437580448696099e+04 -1.824481753832705944e-12
5.631849706857003184e+04 -1.827440875393591192e-12
5.633261833266310714e+04 -1.770849872239940635e-12
5.634673959669783653e+04 -1.764220574782388549e-12
5.636086086098333180e+04 -1.907422321840068373e-12
5.637498212492155290e+04 -1.885474264433703187e-12
5.638910338903172669e+04 -1.908490255158067495e-12
5.640322465312408167e+04 -1.832806226455790203e-12
5.641734591733468551e+04 -1.795621869774533108e-12
5.643146718148186483e+04 -1.716579934285029371e-12
5.644558844566215703e+04 -1.816345183401016212e-12
5.645970970973517979e+04 -1.709330154051576718e-12
5.647383097383053973e+04 -1.711867509542568830e-12
5.648795223807454749e+04 -1.684324292638485837e-12
5.650207350212264282e+04 -1.574201442152237157e-12
5.651619476623425726e+04 -1.406640000929572034e-12
5.653031603024287324e+04 -1.295222112318458913e-12
5.654443729438914306e+04 -1.256835992700871677e-12
5.655855855858435098e+04 -1.156885545022143383e-12
5.657267982275498798e+04 -1.260161455944260421e-12
5.658680108687853499e+04 -1.215278516673125986e-12
5.660092235091745533e+04 -1.027776462319067839e-12
5.661504361504194821e+04 -8.431970305390774259e-13
5.662916487923366367e+04 -9.720506203344291595e-13
5.664328614332204597e+04 -8.882394839007484004e-13
5.665740740734440624e+04 -7.435804809990145233e-13
