5.299999999999980355e+04 -3.992925923060037403e-12
5.301412126410262863e+04 -3.994743597959985664e-12
5.302824252820132097e+04 -4.029234577359387702e-12
5.304236379241570103e+04 -4.011356738001820063e-12
5.305648505650375591e+04 -3.949763798713844105e-12
5.307060632061950309e+04 -3.863755722583724695e-12
5.308472758468124084e+04 -3.815374611228379006e-12
5.309884884881714243e+04 -3.707879639254358336e-12
5.311297011300222221e+04 -3.579292497539640951e-12
5.312709137711245421e+04 -3.666874437019698306e-12
5.314121264119067928e+04 -3.662785772360651621e-12
5.315533390530859469e+04 -3.629541014424209190e-12
5.316945516949785815e+04 -3.661081385375521074e-12
5.318357643361946975e+04 -3.688147758624186788e-12
5.319769769770208950e+04 -3.702265853608724221e-12
5.321181896179464820e+04 -3.555205501250768154e-12
5.322594022590983514e+04 -3.453179248364791969e-12
5.324006149010360969e+04 -3.475337095170868647e-12
5.325418275420900318e+04 -3.429316416174035501e-12
5.326830401829868788e+04 -3.422887936740973122e-12
5.328242528238258092e+04 -3.582816019156955291e-12
5.329654654651081364e+04 -3.627848087697128936e-12
5.331066781069686112e+04 -3.618202612282940987e-12
5.332478907479932968e+04 -3.665277000354151436e-12
5.333891033890440303e+04 -3.503763956996576212e-12
5.335303160299333831e+04 -3.521099555695190372e-12
5.336715286720010772e+04 -3.365750100236517038e-12
5.338127413131255889e+04 -3.447691851957457975e-12
5.339539539538060490e+04 -3.573912196518448221e-12
5.340951665948433947e+04 -3.420712627443265118e-12
5.342363792360119260e+04 -3.506508035999956677e-12
5.343775918778526102e+04 -3.533859682634123649e-12
5.345188045190972480e+04 -3.548547453990318874e-12
5.346600171598398447e+04 -3.412935174091169065e-12
5.348012298010955419e+04 -3.480015400986561634e-12
5.349424424418681156e+04 -3.269892585112237940e-12
5.350836550839449774e+04 -3.352106155295463809e-12
5.352248677250088804e+04 -3.206527295156900050e-12
5.353660803661154205e+04 -3.116816830343958167e-12
5.355072930069360154e+04 -3.125123123831750064e-12
5.356485056491653086e+04 -3.127340321097962128e-12
5.357897182900112239e+04 -3.068888798114606560e-12
5.359309309309720265e+04 -2.971309995751237865e-12
5.360721435721343005e+04 -2.912754677645926169e-12
5.362133562128616904e+04 -3.141011320952005597e-12
5.363545688551117928e+04 -3.141560180272649047e-12
5.364957814959045209e+04 -3.080032666002145869e-12
5.366369941371255118e+04 -3.058839239804250420e-12
5.367782067778575583e+04 -2.845452934117093663e-12
5.369194194188982510e+04 -2.812419393088503199e-12
5.370606320608283568e+04 -2.759292683168061984e-12
5.372018447019216546e+04 -2.732163133433566110e-12
5.373430573429531069e+04 -2.651395296563286198e-12
5.374842699838934641e+04 -2.659740250288675812e-12
5.376254826250790211e+04 -2.652827103486703666e-12
5.377666952669122838e+04 -2.705270187254499772e-12
5.379079079081919190e+04 -2.726484140370294386e-12
5.380491205489951244e+04 -2.752478906958039518e-12
5.381903331898165925e+04 -2.672600980885297868e-12
5.383315458321809274e+04 -2.692600944513896850e-12
5.384727584731939714e+04 -2.801749240044775328e-12
5.386139711138937128e+04 -2.631646225546039615e-12
5.387551837549977063e+04 -2.482261834402205998e-12
5.388963963959892862e+04 -2.347533880238128105e-12
5.390376090378263325e+04 -2.346385533368242039e-12
5.391788216791553714e+04 -2.208405912315774539e-12
5.393200343198403425e+04 -2.292337505740543862e-12
5.394612469610368862e+04 -2.171720248166565989e-12
5.396024596020652098e+04 -2.181274331649472024e-12
5.397436722440390440e+04 -2.112894308398069465e-12
5.398848848850383365e+04 -2.181844515754081375e-12
5.400260975261801650e+04 -2.080259627869574009e-12
5.401673101669122116e+04 -2.067229169400571082e-12
5.403085228088770964e+04 -1.891967588113919764e-12
5.404497354498109780e+04 -1.930670040080028749e-12
5.405909480908084515e+04 -2.007761817847688486e-12
5.407321607319467876e+04 -1.927508459523903165e-12
5.408733733731171378e+04 -2.050387449797273150e-12
5.410145860150841327e+04 -2.009407960609945668e-12
5.411557986559343408e+04 -1.989832969461808013e-12
5.412970112970042828e+04 -1.961779563355297380e-12
5.414382239381655381e+04 -1.931322114256397974e-12
5.415794365789701988e+04 -1.942777004843411292e-12
5.417206492209338467e+04 -2.106980815244453238e-12
5.418618618618593609e+04 -1.989485172389984936e-12
5.420030745030510298e+04 -2.022360083137850042e-12
5.421442871441898023e+04 -2.121311142602745352e-12
5.422854997850828659e+04 -2.056722869033641348e-12
5.424267124268630869e+04 -1.940012181322295280e-12
5.425679250678259268e+04 -2.081489212011710800e-12
5.427091377091454342e+04 -2.103218876739739104e-12
5.428503503498187638e+04 -2.213988581184805939e-12
5.429915629921676737e+04 -2.154771904643439359e-12
5.431327756330645934e+04 -2.252253004680270640e-12
5.432739882738014421e+04 -2.193763909458499268e-12
5.434152009148024808e+04 -2.350957741130377183e-12
5.435564135561642615e+04 -2.377060727370084890e-12
5.436976261979073024e+04 -2.481240420770211817e-12
5.438388388390268665e+04 -2.556699692032027279e-12
5.439800514801366808e+04 -2.408378203555658939e-12
5.441212641210185393e+04 -2.437013979357616351e-12
5.442624767619131308e+04 -2.400104259910209663e-12
5.444036894041264895e+04 -2.498433564109272535e-12
5.445449020449521777e+04 -2.534357701364409785e-12
5.446861146861412999e+04 -2.538655878399256773e-12
5.448273273270196660e+04 -2.613866940781034819e-12
5.449685399688560574e+04 -2.671270067752684760e-12
5.451097526098811795e+04 -2.654690701018789116e-12
5.452509652509004809e+04 -2.645211907079272681e-12
5.453921778921247460e+04 -2.573045646674759928e-12
5.455333905331868300e+04 -2.597282061517951219e-12
5.456746031751652481e+04 -2.583230044350396118e-12
5.458158158161064057e+04 -2.585672239847431048e-12
5.459570284569681826e+04 -2.545426279708559898e-12
5.460982410981073917e+04 -2.578019108535190288e-12
5.462394537388990284e+04 -2.542200869867094199e-12
5.463806663811964245e+04 -2.489192389191089159e-12
5.465218790218973299e+04 -2.485765917100803086e-12
5.466630916630407592e+04 -2.311533873173370902e-12
5.468043043038822361e+04 -2.443298407698991816e-12
5.469455169459189347e+04 -2.382340134600473260e-12
5.470867295868218935e+04 -2.528082557282720383e-12
5.472279422281882580e+04 -2.360614676802615021e-12
5.473691548690936179e+04 -2.338341737816410018e-12
5.475103675098633539e+04 -2.279517538846604555e-12
5.476515801519352681e+04 -2.182460758490725453e-12
5.477927927928221470e+04 -2.277225052037002891e-12
5.479340054338236223e+04 -2.184966203006869741e-12
5.480752180750877596e+04 -1.963429985581003420e-12
5.482164307158096926e+04 -1.869934589213969638e-12
5.483576433581290621e+04 -1.906774241514059909e-12
5.484988559989776695e+04 -2.007424900767684540e-12
5.486400686399661208e+04 -1.940212663304885300e-12
5.487812812809502793e+04 -1.755203769880617348e-12
5.489224939219989756e+04 -1.791634334488302831e-12
5.490637065639963112e+04 -1.688784031021934334e-12
5.492049192049654084e+04 -1.548524689016932951e-12
5.493461318458857568e+04 -1.450230926124480048e-12
5.494873444871488027e+04 -1.435883118245998327e-12
5.496285571288908977e+04 -1.277418358463070317e-12
5.497697697701588186e+04 -1.148954088122631937e-12
5.499109824108502653e+04 -1.293368716603253698e-12
5.500521950518254744e+04 -1.296675363716969920e-12
5.501934076929618459e+04 -1.187514519928860044e-12
5.503346203348779818e+04 -1.135352502616395333e-12
5.504758329758681793e+04 -1.276872908206530194e-12
5.506170456169795216e+04 -1.025604864602832029e-12
5.507582582579759037e+04 -9.238715736299100964e-13
5.508994708991270454e+04 -8.840523993034696233e-13
5.510406835409824998e+04 -9.032027806375403269e-13
5.511818961819361721e+04 -8.360878828348840247e-13
5.513231088231756439e+04 -6.587509793753438323e-13
5.514643214640348742e+04 -6.941370647683781707e-13
5.516055341059281636e+04 -5.176824561121029492e-13
5.517467467471459531e+04 -4.769824376479734903e-13
5.518879593879608728e+04 -4.665453340290145421e-13
5.520291720290765807e+04 -4.352254642452400313e-13
5.521703846701155271e+04 -4.027540561273126608e-13
5.523115973120788840e+04 -2.346406294659298056e-13
5.524528099528845632e+04 -4.962665871214632280e-14
5.525940225939951779e+04 1.012204942918296786e-14
5.527352352348149725e+04 2.150817846789847715e-14
5.528764478761637292e+04 1.346590779225332085e-13
5.530176605180266779e+04 3.291328388967888290e-13
5.531588731591580290e+04 2.576666696992074710e-13
5.533000858000617882e+04 3.439995498517716385e-13
5.534412984411580692e+04 5.713455378425770049e-13
5.535825110831482016e+04 8.417717963744557489e-13
5.537237237241731782e+04 8.618185439678777019e-13
5.538649363648150029e+04 1.203936114994718157e-12
5.540061490060750657e+04 1.220832597223506322e-12
5.541473616471661080e+04 1.357878134711649079e-12
5.542885742888654204e+04 1.426947804377836464e-12
5.544297869300388993e+04 1.776692539803109151e-12
5.545709995710888325e+04 1.873446276120182010e-12
5.547122122121358552e+04 1.907631500549482670e-12
5.548534248528294847e+04 1.980623334733242818e-12
5.549946374951503094e+04 2.044352959347968864e-12
5.551358501358194189e+04 2.042510469000012529e-12
5.552770627770035208e+04 2.222138843803251367e-12
5.554182754180611664e+04 2.232653558030521229e-12
5.555594880591621768e+04 2.267521465679842270e-12
5.557007007009399968e+04 2.404139927222439072e-12
5.558419133420958678e+04 2.516022219630945621e-12
5.559831259828214388e+04 2.718578073728236883e-12
5.561243386239281972e+04 2.690346380822447662e-12
5.562655512658330554e+04 2.618851778579578570e-12
5.564067639068893186e+04 2.638979473312135769e-12
5.565479765481927461e+04 2.689835456406613986e-12
5.566891891890616535e+04 2.808183655420041129e-12
5.568304018301789620e+04 2.845594579823922665e-12
5.569716144719431031e+04 2.930519734101629193e-12
5.571128271129740460e+04 3.138775543379764109e-12
5.572540397540559934e+04 2.940644799555211316e-12
5.573952523950417526e+04 3.257263586554708505e-12
5.575364650358447398e+04 3.380898301059846254e-12
5.576776776778963540e+04 3.512780049364000225e-12
5.578188903191692953e+04 3.635543784257365001e-12
5.579601029601951450e+04 3.605431303432415698e-12
5.581013156010050443e+04 3.612557843140603234e-12
5.582425282428588253e+04 3.669157156316644446e-12
5.583837408839874115e+04 3.745055108848612936e-12
5.585249535250871850e+04 3.912905239707969432e-12
5.586661661661251128e+04 3.804457252983858731e-12
5.588073788071122544e+04 3.863634543954839247e-12
5.589485914489989955e+04 3.851150406141722377e-12
5.590898040899742045e+04 3.957618524487838088e-12
5.592310167310311226e+04 4.120649544304040319e-12
5.593722293719611480e+04 4.067641353761150456e-12
5.595134420131089428e+04 4.202687583952581779e-12
5.596546546550922358e+04 4.312919889335055053e-12
5.597958672960611148e+04 4.413464359868522944e-12
5.599370799371458270e+04 4.349693391284883794e-12
5.600782925781849917e+04 4.382410832284484654e-12
5.602195052201231010e+04 4.417433671017312951e-12
5.603607178608624235e+04 4.366352544625454279e-12
5.605019305021582841e+04 4.367105149926233488e-12
5.606431431429465738e+04 4.537769281869728874e-12
5.607843557838541165e+04 4.621817944006474068e-12
5.609255684259860573e+04 4.545388177474378363e-12
5.610667810669729079e+04 4.778831312880709569e-12
5.612079937080632953e+04 4.935712671187537994e-12
5.613492063489587599e+04 4.866451223532216500e-12
5.614904189898517507e+04 4.956981169328986661e-12
5.616316316321614431e+04 5.160490690975877506e-12
5.617728442728683876e+04 5.255602709060699227e-12
5.619140569139386935e+04 5.254421867281913355e-12
5.620552695551562647e+04 5.378768858584819926e-12
5.621964821958007815e+04 5.347891151668581222e-12
5.623376948380917020e+04 5.377825925960482290e-12
5.624789074789695587e+04 5.321723465744188677e-12
5.626201201199681964e+04 5.378417507382335933e-12
5.627613327610981651e+04 5.365270995667260657e-12
5.629025454030417313e+04 5.547926329261181816e-12
5.630437580440995953e+04 5.591360707269333215e-12
5.631849706849257200e+04 5.722962477117337502e-12
5.633261833259275591e+04 5.601191287611006409e-12
5.634673959669141914e+04 5.595997904849269181e-12
5.636086086088878801e+04 5.629031010678186476e-12
5.637498212501598027e+04 5.720083486215397386e-12
5.638910338910088467e+04 5.777989704008770420e-12
5.640322465320958145e+04 5.768101097044061052e-12
5.641734591729048407e+04 5.793801088386782886e-12
5.643146718148142099e+04 5.777515626498565010e-12
5.644558844558564306e+04 5.857807935193064033e-12
5.645970970968234906e+04 6.070223382943546575e-12
5.647383097381753032e+04 5.972864574014763946e-12
5.648795223799237283e+04 5.988713385564634224e-12
5.650207350210389268e+04 6.036940762635573164e-12
5.651619476619164197e+04 6.136877694425853494e-12
5.653031603028545942e+04 6.244201705461752983e-12
5.654443729439550953e+04 6.201311327044565418e-12
5.655855855858407449e+04 6.239235787062317625e-12
5.657267982271305664e+04 6.241557142116879788e-12
5.658680108679203113e+04 6.240846606117801219e-12
5.660092235088485177e+04 6.181813801438181190e-12
5.661504361499591323e+04 6.308389015065676544e-12
5.662916487921327644e+04 6.280780237958180468e-12
5.664328614329414268e+04 6.301399418187854494e-12
5.665740740738590102e+04 6.448887716890702047e-12
