5.299999999999993452e+04 5.533543417418843061e-12
5.301412126411797362e+04 5.426763878549953446e-12
5.302824252818318200e+04 5.478614432670484541e-12
5.304236379239802773e+04 5.465125010223194762e-12
5.305648505650548032e+04 5.421642780999308233e-12
5.307060632059640920e+04 5.442128707696326327e-12
5.308472758470469853e+04 5.455340459990366658e-12
5.309884884880178288e+04 5.334244621388070964e-12
5.311297011302180908e+04 5.305412712984366007e-12
5.312709137707520131e+04 5.272921899158147432e-12
5.314121264122011780e+04 5.256152137909711682e-12
5.315533390529084863e+04 5.242254648147838061e-12
5.316945516949578450e+04 5.105654146601160233e-12
5.318357643357766210e+04 5.142638438412320735e-12
5.319769769770985295e+04 5.100881026628439288e-12
5.321181896178275201e+04 5.023946086843448388e-12
5.322594022590146778e+04 4.969199765675568722e-12
5.324006149011626985e+04 4.941935235248419947e-12
5.325418275421379076e+04 4.849720780170744886e-12
5.326830401827667083e+04 4.798984658270466070e-12
5.328242528242700064e+04 4.779272151657229821e-12
5.329654654649873555e+04 4.857019282402330071e-12
5.331066781071547302e+04 4.736494200267399206e-12
5.332478907479168265e+04 4.636197374712175958e-12
5.333891033892778069e+04 4.610159120496271082e-12
5.335303160301643948e+04 4.573258977363850412e-12
5.336715286720983568e+04 4.585087628580972355e-12
5.338127413132169022e+04 4.548817448168273703e-12
5.339539539538795361e+04 4.550679064829773195e-12
5.340951665948345180e+04 4.432982771388799194e-12
5.342363792357267812e+04 4.392985055468674212e-12
5.343775918777681363e+04 4.398879560298980314e-12
5.345188045187941316e+04 4.375731349688640763e-12
5.346600171600058093e+04 4.311280939380020699e-12
5.348012298012719111e+04 4.239291565460213544e-12
5.349424424418932904e+04 4.165869256827205737e-12
5.350836550840042764e+04 4.124731871765678373e-12
5.352248677250608307e+04 4.149223183381056752e-12
5.353660803660686361e+04 4.010967570025392783e-12
5.355072930072535382e+04 4.015054850097317632e-12
5.356485056491681462e+04 3.898306881023689961e-12
5.357897182900812186e+04 3.781991179052051258e-12
5.359309309312678670e+04 3.789173163788728317e-12
5.360721435717954591e+04 3.731065607387524261e-12
5.362133562131669896e+04 3.729360713158735643e-12
5.363545688551385683e+04 3.758354158344392040e-12
5.364957814959964162e+04 3.622192684475230998e-12
5.366369941372306494e+04 3.553903086729997639e-12
5.367782067781000660e+04 3.457215384177485533e-12
5.369194194189766858e+04 3.480132096292447688e-12
5.370606320607661473e+04 3.355769875380155202e-12
5.372018447021564498e+04 3.300127265789907352e-12
5.373430573429580545e+04 3.207109941151715252e-12
5.374842699837746477e+04 3.122098981732854376e-12
5.376254826252081693e+04 3.075514928753316787e-12
5.377666952669353486e+04 3.041226314001270863e-12
5.379079079078434734e+04 2.980842287440213741e-12
5.380491205492078734e+04 2.974744862911082799e-12
5.381903331902252103e+04 2.841463599083081549e-12
5.383315458318842138e+04 2.740640063234393363e-12
5.384727584731309616e+04 2.733162047235927930e-12
5.386139711141194857e+04 2.611040240080668090e-12
5.387551837551377685e+04 2.485578094016444960e-12
5.388963963961194531e+04 2.355850434525449383e-12
5.390376090382372058e+04 2.314384137221153341e-12
5.391788216791510786e+04 2.336565790396811143e-12
5.393200343202140357e+04 2.174873515208248708e-12
5.394612469611369306e+04 2.116535894373142902e-12
5.396024596018155717e+04 2.062570112379942721e-12
5.397436722440493759e+04 2.055653633882210995e-12
5.398848848852266383e+04 1.975711262316564815e-12
5.400260975261413114e+04 1.948383991699850126e-12
5.401673101667387527e+04 1.777395310561521621e-12
5.403085228087194264e+04 1.648538331252255165e-12
5.404497354497466586e+04 1.523185378726117314e-12
5.405909480907778197e+04 1.510035034993130056e-12
5.407321607319465693e+04 1.482217315351695451e-12
5.408733733729732194e+04 1.309010550842171047e-12
5.410145860152269597e+04 1.221434260309048583e-12
5.411557986557946424e+04 1.168633755697889845e-12
5.412970112967428577e+04 1.179844633717834587e-12
5.414382239378702798e+04 9.894465451024740407e-13
5.415794365787294373e+04 1.022854646108385311e-12
5.417206492208836426e+04 9.206128234601413594e-13
5.418618618622285430e+04 8.387770810146031160e-13
5.420030745029731770e+04 7.632573550402908741e-13
5.421442871438957081e+04 6.915065474902778562e-13
5.422854997850387736e+04 5.726111737896187723e-13
5.424267124268500629e+04 5.494557928719001792e-13
5.425679250679996767e+04 4.155849249114243730e-13
5.427091377091143659e+04 3.540550832312114113e-13
5.428503503500818624e+04 3.947451435452551611e-13
5.429915629920909851e+04 2.529133906008230598e-13
5.431327756332753052e+04 2.237763344016625000e-13
5.432739882739340101e+04 2.374949762109125714e-13
5.434152009152593382e+04 1.319750938949396776e-13
5.435564135559713031e+04 8.342842535282203189e-14
5.436976261982487631e+04 8.788057163737226467e-14
5.438388388387188752e+04 -4.608535411235588041e-14
5.439800514799990196e+04 -1.325203365766753606e-13
5.441212641208490822e+04 -1.639988054339495463e-13
5.442624767619106569e+04 -2.569419686072507995e-13
5.444036894040153857e+04 -2.027012565425494356e-13
5.445449020449337695e+04 -2.595945726056106802e-13
5.446861146859771543e+04 -2.363086920935952925e-13
5.448273273271163634e+04 -3.729595906578511207e-13
5.449685399688306643e+04 -5.804904117244656885e-13
5.451097526099668903e+04 -5.922370141385804738e-13
5.452509652507779538e+04 -7.178825152057794784e-13
5.453921778921269288e+04 -7.100123858266481396e-13
5.455333905327427055e+04 -7.187929393769805384e-13
5.456746031752309500e+04 -7.966145388858595993e-13
5.458158158160620223e+04 -8.878126541090505359e-13
5.459570284568730858e+04 -9.714524458911316333e-13
5.460982410977319523e+04 -9.781109981891462713e-13
5.462394537389267498e+04 -9.491224697856924383e-13
5.463806663810446480e+04 -1.001446456255038928e-12
5.465218790222461394e+04 -1.135469744463798567e-12
5.466630916631072614e+04 -1.290813019767191790e-12
5.468043043040233897e+04 -1.424163528277881172e-12
5.469455169462210324e+04 -1.438352951983040423e-12
5.470867295872120303e+04 -1.474528996503149907e-12
5.472279422278764105e+04 -1.511594568870098947e-12
5.473691548688059265e+04 -1.646399215717238498e-12
5.475103675100307737e+04 -1.673463233620183322e-12
5.476515801517647924e+04 -1.792364958164520920e-12
5.477927927932486637e+04 -1.850159274566228032e-12
5.479340054340966162e+04 -1.970628223437678209e-12
5.480752180751290143e+04 -2.113190323405137205e-12
5.482164307162100158e+04 -2.200267765410610069e-12
5.483576433578549768e+04 -2.190044546015633787e-12
5.484988559992226510e+04 -2.256653833443092157e-12
5.486400686402155407e+04 -2.420446189229985315e-12
5.487812812810514879e+04 -2.619372231710014456e-12
5.489224939218477812e+04 -2.636599817084595419e-12
5.490637065638507920e+04 -2.682607377350865593e-12
5.492049192052048602e+04 -2.823077796222923752e-12
5.493461318460899201e+04 -2.980039922066557690e-12
5.494873444869350351e+04 -3.004939326604761015e-12
5.496285571287190396e+04 -3.121257282101576601e-12
5.497697697698904813e+04 -3.201717964457758238e-12
5.499109824109866167e+04 -3.341809791100207644e-12
5.500521950522425323e+04 -3.403935792622498631e-12
5.501934076929748699e+04 -3.558160909706626802e-12
5.503346203351866279e+04 -3.574349005377185557e-12
5.504758329757369938e+04 -3.640015090085424964e-12
5.506170456167260272e+04 -3.793429757569806637e-12
5.507582582580802409e+04 -3.816341962634416643e-12
5.508994708990998333e+04 -3.909405177239833888e-12
5.510406835412080545e+04 -3.998486207992909830e-12
5.511818961822634446e+04 -4.107138490303856057e-12
5.513231088228303997e+04 -4.091927605096085413e-12
5.514643214640505903e+04 -4.120626862813279903e-12
5.516055341060260980e+04 -4.175516590128737994e-12
5.517467467467538518e+04 -4.241160959048915874e-12
5.518879593877677689e+04 -4.333403480758331077e-12
5.520291720287884527e+04 -4.277234980338318717e-12
5.521703846699355199e+04 -4.343247288459998582e-12
5.523115973118737747e+04 -4.368708845096712046e-12
5.524528099530286272e+04 -4.404748039178845716e-12
5.525940225937967625e+04 -4.527624572402220569e-12
5.527352352350750880e+04 -4.517449291633721106e-12
5.528764478759963094e+04 -4.716405244538816451e-12
5.530176605177336023e+04 -4.692188453263088916e-12
5.531588731592092518e+04 -4.673998817504177949e-12
5.533000857998288120e+04 -4.700005727233540972e-12
5.534412984409690398e+04 -4.689086783156882063e-12
5.535825110830149788e+04 -4.774871111443042977e-12
5.537237237241302500e+04 -4.849006353495443598e-12
5.538649363651162275e+04 -4.727344265476136841e-12
5.540061490060955839e+04 -4.710126513665961006e-12
5.541473616471940477e+04 -4.630260352224456186e-12
5.542885742887185916e+04 -4.617163273631998323e-12
5.544297869302017352e+04 -4.556994970890084865e-12
5.545709995709599025e+04 -4.560435489236428733e-12
5.547122122117311665e+04 -4.494609609106601547e-12
5.548534248527269665e+04 -4.483542751832010449e-12
5.549946374951855250e+04 -4.330143244426086885e-12
5.551358501362024253e+04 -4.229923653324631037e-12
5.552770627771473664e+04 -4.179687250632183247e-12
5.554182754182763892e+04 -4.097950253562549834e-12
5.555594880588581145e+04 -3.983784209743118719e-12
5.557007007007545326e+04 -4.001048670984220125e-12
5.558419133419884747e+04 -3.870611355928633848e-12
5.559831259828249313e+04 -3.685474429136093476e-12
5.561243386237742379e+04 -3.514547002909373634e-12
5.562655512661072862e+04 -3.447298124063713326e-12
5.564067639070141013e+04 -3.397378853823340218e-12
5.565479765479628259e+04 -3.226549763240674488e-12
5.566891891889314138e+04 -3.184016319332466108e-12
5.568304018297325820e+04 -3.178460765175258616e-12
5.569716144719060685e+04 -2.971669510098301004e-12
5.571128271129880159e+04 -2.844500626011963597e-12
5.572540397537712124e+04 -2.792348317187861689e-12
5.573952523950557224e+04 -2.662314588004747806e-12
5.575364650357557548e+04 -2.521057074248406339e-12
5.576776776780656655e+04 -2.405730669829136547e-12
5.578188903187600954e+04 -2.318437299138594811e-12
5.579601029601840855e+04 -2.240650936568834833e-12
5.581013156008004444e+04 -2.015856883456669753e-12
5.582425282430562947e+04 -1.975828540080740137e-12
5.583837408841546130e+04 -1.909470828009320240e-12
5.585249535251381167e+04 -1.870372575933402345e-12
5.586661661659050151e+04 -1.733913022143201861e-12
5.588073788068672729e+04 -1.620206697459723627e-12
5.589485914490727009e+04 -1.475380419287918379e-12
5.590898040901626518e+04 -1.381919764787782349e-12
5.592310167307854135e+04 -1.299538259517743625e-12
5.593722293717818684e+04 -1.159375549265205031e-12
5.595134420129709906e+04 -9.740390830616051419e-13
5.596546546550443600e+04 -8.328561405020051910e-13
5.597958672958226816e+04 -7.544342838325457148e-13
5.599370799371967587e+04 -6.678776110087092867e-13
5.600782925780599908e+04 -6.313237937226918809e-13
5.602195052201114595e+04 -5.591962377363964750e-13
5.603607178609845141e+04 -5.563912134897527113e-13
5.605019305018762680e+04 -4.516473632981069520e-13
5.606431431429753866e+04 -4.894205425703953712e-13
5.607843557838881679e+04 -5.520619867602701179e-13
5.609255684260285489e+04 -3.624266139841043067e-13
5.610667810667996673e+04 -3.566149774205058406e-13
5.612079937079985393e+04 -2.106930762811977475e-13
5.613492063490393048e+04 -9.570183251541230371e-14
5.614904189902469079e+04 -4.898174856159990840e-14
5.616316316321406339e+04 5.815789087557913779e-15
5.617728442731627001e+04 3.566639330388619104e-14
5.619140569138887804e+04 1.017921971480785224e-13
5.620552695550818316e+04 8.893317276060156261e-14
5.621964821961740381e+04 1.213265728394292725e-13
5.623376948378136876e+04 2.512894184124543202e-13
5.624789074791341409e+04 1.804943104030922366e-13
5.626201201200248033e+04 2.866099428292929931e-13
5.627613327609877160e+04 2.476231378166366028e-13
5.629025454032225389e+04 3.280805423180163289e-13
5.630437580441535829e+04 3.220738733937105450e-13
5.631849706847946072e+04 2.739779098868409399e-13
5.633261833259287960e+04 3.495242684314178792e-13
5.634673959671070043e+04 3.417786975347550851e-13
5.636086086089359014e+04 2.514385608059363927e-13
5.637498212499559304e+04 1.733289198063487560e-13
5.638910338908932317e+04 2.220640649995701618e-13
5.640322465321484924e+04 1.319074881396524759e-13
5.641734591728021769e+04 4.075772127478820557e-14
5.643146718147383945e+04 1.186567601033599374e-13
5.644558844557674456e+04 9.766210009780553517e-14
5.645970970968652546e+04 8.656820052110000611e-14
5.647383097382116102e+04 1.232187145237706183e-13
5.648795223798388906e+04 9.537907422834906320e-14
5.650207350210324512e+04 5.407154801601546906e-14
5.651619476620185742e+04 2.774545717532690705e-14
5.653031603031789564e+04 2.842561204670122791e-14
5.654443729441678443e+04 -1.588033184558254567e-14
5.655855855861167220e+04 -4.851989364913098587e-15
5.657267982269172353e+04 -3.246299928790881423e-14
5.658680108677643148e+04 -1.070214072243272936e-14
5.660092235091542534e+04 5.011107995173582548e-14
5.661504361501558742e+04 6.619469400048744710e-14
5.662916487917378981e+04 5.856466748558825673e-14
5.664328614330857818e+04 8.142246533138279544e-15
5.665740740741671470e+04 -5.516574425978852154e-15
