5.300000000000044383e+04 6.105888695293322527e-12
5.301412126408862241e+04 5.938673104916555524e-12
5.302824252820204856e+04 5.837584493370233849e-12
5.304236379241290706e+04 5.812827137008974951e-12
5.305648505649637809e+04 5.741944779839192373e-12
5.307060632060692296e+04 5.690071806768674798e-12
5.308472758471301495e+04 5.641884905448285880e-12
5.309884884880983009e+04 5.512091866654421788e-12
5.311297011300539452e+04 5.392587862296869124e-12
5.312709137710068171e+04 5.353585792752440585e-12
5.314121264120067644e+04 5.265637642820638974e-12
5.315533390529221651e+04 5.102700843866268090e-12
5.316945516949649755e+04 5.002935593066890750e-12
5.318357643359662325e+04 5.023282863677821600e-12
5.319769769770084531e+04 4.959107643870510191e-12
5.321181896179555042e+04 4.959960604600302519e-12
5.322594022588731605e+04 4.906397800900481939e-12
5.324006149011031084e+04 4.887301604570976741e-12
5.325418275418956910e+04 4.839021288400019813e-12
5.326830401830485062e+04 4.855215119558191602e-12
5.328242528240782121e+04 4.737685738853427570e-12
5.329654654649511212e+04 4.672784866617908438e-12
5.331066781071067817e+04 4.595304926674802879e-12
5.332478907481044735e+04 4.564551584068707882e-12
5.333891033889207029e+04 4.454301518913216287e-12
5.335303160298953298e+04 4.433484386276418843e-12
5.336715286720911536e+04 4.349845815541061763e-12
5.338127413131143840e+04 4.303958778059992178e-12
5.339539539540049736e+04 4.233363365878838498e-12
5.340951665949790913e+04 4.235482171196273048e-12
5.342363792359563377e+04 4.088826040084462201e-12
5.343775918778745836e+04 3.986558591813932608e-12
5.345188045189549302e+04 3.897382819129943999e-12
5.346600171598775341e+04 3.883892443092184134e-12
5.348012298010238737e+04 3.687540198377879403e-12
5.349424424419960997e+04 3.691125078857941932e-12
5.350836550840067503e+04 3.582617322936287372e-12
5.352248677250084438e+04 3.489823118679309329e-12
5.353660803660020611e+04 3.261450512972097073e-12
5.355072930070505390e+04 3.312530144528970386e-12
5.356485056488799455e+04 3.155633691646380612e-12
5.357897182899551262e+04 3.104587317732641425e-12
5.359309309310125536e+04 3.013106154571576497e-12
5.360721435719638248e+04 2.838671723756911770e-12
5.362133562131249346e+04 2.807918968050401117e-12
5.363545688549442275e+04 2.727470587824383063e-12
5.364957814958968811e+04 2.648162357858279272e-12
5.366369941369025764e+04 2.598224050360490526e-12
5.367782067780208308e+04 2.541331863133154961e-12
5.369194194189720292e+04 2.382077541168955645e-12
5.370606320609526301e+04 2.202229255135047546e-12
5.372018447019395535e+04 2.160871077207763306e-12
5.373430573431213270e+04 2.068051245002252461e-12
5.374842699839185661e+04 1.958227171128670144e-12
5.376254826249555481e+04 1.796015266523875168e-12
5.377666952669838793e+04 1.743877455015753208e-12
5.379079079080586962e+04 1.674539866461250594e-12
5.380491205489415006e+04 1.535722366202950948e-12
5.381903331900147896e+04 1.408381491690641935e-12
5.383315458320815378e+04 1.331133083633708106e-12
5.384727584729842056e+04 1.149179148614723567e-12
5.386139711140200234e+04 1.002637658555128525e-12
5.387551837548729236e+04 8.729895839586905207e-13
5.388963963961051195e+04 7.738741777244934271e-13
5.390376090379654488e+04 6.499552212408901860e-13
5.391788216790696606e+04 4.915691193956853427e-13
5.393200343200317002e+04 4.153733157439456052e-13
5.394612469609712571e+04 2.244557611841409707e-13
5.396024596019058663e+04 1.254192929440886486e-13
5.397436722441052552e+04 -2.769439648179047796e-14
5.398848848849924980e+04 -7.851810605418895368e-15
5.400260975260808482e+04 -1.453603291565996270e-13
5.401673101669122843e+04 -2.455012445984961896e-13
5.403085228089193697e+04 -2.837770748151334698e-13
5.404497354499053472e+04 -3.930839923379808440e-13
5.405909480909520789e+04 -4.870440726200037130e-13
5.407321607321091142e+04 -5.978625500232956526e-13
5.408733733731143730e+04 -7.030631267850570965e-13
5.410145860150739463e+04 -8.655787519249441191e-13
5.411557986561353027e+04 -9.206448010944255302e-13
5.412970112971017807e+04 -1.023398104404505102e-12
5.414382239381090039e+04 -1.192726851190203351e-12
5.415794365790174925e+04 -1.310732011824980190e-12
5.417206492209126736e+04 -1.432780617148680554e-12
5.418618618620382040e+04 -1.670148437157690018e-12
5.420030745031166589e+04 -1.749401792012622459e-12
5.421442871439976443e+04 -1.781328249071974079e-12
5.422854997848904895e+04 -1.897876138037892953e-12
5.424267124271087232e+04 -2.002124763673239657e-12
5.425679250680693076e+04 -2.069840455225370865e-12
5.427091377088846639e+04 -2.111567059366962532e-12
5.428503503500861552e+04 -2.163434212349931150e-12
5.429915629919535422e+04 -2.238767371428731171e-12
5.431327756331263663e+04 -2.215436939136970589e-12
5.432739882739861059e+04 -2.296314440776015771e-12
5.434152009149722289e+04 -2.427483759096046184e-12
5.435564135560773138e+04 -2.530448639706417050e-12
5.436976261980021809e+04 -2.572172700616474808e-12
5.438388388390791079e+04 -2.722699923572496347e-12
5.439800514799767552e+04 -2.802974679338034817e-12
5.441212641211256414e+04 -2.769427303442286169e-12
5.442624767620694911e+04 -2.762099862127065980e-12
5.444036894039769686e+04 -2.812336901513477118e-12
5.445449020449557429e+04 -2.841613800397613581e-12
5.446861146860418376e+04 -2.930420902325801320e-12
5.448273273269183119e+04 -3.033891299111810024e-12
5.449685399688914913e+04 -3.108691846817477132e-12
5.451097526100293908e+04 -3.164999188608640003e-12
5.452509652510967862e+04 -3.151903600358201100e-12
5.453921778920358338e+04 -3.220938935626573236e-12
5.455333905330597918e+04 -3.243172256961299084e-12
5.456746031750772818e+04 -3.250694548938646047e-12
5.458158158159247250e+04 -3.343658269359010436e-12
5.459570284569972864e+04 -3.304702613790073123e-12
5.460982410979945416e+04 -3.387404590604816076e-12
5.462394537389672769e+04 -3.545024103775779924e-12
5.463806663810395548e+04 -3.645519115300457418e-12
5.465218790219445509e+04 -3.673751528556988356e-12
5.466630916628854175e+04 -3.751608258033483804e-12
5.468043043040011253e+04 -3.852899301028235454e-12
5.469455169460814795e+04 -3.877728870492564034e-12
5.470867295870201633e+04 -3.848551744537829950e-12
5.472279422279576829e+04 -3.891395022955947561e-12
5.473691548688784678e+04 -3.900066659953369441e-12
5.475103675099785323e+04 -3.829867796258291372e-12
5.476515801519214438e+04 -3.865739685775918381e-12
5.477927927930142323e+04 -3.939576153097086857e-12
5.479340054339505878e+04 -3.902614782317026035e-12
5.480752180750418484e+04 -3.859662340576150070e-12
5.482164307160984026e+04 -3.813965947643516965e-12
5.483576433579885634e+04 -3.829213403221329225e-12
5.484988559989661735e+04 -3.882299840091552451e-12
5.486400686399901315e+04 -3.850032883456466471e-12
5.487812812808883609e+04 -3.879891791095449344e-12
5.489224939220378292e+04 -3.776367595180840724e-12
5.490637065641040681e+04 -3.741174161583149739e-12
5.492049192048944678e+04 -3.567270532534564346e-12
5.493461318460836628e+04 -3.538467457248490922e-12
5.494873444869789819e+04 -3.484816227344573098e-12
5.496285571290434018e+04 -3.393919958527979794e-12
5.497697697698882985e+04 -3.325712445123854071e-12
5.499109824109555484e+04 -3.149089514666069758e-12
5.500521950520845712e+04 -3.194271392296098480e-12
5.501934076930960146e+04 -3.112252370964774218e-12
5.503346203350566066e+04 -3.060430507066426261e-12
5.504758329760906781e+04 -2.999116324918023238e-12
5.506170456168965757e+04 -2.992520943018142861e-12
5.507582582579024165e+04 -2.989706759509414061e-12
5.508994708991066000e+04 -2.978483674384022012e-12
5.510406835410437634e+04 -2.877718297783984157e-12
5.511818961819340620e+04 -2.742089129519672035e-12
5.513231088229584566e+04 -2.623760391580519869e-12
5.514643214640379301e+04 -2.523773635096209847e-12
5.516055341060350474e+04 -2.374765308265442026e-12
5.517467467470576230e+04 -2.398304481176168023e-12
5.518879593879185995e+04 -2.314875922675542505e-12
5.520291720290816011e+04 -2.156860056651698366e-12
5.521703846699867427e+04 -1.977325712987316379e-12
5.523115973119093542e+04 -1.778326062062940166e-12
5.524528099530725740e+04 -1.535096680268144181e-12
5.525940225940997334e+04 -1.381799095639053035e-12
5.527352352350150613e+04 -1.331590618699098239e-12
5.528764478761165083e+04 -1.104612877671569134e-12
5.530176605179964099e+04 -1.057245581621240353e-12
5.531588731590024690e+04 -8.023728945983936729e-13
5.533000858000305743e+04 -6.840785881015450293e-13
5.534412984408851480e+04 -6.161958258009641296e-13
5.535825110831358325e+04 -5.251397246641322230e-13
5.537237237238781381e+04 -3.047814284194568669e-13
5.538649363648921280e+04 -1.214144348336632130e-13
5.540061490059061180e+04 1.552605935955302318e-13
5.541473616469330591e+04 3.647166431544602170e-13
5.542885742888795357e+04 4.000544540499927941e-13
5.544297869299667946e+04 6.380447788851945402e-13
5.545709995710068324e+04 7.420797730717035321e-13
5.547122122120298445e+04 7.601067850827459517e-13
5.548534248531244521e+04 9.148344483666032339e-13
5.549946374950429890e+04 9.843556386745253477e-13
5.551358501361150411e+04 9.972380845591136271e-13
5.552770627771074214e+04 1.159359313178069419e-12
5.554182754179542098e+04 1.292898727654391026e-12
5.555594880590970570e+04 1.313907580822197394e-12
5.557007007009192603e+04 1.299571189033064522e-12
5.558419133420644357e+04 1.349496389106794897e-12
5.559831259828797192e+04 1.379677700250983803e-12
5.561243386239028769e+04 1.345206740042081538e-12
5.562655512660428212e+04 1.372264571596394589e-12
5.564067639068800054e+04 1.343951166197172210e-12
5.565479765479089110e+04 1.451918191968105442e-12
5.566891891890476836e+04 1.430625866300879737e-12
5.568304018301202450e+04 1.443505768953934106e-12
5.569716144719583099e+04 1.549201884598393574e-12
5.571128271130243957e+04 1.437590408039548476e-12
5.572540397539279365e+04 1.544281514113302112e-12
5.573952523949222814e+04 1.574895957151013926e-12
5.575364650359273946e+04 1.555729186146446570e-12
5.576776776779674401e+04 1.549678838327575474e-12
5.578188903190188284e+04 1.540147589071734320e-12
5.579601029600125185e+04 1.456630017467426607e-12
5.581013156011224783e+04 1.486175520728169793e-12
5.582425282430194056e+04 1.395382154972097124e-12
5.583837408840383432e+04 1.329202379633176732e-12
5.585249535248748725e+04 1.265207827081360879e-12
5.586661661660404934e+04 1.167204204293817128e-12
5.588073788069825969e+04 1.168164372014417841e-12
5.589485914490988944e+04 1.066599833813187172e-12
5.590898040899423358e+04 1.028588304042868458e-12
5.592310167309606186e+04 1.005238895331201819e-12
5.593722293719270965e+04 9.088549197642882428e-13
5.595134420129410137e+04 8.494565734936040788e-13
5.596546546549635968e+04 8.320661518987870444e-13
5.597958672959934484e+04 8.843667302250711469e-13
5.599370799369383894e+04 8.126879014105259530e-13
5.600782925780628284e+04 6.918816646910787860e-13
5.602195052200032660e+04 5.889789954366882202e-13
5.603607178610927076e+04 5.346524397439531316e-13
5.605019305021019682e+04 4.162174729799668578e-13
5.606431431429398799e+04 3.750464671119093868e-13
5.607843557841140864e+04 2.732242799929869967e-13
5.609255684260855196e+04 2.136109328411006571e-13
5.610667810669766914e+04 2.025576573288875555e-13
5.612079937080203672e+04 1.702007094241442192e-13
5.613492063490072906e+04 -4.797725486329897831e-14
5.614904189900802885e+04 -7.535220782655525640e-14
5.616316316318984173e+04 -1.890610678679921057e-13
5.617728442729876406e+04 -2.246848944944778798e-13
5.619140569140786101e+04 -2.947430979224182935e-13
5.620552695550245699e+04 -4.655132700881871590e-13
5.621964821960524569e+04 -5.763950348300312359e-13
5.623376948379234091e+04 -7.131927201675194508e-13
5.624789074789115693e+04 -7.399792084804972570e-13
5.626201201200077048e+04 -8.516178780534342834e-13
5.627613327609801490e+04 -9.276646092106552495e-13
5.629025454029731191e+04 -1.006521219946317366e-12
5.630437580440939928e+04 -1.022792032766684816e-12
5.631849706848718051e+04 -1.116272616087992178e-12
5.633261833259191189e+04 -1.161828544386682367e-12
5.634673959668968018e+04 -1.205254809725620969e-12
5.636086086090163735e+04 -1.234370506857154618e-12
5.637498212500007503e+04 -1.318647722157284106e-12
5.638910338909293932e+04 -1.359394595258784458e-12
5.640322465319278126e+04 -1.324996801864777191e-12
5.641734591730948887e+04 -1.394174264649248828e-12
5.643146718148976652e+04 -1.510500892471728665e-12
5.644558844561221485e+04 -1.553715482693778716e-12
5.645970970968740585e+04 -1.514964068180323948e-12
5.647383097379974788e+04 -1.530307188390445148e-12
5.648795223801059183e+04 -1.665790218658162190e-12
5.650207350210096774e+04 -1.674064720269924317e-12
5.651619476620618661e+04 -1.703381137059432022e-12
5.653031603029186954e+04 -1.797665381545414866e-12
5.654443729440859170e+04 -1.749162043532264453e-12
5.655855855859762960e+04 -1.768702669572298159e-12
5.657267982270212815e+04 -1.700701353555603738e-12
5.658680108680114063e+04 -1.739190619587884016e-12
5.660092235088953748e+04 -1.801090527521836653e-12
5.661504361499293009e+04 -1.805514576591450528e-12
5.662916487918741041e+04 -1.874306250715566739e-12
5.664328614329610718e+04 -1.846657411279441540e-12
5.665740740740337060e+04 -1.829332918071308112e-12
