5.300000000000110595e+04 -4.023816121410775574e-12
5.301412126409386838e+04 -3.859492446654448168e-12
5.302824252822958078e+04 -3.695370075253876066e-12
5.304236379236957873e+04 -3.666777756300821090e-12
5.305648505652945460e+04 -3.546389046514437053e-12
5.307060632061586512e+04 -3.513129780622295195e-12
5.308472758468247775e+04 -3.454863928846953210e-12
5.309884884878119919e+04 -3.395354984152787113e-12
5.311297011301728344e+04 -3.428719401730081383e-12
5.312709137710364303e+04 -3.421282541221909657e-12
5.314121264117627288e+04 -3.442096756690855753e-12
5.315533390529598546e+04 -3.433411166891110772e-12
5.316945516948224395e+04 -3.366943180643090363e-12
5.318357643362772797e+04 -3.256204941004271725e-12
5.319769769771305437e+04 -3.201485337386463864e-12
5.321181896178678289e+04 -3.169327709638998830e-12
5.322594022587884683e+04 -3.090817037254657198e-12
5.324006149009540241e+04 -3.041938230958572163e-12
5.325418275420972350e+04 -3.028361299917563632e-12
5.326830401827176684e+04 -2.994803912331320949e-12
5.328242528238838713e+04 -2.951440327073017991e-12
5.329654654653240141e+04 -2.998650706429298824e-12
5.331066781070960133e+04 -2.990954693986999339e-12
5.332478907477991743e+04 -2.901180851878111207e-12
5.333891033888323000e+04 -2.893823991499277465e-12
5.335303160296995338e+04 -2.903403037288945416e-12
5.336715286716962873e+04 -2.951050993110240824e-12
5.338127413128800981e+04 -2.821612480814069505e-12
5.339539539543354476e+04 -2.803828936911538110e-12
5.340951665953131305e+04 -2.755868495736556826e-12
5.342363792360989464e+04 -2.858233146080047855e-12
5.343775918779323547e+04 -2.806948214681810487e-12
5.345188045192588470e+04 -2.938002729590605780e-12
5.346600171597476583e+04 -3.014510247221255146e-12
5.348012298009024380e+04 -2.961075736590174132e-12
5.349424424421681761e+04 -2.901241700461334982e-12
5.350836550840823475e+04 -2.950506507381474752e-12
5.352248677250541368e+04 -3.004031442401171242e-12
5.353660803662274702e+04 -2.979835524495261292e-12
5.355072930067448760e+04 -3.038103255061519387e-12
5.356485056488250120e+04 -3.025282143424277071e-12
5.357897182901925407e+04 -3.084589633247292895e-12
5.359309309310736717e+04 -3.034752461765436127e-12
5.360721435718665452e+04 -3.000624164165282767e-12
5.362133562126801553e+04 -2.939580671535636194e-12
5.363545688553431683e+04 -2.973361574634755599e-12
5.364957814962425618e+04 -2.981139769028102348e-12
5.366369941369969456e+04 -2.966139017503355776e-12
5.367782067778883356e+04 -3.051144003417488773e-12
5.369194194192175200e+04 -3.028129663179435320e-12
5.370606320608075475e+04 -2.959092945505767539e-12
5.372018447023428598e+04 -2.916053845620551701e-12
5.373430573433279642e+04 -2.897181330260488566e-12
5.374842699842854199e+04 -2.830775404718863396e-12
5.376254826252408384e+04 -2.821190419525653942e-12
5.377666952671112813e+04 -2.840526935635876660e-12
5.379079079077134520e+04 -2.866188552881109149e-12
5.380491205493373127e+04 -2.811423131007407616e-12
5.381903331900630292e+04 -2.891626897038099372e-12
5.383315458320722246e+04 -2.887473435777659694e-12
5.384727584727977955e+04 -2.842736151328772617e-12
5.386139711143408931e+04 -2.998614221521828206e-12
5.387551837548840558e+04 -2.890967744457282499e-12
5.388963963963364222e+04 -2.919745003103272168e-12
5.390376090382373513e+04 -2.909882199279089250e-12
5.391788216790632578e+04 -2.914290448830238126e-12
5.393200343200016505e+04 -2.918709122640664495e-12
5.394612469613127178e+04 -2.836481838186994397e-12
5.396024596019906312e+04 -2.815659501492797518e-12
5.397436722441522579e+04 -2.793483950489619217e-12
5.398848848849954811e+04 -2.803490996971244638e-12
5.400260975263168802e+04 -2.815674046970858713e-12
5.401673101668095478e+04 -2.822498300428010196e-12
5.403085228089463635e+04 -2.785990120192373771e-12
5.404497354497678316e+04 -2.807652700669252124e-12
5.405909480909063132e+04 -2.751860125619779635e-12
5.407321607321943884e+04 -2.742895262641255273e-12
5.408733733729404048e+04 -2.811860707472422191e-12
5.410145860152668320e+04 -2.789829156702051939e-12
5.411557986563188751e+04 -2.649549657182067516e-12
5.412970112969179900e+04 -2.639989399301561891e-12
5.414382239378619852e+04 -2.580595363884081049e-12
5.415794365791059681e+04 -2.591910291268062724e-12
5.417206492212064768e+04 -2.558813510487098476e-12
5.418618618622507347e+04 -2.516066289861648388e-12
5.420030745032729465e+04 -2.589526772263064058e-12
5.421442871441304305e+04 -2.591134047588851315e-12
5.422854997847954655e+04 -2.538190446842342994e-12
5.424267124268427142e+04 -2.440049197266303614e-12
5.425679250678880635e+04 -2.385434805939806475e-12
5.427091377090937749e+04 -2.340541157601758627e-12
5.428503503497286147e+04 -2.239963540450430563e-12
5.429915629922402877e+04 -2.257426356561707466e-12
5.431327756328141550e+04 -2.307209224925468298e-12
5.432739882737600419e+04 -2.292312715993495439e-12
5.434152009151774109e+04 -2.210246643921672773e-12
5.435564135557172995e+04 -2.143429081350909533e-12
5.436976261976946989e+04 -2.224300484824620828e-12
5.438388388391694752e+04 -2.181941628463410495e-12
5.439800514798393124e+04 -2.184522965970044641e-12
5.441212641208820423e+04 -2.056723001777493057e-12
5.442624767617631005e+04 -1.937708991183310111e-12
5.444036894040359039e+04 -1.867364635031920126e-12
5.445449020447245130e+04 -1.743755223068864772e-12
5.446861146862404712e+04 -1.651970347405667439e-12
5.448273273269493075e+04 -1.603034025865081466e-12
5.449685399689797487e+04 -1.451135113620362442e-12
5.451097526102609845e+04 -1.458709913745483487e-12
5.452509652507569263e+04 -1.348677251004961126e-12
5.453921778919902863e+04 -1.240824955425846181e-12
5.455333905330476409e+04 -1.238569436627788047e-12
5.456746031752881390e+04 -1.135335815182443827e-12
5.458158158161714528e+04 -1.112951294144449797e-12
5.459570284572014498e+04 -1.035440380952196498e-12
5.460982410978322878e+04 -9.877360614034131028e-13
5.462394537392721395e+04 -9.985913516806537554e-13
5.463806663808456506e+04 -8.489445642891121214e-13
5.465218790222502139e+04 -7.765342654037314709e-13
5.466630916630536376e+04 -7.081763367062634787e-13
5.468043043041085184e+04 -5.981713103740578925e-13
5.469455169459254830e+04 -4.046117247150772399e-13
5.470867295867016219e+04 -3.980289261937454756e-13
5.472279422279496794e+04 -3.983319569866917776e-13
5.473691548693157529e+04 -3.488540588129521234e-13
5.475103675100528926e+04 -4.351931074899523335e-13
5.476515801521054527e+04 -3.952715884025681982e-13
5.477927927927091514e+04 -3.327560933931055481e-13
5.479340054341001814e+04 -2.131156575437439473e-13
5.480752180751436390e+04 -5.768316382863646343e-14
5.482164307162447221e+04 1.839308037749173335e-14
5.483576433578081924e+04 1.776229135651683049e-13
5.484988559991391230e+04 2.157301266890241541e-13
5.486400686401885469e+04 2.746882826139312470e-13
5.487812812810363539e+04 4.109066846591663959e-13
5.489224939219206135e+04 5.584395292391145640e-13
5.490637065637153864e+04 6.310646163505355216e-13
5.492049192049084377e+04 7.754183042755251017e-13
5.493461318462539202e+04 9.028997224985316748e-13
5.494873444869191735e+04 9.815233647624839383e-13
5.496285571288508072e+04 1.104802594373545124e-12
5.497697697698471165e+04 1.183144539212374474e-12
5.499109824109707552e+04 1.279799725779805239e-12
5.500521950520065730e+04 1.377972975407579852e-12
5.501934076928877766e+04 1.582438275667747491e-12
5.503346203350015276e+04 1.666753563497134904e-12
5.504758329758620675e+04 1.764477842702080240e-12
5.506170456171584374e+04 1.900659881052161898e-12
5.507582582579887094e+04 1.980874313766765196e-12
5.508994708986951446e+04 2.103456814978684049e-12
5.510406835407456674e+04 2.187791496778820126e-12
5.511818961818654498e+04 2.331011122264287556e-12
5.513231088229284796e+04 2.444218093167081389e-12
5.514643214641924715e+04 2.480644818725573913e-12
5.516055341057152691e+04 2.518057242847362280e-12
5.517467467473097349e+04 2.605979809235982928e-12
5.518879593877645675e+04 2.739961116755371092e-12
5.520291720290344529e+04 2.801264488593048383e-12
5.521703846697003610e+04 2.891962817045057508e-12
5.523115973121953721e+04 3.030410071178571631e-12
5.524528099528321764e+04 3.111273232214714310e-12
5.525940225940052915e+04 3.101908853438769742e-12
5.527352352348830027e+04 3.099618425493363933e-12
5.528764478759797203e+04 3.146719592551866963e-12
5.530176605179002945e+04 3.224262505795855497e-12
5.531588731592631666e+04 3.218787587853535379e-12
5.533000858001978486e+04 3.216282856531358070e-12
5.534412984408704506e+04 3.292375100763354168e-12
5.535825110827109893e+04 3.347051552796246546e-12
5.537237237236828514e+04 3.324687395427538391e-12
5.538649363651494059e+04 3.351351196111203553e-12
5.540061490059694916e+04 3.324571031603047218e-12
5.541473616467849934e+04 3.440111582036161940e-12
5.542885742888715322e+04 3.579962474802603363e-12
5.544297869299838931e+04 3.562533113290867815e-12
5.545709995708292990e+04 3.604050756170858857e-12
5.547122122117101389e+04 3.679492332684240344e-12
5.548534248528665921e+04 3.779477948878468696e-12
5.549946374949219899e+04 3.666134735331166118e-12
5.551358501357210480e+04 3.822670261132598612e-12
5.552770627771253203e+04 3.819342255752144759e-12
5.554182754178793402e+04 3.812831699771851423e-12
5.555594880590497633e+04 3.750056325554357399e-12
5.557007007009634253e+04 3.796474824842510786e-12
5.558419133419422724e+04 3.832399246558616115e-12
5.559831259828418115e+04 3.835273433023553424e-12
5.561243386239541724e+04 3.907075730925966644e-12
5.562655512663415720e+04 3.899393779112459849e-12
5.564067639067542768e+04 3.978351482522556135e-12
5.565479765479642083e+04 3.985811373370991723e-12
5.566891891887815291e+04 3.995250418934318302e-12
5.568304018300137250e+04 3.936633112045317374e-12
5.569716144718750002e+04 3.915980472595170190e-12
5.571128271129063796e+04 3.995231024963570042e-12
5.572540397538528487e+04 4.039571460286014698e-12
5.573952523951033072e+04 3.973930626890420486e-12
5.575364650362951215e+04 3.975821539038405685e-12
5.576776776780998625e+04 3.859412138715754797e-12
5.578188903189215489e+04 3.852230551347561177e-12
5.579601029599489266e+04 3.759219976733054653e-12
5.581013156011268438e+04 3.589865036266821021e-12
5.582425282430602965e+04 3.561517838922180673e-12
5.583837408839641284e+04 3.504645019702013161e-12
5.585249535251998896e+04 3.433089994926643885e-12
5.586661661657185323e+04 3.338790690955895316e-12
5.588073788067787245e+04 3.253028612908664715e-12
5.589485914492658776e+04 3.149587960825579794e-12
5.590898040902151115e+04 3.237871255070123724e-12
5.592310167312750127e+04 3.153651967395941812e-12
5.593722293720890593e+04 3.096313692877808395e-12
5.595134420133152889e+04 3.069648922495606224e-12
5.596546546550105268e+04 2.996383349500213795e-12
5.597958672958819807e+04 3.013984347653074268e-12
5.599370799373360205e+04 2.975589134063601892e-12
5.600782925782296661e+04 2.874669698177830705e-12
5.602195052199509519e+04 2.881539042616972498e-12
5.603607178609057155e+04 2.801384731211689612e-12
5.605019305018613522e+04 2.781245062287841972e-12
5.606431431426913332e+04 2.622152441443211464e-12
5.607843557840665017e+04 2.594391911713715258e-12
5.609255684260216367e+04 2.520583307537363078e-12
5.610667810672473570e+04 2.472621048177623590e-12
5.612079937080822856e+04 2.409096096990698427e-12
5.613492063487954147e+04 2.454376170195910800e-12
5.614904189901204518e+04 2.381375324901236558e-12
5.616316316317564633e+04 2.361441232067323700e-12
5.617728442731312680e+04 2.291774210344327788e-12
5.619140569141309970e+04 2.197064723892246662e-12
5.620552695550728822e+04 2.195888479566346139e-12
5.621964821956788364e+04 2.166891584201628997e-12
5.623376948377019289e+04 2.129372978089992091e-12
5.624789074792203610e+04 2.114314529502268436e-12
5.626201201202826633e+04 2.064620388554682305e-12
5.627613327611245040e+04 1.976777337446130733e-12
5.629025454030721448e+04 1.927788167335255147e-12
5.630437580436938151e+04 1.876720933258670426e-12
5.631849706846946356e+04 1.888367012693183682e-12
5.633261833259478590e+04 1.821577086530737318e-12
5.634673959668116731e+04 1.703815926446911733e-12
5.636086086089446326e+04 1.713167699141869933e-12
5.637498212498735666e+04 1.564961883776946605e-12
5.638910338912431325e+04 1.524223878521047917e-12
5.640322465318841569e+04 1.379612735634371051e-12
5.641734591731499677e+04 1.405772293078573385e-12
5.643146718151747336e+04 1.370232841681827471e-12
5.644558844557830889e+04 1.213406406319166841e-12
5.645970970969425980e+04 1.173592523769437263e-12
5.647383097382683627e+04 1.124937899653974204e-12
5.648795223801198881e+04 1.109017389066477082e-12
5.650207350210499135e+04 1.091589966951816359e-12
5.651619476620670321e+04 9.707955898429151121e-13
5.653031603028848622e+04 8.821505980439103843e-13
5.654443729440913739e+04 8.527076413519761024e-13
5.655855855857991992e+04 9.318398904988093498e-13
5.657267982268178457e+04 8.885709720602228996e-13
5.658680108678253600e+04 8.274867520920043755e-13
5.660092235093161435e+04 7.981533713347994769e-13
5.661504361498870276e+04 6.314098290298599950e-13
5.662916487916892220e+04 5.313330611731136115e-13
5.664328614331053541e+04 4.696001128833556055e-13
5.665740740739290777e+04 4.064775865894628375e-13
