5.300000000000085856e+04 8.715429260801259334e-13
5.301412126411413192e+04 8.756597673444237390e-13
5.302824252820403490e+04 8.015159011189993280e-13
5.304236379240965471e+04 7.384587291417970648e-13
5.305648505649892468e+04 7.604376054658938389e-13
5.307060632060929493e+04 7.318174357411222435e-13
5.308472758469182736e+04 6.749456219218394695e-13
5.309884884878538287e+04 6.882089992360773797e-13
5.311297011301388557e+04 6.545885935699926313e-13
5.312709137709908828e+04 7.056484739254434677e-13
5.314121264118820545e+04 6.886865934978579610e-13
5.315533390529534518e+04 6.687853714660340846e-13
5.316945516950882302e+04 6.694811674522211293e-13
5.318357643361149530e+04 5.945462474567864377e-13
5.319769769770107814e+04 5.611540994882269607e-13
5.321181896180063632e+04 5.976628255872451376e-13
5.322594022588896769e+04 5.516340581674916614e-13
5.324006149008382636e+04 5.547239492923656069e-13
5.325418275418553094e+04 6.188720976609169684e-13
5.326830401830679330e+04 6.755077250346383051e-13
5.328242528240804677e+04 6.152041814658059231e-13
5.329654654650745942e+04 5.287649059155433382e-13
5.331066781070292200e+04 5.484191119922932536e-13
5.332478907481313945e+04 4.631836524548195601e-13
5.333891033891848201e+04 4.559625612963385854e-13
5.335303160299370211e+04 4.530269262206536594e-13
5.336715286721314624e+04 4.738374402833422621e-13
5.338127413130243804e+04 4.008251449945978340e-13
5.339539539539413090e+04 4.135694793886228187e-13
5.340951665949112794e+04 4.053008265688925473e-13
5.342363792358544742e+04 4.181341821095661138e-13
5.343775918779975473e+04 4.217053417940909666e-13
5.345188045191420679e+04 3.675938925959403971e-13
5.346600171601308830e+04 3.268608842505995264e-13
5.348012298010987433e+04 3.284765439316993334e-13
5.349424424420506693e+04 1.655345190385830763e-13
5.350836550841348071e+04 1.062200706719050067e-13
5.352248677250572655e+04 7.631902137111623300e-14
5.353660803660690726e+04 5.231463999995915359e-14
5.355072930070754228e+04 2.434950566604380331e-15
5.356485056488322152e+04 -5.756581796543716054e-14
5.357897182900733605e+04 -3.622033902509742488e-14
5.359309309308978845e+04 -5.709202692425922479e-14
5.360721435721046146e+04 -1.165214099067767888e-13
5.362133562130630889e+04 -2.018310000153191800e-13
5.363545688549512124e+04 -2.088985441996387666e-13
5.364957814961016265e+04 -3.186569123375533318e-13
5.366369941368728905e+04 -3.550746189875723012e-13
5.367782067780455691e+04 -3.056193431889271257e-13
5.369194194189641712e+04 -3.238390904848154454e-13
5.370606320608555689e+04 -3.013700499325394284e-13
5.372018447018723236e+04 -2.285506230513057873e-13
5.373430573429520882e+04 -2.029438610404750994e-13
5.374842699841367721e+04 -2.213590551985200428e-13
5.376254826250157930e+04 -2.468933626338019101e-13
5.377666952669615421e+04 -1.568568205457250805e-13
5.379079079079966323e+04 -2.151741160394805038e-13
5.380491205489513231e+04 -1.286538125519715869e-13
5.381903331899998011e+04 -1.351544834823974470e-13
5.383315458321361075e+04 -2.017496497712420995e-13
5.384727584730675153e+04 -1.284886625319038333e-13
5.386139711139752762e+04 -1.092285087864084905e-13
5.387551837550687924e+04 -1.381193195569468293e-13
5.388963963961089758e+04 -1.636978474894053064e-13
5.390376090378667868e+04 -2.741830819919895524e-13
5.391788216788782302e+04 -3.695302092686926615e-13
5.393200343200651696e+04 -3.035692138999988325e-13
5.394612469611185952e+04 -2.826912087869546787e-13
5.396024596018664306e+04 -2.655210214546662307e-13
5.397436722441732127e+04 -3.056046459974457209e-13
5.398848848850134527e+04 -3.045937628535338017e-13
5.400260975260555279e+04 -1.996675476447050592e-13
5.401673101670966571e+04 -1.874639796512843587e-13
5.403085228090913733e+04 -1.334943454586564164e-13
5.404497354501227528e+04 -1.123762862180820957e-13
5.405909480908711703e+04 -1.907173448007061808e-13
5.407321607320512703e+04 -1.494739313582160558e-13
5.408733733728616789e+04 -3.261181865462966921e-13
5.410145860149904183e+04 -2.291712570845658048e-13
5.411557986560482823e+04 -2.032982696315494235e-13
5.412970112970589253e+04 -3.033062115261204727e-13
5.414382239378664235e+04 -2.933605962660849217e-13
5.415794365791847667e+04 -1.823091331232683956e-13
5.417206492209875432e+04 -1.908144236181230461e-13
5.418618618619736662e+04 -2.269205240241891138e-13
5.420030745030416438e+04 -2.446303819138573313e-13
5.421442871439014561e+04 -2.461452240183038125e-13
5.422854997849223582e+04 -3.737508816785112648e-13
5.424267124271098874e+04 -5.213653473906413603e-13
5.425679250679015968e+04 -5.572277838326730192e-13
5.427091377091525646e+04 -6.081842359261415250e-13
5.428503503500790248e+04 -6.134215930028252177e-13
5.429915629918689228e+04 -6.589442097755951533e-13
5.431327756328756368e+04 -5.726379180236930955e-13
5.432739882738836604e+04 -7.410370487906869400e-13
5.434152009150368394e+04 -6.860419631853979932e-13
5.435564135559675196e+04 -7.036945793819280228e-13
5.436976261978987895e+04 -5.866123686678947671e-13
5.438388388388344174e+04 -6.037967375007354424e-13
5.439800514801817917e+04 -7.217636160037654302e-13
5.441212641211273149e+04 -8.138278548253514871e-13
5.442624767620909552e+04 -9.050244436586035654e-13
5.444036894039536855e+04 -9.851027360588801994e-13
5.445449020449001546e+04 -1.019290981899350869e-12
5.446861146860078588e+04 -1.065385499912573910e-12
5.448273273270987556e+04 -1.124493478523484240e-12
5.449685399688935286e+04 -1.159643745792327547e-12
5.451097526099130482e+04 -1.107277652543963843e-12
5.452509652509303851e+04 -1.066227107508984581e-12
5.453921778918663040e+04 -1.091506792547987247e-12
5.455333905331227288e+04 -1.044644410741225198e-12
5.456746031751584815e+04 -9.651756650192315198e-13
5.458158158160719177e+04 -1.025244633676656131e-12
5.459570284570955118e+04 -1.096022698014757394e-12
5.460982410981255816e+04 -1.099750627741750918e-12
5.462394537389866309e+04 -9.684407621372919008e-13
5.463806663810580358e+04 -1.055100817866606735e-12
5.465218790221775998e+04 -1.120375170763106545e-12
5.466630916629217245e+04 -1.130617308307416634e-12
5.468043043038756150e+04 -1.069614423377259100e-12
5.469455169459077297e+04 -1.091476624628630620e-12
5.470867295870885573e+04 -1.069115234557819404e-12
5.472279422280121071e+04 -1.102234453102113881e-12
5.473691548689889169e+04 -1.131307044925185819e-12
5.475103675100392138e+04 -1.153354379220130516e-12
5.476515801520043897e+04 -1.194367020971815591e-12
5.477927927931158047e+04 -1.259650398459575652e-12
5.479340054341829818e+04 -1.191233940731623416e-12
5.480752180749339459e+04 -1.110537592752732652e-12
5.482164307158967131e+04 -1.039807229825579845e-12
5.483576433578459546e+04 -9.292789351304097145e-13
5.484988559989730857e+04 -9.194338796015630016e-13
5.486400686401672283e+04 -9.466133700236397041e-13
5.487812812811557524e+04 -1.001447560059026712e-12
5.489224939221508248e+04 -9.941580109296981173e-13
5.490637065641856316e+04 -9.847002392886603089e-13
5.492049192050974671e+04 -1.027765330938455128e-12
5.493461318460918119e+04 -1.043262874741969917e-12
5.494873444868477964e+04 -8.576579739685746860e-13
5.496285571289000654e+04 -7.567390640476191092e-13
5.497697697699192213e+04 -6.005759898025838139e-13
5.499109824110509362e+04 -7.517103039517860136e-13
5.500521950519482198e+04 -7.823557531088364370e-13
5.501934076929395087e+04 -6.720378603127688729e-13
5.503346203350163705e+04 -7.245945013594620652e-13
5.504758329758698528e+04 -6.434051528522817337e-13
5.506170456169867248e+04 -6.962387199279409749e-13
5.507582582578768051e+04 -7.073144718592597372e-13
5.508994708990261279e+04 -6.447632249142594932e-13
5.510406835409340420e+04 -6.797056687386461207e-13
5.511818961820570985e+04 -6.262176898738659939e-13
5.513231088231215836e+04 -5.894074135040138243e-13
5.514643214640918450e+04 -6.251790883425110664e-13
5.516055341059659258e+04 -6.447954555973328290e-13
5.517467467471591954e+04 -6.413970523740810462e-13
5.518879593879059394e+04 -6.441423330355349375e-13
5.520291720288997749e+04 -5.301060507946635810e-13
5.521703846698710549e+04 -5.589437453994970755e-13
5.523115973118374677e+04 -5.367027691606479263e-13
5.524528099528497114e+04 -6.960559074935490464e-13
5.525940225939155789e+04 -6.160121663855270971e-13
5.527352352350561705e+04 -5.560682527784269478e-13
5.528764478760734346e+04 -5.603533865543921724e-13
5.530176605178839236e+04 -5.448527486053022176e-13
5.531588731588453084e+04 -5.763465093408426179e-13
5.533000858001455344e+04 -5.685577713920742262e-13
5.534412984409354249e+04 -5.975488840483367387e-13
5.535825110829128243e+04 -6.379308357936429890e-13
5.537237237240339891e+04 -7.097763803551329124e-13
5.538649363650955638e+04 -6.733025923165663286e-13
5.540061490059502103e+04 -7.442972468449203880e-13
5.541473616471227433e+04 -6.949378895591014033e-13
5.542885742890153779e+04 -6.184408128164685817e-13
5.544297869300338789e+04 -6.253701518317697326e-13
5.545709995711044758e+04 -6.215929736210402201e-13
5.547122122119523556e+04 -6.139754450607573157e-13
5.548534248528578610e+04 -5.734209946996426851e-13
5.549946374949096935e+04 -6.247631836081328660e-13
5.551358501358418289e+04 -5.477282412263723453e-13
5.552770627769089333e+04 -4.876244634312284099e-13
5.554182754179018229e+04 -4.272695441535771447e-13
5.555594880590079993e+04 -3.844976227970174634e-13
5.557007007009156951e+04 -3.166404318817535366e-13
5.558419133419664286e+04 -3.386686856123186693e-13
5.559831259830651834e+04 -3.002734331716524964e-13
5.561243386238658422e+04 -2.508362065555283788e-13
5.562655512659775559e+04 -3.021557050631349051e-13
5.564067639071401209e+04 -3.099426380936512263e-13
5.565479765480367496e+04 -2.680087144969980746e-13
5.566891891889506951e+04 -1.673948357606484380e-13
5.568304018300341704e+04 -1.177224540808213137e-13
5.569716144718656142e+04 -8.601261884595733200e-14
5.571128271131367364e+04 4.859560594149386427e-14
5.572540397540180129e+04 -2.728934566821025365e-14
5.573952523951565672e+04 2.582269450920253411e-14
5.575364650359645020e+04 7.770945303889964793e-14
5.576776776780204818e+04 1.161160506800076482e-13
5.578188903189000848e+04 1.147329676079649609e-13
5.579601029598981404e+04 9.433945412287906056e-14
5.581013156009684462e+04 6.186484924005112330e-14
5.582425282430278457e+04 1.119920703194090523e-13
5.583837408839334967e+04 1.219345914338695893e-13
5.585249535251683847e+04 1.858261191037910983e-13
5.586661661660052778e+04 2.264326542487522436e-13
5.588073788071175659e+04 2.633055870664989386e-13
5.589485914491309813e+04 3.731322842525289556e-13
5.590898040900527849e+04 4.354927255537350717e-13
5.592310167309185636e+04 4.465981297134812827e-13
5.593722293720328889e+04 4.558408582370537258e-13
5.595134420129240607e+04 5.653230738823960082e-13
5.596546546549090999e+04 6.190993239765838850e-13
5.597958672958620446e+04 6.132034295833459885e-13
5.599370799368341250e+04 7.205053039801437413e-13
5.600782925779564539e+04 7.368774595995364546e-13
5.602195052199230850e+04 6.302310283737179421e-13
5.603607178610806295e+04 6.631805846023144643e-13
5.605019305020887259e+04 7.491364643678433482e-13
5.606431431429478835e+04 7.768713539206397819e-13
5.607843557840152062e+04 8.329563523047364552e-13
5.609255684259458212e+04 7.990450324932317331e-13
5.610667810669208120e+04 8.316454659627779745e-13
5.612079937078659714e+04 7.820679714139187620e-13
5.613492063491588488e+04 9.195233258213356249e-13
5.614904189898842014e+04 9.949054787750956660e-13
5.616316316321162594e+04 9.260540357483856653e-13
5.617728442728316440e+04 9.984462126947993039e-13
5.619140569139522995e+04 9.795873954149330005e-13
5.620552695550045610e+04 1.086094074398945646e-12
5.621964821961117559e+04 1.137352205685980615e-12
5.623376948379749228e+04 1.167214320321616810e-12
5.624789074789646111e+04 1.121613834218541691e-12
5.626201201199870411e+04 1.148431309608338879e-12
5.627613327609704720e+04 1.208117893441781620e-12
5.629025454029582033e+04 1.162247700982749037e-12
5.630437580440498277e+04 1.179487764435940469e-12
5.631849706849852373e+04 1.208171009607486591e-12
5.633261833258967090e+04 1.155756183566315874e-12
5.634673959670033946e+04 1.191170226745431459e-12
5.636086086090579920e+04 1.243249853682639483e-12
5.637498212498479552e+04 1.125578466082025729e-12
5.638910338910589053e+04 1.193425858869635285e-12
5.640322465321730124e+04 1.238886077039975359e-12
5.641734591730806278e+04 1.252509084315945300e-12
5.643146718149200751e+04 1.386129245283100545e-12
5.644558844559643330e+04 1.451718943182789768e-12
5.645970970968663460e+04 1.543872912226051987e-12
5.647383097381590051e+04 1.632414466310455414e-12
5.648795223799314408e+04 1.724774711725386983e-12
5.650207350209376455e+04 1.711237824834588761e-12
5.651619476618387125e+04 1.772877330216810711e-12
5.653031603028547397e+04 1.826415846792649820e-12
5.654443729439529125e+04 1.880031717007864734e-12
5.655855855860964948e+04 1.864525406458554029e-12
5.657267982270618086e+04 1.908835633856837360e-12
5.658680108681088313e+04 1.936473057824020172e-12
5.660092235088973393e+04 2.035284081071979989e-12
5.661504361501358653e+04 2.026175947880921841e-12
5.662916487919691281e+04 2.130868426176103092e-12
5.664328614330084383e+04 2.238833479107817343e-12
5.665740740739762987e+04 2.339431887116291733e-12
