5.300000000000362343e+04 2.613539382604182344e-12
5.301412126408810582e+04 2.644958053024691080e-12
5.302824252830806654e+04 2.735017400990677936e-12
5.304236379238137306e+04 2.719648036663031056e-12
5.305648505648965511e+04 2.752914649768129812e-12
5.307060632061308570e+04 2.820727498361196888e-12
5.308472758458584576e+04 2.883241744421826297e-12
5.309884884887062799e+04 2.914105914340856983e-12
5.311297011304272019e+04 2.997293670368261680e-12
5.312709137704113527e+04 2.968988441483096551e-12
5.314121264121352579e+04 2.993230649097042425e-12
5.315533390517954103e+04 3.070233968583074714e-12
5.316945516946292628e+04 2.987782610482863845e-12
5.318357643369495781e+04 3.049747253718474559e-12
5.319769769769881532e+04 3.122619515993633666e-12
5.321181896168099047e+04 3.178381650641401195e-12
5.322594022603715712e+04 3.103960963275364476e-12
5.324006149012565584e+04 3.224690130727854295e-12
5.325418275431879738e+04 3.240870535090596965e-12
5.326830401825606532e+04 3.241052470482796990e-12
5.328242528234845668e+04 3.325759037743417694e-12
5.329654654652832687e+04 3.369121014925475174e-12
5.331066781082037778e+04 3.393098216479830812e-12
5.332478907479445479e+04 3.449113056046314023e-12
5.333891033900881303e+04 3.510434091442071334e-12
5.335303160313366971e+04 3.577689440181410518e-12
5.336715286723990721e+04 3.634407115303070748e-12
5.338127413127819455e+04 3.624088128634280108e-12
5.339539539541085105e+04 3.510930996787045553e-12
5.340951665954745840e+04 3.565950203272340116e-12
5.342363792357667262e+04 3.606039165786036953e-12
5.343775918793943129e+04 3.616076289276260459e-12
5.345188045204908849e+04 3.662108677089741839e-12
5.346600171612564736e+04 3.681257756783642289e-12
5.348012298003681644e+04 3.731397206989994480e-12
5.349424424409538915e+04 3.646757460741533826e-12
5.350836550828554027e+04 3.667181606840202302e-12
5.352248677248977765e+04 3.775213567054742071e-12
5.353660803647906869e+04 3.800358313930661790e-12
5.355072930085329426e+04 3.731276929168106634e-12
5.356485056484066445e+04 3.684885530280199907e-12
5.357897182908913237e+04 3.735671929377013161e-12
5.359309309311721881e+04 3.719942263114479371e-12
5.360721435729110817e+04 3.768525998664990279e-12
5.362133562141656876e+04 3.821527210583043848e-12
5.363545688536791567e+04 3.842250228845193344e-12
5.364957814955352660e+04 3.914665982114547751e-12
5.366369941379412921e+04 3.878835340466702446e-12
5.367782067791432200e+04 3.954716066948442114e-12
5.369194194193313888e+04 4.025146628692889017e-12
5.370606320615745790e+04 4.020210378285483548e-12
5.372018447022382315e+04 3.988431519829540239e-12
5.373430573444177571e+04 4.023897683229238353e-12
5.374842699857039406e+04 3.951404174600278997e-12
5.376254826261861308e+04 3.952192662543770564e-12
5.377666952678270172e+04 3.856585158344817594e-12
5.379079079069636646e+04 3.858122041624503973e-12
5.380491205478883785e+04 3.882207979189557031e-12
5.381903331904187507e+04 3.847634787497819130e-12
5.383315458329398098e+04 3.789980403278421105e-12
5.384727584715691773e+04 3.805047934056820966e-12
5.386139711142280430e+04 3.859131646371871610e-12
5.387551837562122819e+04 3.755549358103460851e-12
5.388963963945867727e+04 3.654630190901510725e-12
5.390376090375118656e+04 3.615368594011107930e-12
5.391788216779842332e+04 3.683449485982500137e-12
5.393200343207707192e+04 3.635711339967690227e-12
5.394612469597506424e+04 3.535200388403665277e-12
5.396024596023717459e+04 3.556540589832676434e-12
5.397436722456949792e+04 3.454150145435706504e-12
5.398848848855245888e+04 3.628144771536156807e-12
5.400260975258928374e+04 3.609470121028594443e-12
5.401673101673927886e+04 3.626175374068668907e-12
5.403085228091343015e+04 3.625101378164128975e-12
5.404497354512538732e+04 3.622484424342432872e-12
5.405909480897418689e+04 3.682071758204504079e-12
5.407321607319069881e+04 3.568366694057555264e-12
5.408733733746063808e+04 3.581873043006391997e-12
5.410145860154334514e+04 3.521261525267027427e-12
5.411557986566373438e+04 3.487408785579127167e-12
5.412970112966927991e+04 3.391518203274113184e-12
5.414382239389914321e+04 3.457177744750314732e-12
5.415794365787593415e+04 3.285178029594722552e-12
5.417206492210920987e+04 3.228437270850679856e-12
5.418618618619302288e+04 3.231500103062608925e-12
5.420030745018053130e+04 3.194461823485903187e-12
5.421442871437941358e+04 3.139651584529546320e-12
5.422854997848805942e+04 3.016343733471415732e-12
5.424267124283736484e+04 2.996834427775596462e-12
5.425679250684702129e+04 2.883897197804744099e-12
5.427091377092060429e+04 2.793423977194689393e-12
5.428503503497369093e+04 2.669807534553127570e-12
5.429915629924878886e+04 2.492739141893303298e-12
5.431327756336249149e+04 2.392869672046017162e-12
5.432739882748614036e+04 2.417654192920018464e-12
5.434152009165208437e+04 2.400108210054218110e-12
5.435564135573165549e+04 2.473147221127904375e-12
5.436976261974111549e+04 2.450428076993403282e-12
5.438388388401130942e+04 2.236316545046898164e-12
5.439800514802257385e+04 2.146222381814916778e-12
5.441212641213549068e+04 2.083330445169644913e-12
5.442624767627540132e+04 2.017916319047195780e-12
5.444036894027832750e+04 1.949025070437423415e-12
5.445449020441213361e+04 1.905098151970737789e-12
5.446861146845086478e+04 1.850577065757910920e-12
5.448273273260561109e+04 1.819275673807040187e-12
5.449685399695955130e+04 1.684649558216448879e-12
5.451097526104030840e+04 1.643764818194297611e-12
5.452509652510086016e+04 1.630881727049792332e-12
5.453921778917563643e+04 1.669407077878938286e-12
5.455333905316848541e+04 1.555269499544187950e-12
5.456746031757452874e+04 1.343250072742046939e-12
5.458158158161704341e+04 1.234217619736343415e-12
5.459570284582788008e+04 1.095523926896430911e-12
5.460982410984171293e+04 1.114488945075016948e-12
5.462394537383700663e+04 1.068457772189029244e-12
5.463806663814962667e+04 1.013494452368450234e-12
5.465218790211030137e+04 8.590455797886336168e-13
5.466630916623567464e+04 8.348150658518160644e-13
5.468043043040899647e+04 7.757671597970022760e-13
5.469455169455682335e+04 6.632332857540991754e-13
5.470867295864743937e+04 6.102162797786256999e-13
5.472279422296490520e+04 6.350688365922809294e-13
5.473691548694774974e+04 5.313261778946851636e-13
5.475103675087772717e+04 4.481133639877203980e-13
5.476515801513845508e+04 3.896923605197196466e-13
5.477927927932584862e+04 3.910700882977155533e-13
5.479340054341089854e+04 3.214061458018713766e-13
5.480752180762912030e+04 2.725369022903116000e-13
5.482164307151241519e+04 2.224454417199652854e-13
5.483576433581727906e+04 1.304730005825324685e-13
5.484988560003793100e+04 6.770741639661857051e-14
5.486400686387590395e+04 8.486705231938284212e-14
5.487812812808840681e+04 9.116037673738900118e-14
5.489224939214715414e+04 1.936302156239058395e-14
5.490637065642503148e+04 -4.852955664745883789e-14
5.492049192055714229e+04 -1.694634393826582093e-13
5.493461318463613134e+04 -2.420286287337531264e-13
5.494873444864684279e+04 -3.008456985647403774e-13
5.496285571296336275e+04 -3.483615128481806930e-13
5.497697697700058052e+04 -3.917830214774355106e-13
5.499109824106378073e+04 -4.618891975810314742e-13
5.500521950533204654e+04 -6.511967698136344565e-13
5.501934076930834999e+04 -7.308692850035973734e-13
5.503346203334507300e+04 -9.317040892975984686e-13
5.504758329759661865e+04 -1.024658191850040617e-12
5.506170456156508590e+04 -1.025484342545840782e-12
5.507582582566751080e+04 -1.139864906379355777e-12
5.508994708977232222e+04 -1.216876730357845009e-12
5.510406835401078570e+04 -1.363895106385436564e-12
5.511818961806773586e+04 -1.538954008970476584e-12
5.513231088231748436e+04 -1.676092594618294945e-12
5.514643214638272912e+04 -1.649986232631013743e-12
5.516055341056817997e+04 -1.726441619817331771e-12
5.517467467484666122e+04 -1.756924150637365404e-12
5.518879593882086920e+04 -1.838771386041272486e-12
5.520291720288511715e+04 -1.930875039348038528e-12
5.521703846695960237e+04 -1.985272202956495515e-12
5.523115973112613574e+04 -2.150184031113120730e-12
5.524528099529130850e+04 -2.187018202870864284e-12
5.525940225925015693e+04 -2.387962350639309234e-12
5.527352352338563651e+04 -2.541553484408486579e-12
5.528764478775542375e+04 -2.705544397524793603e-12
5.530176605181267951e+04 -2.859325059983007407e-12
5.531588731582056789e+04 -2.948369525860325610e-12
5.533000858014776895e+04 -3.024404548133780491e-12
5.534412984415800747e+04 -3.174613323760153037e-12
5.535825110840129491e+04 -3.259429841958965038e-12
5.537237237241189723e+04 -3.285958998714096538e-12
5.538649363646839629e+04 -3.405920939454237045e-12
5.540061490056306502e+04 -3.480915983792979362e-12
5.541473616483779188e+04 -3.582430465466902561e-12
5.542885742896950978e+04 -3.621113756870245361e-12
5.544297869294243719e+04 -3.683527012082950367e-12
5.545709995709449868e+04 -3.770136763262645659e-12
5.547122122121764551e+04 -3.935094758664037020e-12
5.548534248523553106e+04 -3.960384689375468474e-12
5.549946374947891309e+04 -4.012864697398671479e-12
5.551358501355672342e+04 -4.126567331690632942e-12
5.552770627759211493e+04 -4.205406406619833033e-12
5.554182754168885003e+04 -4.221550363157760985e-12
5.555594880584199564e+04 -4.327812781477546667e-12
5.557007007014559349e+04 -4.387932253581912530e-12
5.558419133406017500e+04 -4.429171752432260370e-12
5.559831259833085642e+04 -4.398098766850228168e-12
5.561243386240847758e+04 -4.436991025782509068e-12
5.562655512662712863e+04 -4.515873838101486338e-12
5.564067639055479231e+04 -4.559727860918542929e-12
5.565479765465610399e+04 -4.505508076724183623e-12
5.566891891887786187e+04 -4.425269405322099288e-12
5.568304018285100756e+04 -4.436621687824386366e-12
5.569716144707571948e+04 -4.449154879850670988e-12
5.571128271116661926e+04 -4.497926929162724477e-12
5.572540397525302978e+04 -4.545095274182931134e-12
5.573952523943943379e+04 -4.530044752389444755e-12
5.575364650346877170e+04 -4.536687975925672227e-12
5.576776776791072189e+04 -4.575128281830250773e-12
5.578188903174467850e+04 -4.603348617656784672e-12
5.579601029604784708e+04 -4.616999542977386000e-12
5.581013156004128541e+04 -4.672973682472826526e-12
5.582425282446573692e+04 -4.607926464453511935e-12
5.583837408840876014e+04 -4.514955352916155901e-12
5.585249535253464273e+04 -4.563139377321199181e-12
5.586661661673271010e+04 -4.508589132848520456e-12
5.588073788080688246e+04 -4.518799383506614079e-12
5.589485914475875325e+04 -4.434400800365677065e-12
5.590898040906051028e+04 -4.502368704080143886e-12
5.592310167322406778e+04 -4.458850001251383033e-12
5.593722293715873093e+04 -4.408600600106839544e-12
5.595134420136641711e+04 -4.367249327927059791e-12
5.596546546533796209e+04 -4.370238049561865948e-12
5.597958672972137720e+04 -4.278010473650730021e-12
5.599370799386161525e+04 -4.223946200175580614e-12
5.600782925794721086e+04 -4.239915207154398237e-12
5.602195052192237927e+04 -4.204842680262698765e-12
5.603607178617076715e+04 -4.123126657028125238e-12
5.605019305006817740e+04 -4.057719820470638160e-12
5.606431431423829781e+04 -4.030068070711214040e-12
5.607843557825934840e+04 -3.908643357268509258e-12
5.609255684252503852e+04 -3.812163535128991593e-12
5.610667810679544345e+04 -3.753195814288770207e-12
5.612079937076399074e+04 -3.600275320496183127e-12
5.613492063482805679e+04 -3.543863807102966780e-12
5.614904189887888788e+04 -3.569868115180766486e-12
5.616316316309339163e+04 -3.547586344944042022e-12
5.617728442731870746e+04 -3.496617706723155173e-12
5.619140569137393322e+04 -3.369720959848269845e-12
5.620552695541001594e+04 -3.308318524310425951e-12
5.621964821946345910e+04 -3.285059952368667339e-12
5.623376948396938678e+04 -3.220595899546387850e-12
5.624789074775566405e+04 -3.098894182635092253e-12
5.626201201198271883e+04 -2.925062356818813904e-12
5.627613327620005293e+04 -2.918598942551672272e-12
5.629025454017862648e+04 -2.902595917603028089e-12
5.630437580451655231e+04 -2.774707789893182482e-12
5.631849706840218278e+04 -2.778614996713319480e-12
5.633261833248058247e+04 -2.643038807822558325e-12
5.634673959671864577e+04 -2.574750163249722300e-12
5.636086086100243119e+04 -2.519252275331860878e-12
5.637498212492819584e+04 -2.473809127352883584e-12
5.638910338904322998e+04 -2.446439240772026194e-12
5.640322465307753009e+04 -2.436253288663809319e-12
5.641734591722845653e+04 -2.395290793282053102e-12
5.643146718155732378e+04 -2.365359839544215565e-12
5.644558844575275725e+04 -2.226760911048821290e-12
5.645970970968148322e+04 -2.085945954804692822e-12
5.647383097369362076e+04 -2.055577627169078657e-12
5.648795223805664136e+04 -2.005420560514065843e-12
5.650207350215371116e+04 -1.940378202204726359e-12
5.651619476623315859e+04 -1.925249925051635031e-12
5.653031603023966454e+04 -1.773656132082303766e-12
5.654443729449128296e+04 -1.791986958109114055e-12
5.655855855852868990e+04 -1.676675759815330249e-12
5.657267982256178220e+04 -1.605986418514698881e-12
5.658680108692240901e+04 -1.516771862788245658e-12
5.660092235086920118e+04 -1.404109206430997163e-12
5.661504361501572566e+04 -1.361295161548654145e-12
5.662916487910428987e+04 -1.300048236730019746e-12
5.664328614343368827e+04 -1.366956723669871958e-12
5.665740740747992095e+04 -1.240332120553602943e-12
