5.300000000000060390e+04 -2.107910316258643101e-12
5.301412126412890939e+04 -2.056810463508113711e-12
5.302824252817195520e+04 -2.125497572566299730e-12
5.304236379237080837e+04 -2.056924743320214034e-12
5.305648505647764978e+04 -2.041548346555038900e-12
5.307060632060204807e+04 -2.002331636253890522e-12
5.308472758472862188e+04 -1.890458658003721284e-12
5.309884884880378377e+04 -1.771699557017476146e-12
5.311297011297538120e+04 -1.768751069949108685e-12
5.312709137710204232e+04 -1.873837733348663968e-12
5.314121264117155806e+04 -1.808528854606232094e-12
5.315533390527542360e+04 -1.813329170274242275e-12
5.316945516946889256e+04 -1.795059602002527925e-12
5.318357643357334746e+04 -1.757341960767230276e-12
5.319769769769776030e+04 -1.677618595135336554e-12
5.321181896181820048e+04 -1.588375519574486602e-12
5.322594022591617249e+04 -1.563204048892319088e-12
5.324006149009105138e+04 -1.560232802678214840e-12
5.325418275423064915e+04 -1.466117608150837267e-12
5.326830401832471398e+04 -1.491755215038192764e-12
5.328242528241143009e+04 -1.528122133487088534e-12
5.329654654647247662e+04 -1.500434122647257270e-12
5.331066781068421551e+04 -1.466764690402319671e-12
5.332478907481296483e+04 -1.422607034587886056e-12
5.333891033888146922e+04 -1.392928068129268097e-12
5.335303160299327283e+04 -1.479131562237799369e-12
5.336715286721094162e+04 -1.390889513382826750e-12
5.338127413130670902e+04 -1.357515791079701091e-12
5.339539539542558487e+04 -1.377805648980262278e-12
5.340951665947181027e+04 -1.349013292138035020e-12
5.342363792362679669e+04 -1.341814639367678873e-12
5.343775918782830558e+04 -1.325941558566149328e-12
5.345188045189889817e+04 -1.249210146358417296e-12
5.346600171600119938e+04 -1.163293489737423570e-12
5.348012298008709331e+04 -1.184396607778972823e-12
5.349424424420650030e+04 -1.177392224186574059e-12
5.350836550839123083e+04 -1.127782604173249332e-12
5.352248677246965963e+04 -1.142272622526054087e-12
5.353660803658923396e+04 -1.109103862586819227e-12
5.355072930070992879e+04 -1.161009858729590042e-12
5.356485056487342808e+04 -1.038719694345125417e-12
5.357897182902066561e+04 -1.069329834995023622e-12
5.359309309311793186e+04 -1.059710967441911896e-12
5.360721435720703448e+04 -1.103264805057139554e-12
5.362133562131254439e+04 -1.022321838218789337e-12
5.363545688552923093e+04 -1.052199351129737803e-12
5.364957814961754048e+04 -1.007527555375425788e-12
5.366369941369702428e+04 -9.384710184186183615e-13
5.367782067779053614e+04 -8.952526289361713049e-13
5.369194194192076975e+04 -8.926527397292321650e-13
5.370606320607641101e+04 -9.161669977957448231e-13
5.372018447019374435e+04 -9.223428617818237807e-13
5.373430573428708885e+04 -8.917311027037843331e-13
5.374842699840540445e+04 -8.832279390505601402e-13
5.376254826250537008e+04 -8.867948968729127627e-13
5.377666952669768943e+04 -8.898749390287635089e-13
5.379079079079670919e+04 -8.203865707632624321e-13
5.380491205490418361e+04 -7.700423577768164426e-13
5.381903331901085767e+04 -7.880126324444058864e-13
5.383315458318353922e+04 -7.468887201807815643e-13
5.384727584727133944e+04 -8.687356664585585608e-13
5.386139711138875282e+04 -8.873168399484721742e-13
5.387551837546971365e+04 -8.304615171466844073e-13
5.388963963959092507e+04 -8.361946832351210562e-13
5.390376090377845685e+04 -8.433684815733075630e-13
5.391788216791312880e+04 -8.908388285888994864e-13
5.393200343201858050e+04 -8.789337867837321072e-13
5.394612469610463449e+04 -7.608761009937121592e-13
5.396024596018814191e+04 -7.887624848828589914e-13
5.397436722437933349e+04 -8.424913513217445999e-13
5.398848848850185459e+04 -8.773933899992740142e-13
5.400260975260045234e+04 -9.120698313541113366e-13
5.401673101668657910e+04 -9.319296786776377964e-13
5.403085228088095755e+04 -9.802285452995497291e-13
5.404497354499615903e+04 -9.465477840576232329e-13
5.405909480912105937e+04 -9.342238005678871616e-13
5.407321607319130271e+04 -9.860491065076147722e-13
5.408733733727307117e+04 -9.352016201702390406e-13
5.410145860147018539e+04 -9.380860637250165646e-13
5.411557986561895086e+04 -9.163770466480796705e-13
5.412970112967195746e+04 -9.328743783040987848e-13
5.414382239383131673e+04 -9.228483315709451655e-13
5.415794365790134179e+04 -8.806361419843273126e-13
5.417206492207331758e+04 -9.846765638418083604e-13
5.418618618620833149e+04 -9.991599350790329055e-13
5.420030745027773810e+04 -8.815765643364149746e-13
5.421442871437926806e+04 -9.170845309498345699e-13
5.422854997849981737e+04 -9.141102068322117077e-13
5.424267124267672625e+04 -8.912470192865296811e-13
5.425679250680373661e+04 -8.669971856298099991e-13
5.427091377087939327e+04 -9.010823227030337041e-13
5.428503503499030194e+04 -8.765641767808936457e-13
5.429915629917156184e+04 -9.992553645383627336e-13
5.431327756329347176e+04 -1.065523407608768188e-12
5.432739882741137990e+04 -1.086374542168822188e-12
5.434152009152811661e+04 -1.034358261708424761e-12
5.435564135561427975e+04 -9.859674914884908866e-13
5.436976261977417016e+04 -9.607505314153527425e-13
5.438388388388737076e+04 -1.020349841329657512e-12
5.439800514797234791e+04 -1.066173264308492837e-12
5.441212641210336733e+04 -1.047548682263790176e-12
5.442624767623165826e+04 -1.041405013437521630e-12
5.444036894038882747e+04 -1.112109861655206777e-12
5.445449020452085097e+04 -1.152132086762667088e-12
5.446861146862227179e+04 -1.133533804175260068e-12
5.448273273270187201e+04 -9.840454924687233392e-13
5.449685399689296901e+04 -1.080516294705467324e-12
5.451097526100266987e+04 -1.108090032958324052e-12
5.452509652509113948e+04 -1.078000563761874296e-12
5.453921778922063095e+04 -1.122498089485974439e-12
5.455333905330020207e+04 -1.059862955184678592e-12
5.456746031749378017e+04 -9.398326944954763171e-13
5.458158158157164144e+04 -8.743411501268500915e-13
5.459570284572238597e+04 -9.470220991050252500e-13
5.460982410977219115e+04 -8.583437971644730535e-13
5.462394537392276106e+04 -9.734536894981860010e-13
5.463806663808035228e+04 -9.498714574497399566e-13
5.465218790216933121e+04 -9.320804236987960711e-13
5.466630916627967235e+04 -9.712207210712745705e-13
5.468043043041336932e+04 -1.006589387262535051e-12
5.469455169462693448e+04 -9.571524188512805503e-13
5.470867295867656503e+04 -7.786022242159901036e-13
5.472279422279822029e+04 -6.843680896704803741e-13
5.473691548692762444e+04 -5.118112812483406402e-13
5.475103675102703710e+04 -6.293759822663290028e-13
5.476515801521515823e+04 -6.195685389342567827e-13
5.477927927928589634e+04 -5.765198532026228702e-13
5.479340054339892231e+04 -5.180206120163406681e-13
5.480752180750969274e+04 -4.542293420121279642e-13
5.482164307159219607e+04 -4.188397518570411927e-13
5.483576433577904390e+04 -4.453712223869203395e-13
5.484988559991309739e+04 -4.689904470785953408e-13
5.486400686398655671e+04 -3.416073205375762420e-13
5.487812812811726326e+04 -3.043487926853536465e-13
5.489224939218397776e+04 -2.937581457349171595e-13
5.490637065641659865e+04 -2.380378612692046163e-13
5.492049192047542601e+04 -1.999687321222262664e-13
5.493461318462275813e+04 -1.535185728456844528e-13
5.494873444870649837e+04 -1.077519682548087941e-13
5.496285571292878012e+04 -1.002404964451474022e-13
5.497697697700048593e+04 2.721589862207826569e-15
5.499109824112496426e+04 1.339149586558154220e-13
5.500521950517068763e+04 5.572407107068873443e-14
5.501934076927496062e+04 5.905803304170362753e-14
5.503346203352354496e+04 2.005102478685964935e-14
5.504758329762758513e+04 7.848876570377353821e-14
5.506170456171171827e+04 2.590706656664075551e-13
5.507582582580930466e+04 4.166516960893415084e-13
5.508994708988163620e+04 3.591951850340772275e-13
5.510406835407066683e+04 3.331782590511115897e-13
5.511818961818987736e+04 3.942007453116427822e-13
5.513231088231899048e+04 4.550729489590560910e-13
5.514643214640940278e+04 5.033267307970324516e-13
5.516055341059366765e+04 3.997363475648344336e-13
5.517467467469871917e+04 4.448851750137855800e-13
5.518879593882952031e+04 5.058569119918869030e-13
5.520291720293233811e+04 5.859422853183795274e-13
5.521703846698561392e+04 7.204898464347678592e-13
5.523115973121020215e+04 7.255510180385473832e-13
5.524528099532843771e+04 7.988404959978398272e-13
5.525940225937720970e+04 9.140103857747899087e-13
5.527352352349070134e+04 9.912786537173830156e-13
5.528764478761159262e+04 1.084277349581053604e-12
5.530176605177429883e+04 1.126131057334380441e-12
5.531588731590245152e+04 1.252183489137245913e-12
5.533000858002739551e+04 1.354177755416121879e-12
5.534412984412274818e+04 1.315932101999735211e-12
5.535825110831452184e+04 1.329105066651577040e-12
5.537237237238921080e+04 1.429433739169066739e-12
5.538649363647826249e+04 1.428387887783776393e-12
5.540061490060258802e+04 1.513478481341164816e-12
5.541473616471760033e+04 1.489760185726842040e-12
5.542885742887978267e+04 1.469459316734819695e-12
5.544297869302448817e+04 1.597517905820798523e-12
5.545709995709549548e+04 1.736281241041173386e-12
5.547122122122038127e+04 1.839438116735531279e-12
5.548534248532771744e+04 1.884079682564204810e-12
5.549946374951762118e+04 1.972431062020220417e-12
5.551358501362074458e+04 1.972165524203042083e-12
5.552770627770497958e+04 1.948547339929458025e-12
5.554182754177757306e+04 1.876260015795641376e-12
5.555594880589604873e+04 2.028470408033783256e-12
5.557007007008121582e+04 2.054941996722435430e-12
5.558419133416902332e+04 2.179768353606279236e-12
5.559831259831688658e+04 2.207078750480149273e-12
5.561243386238663516e+04 2.215144187122165246e-12
5.562655512657948566e+04 2.165121232121761196e-12
5.564067639072906604e+04 2.105313838589292900e-12
5.565479765478645277e+04 2.104960558846455791e-12
5.566891891891906562e+04 2.124527586278422919e-12
5.568304018296932918e+04 2.168869511696940858e-12
5.569716144717778661e+04 2.086913004235120869e-12
5.571128271127601329e+04 2.106749384350598811e-12
5.572540397540818230e+04 2.089544337188804879e-12
5.573952523952755291e+04 1.962050117116088446e-12
5.575364650357223582e+04 1.838298627722067589e-12
5.576776776782208617e+04 1.920967012362025966e-12
5.578188903192557336e+04 1.917032151142559771e-12
5.579601029602912604e+04 1.850848150733490369e-12
5.581013156007794896e+04 1.755586661124305025e-12
5.582425282431652158e+04 1.848643736003071505e-12
5.583837408839091950e+04 1.850513367312268092e-12
5.585249535252086207e+04 1.700187750246644581e-12
5.586661661661431572e+04 1.797292745110745911e-12
5.588073788068676367e+04 1.818181103518049089e-12
5.589485914487786795e+04 1.854168009259274410e-12
5.590898040901828062e+04 1.795663912788568380e-12
5.592310167309263488e+04 1.817069127782986921e-12
5.593722293723042822e+04 1.813248481349490385e-12
5.595134420130014041e+04 1.681037121255024424e-12
5.596546546550390485e+04 1.690016854194847256e-12
5.597958672959295654e+04 1.747489087123483922e-12
5.599370799370393797e+04 1.713709254958909752e-12
5.600782925776889169e+04 1.652686421892348329e-12
5.602195052198653866e+04 1.706477424411657634e-12
5.603607178612918506e+04 1.716286370569861037e-12
5.605019305018567684e+04 1.774470365074625928e-12
5.606431431427517236e+04 1.772776795626797495e-12
5.607843557842914015e+04 1.703119879630584378e-12
5.609255684257680696e+04 1.749389352965354355e-12
5.610667810672644555e+04 1.775523268182531643e-12
5.612079937082905963e+04 1.699246749884506519e-12
5.613492063489260181e+04 1.695966889654214103e-12
5.614904189900880738e+04 1.655556935404909750e-12
5.616316316318888857e+04 1.602495497171282538e-12
5.617728442732016993e+04 1.531466847723333327e-12
5.619140569142856111e+04 1.503852533164934978e-12
5.620552695547049370e+04 1.423933626732972913e-12
5.621964821957652021e+04 1.462668392254053302e-12
5.623376948381398688e+04 1.409393899515829079e-12
5.624789074790759332e+04 1.348772667832322721e-12
5.626201201202910306e+04 1.370268746006672564e-12
5.627613327612478315e+04 1.335109435055686370e-12
5.629025454029238608e+04 1.310087842379601328e-12
5.630437580439264275e+04 1.166962612114485368e-12
5.631849706850601069e+04 1.166775336858138477e-12
5.633261833258991828e+04 1.194121223549106490e-12
5.634673959670182376e+04 1.164300529026117553e-12
5.636086086087968579e+04 1.034196246769573983e-12
5.637498212497252825e+04 1.013678739610641863e-12
5.638910338907656842e+04 9.342375006843744596e-13
5.640322465322558855e+04 8.459795276525118757e-13
5.641734591731313412e+04 8.167201964905232707e-13
5.643146718150962988e+04 6.474178158564560135e-13
5.644558844559789577e+04 5.462369253205777692e-13
5.645970970972508076e+04 5.424220589875857418e-13
5.647383097377214290e+04 5.515363526671542240e-13
5.648795223798776715e+04 4.542117139838806027e-13
5.650207350211485755e+04 3.688833270917357914e-13
5.651619476622087677e+04 2.939866343861528203e-13
5.653031603028430982e+04 2.478302198172514487e-13
5.654443729443226766e+04 2.332976599247332465e-13
5.655855855861772579e+04 1.539188460839148657e-13
5.657267982269766799e+04 1.893871612078733695e-13
5.658680108682468563e+04 7.559686581934535949e-14
5.660092235087937297e+04 4.425901051592645522e-14
5.661504361500862433e+04 -7.652774972730901518e-14
5.662916487921648513e+04 -8.802344481474532326e-14
5.664328614328923140e+04 -2.038367753798600267e-13
5.665740740738889144e+04 -9.485899167140658246e-14
