5.299999999999892316e+04 7.526123749207058918e-13
5.301412126410528435e+04 7.262395699402686715e-13
5.302824252819031972e+04 7.590574594972583915e-13
5.304236379241898248e+04 7.704325889396595492e-13
5.305648505651503365e+04 8.627266951713498489e-13
5.307060632060765056e+04 8.841765228468583452e-13
5.308472758470641566e+04 9.267563436016269928e-13
5.309884884879773745e+04 1.038704824079233640e-12
5.311297011298148573e+04 9.528584207173900544e-13
5.312709137710793584e+04 9.910933027637243833e-13
5.314121264120704291e+04 9.792156624160085148e-13
5.315533390529640019e+04 9.854177583890108826e-13
5.316945516948981822e+04 1.131025552677705755e-12
5.318357643358778296e+04 1.104051492346249439e-12
5.319769769769634877e+04 1.222348546743388422e-12
5.321181896180753392e+04 1.334553436866395977e-12
5.322594022590448731e+04 1.411725269756782989e-12
5.324006149009244109e+04 1.384394828581418896e-12
5.325418275419199199e+04 1.445398975026117879e-12
5.326830401830449409e+04 1.441316305080945448e-12
5.328242528239435342e+04 1.505750635457998721e-12
5.329654654648901487e+04 1.542571456028018522e-12
5.331066781071736477e+04 1.643771458028222843e-12
5.332478907478279143e+04 1.527837092908613549e-12
5.333891033890529798e+04 1.656975712518174772e-12
5.335303160298884177e+04 1.657412363276780810e-12
5.336715286720158474e+04 1.709747981465317684e-12
5.338127413128058834e+04 1.636616376535095832e-12
5.339539539540275291e+04 1.672989487261546438e-12
5.340951665947958099e+04 1.613791011083210168e-12
5.342363792361322703e+04 1.664170928968650914e-12
5.343775918781309883e+04 1.883653850244154149e-12
5.345188045191240235e+04 1.807923433586596203e-12
5.346600171599583700e+04 1.809973905121097024e-12
5.348012298010227096e+04 1.878733582781236381e-12
5.349424424420762080e+04 1.959596733163154234e-12
5.350836550838552648e+04 1.972546775176903022e-12
5.352248677250681067e+04 2.045366601797935883e-12
5.353660803658625082e+04 2.004529795367901285e-12
5.355072930070816074e+04 2.086259216325598038e-12
5.356485056490172428e+04 2.116481571599304986e-12
5.357897182900736516e+04 2.183563051426049462e-12
5.359309309309232049e+04 2.060759676242886540e-12
5.360721435721858870e+04 2.040979367582440919e-12
5.362133562130863720e+04 2.045061341757367080e-12
5.363545688549837359e+04 2.051001535161973720e-12
5.364957814961772965e+04 1.967884382138851407e-12
5.366369941370687593e+04 2.037326500551874228e-12
5.367782067781091610e+04 1.948222793854068600e-12
5.369194194191870338e+04 1.863565425223182548e-12
5.370606320610773400e+04 1.849628268327767591e-12
5.372018447019744053e+04 1.844445658862614420e-12
5.373430573430226650e+04 1.853712439671891923e-12
5.374842699839255511e+04 1.827277271705719593e-12
5.376254826250208134e+04 1.888146621820124115e-12
5.377666952669672173e+04 1.781166014138057621e-12
5.379079079079243093e+04 1.846098369533313026e-12
5.380491205491884466e+04 1.830958408979966425e-12
5.381903331899668410e+04 1.808826470126953867e-12
5.383315458319882600e+04 1.820476886560114973e-12
5.384727584731398383e+04 1.872844363702022292e-12
5.386139711140413419e+04 1.831257077512941119e-12
5.387551837549967604e+04 1.850140867901649468e-12
5.388963963961814443e+04 1.850979454145533922e-12
5.390376090378720255e+04 1.764899931131787937e-12
5.391788216791794548e+04 1.832499649933355735e-12
5.393200343201767828e+04 1.858224106902964057e-12
5.394612469610082189e+04 1.841053669054817685e-12
5.396024596019364253e+04 1.876015171810558326e-12
5.397436722437896969e+04 1.865240107585860841e-12
5.398848848848576017e+04 2.009783226920201836e-12
5.400260975258000690e+04 1.948418341912685997e-12
5.401673101668648451e+04 2.091576219306692449e-12
5.403085228089169686e+04 2.072027565518684386e-12
5.404497354499501671e+04 2.028226118689855036e-12
5.405909480908934347e+04 2.010878296048460712e-12
5.407321607318935276e+04 1.978131100410414872e-12
5.408733733729590313e+04 1.995118294347452310e-12
5.410145860148297652e+04 1.893748377929273089e-12
5.411557986559932033e+04 1.856211939351480760e-12
5.412970112969730690e+04 1.946406760272988798e-12
5.414382239378230588e+04 1.995334056362691100e-12
5.415794365790444135e+04 2.010443403025212766e-12
5.417206492209561111e+04 1.878208532581899415e-12
5.418618618621088535e+04 1.915559383601438015e-12
5.420030745029143145e+04 1.951959446270050141e-12
5.421442871439002192e+04 2.092201533660429535e-12
5.422854997850747895e+04 2.094009657432396407e-12
5.424267124269490159e+04 2.100190440864178701e-12
5.425679250681644044e+04 2.086417998419636670e-12
5.427091377091340109e+04 2.090270368413377223e-12
5.428503503499127692e+04 2.063421107292364034e-12
5.429915629921323853e+04 1.962818442358109506e-12
5.431327756329541444e+04 1.886114093834073204e-12
5.432739882739903260e+04 1.948838294185387837e-12
5.434152009148885554e+04 1.864871276116498178e-12
5.435564135560852446e+04 1.876147734352167960e-12
5.436976261979062110e+04 1.858357694790199665e-12
5.438388388389758620e+04 1.797753909192853884e-12
5.439800514801221289e+04 1.784928300194682063e-12
5.441212641211004666e+04 1.791533137281668883e-12
5.442624767620590137e+04 1.677036599685198553e-12
5.444036894040647167e+04 1.698233423327563064e-12
5.445449020450504759e+04 1.605437154075681289e-12
5.446861146859868313e+04 1.604495593835385961e-12
5.448273273271429207e+04 1.641898737481835933e-12
5.449685399688072357e+04 1.612660860486757510e-12
5.451097526100582036e+04 1.544339737798529312e-12
5.452509652511244349e+04 1.525653399681743482e-12
5.453921778918292694e+04 1.490235032210775612e-12
5.455333905330557900e+04 1.357739723978531778e-12
5.456746031747879169e+04 1.341751070202989824e-12
5.458158158161361644e+04 1.338205132073390270e-12
5.459570284570501826e+04 1.304219904831272579e-12
5.460982410978087864e+04 1.195322926174753456e-12
5.462394537391049380e+04 1.210032827477087724e-12
5.463806663811845647e+04 1.269835964618700214e-12
5.465218790219250513e+04 1.149828633717876168e-12
5.466630916630780848e+04 1.238678640612291844e-12
5.468043043040400516e+04 1.148399301915635828e-12
5.469455169457980810e+04 1.165812600199128933e-12
5.470867295868509973e+04 1.093760977168673225e-12
5.472279422281683219e+04 9.368687415962225299e-13
5.473691548688665353e+04 9.288643077301411595e-13
5.475103675100790133e+04 8.676705089641724171e-13
5.476515801521117100e+04 7.091854722011538638e-13
5.477927927929650468e+04 6.980780495157797334e-13
5.479340054338737536e+04 6.871484510574930287e-13
5.480752180751692504e+04 6.737820454807323020e-13
5.482164307158576412e+04 6.562966800475463077e-13
5.483576433580517914e+04 5.613628581219513034e-13
5.484988559990450449e+04 4.939071271418226568e-13
5.486400686398969265e+04 4.535093883565121554e-13
5.487812812811618642e+04 3.259622516360000196e-13
5.489224939220031956e+04 2.033077712854847708e-13
5.490637065640607761e+04 1.465015729298773792e-13
5.492049192049371777e+04 -4.074001429592186595e-14
5.493461318458500318e+04 -7.994161416986787782e-14
5.494873444869319064e+04 -1.255340468509202643e-13
5.496285571291704400e+04 -1.653455808942174421e-13
5.497697697700519348e+04 -1.743340536050878399e-13
5.499109824109874899e+04 -2.569596266396552758e-13
5.500521950519984966e+04 -3.430754761841409055e-13
5.501934076930438459e+04 -4.507388175749840133e-13
5.503346203350029100e+04 -5.462916553026150948e-13
5.504758329759028129e+04 -5.676750918488589060e-13
5.506170456168704550e+04 -6.822044405053518382e-13
5.507582582578915026e+04 -6.617291672275944525e-13
5.508994708991192601e+04 -7.478719687142415522e-13
5.510406835411852080e+04 -7.206502141752027893e-13
5.511818961820095865e+04 -8.379644015511252187e-13
5.513231088228177396e+04 -8.727775221470306696e-13
5.514643214640824590e+04 -8.540913305081913635e-13
5.516055341060904902e+04 -9.725905244715419523e-13
5.517467467471436976e+04 -1.020922680664492430e-12
5.518879593881038454e+04 -1.063188599179847228e-12
5.520291720288147917e+04 -1.094223467622956459e-12
5.521703846700315626e+04 -1.239757803221466510e-12
5.523115973120948183e+04 -1.227741338399926807e-12
5.524528099531667249e+04 -1.255754073850227941e-12
5.525940225940648088e+04 -1.373876526535103240e-12
5.527352352351597801e+04 -1.376737240830835263e-12
5.528764478760918428e+04 -1.473565022605063838e-12
5.530176605179385660e+04 -1.574448778718709917e-12
5.531588731590297539e+04 -1.630889661075671259e-12
5.533000857999255095e+04 -1.691510438114814490e-12
5.534412984411290381e+04 -1.803086205457475322e-12
5.535825110829984624e+04 -1.838466781618238252e-12
5.537237237241480761e+04 -1.960256749128333097e-12
5.538649363649016595e+04 -2.064578928558825698e-12
5.540061490057993069e+04 -2.053077773153178626e-12
5.541473616469435365e+04 -2.074496950318375630e-12
5.542885742889440735e+04 -2.154471565476642453e-12
5.544297869299373269e+04 -2.152315410103720005e-12
5.545709995711816737e+04 -2.177917997421815487e-12
5.547122122120412678e+04 -2.204172997513755999e-12
5.548534248528540775e+04 -2.234802122044976975e-12
5.549946374947922595e+04 -2.299956684485118450e-12
5.551358501361603703e+04 -2.429956740898222759e-12
5.552770627770197461e+04 -2.470055957628504939e-12
5.554182754181082419e+04 -2.476044854950333050e-12
5.555594880588781962e+04 -2.456507626442153696e-12
5.557007007009681547e+04 -2.531456876210867222e-12
5.558419133417971898e+04 -2.616858499288072305e-12
5.559831259830490308e+04 -2.578210586052009951e-12
5.561243386238226230e+04 -2.599543927140540560e-12
5.562655512660520617e+04 -2.579360437932270813e-12
5.564067639070738369e+04 -2.628112985831762804e-12
5.565479765481442155e+04 -2.626636781086632802e-12
5.566891891889845283e+04 -2.680812821434346466e-12
5.568304018300388270e+04 -2.733714796603141632e-12
5.569716144718627038e+04 -2.713188256044098748e-12
5.571128271128669439e+04 -2.665324243368258190e-12
5.572540397540966660e+04 -2.655657577764953615e-12
5.573952523948745511e+04 -2.640189506611379578e-12
5.575364650361676468e+04 -2.551874437177691828e-12
5.576776776781511580e+04 -2.683539654886949832e-12
5.578188903189602570e+04 -2.637416972039458948e-12
5.579601029601309710e+04 -2.598825013378970775e-12
5.581013156011576939e+04 -2.671855109092247201e-12
5.582425282429978688e+04 -2.668600955032135790e-12
5.583837408841176511e+04 -2.554059595184027141e-12
5.585249535249944893e+04 -2.568036520841925068e-12
5.586661661658364028e+04 -2.590440615719590474e-12
5.588073788068201247e+04 -2.499912557469726340e-12
5.589485914490179857e+04 -2.400876767129503619e-12
5.590898040898036561e+04 -2.420843468976908602e-12
5.592310167309238750e+04 -2.333460878150831256e-12
5.593722293721375172e+04 -2.346367342975487638e-12
5.595134420128151396e+04 -2.238840226074917479e-12
5.596546546549496270e+04 -2.264280808784150587e-12
5.597958672961451521e+04 -2.270720272269505070e-12
5.599370799370773602e+04 -2.289753909597513551e-12
5.600782925780198275e+04 -2.257488919359444995e-12
5.602195052198414487e+04 -2.189547174552729630e-12
5.603607178608762479e+04 -2.136210452838633143e-12
5.605019305021172477e+04 -2.134472931436893712e-12
5.606431431430669909e+04 -2.181765973077160102e-12
5.607843557841126312e+04 -2.078023260403140294e-12
5.609255684258203837e+04 -2.106862717383657092e-12
5.610667810670116160e+04 -2.051409096386308342e-12
5.612079937078524381e+04 -1.950543796493925159e-12
5.613492063491153385e+04 -1.917273381630873961e-12
5.614904189901059726e+04 -1.857788980500911135e-12
5.616316316321288468e+04 -1.839093707229387006e-12
5.617728442728101072e+04 -1.812088740051212704e-12
5.619140569138858700e+04 -1.852107686866796219e-12
5.620552695548546035e+04 -1.877583131327303979e-12
5.621964821959348774e+04 -1.820984638699875999e-12
5.623376948377888766e+04 -1.764266620068079773e-12
5.624789074789788719e+04 -1.735607330961794994e-12
5.626201201198790659e+04 -1.802080194920706986e-12
5.627613327611454588e+04 -1.766737117114255746e-12
5.629025454028853710e+04 -1.777084612213031915e-12
5.630437580437881115e+04 -1.644646283901988036e-12
5.631849706851202063e+04 -1.676573788951251589e-12
5.633261833261024731e+04 -1.559897659510414080e-12
5.634673959671016200e+04 -1.493749976592798830e-12
5.636086086090374010e+04 -1.425419186360099611e-12
5.637498212498482462e+04 -1.349598685765425555e-12
5.638910338911600411e+04 -1.312414380171091488e-12
5.640322465319757612e+04 -1.251392253558455940e-12
5.641734591731655382e+04 -1.171046170327789214e-12
5.643146718150233937e+04 -1.187605795138905134e-12
5.644558844559789577e+04 -1.293068158905187777e-12
5.645970970969146583e+04 -1.224260436478586561e-12
5.647383097380319668e+04 -1.206574689214547558e-12
5.648795223801708198e+04 -1.228525288369755698e-12
5.650207350209680590e+04 -1.186329679268735293e-12
5.651619476618723274e+04 -1.276415374120078630e-12
5.653031603030098631e+04 -1.191862444265068696e-12
5.654443729438052833e+04 -1.169576117656413645e-12
5.655855855860561860e+04 -1.153048132081748030e-12
5.657267982271874644e+04 -1.143326097814655168e-12
5.658680108679369732e+04 -1.152008138661384795e-12
5.660092235089176393e+04 -1.055788533321148827e-12
5.661504361501695530e+04 -9.732763342171955811e-13
5.662916487920610962e+04 -1.040021647156653471e-12
5.664328614329409902e+04 -9.244968343755422707e-13
5.665740740738647582e+04 -9.169778284242615205e-13
