5.299999999999783176e+04 2.780751227020102930e-13
5.301412126409618213e+04 2.553691937001605409e-13
5.302824252819159301e+04 2.695970071977290812e-13
5.304236379239741655e+04 2.766882848220463638e-13
5.305648505654244946e+04 2.393940843438765598e-13
5.307060632058098417e+04 1.595475695012110574e-13
5.308472758470374538e+04 2.258266378157345073e-13
5.309884884884407802e+04 1.645075578291520349e-13
5.311297011297327117e+04 2.071995354075739404e-13
5.312709137711198855e+04 2.556759221266003277e-13
5.314121264124441950e+04 2.159213525487991588e-13
5.315533390526764560e+04 1.767420787583600885e-13
5.316945516950924502e+04 1.137727099350021611e-13
5.318357643361215742e+04 1.501665402360586335e-13
5.319769769771414576e+04 1.207308441060601208e-13
5.321181896173657879e+04 9.738466291208787395e-14
5.322594022592358669e+04 1.426590065634756299e-14
5.324006149009387445e+04 -4.830712957714505616e-14
5.325418275422258739e+04 -5.567953898905089158e-14
5.326830401835872181e+04 -6.721555381076115010e-14
5.328242528236434009e+04 1.538273858223819306e-14
5.329654654649455915e+04 -3.506541526213986193e-14
5.331066781068443379e+04 -8.499173977022534924e-15
5.332478907482109935e+04 -1.148795067210406645e-13
5.333891033885142679e+04 -2.921979200092457682e-14
5.335303160295380076e+04 -8.985907730075714915e-14
5.336715286722803285e+04 -1.542810663426458589e-13
5.338127413125733437e+04 -1.392466590461654421e-13
5.339539539545837033e+04 -2.234017416453905281e-13
5.340951665955558565e+04 -3.044184804362680508e-13
5.342363792361149535e+04 -3.911000726219791420e-13
5.343775918783140514e+04 -3.289887393862923624e-13
5.345188045186193631e+04 -2.053417414688661002e-13
5.346600171595647407e+04 -2.659186724208860238e-13
5.348012298008001380e+04 -2.582529322521618369e-13
5.349424424423536402e+04 -3.228002293398717224e-13
5.350836550845196325e+04 -2.902382056420371513e-13
5.352248677253806090e+04 -3.410402977044997864e-13
5.353660803654362098e+04 -2.911034334320582829e-13
5.355072930073663156e+04 -2.939252911004120084e-13
5.356485056487844849e+04 -3.515764648348862390e-13
5.357897182895153674e+04 -3.013629054281350243e-13
5.359309309309067612e+04 -4.259510000993962107e-13
5.360721435723484319e+04 -4.794891111875315478e-13
5.362133562133389933e+04 -4.487467731574308382e-13
5.363545688544732548e+04 -5.204201686540059669e-13
5.364957814957573282e+04 -4.996087125296918587e-13
5.366369941375875351e+04 -5.602770443865760877e-13
5.367782067779228237e+04 -5.360158162448413901e-13
5.369194194187158428e+04 -6.206235398065963263e-13
5.370606320606128429e+04 -6.365348695310652917e-13
5.372018447013845434e+04 -7.587264843717409865e-13
5.373430573435726546e+04 -6.491971949354197890e-13
5.374842699835656822e+04 -6.543198556774879221e-13
5.376254826253932697e+04 -5.770429451622183542e-13
5.377666952672434854e+04 -6.496845982093079031e-13
5.379079079074755282e+04 -5.016398372518770962e-13
5.380491205486434774e+04 -4.626691519478847313e-13
5.381903331893700670e+04 -4.598730371013568786e-13
5.383315458318171295e+04 -5.184224028866229458e-13
5.384727584731166280e+04 -5.463158978712600788e-13
5.386139711134415120e+04 -5.046464409635213842e-13
5.387551837550177152e+04 -4.388958241021517291e-13
5.388963963962827984e+04 -3.718316947408739308e-13
5.390376090376589855e+04 -2.897269745432904698e-13
5.391788216796199413e+04 -1.910830541270635023e-13
5.393200343205131503e+04 -2.296861915780365930e-13
5.394612469605015212e+04 -2.756729433659180480e-13
5.396024596022642072e+04 -2.499295952813797477e-13
5.397436722442386235e+04 -2.159049232129573027e-13
5.398848848853083473e+04 -8.956786619707041318e-14
5.400260975255487574e+04 -9.824669092546782255e-14
5.401673101665954891e+04 2.917241246835656904e-14
5.403085228085478593e+04 1.689919837041470108e-13
5.404497354502401868e+04 1.750115647051279772e-13
5.405909480904464726e+04 2.033739561990696835e-13
5.407321607325618970e+04 2.369270127548601055e-13
5.408733733730771200e+04 2.331011996535964821e-13
5.410145860148184875e+04 2.309740911902935473e-13
5.411557986556550895e+04 2.571717759598669850e-13
5.412970112971234630e+04 3.426743147457006578e-13
5.414382239385793218e+04 3.978578613958549544e-13
5.415794365784745605e+04 4.685509538648093601e-13
5.417206492214983882e+04 4.436406733158817316e-13
5.418618618620282359e+04 3.226770685532746687e-13
5.420030745031027618e+04 4.264705766154897221e-13
5.421442871441411990e+04 4.873479208894470666e-13
5.422854997850949439e+04 5.012436066687402472e-13
5.424267124264778249e+04 6.077011824965333151e-13
5.425679250685181614e+04 6.674613087688660527e-13
5.427091377094722702e+04 6.493333335091558904e-13
5.428503503505189292e+04 6.514704555062184295e-13
5.429915629915252794e+04 6.779303194407244906e-13
5.431327756329436670e+04 7.813152753255469120e-13
5.432739882736717118e+04 8.193099261447765953e-13
5.434152009154456027e+04 8.566766918515344144e-13
5.435564135556222755e+04 8.432483822786099375e-13
5.436976261984918528e+04 8.529986112643944234e-13
5.438388388386700535e+04 9.322078560476191333e-13
5.439800514804231352e+04 1.026201915316504247e-12
5.441212641203689418e+04 1.088396675175791214e-12
5.442624767623638036e+04 1.073963299179350082e-12
5.444036894044795190e+04 1.125907197219763763e-12
5.445449020447314979e+04 1.171465764456764839e-12
5.446861146862772875e+04 1.198143514114901711e-12
5.448273273268724006e+04 1.243811543163278137e-12
5.449685399687381141e+04 1.276031381754185320e-12
5.451097526103929704e+04 1.262501562723703500e-12
5.452509652508026920e+04 1.268378498378076570e-12
5.453921778923349484e+04 1.400686545174189724e-12
5.455333905328882247e+04 1.398576803248268447e-12
5.456746031752284034e+04 1.444541759154638083e-12
5.458158158156402351e+04 1.438371902055775604e-12
5.459570284572586388e+04 1.480148481847295933e-12
5.460982410982364672e+04 1.540684839714717545e-12
5.462394537389810284e+04 1.524957305844204353e-12
5.463806663815426873e+04 1.679333543797207759e-12
5.465218790222278767e+04 1.667134311438066551e-12
5.466630916630575666e+04 1.718604108855280176e-12
5.468043043038183532e+04 1.698886978478769372e-12
5.469455169457177544e+04 1.664898969100374921e-12
5.470867295871431998e+04 1.694645567180737929e-12
5.472279422273969976e+04 1.690081091508855740e-12
5.473691548688828334e+04 1.731043607551462595e-12
5.475103675104607100e+04 1.712715303143370247e-12
5.476515801520166133e+04 1.642858611181847240e-12
5.477927927932667808e+04 1.722094110427308878e-12
5.479340054344163946e+04 1.708043763060896119e-12
5.480752180753526045e+04 1.816940548002748223e-12
5.482164307163164631e+04 1.843153669694438891e-12
5.483576433583420294e+04 1.795388909004879856e-12
5.484988559985182656e+04 1.761996273645407772e-12
5.486400686406118621e+04 1.823008632514699119e-12
5.487812812807995215e+04 1.883733858785294942e-12
5.489224939218631334e+04 1.852660182424981593e-12
5.490637065642698144e+04 1.733600464723474077e-12
5.492049192055398453e+04 1.540285000042610742e-12
5.493461318458471214e+04 1.577710648251534581e-12
5.494873444873065455e+04 1.560324639297668662e-12
5.496285571283534227e+04 1.529299291028755875e-12
5.497697697704547318e+04 1.580644715971186005e-12
5.499109824111871421e+04 1.528785516346251338e-12
5.500521950524145359e+04 1.530653676288360307e-12
5.501934076931545860e+04 1.455104297693641110e-12
5.503346203352260636e+04 1.411169764831178535e-12
5.504758329762416543e+04 1.448444084424803776e-12
5.506170456173100683e+04 1.477695706953194599e-12
5.507582582578907750e+04 1.444472936210199730e-12
5.508994708995141991e+04 1.439383312820389675e-12
5.510406835407634935e+04 1.459101086401988756e-12
5.511818961824530561e+04 1.422746550084502880e-12
5.513231088228046428e+04 1.467926181814763827e-12
5.514643214641701343e+04 1.436767807038971464e-12
5.516055341063905507e+04 1.416140395279669894e-12
5.517467467470053089e+04 1.420476123832908949e-12
5.518879593882863992e+04 1.234322630862876080e-12
5.520291720289812656e+04 1.304712773735283846e-12
5.521703846702641749e+04 1.320633181422475051e-12
5.523115973117893736e+04 1.352285362286442842e-12
5.524528099526293954e+04 1.256486074846011107e-12
5.525940225943150290e+04 1.171402437992171081e-12
5.527352352352387243e+04 1.178363788188670274e-12
5.528764478763871011e+04 1.132434676347670811e-12
5.530176605179972103e+04 1.125987597855789888e-12
5.531588731583663321e+04 1.020346307758124213e-12
5.533000857996564446e+04 9.998047931146935650e-13
5.534412984412420337e+04 1.025882812501265080e-12
5.535825110834142833e+04 9.717649689724888978e-13
5.537237237236280635e+04 1.023183017616696538e-12
5.538649363654714398e+04 9.845532310094551585e-13
5.540061490061241057e+04 9.895073135452226300e-13
5.541473616475917515e+04 8.385566689456420573e-13
5.542885742892491544e+04 8.180740952775673288e-13
5.544297869303815241e+04 8.711431929100183714e-13
5.545709995708696806e+04 7.627091647925379437e-13
5.547122122123881854e+04 6.751968439988096944e-13
5.548534248527086311e+04 6.249700696511552687e-13
5.549946374950069730e+04 6.116248504809895175e-13
5.551358501363001415e+04 6.202521603291403583e-13
5.552770627765681274e+04 5.276174126861033677e-13
5.554182754183767975e+04 5.610249002357941019e-13
5.555594880591228866e+04 5.274345085482925356e-13
5.557007007011521637e+04 4.345193234867963229e-13
5.558419133418725687e+04 4.799150428901008251e-13
5.559831259827114263e+04 3.655663931473971715e-13
5.561243386234583159e+04 2.208741925292825257e-13
5.562655512657613872e+04 2.002851391825142122e-13
5.564067639074531326e+04 1.735952271008911897e-13
5.565479765482815128e+04 1.250458731500967153e-13
5.566891891886956728e+04 7.931726587704904481e-14
5.568304018293444824e+04 3.248775462234137641e-14
5.569716144726202765e+04 -7.974615373670989708e-14
5.571128271128219058e+04 -2.127133395652629595e-13
5.572540397538863908e+04 -1.804798767211236549e-13
5.573952523955782817e+04 -2.859473844985931357e-13
5.575364650364346016e+04 -3.091330567864622850e-13
5.576776776779356442e+04 -2.843160409753249548e-13
5.578188903186200332e+04 -3.789375906626505225e-13
5.579601029594585998e+04 -3.612363819789671671e-13
5.581013156007792713e+04 -4.019060350502744101e-13
5.582425282425060141e+04 -4.432321373872890610e-13
5.583837408842846344e+04 -6.088611898853236996e-13
5.585249535250084591e+04 -5.392605520220978170e-13
5.586661661658168305e+04 -7.208395119315965690e-13
5.588073788069068542e+04 -6.639195454360365289e-13
5.589485914491870062e+04 -7.274075129800606150e-13
5.590898040905946254e+04 -7.475083736648781701e-13
5.592310167311337864e+04 -8.530882669132148176e-13
5.593722293719057780e+04 -8.869672237925629045e-13
5.595134420128837519e+04 -9.624586262195583955e-13
5.596546546550518542e+04 -1.081719725586865462e-12
5.597958672953916539e+04 -1.247633016260698631e-12
5.599370799364355480e+04 -1.260248899334025073e-12
5.600782925780690857e+04 -1.327977225658663541e-12
5.602195052200446662e+04 -1.319509839984717482e-12
5.603607178606811794e+04 -1.352456588035086017e-12
5.605019305020806496e+04 -1.310156527011547908e-12
5.606431431430929661e+04 -1.433182948965231834e-12
5.607843557834792591e+04 -1.682940127921976707e-12
5.609255684265732270e+04 -1.764576653288533694e-12
5.610667810670540348e+04 -1.837095571110154682e-12
5.612079937075614725e+04 -1.784095822680850574e-12
5.613492063493922615e+04 -1.813205530777506751e-12
5.614904189893599687e+04 -1.838300615842915042e-12
5.616316316323041974e+04 -1.821068069775776994e-12
5.617728442734048440e+04 -1.753760224159257462e-12
5.619140569138493447e+04 -1.906749653468892090e-12
5.620552695555172977e+04 -1.835537085181423655e-12
5.621964821958998800e+04 -1.832748498758087450e-12
5.623376948375611391e+04 -1.879361045241904021e-12
5.624789074785164848e+04 -1.828665491331324844e-12
5.626201201199016941e+04 -1.780624883368708968e-12
5.627613327604492224e+04 -1.789521023707136512e-12
5.629025454031446134e+04 -1.866595821641733709e-12
5.630437580437479482e+04 -1.952751447484858962e-12
5.631849706843696185e+04 -2.124524511931848188e-12
5.633261833260695857e+04 -2.110522112581102258e-12
5.634673959667304007e+04 -2.125632461932883587e-12
5.636086086093537597e+04 -2.221040476023519551e-12
5.637498212496621272e+04 -2.286943503254199967e-12
5.638910338914615568e+04 -2.331351084222445435e-12
5.640322465316883608e+04 -2.340040258705444188e-12
5.641734591730051761e+04 -2.453762836004560708e-12
5.643146718144397892e+04 -2.388761640780739822e-12
5.644558844558184501e+04 -2.373094802081277584e-12
5.645970970970453345e+04 -2.368790765996930357e-12
5.647383097373665805e+04 -2.374702990221370171e-12
5.648795223798404186e+04 -2.451823748083179467e-12
5.650207350204270188e+04 -2.467854845518732677e-12
5.651619476617752662e+04 -2.547153057260294543e-12
5.653031603025448567e+04 -2.579344887193269663e-12
5.654443729434781562e+04 -2.474018650642446728e-12
5.655855855863136821e+04 -2.442696258569160934e-12
5.657267982264916645e+04 -2.442457395588676276e-12
5.658680108676245436e+04 -2.448800918061355329e-12
5.660092235090976465e+04 -2.463400504099908660e-12
5.661504361496645288e+04 -2.569400468744035662e-12
5.662916487921187945e+04 -2.563291599182173426e-12
5.664328614330059645e+04 -2.379337341355107875e-12
5.665740740738694876e+04 -2.444031318439524332e-12
