5.300000000000032014e+04 -6.434192089099858651e-12
5.301412126411058853e+04 -6.368244246963256761e-12
5.302824252819811954e+04 -6.485128694672675653e-12
5.304236379241972463e+04 -6.467906396354332711e-12
5.305648505650558218e+04 -6.359326860356895325e-12
5.307060632060501666e+04 -6.311642836445066006e-12
5.308472758469757537e+04 -6.264973250875075066e-12
5.309884884877558216e+04 -6.084311884530066809e-12
5.311297011302060127e+04 -5.981791537406875719e-12
5.312709137711530639e+04 -5.959198043669780216e-12
5.314121264121770946e+04 -5.956404105870804425e-12
5.315533390530518955e+04 -5.885307585277212529e-12
5.316945516950158344e+04 -5.770812318009172974e-12
5.318357643357277993e+04 -5.811754941048872382e-12
5.319769769770283892e+04 -5.798378529189611373e-12
5.321181896177455201e+04 -5.769508585487061748e-12
5.322594022589563247e+04 -5.740189679789310128e-12
5.324006149007051863e+04 -5.602606949939546699e-12
5.325418275420309510e+04 -5.568000832101997625e-12
5.326830401829868060e+04 -5.552538226907546622e-12
5.328242528237099759e+04 -5.483272270702894078e-12
5.329654654649063741e+04 -5.460312193825908401e-12
5.331066781067928241e+04 -5.408613735985078131e-12
5.332478907482147042e+04 -5.378584236588451722e-12
5.333891033890774270e+04 -5.222347343306626889e-12
5.335303160301609751e+04 -5.252872167009235006e-12
5.336715286722638848e+04 -5.243592180659614502e-12
5.338127413131027424e+04 -5.266926420195077874e-12
5.339539539540947590e+04 -5.308083980677951507e-12
5.340951665947140282e+04 -5.206171765440313277e-12
5.342363792357386410e+04 -5.136873831412711528e-12
5.343775918780018401e+04 -5.000216439067661385e-12
5.345188045188528486e+04 -4.933774047174422320e-12
5.346600171598724410e+04 -4.837143096644111996e-12
5.348012298008007201e+04 -4.763015238877372155e-12
5.349424424422686570e+04 -4.729218774067399113e-12
5.350836550840574637e+04 -4.639841754775646032e-12
5.352248677247179876e+04 -4.655498716530681254e-12
5.353660803660056263e+04 -4.501826356129396956e-12
5.355072930070160510e+04 -4.543268729471334048e-12
5.356485056492275180e+04 -4.410363254152359089e-12
5.357897182902062923e+04 -4.440656874875553743e-12
5.359309309311356628e+04 -4.379103881046140984e-12
5.360721435718677094e+04 -4.313397421680341545e-12
5.362133562127519690e+04 -4.297900459689954325e-12
5.363545688552810316e+04 -4.196891479638226610e-12
5.364957814959384268e+04 -4.053198855594611716e-12
5.366369941370312881e+04 -4.051734514733366573e-12
5.367782067780512443e+04 -3.916930618970355690e-12
5.369194194187608082e+04 -3.879263509784743874e-12
5.370606320608812530e+04 -3.774736526609061113e-12
5.372018447019992163e+04 -3.679639681705979151e-12
5.373430573427463969e+04 -3.572540088206588839e-12
5.374842699840234854e+04 -3.516562189910939633e-12
5.376254826251763734e+04 -3.560758639423073237e-12
5.377666952672349726e+04 -3.415551328810803189e-12
5.379079079079607618e+04 -3.313018367598282688e-12
5.380491205488803826e+04 -3.268750770196336631e-12
5.381903331899372279e+04 -3.193248363967391561e-12
5.383315458317686716e+04 -3.037173904748156365e-12
5.384727584728734655e+04 -2.980066160258297373e-12
5.386139711142399756e+04 -2.938262957571603118e-12
5.387551837551665085e+04 -2.726242024630134612e-12
5.388963963960665569e+04 -2.651828413480126947e-12
5.390376090380881942e+04 -2.620549012740850934e-12
5.391788216792923049e+04 -2.511587402616628669e-12
5.393200343198144401e+04 -2.379992796738727587e-12
5.394612469610371772e+04 -2.258886916787917812e-12
5.396024596019233286e+04 -2.140379428589004891e-12
5.397436722438914148e+04 -2.092679581740560801e-12
5.398848848851032380e+04 -2.008818570932554920e-12
5.400260975258136023e+04 -1.895740009741056364e-12
5.401673101670191681e+04 -1.712659670467371653e-12
5.403085228089962766e+04 -1.664920210952437627e-12
5.404497354498928325e+04 -1.600163902332860716e-12
5.405909480909082777e+04 -1.499722556300944366e-12
5.407321607321697957e+04 -1.376830897510808979e-12
5.408733733727822982e+04 -1.391909049605487284e-12
5.410145860150636872e+04 -1.234969750717860490e-12
5.411557986562456063e+04 -1.158232380883629837e-12
5.412970112970995979e+04 -1.071788690610434645e-12
5.414382239381282125e+04 -9.509331007478922816e-13
5.415794365790811571e+04 -8.388646625518828517e-13
5.417206492211671139e+04 -7.444349259344618639e-13
5.418618618621357746e+04 -6.641916138160735786e-13
5.420030745028772799e+04 -5.826575705395757438e-13
5.421442871438100701e+04 -5.429483066815195425e-13
5.422854997847081540e+04 -3.665891746720478120e-13
5.424267124269813212e+04 -3.476005442354281092e-13
5.425679250682390557e+04 -3.211833216830056947e-13
5.427091377088157606e+04 -3.365780431598829162e-13
5.428503503499165527e+04 -2.879731907270256986e-13
5.429915629920150968e+04 -2.164070442682127187e-13
5.431327756331666023e+04 -1.157608852595573153e-13
5.432739882738195593e+04 -2.209369407861590743e-13
5.434152009151791572e+04 -1.641027228649112159e-13
5.435564135558238195e+04 9.902000436266190673e-15
5.436976261980723211e+04 9.270774308697332789e-14
5.438388388390493492e+04 2.323049927950594482e-13
5.439800514801708050e+04 2.681072084582724516e-13
5.441212641210705624e+04 2.552121790167875636e-13
5.442624767620133935e+04 3.164923101770272009e-13
5.444036894042519270e+04 4.075476672489954880e-13
5.445449020452844707e+04 4.486974822384213648e-13
5.446861146862436726e+04 4.775487814317432764e-13
5.448273273267387412e+04 4.483566805267216559e-13
5.449685399688015605e+04 5.889787696678476419e-13
5.451097526099572860e+04 6.467391273056301761e-13
5.452509652507968713e+04 6.885107947690016108e-13
5.453921778920703946e+04 7.143745464896311877e-13
5.455333905332141876e+04 7.780135123544210003e-13
5.456746031747294182e+04 7.694242027205240992e-13
5.458158158159852610e+04 8.826865534065465296e-13
5.459570284568070201e+04 8.973531984993379978e-13
5.460982410977849941e+04 9.123436052182442426e-13
5.462394537388007302e+04 8.971960756322555921e-13
5.463806663808629673e+04 1.007564267366583885e-12
5.465218790218704817e+04 1.048883376712795799e-12
5.466630916631533182e+04 1.102427972916890042e-12
5.468043043040839257e+04 1.028883627431529143e-12
5.469455169462171762e+04 1.025594890913627036e-12
5.470867295869884401e+04 9.697642676433908094e-13
5.472279422282087762e+04 1.073266411386033768e-12
5.473691548690780473e+04 1.012774771458772211e-12
5.475103675101036060e+04 1.016528680183163351e-12
5.476515801519750676e+04 1.030884841638607466e-12
5.477927927928132704e+04 9.979344060129389311e-13
5.479340054340977076e+04 9.881414466972662254e-13
5.480752180748136016e+04 9.090203459295462886e-13
5.482164307160831959e+04 8.313348170474082561e-13
5.483576433581001766e+04 8.033755773994510544e-13
5.484988559989941132e+04 8.070022387314867189e-13
5.486400686400370614e+04 6.931333052586014037e-13
5.487812812809657044e+04 7.200030859281834905e-13
5.489224939219225780e+04 7.640579035601303024e-13
5.490637065638095373e+04 7.170135467571760573e-13
5.492049192048495024e+04 5.672703645320139794e-13
5.493461318460722396e+04 5.229592817168540070e-13
5.494873444872884284e+04 5.479818728490610340e-13
5.496285571289432846e+04 5.351573273979504348e-13
5.497697697697376861e+04 5.715724328926908769e-13
5.499109824109232432e+04 5.177222216471307340e-13
5.500521950521146937e+04 4.390563345943239845e-13
5.501934076933017786e+04 3.798743469591655375e-13
5.503346203352821612e+04 3.701652602725410142e-13
5.504758329758659238e+04 1.935233071023210492e-13
5.506170456167671364e+04 1.353986899726828749e-13
5.507582582579887821e+04 8.116540875117967312e-14
5.508994708987935883e+04 1.077063378989528179e-13
5.510406835410743224e+04 2.044162532029917399e-14
5.511818961820543336e+04 6.384661211749744443e-15
5.513231088227922010e+04 -1.360092488149803665e-14
5.514643214639822691e+04 -3.627818059773522180e-14
5.516055341059698549e+04 -9.419101380653141591e-14
5.517467467469145777e+04 -1.384932446291797011e-13
5.518879593881124310e+04 -1.020071018945329479e-13
5.520291720290020021e+04 -9.332307594076109161e-14
5.521703846700533904e+04 -1.557302870475505299e-13
5.523115973118146940e+04 -9.788649938034544127e-14
5.524528099531168846e+04 7.106319901264538400e-15
5.525940225937985815e+04 3.513394119137450779e-14
5.527352352352075104e+04 1.244602828259986531e-13
5.528764478759164922e+04 2.011530607479517000e-13
5.530176605183054198e+04 2.069989166026658207e-13
5.531588731592444674e+04 3.406445291455232656e-13
5.533000858001765300e+04 3.950451130254972043e-13
5.534412984410826175e+04 4.604206185212661074e-13
5.535825110829156620e+04 3.603034767150900107e-13
5.537237237243056006e+04 3.893990909017342906e-13
5.538649363651974272e+04 4.117567896882997652e-13
5.540061490059900825e+04 3.903011089386745934e-13
5.541473616469317494e+04 5.015781790041397404e-13
5.542885742892420967e+04 4.942164194318002282e-13
5.544297869300389721e+04 5.477072397813861584e-13
5.545709995708407951e+04 5.743353610553993413e-13
5.547122122122535075e+04 6.627672088467181703e-13
5.548534248532666243e+04 8.527267634509494218e-13
5.549946374951598409e+04 9.335682489633145200e-13
5.551358501360858645e+04 1.012214219032969882e-12
5.552770627770118153e+04 1.033570536166651611e-12
5.554182754178009782e+04 1.140988580096649265e-12
5.555594880589163949e+04 1.278018751976347868e-12
5.557007007012805116e+04 1.428519664760509992e-12
5.558419133418046113e+04 1.387665727620787111e-12
5.559831259828079055e+04 1.504697035418470415e-12
5.561243386237887898e+04 1.589638985162058919e-12
5.562655512657786312e+04 1.532187783362746804e-12
5.564067639071377926e+04 1.601019549334701542e-12
5.565479765478014451e+04 1.685931844903376057e-12
5.566891891887319071e+04 1.762675079182645737e-12
5.568304018302405166e+04 1.839899197955112397e-12
5.569716144722316676e+04 1.900721681102498070e-12
5.571128271131918154e+04 1.985060588856228410e-12
5.572540397541077982e+04 2.130959572033380343e-12
5.573952523950779141e+04 2.180988378111647730e-12
5.575364650359878578e+04 2.240763227945276010e-12
5.576776776777585474e+04 2.365409462301133147e-12
5.578188903188846598e+04 2.378251933037079682e-12
5.579601029599875619e+04 2.435864019800291762e-12
5.581013156010925741e+04 2.469948395666706397e-12
5.582425282428861829e+04 2.559731057515307692e-12
5.583837408840568969e+04 2.673734541274370561e-12
5.585249535247560561e+04 2.804069066018233860e-12
5.586661661657842342e+04 2.943581779197833444e-12
5.588073788068020804e+04 3.017506539061383937e-12
5.589485914487090486e+04 3.020778235493701062e-12
5.590898040902439971e+04 3.032353986101226253e-12
5.592310167311838450e+04 3.042800665063886596e-12
5.593722293720892776e+04 3.257172465916644632e-12
5.595134420129461068e+04 3.330371362394237258e-12
5.596546546551928623e+04 3.314952961837390989e-12
5.597958672960606782e+04 3.451284268908292453e-12
5.599370799372413603e+04 3.451734392727511651e-12
5.600782925780413643e+04 3.567780031159019208e-12
5.602195052198373014e+04 3.674336333618004811e-12
5.603607178607548849e+04 3.684168241700729137e-12
5.605019305021951732e+04 3.738799198685819756e-12
5.606431431427942880e+04 3.747323224874942322e-12
5.607843557837132539e+04 3.817404006990295913e-12
5.609255684260716953e+04 3.865268500899457225e-12
5.610667810669045139e+04 4.012431106007651561e-12
5.612079937082157994e+04 4.067178024094644876e-12
5.613492063487286214e+04 4.267293248407715230e-12
5.614904189898991899e+04 4.281311706348838830e-12
5.616316316321725753e+04 4.412265870568518992e-12
5.617728442731979885e+04 4.431942522123109086e-12
5.619140569137515558e+04 4.428509276827453680e-12
5.620552695549344935e+04 4.459657668077556759e-12
5.621964821961432608e+04 4.517004858964857273e-12
5.623376948378900124e+04 4.610682397518597579e-12
5.624789074789619190e+04 4.611788896582557677e-12
5.626201201197247428e+04 4.685480406443425741e-12
5.627613327612377907e+04 4.785488447441895036e-12
5.629025454031378467e+04 4.860613537490029251e-12
5.630437580438222358e+04 4.870481738742051127e-12
5.631849706852192321e+04 4.904778341128934120e-12
5.633261833262092841e+04 4.908782097341966993e-12
5.634673959671636112e+04 4.989333458799762309e-12
5.636086086090897152e+04 5.037267883449765459e-12
5.637498212503054674e+04 5.085211602691907047e-12
5.638910338907304686e+04 5.201091266263820347e-12
5.640322465317857132e+04 5.143882609059328896e-12
5.641734591730435204e+04 5.094457066270731907e-12
5.643146718151041568e+04 5.149983402298379268e-12
5.644558844558317651e+04 5.261044483746559456e-12
5.645970970971286442e+04 5.282930150032439448e-12
5.647383097379132232e+04 5.273218186448248116e-12
5.648795223801844259e+04 5.374955464183875332e-12
5.650207350207730633e+04 5.460480760233982948e-12
5.651619476618544286e+04 5.428293587662634833e-12
5.653031603029259713e+04 5.410852064217244007e-12
5.654443729438828450e+04 5.503967943846118798e-12
5.655855855862512544e+04 5.509278254153876396e-12
5.657267982270110952e+04 5.591957192011852942e-12
5.658680108679602563e+04 5.552653017461112553e-12
5.660092235091847397e+04 5.480941698325108743e-12
5.661504361497607169e+04 5.398258334470875413e-12
5.662916487920024520e+04 5.447751152402560168e-12
5.664328614331130666e+04 5.428402909770153969e-12
5.665740740737345914e+04 5.495857305707290990e-12
