5.299999999999957072e+04 1.563951937675225089e-12
5.301412126407790493e+04 1.544306822626684017e-12
5.302824252822107519e+04 1.461784710748262443e-12
5.304236379241236136e+04 1.424484366336674009e-12
5.305648505648027640e+04 1.426950761691358380e-12
5.307060632062090008e+04 1.392131810543987536e-12
5.308472758469986729e+04 1.339784596032208070e-12
5.309884884880181926e+04 1.340171063903947583e-12
5.311297011297402059e+04 1.268615168077018030e-12
5.312709137711649237e+04 1.182631718001165229e-12
5.314121264122147841e+04 1.057002489559839933e-12
5.315533390532361227e+04 1.041209636481128112e-12
5.316945516951005266e+04 1.069145688298050645e-12
5.318357643358168571e+04 9.070688226784518964e-13
5.319769769769137201e+04 9.200954852325710240e-13
5.321181896180365584e+04 8.929885026393733482e-13
5.322594022587729705e+04 8.467248423521242588e-13
5.324006149008716602e+04 8.125516164184600070e-13
5.325418275420878490e+04 7.870831554417643872e-13
5.326830401832565985e+04 7.701972481954427056e-13
5.328242528240615502e+04 7.200638012071162555e-13
5.329654654647882853e+04 6.970864603997340895e-13
5.331066781069331773e+04 7.063803823681483432e-13
5.332478907480715134e+04 8.019771664132709749e-13
5.333891033888034144e+04 7.859545084091390805e-13
5.335303160297567956e+04 8.365591940622188384e-13
5.336715286720651056e+04 7.578864641202740455e-13
5.338127413127943873e+04 7.939156813586719079e-13
5.339539539537337259e+04 7.122848854625630366e-13
5.340951665948593291e+04 7.396377033555006164e-13
5.342363792360999651e+04 7.592093232133038793e-13
5.343775918777879997e+04 8.577068985870544611e-13
5.345188045188402612e+04 7.762073887396130355e-13
5.346600171598637098e+04 8.164087418408370899e-13
5.348012298008205107e+04 7.461615766414350373e-13
5.349424424418570561e+04 7.015249721775304705e-13
5.350836550840983546e+04 6.479591775161785375e-13
5.352248677251878689e+04 5.198489905326509939e-13
5.353660803659963130e+04 5.379651610827106501e-13
5.355072930072159943e+04 5.787781680596800515e-13
5.356485056492326112e+04 5.375728244637624121e-13
5.357897182899207837e+04 5.420106841585356801e-13
5.359309309307822696e+04 5.063693476384276447e-13
5.360721435718429711e+04 4.882116611358920769e-13
5.362133562130964128e+04 3.667312022490622615e-13
5.363545688550409977e+04 4.307896648364457877e-13
5.364957814957947267e+04 3.773894992629822101e-13
5.366369941367487627e+04 3.121831531937895709e-13
5.367782067780122452e+04 2.948764350365073150e-13
5.369194194190131384e+04 2.992849509952372608e-13
5.370606320609323302e+04 4.682861775575083907e-13
5.372018447017967992e+04 4.487454229628024478e-13
5.373430573427387571e+04 4.434385539591345535e-13
5.374842699839413399e+04 4.528613710051311681e-13
5.376254826247252640e+04 4.947183629022159672e-13
5.377666952671695617e+04 5.378210507345872999e-13
5.379079079080428346e+04 4.370548785231844001e-13
5.380491205492017616e+04 3.774236249411954493e-13
5.381903331900083140e+04 4.032795862544172956e-13
5.383315458320217294e+04 4.979048752755017481e-13
5.384727584732331161e+04 4.731311544197552415e-13
5.386139711142642045e+04 5.228431384140979032e-13
5.387551837547776086e+04 5.424432325639134014e-13
5.388963963962880371e+04 6.021849055378280572e-13
5.390376090377233049e+04 6.957625145016657001e-13
5.391788216791958985e+04 6.055816060055862526e-13
5.393200343200917268e+04 5.024396779797214004e-13
5.394612469609284744e+04 5.871998203040836083e-13
5.396024596022179321e+04 6.125421575560453503e-13
5.397436722440681478e+04 5.348601590873226944e-13
5.398848848852205265e+04 5.892564901592016411e-13
5.400260975261872227e+04 6.438714864048543818e-13
5.401673101670752658e+04 5.866133803052347290e-13
5.403085228092281613e+04 5.512270082471910902e-13
5.404497354501825612e+04 4.531585035026947409e-13
5.405909480909958802e+04 4.724219054515402961e-13
5.407321607318461611e+04 4.576396180380057406e-13
5.408733733730887616e+04 4.037119172987873967e-13
5.410145860151865054e+04 4.631636306883934309e-13
5.411557986560407880e+04 3.783006766073760632e-13
5.412970112970528135e+04 4.135035959748976522e-13
5.414382239382306580e+04 4.852779396145933795e-13
5.415794365791073506e+04 4.744324947730200196e-13
5.417206492211997102e+04 4.676138799606070601e-13
5.418618618620734924e+04 4.474145215124867274e-13
5.420030745027255762e+04 4.623163574802714300e-13
5.421442871440447925e+04 4.347345497656929203e-13
5.422854997848537460e+04 4.088933690009965200e-13
5.424267124268016050e+04 4.023599318307221135e-13
5.425679250682928978e+04 4.934028940834488563e-13
5.427091377089152957e+04 4.074400933033301758e-13
5.428503503501877276e+04 4.081008707668218786e-13
5.429915629921374784e+04 3.993055749501347135e-13
5.431327756327418319e+04 3.634914364288832704e-13
5.432739882740981557e+04 3.506027981146709963e-13
5.434152009149382502e+04 3.739695411673970883e-13
5.435564135557599366e+04 3.847441263204512650e-13
5.436976261977707327e+04 3.680108065015543131e-13
5.438388388392837078e+04 3.882223371661073866e-13
5.439800514802399994e+04 3.247929173350873584e-13
5.441212641209088179e+04 2.392670121805010253e-13
5.442624767622246145e+04 3.456660949071631205e-13
5.444036894038382889e+04 3.879315081377679308e-13
5.445449020447493967e+04 4.183281409024181543e-13
5.446861146858739085e+04 3.847289110499103766e-13
5.448273273268534103e+04 3.726032098728217511e-13
5.449685399689160840e+04 4.715168142153628387e-13
5.451097526101945550e+04 4.561641715175511771e-13
5.452509652509741863e+04 4.431855457461396982e-13
5.453921778917401389e+04 4.258927386933520034e-13
5.455333905332008726e+04 4.382518855927399699e-13
5.456746031750629481e+04 2.609231241024113423e-13
5.458158158161163738e+04 2.684116455406405983e-13
5.459570284568304487e+04 2.941802277287559953e-13
5.460982410979537963e+04 2.675235084630658494e-13
5.462394537387836317e+04 2.376198504639417106e-13
5.463806663811436010e+04 1.989426327489031078e-13
5.465218790220807568e+04 1.336804249007244777e-13
5.466630916632288427e+04 8.061347375210721561e-14
5.468043043042755744e+04 1.223754788888150833e-13
5.469455169457645388e+04 7.788646254915749440e-14
5.470867295868093788e+04 1.387110280635706661e-13
5.472279422281532607e+04 7.109393105767184953e-14
5.473691548687546310e+04 4.911829845440202540e-14
5.475103675100150576e+04 4.045994007258316455e-14
5.476515801521417598e+04 -5.210367979020550327e-14
5.477927927930197620e+04 -7.838088673640335368e-14
5.479340054337721085e+04 -1.925388879949077489e-13
5.480752180748889805e+04 -3.527317770800279617e-13
5.482164307157581061e+04 -4.130977108681360469e-13
5.483576433578785509e+04 -4.036942389518271750e-13
5.484988559992138471e+04 -5.045501812594215079e-13
5.486400686402752763e+04 -5.646748443289520363e-13
5.487812812808538001e+04 -5.566876967389958433e-13
5.489224939218382497e+04 -6.312303501731094822e-13
5.490637065637129126e+04 -7.643517951897954967e-13
5.492049192047755059e+04 -8.324501294668030995e-13
5.493461318459941685e+04 -8.745768663744777411e-13
5.494873444871557876e+04 -1.024559874204619955e-12
5.496285571291400265e+04 -9.961260113397493762e-13
5.497697697700469143e+04 -9.831286925216734697e-13
5.499109824107638269e+04 -1.031493255629113044e-12
5.500521950519531674e+04 -1.033600787960039253e-12
5.501934076928080322e+04 -1.068919343383671957e-12
5.503346203351286385e+04 -1.118359843479362905e-12
5.504758329762137146e+04 -1.147194520042482900e-12
5.506170456170917896e+04 -1.313294846595622194e-12
5.507582582578464644e+04 -1.416907361203217241e-12
5.508994708988372440e+04 -1.495883309750941952e-12
5.510406835412942746e+04 -1.541440003360557294e-12
5.511818961818984098e+04 -1.568950516664601128e-12
5.513231088228827139e+04 -1.647199610002484920e-12
5.514643214641258965e+04 -1.662161872330417885e-12
5.516055341060012870e+04 -1.714065072643661894e-12
5.517467467470033444e+04 -1.604057797188722559e-12
5.518879593878083688e+04 -1.703699560907150892e-12
5.520291720291725505e+04 -1.869028690604872728e-12
5.521703846697778499e+04 -1.913347730636487474e-12
5.523115973121930438e+04 -1.916431648614125817e-12
5.524528099531451153e+04 -1.829951528635615468e-12
5.525940225938019285e+04 -1.906122650739624146e-12
5.527352352348963177e+04 -1.994689436392318659e-12
5.528764478759180929e+04 -1.935655056137549509e-12
5.530176605181917694e+04 -1.973637588071891067e-12
5.531588731589377130e+04 -2.153537730283636387e-12
5.533000857999965228e+04 -2.165388252424941888e-12
5.534412984412587684e+04 -2.131612960156174985e-12
5.535825110830312769e+04 -2.114156262903560553e-12
5.537237237239470414e+04 -2.025913779874395571e-12
5.538649363650556188e+04 -2.104944503396067440e-12
5.540061490058937488e+04 -1.992441054128385070e-12
5.541473616470740672e+04 -1.933921384739914680e-12
5.542885742891700647e+04 -1.893007956977375355e-12
5.544297869299224112e+04 -1.868825240701640024e-12
5.545709995708198403e+04 -1.906546939426708461e-12
5.547122122117703111e+04 -1.923524573018291016e-12
5.548534248530823243e+04 -1.947909000309197281e-12
5.549946374952461338e+04 -1.946998692408834414e-12
5.551358501362320385e+04 -1.839604965710810998e-12
5.552770627770105784e+04 -1.794510381603624773e-12
5.554182754182170902e+04 -1.842035061777204968e-12
5.555594880590701359e+04 -1.848749778027924162e-12
5.557007007007968059e+04 -1.782933734332055868e-12
5.558419133418155980e+04 -1.768570518941419916e-12
5.559831259830826457e+04 -1.680304560923420236e-12
5.561243386239819665e+04 -1.679680300109226756e-12
5.562655512659392843e+04 -1.648771564810370527e-12
5.564067639069304278e+04 -1.703460463798650699e-12
5.565479765477243200e+04 -1.500472235346085749e-12
5.566891891891606792e+04 -1.447220527340900199e-12
5.568304018302921031e+04 -1.354514318657042267e-12
5.569716144719736621e+04 -1.293303719992904987e-12
5.571128271132232476e+04 -1.330806318822183783e-12
5.572540397540805861e+04 -1.236824635744980654e-12
5.573952523949125316e+04 -1.211188209049563689e-12
5.575364650358184736e+04 -1.142811652682664864e-12
5.576776776781483932e+04 -1.093906295387998975e-12
5.578188903188050608e+04 -9.742681884026679232e-13
5.579601029598534660e+04 -8.725632339988898197e-13
5.581013156010439707e+04 -8.208234891634569039e-13
5.582425282432331005e+04 -7.729788535865016014e-13
5.583837408838864940e+04 -6.068194048392603217e-13
5.585249535252531496e+04 -4.951019329755207548e-13
5.586661661658925732e+04 -5.408520778820135248e-13
5.588073788072636671e+04 -5.608692878056581854e-13
5.589485914492301526e+04 -4.034894848825478411e-13
5.590898040897020837e+04 -4.129142581776139971e-13
5.592310167309003737e+04 -3.015802111315057958e-13
5.593722293722603354e+04 -2.672597774553580529e-13
5.595134420130287617e+04 -2.489466778322972787e-13
5.596546546547899925e+04 -2.228937874460742639e-13
5.597958672957137605e+04 -8.768306842311118992e-14
5.599370799368101143e+04 -1.129186814202786643e-13
5.600782925780682126e+04 -5.356260687407275655e-14
5.602195052199913334e+04 -1.234598208510334874e-13
5.603607178607852256e+04 -5.436162593847919817e-14
5.605019305020060710e+04 1.224598149598133600e-13
5.606431431428828364e+04 2.333139289008591024e-13
5.607843557837644767e+04 2.951853050284881358e-13
5.609255684259699774e+04 2.694941033591237097e-13
5.610667810669460596e+04 3.128115438671298547e-13
5.612079937077051000e+04 3.199435932526859319e-13
5.613492063491464796e+04 2.430769159239493508e-13
5.614904189902009239e+04 3.553725680682441388e-13
5.616316316320336045e+04 4.046091835386866887e-13
5.617728442732275289e+04 4.236969577932884100e-13
5.619140569142408640e+04 4.614934287050150120e-13
5.620552695549607597e+04 6.015252148793749604e-13
5.621964821962215501e+04 6.622341443376770552e-13
5.623376948378305678e+04 6.727370282310717975e-13
5.624789074789981532e+04 7.066096982313008296e-13
5.626201201201383810e+04 6.721936257117529287e-13
5.627613327612364810e+04 7.637043488531093896e-13
5.629025454032197013e+04 8.378053247195208145e-13
5.630437580441336468e+04 8.447495741944002663e-13
5.631849706851697556e+04 9.804410957664567472e-13
5.633261833262464643e+04 9.091232102429887304e-13
5.634673959667420422e+04 1.005135045132367097e-12
5.636086086092351616e+04 9.379165882146405850e-13
5.637498212501718808e+04 1.059137083336228265e-12
5.638910338908065751e+04 1.096918773699429370e-12
5.640322465322279459e+04 1.115323164945735727e-12
5.641734591731322143e+04 1.171299710543793686e-12
5.643146718147385400e+04 1.181245280813375200e-12
5.644558844560910802e+04 1.112687010644015994e-12
5.645970970971504721e+04 1.197195231560422003e-12
5.647383097377825470e+04 1.228250902900502211e-12
5.648795223799609812e+04 1.208586687253406987e-12
5.650207350208023854e+04 1.182786805080178828e-12
5.651619476617826149e+04 1.046578833753761918e-12
5.653031603031715349e+04 1.099835758423132979e-12
5.654443729437199363e+04 1.137260107289629920e-12
5.655855855862602039e+04 1.239671919690538087e-12
5.657267982268890046e+04 1.257642458365420193e-12
5.658680108680887497e+04 1.405299268690862303e-12
5.660092235087558947e+04 1.392968813444494445e-12
5.661504361499287916e+04 1.413369448185770319e-12
5.662916487919189967e+04 1.501391961875115382e-12
5.664328614329344418e+04 1.472389917336044909e-12
5.665740740742557682e+04 1.495838822849692040e-12
