5.300000000000397995e+04 3.822718534020864264e-12
5.301412126418166008e+04 3.862376597614219266e-12
5.302824252818207606e+04 3.830992470852410418e-12
5.304236379246618890e+04 3.890034569142688393e-12
5.305648505644706165e+04 3.800440924896359317e-12
5.307060632056777831e+04 3.825017407872904643e-12
5.308472758463473292e+04 3.711010255019620440e-12
5.309884884873493138e+04 3.757925397561989848e-12
5.311297011307232606e+04 3.610577516249909739e-12
5.312709137701110012e+04 3.558270364091721429e-12
5.314121264112697827e+04 3.494219531722186804e-12
5.315533390527733718e+04 3.434845596139520550e-12
5.316945516945824784e+04 3.348052132135010428e-12
5.318357643357837514e+04 3.295764723949333589e-12
5.319769769778393675e+04 3.254167984107718683e-12
5.321181896183818753e+04 3.279028762969156917e-12
5.322594022591289831e+04 3.234897174165439652e-12
5.324006149002337042e+04 3.235009056676338527e-12
5.325418275425826141e+04 3.181395165284817218e-12
5.326830401839419937e+04 3.199668731422519777e-12
5.328242528246859001e+04 3.204660838998608404e-12
5.329654654643084359e+04 3.195784018234493245e-12
5.331066781072685990e+04 3.138211633547139274e-12
5.332478907485630043e+04 3.167689038121463516e-12
5.333891033881386102e+04 3.185970224739784381e-12
5.335303160303745244e+04 3.096363071459630732e-12
5.336715286711887893e+04 3.001421928132003722e-12
5.338127413128764601e+04 3.047591649115689486e-12
5.339539539541410340e+04 3.064511540787158314e-12
5.340951665948071604e+04 3.046301363192782780e-12
5.342363792366520647e+04 3.018475178214296552e-12
5.343775918781695509e+04 3.055410608615762755e-12
5.345188045191366837e+04 2.995032501518866619e-12
5.346600171595291613e+04 2.978996931984627033e-12
5.348012298016119166e+04 3.016305419550917304e-12
5.349424424413984525e+04 3.068282639536872720e-12
5.350836550832581270e+04 3.066218874831187292e-12
5.352248677241955011e+04 3.059612610905905041e-12
5.353660803657861106e+04 3.082411010603588449e-12
5.355072930073639873e+04 2.973045336621571624e-12
5.356485056487804832e+04 2.970467535859619416e-12
5.357897182895510196e+04 3.032171952969618696e-12
5.359309309310523531e+04 3.130957628769283995e-12
5.360721435720362206e+04 3.098361369309093638e-12
5.362133562127874029e+04 3.143864644624142449e-12
5.363545688549905753e+04 3.068732940664329825e-12
5.364957814957256778e+04 3.028130327157947538e-12
5.366369941361839301e+04 2.911637425484728676e-12
5.367782067784567334e+04 2.888213453605362263e-12
5.369194194189280825e+04 2.810022473062700991e-12
5.370606320617177698e+04 2.758532271065365228e-12
5.372018447011788521e+04 2.643120092098043580e-12
5.373430573439340515e+04 2.553375077395791880e-12
5.374842699831070058e+04 2.623139884687278152e-12
5.376254826247244637e+04 2.597190069868358288e-12
5.377666952660914103e+04 2.482542017275783804e-12
5.379079079079332587e+04 2.398790164194506761e-12
5.380491205491513392e+04 2.457375726418639925e-12
5.381903331898366014e+04 2.368823663318667369e-12
5.383315458328103705e+04 2.304564306888571608e-12
5.384727584729262162e+04 2.299467590896719762e-12
5.386139711144524335e+04 2.284764219928788779e-12
5.387551837543761212e+04 2.146284846129240223e-12
5.388963963959182729e+04 2.031918751319550355e-12
5.390376090379813104e+04 1.999719449622488148e-12
5.391788216797563655e+04 2.033149112553956943e-12
5.393200343193820299e+04 2.042559020575885457e-12
5.394612469609081018e+04 1.932041268478542628e-12
5.396024596013643895e+04 1.878145765689619354e-12
5.397436722446010390e+04 1.795749665387471741e-12
5.398848848849696515e+04 1.797808580696399661e-12
5.400260975253290962e+04 1.766520272818731779e-12
5.401673101667370065e+04 1.707533596205678862e-12
5.403085228097336949e+04 1.703679018554643916e-12
5.404497354498803907e+04 1.721939075658522507e-12
5.405909480915163294e+04 1.615044515709798366e-12
5.407321607314165885e+04 1.653188485060263380e-12
5.408733733723695332e+04 1.562740307828212786e-12
5.410145860148729844e+04 1.600348072451520794e-12
5.411557986559335404e+04 1.561734404386569652e-12
5.412970112974847871e+04 1.435558642931086568e-12
5.414382239387773734e+04 1.446396351912537390e-12
5.415794365786880371e+04 1.383221182043165750e-12
5.417206492205555696e+04 1.317475831892460411e-12
5.418618618626063108e+04 1.348712874718694836e-12
5.420030745029616810e+04 1.299321075975310339e-12
5.421442871432738320e+04 1.359625402964399941e-12
5.422854997855537658e+04 1.264023009750375936e-12
5.424267124278958363e+04 1.306449689208442977e-12
5.425679250672838680e+04 1.244320603496703118e-12
5.427091377090753667e+04 1.200789647119917430e-12
5.428503503503211687e+04 1.116429541131090300e-12
5.429915629927603004e+04 1.223344884208774065e-12
5.431327756322018831e+04 1.241126929346582517e-12
5.432739882734231651e+04 1.193849467589351604e-12
5.434152009146302589e+04 1.151063932771249156e-12
5.435564135568765778e+04 1.180404168694440041e-12
5.436976261989335762e+04 1.115688276198199066e-12
5.438388388393676723e+04 1.114891589588082167e-12
5.439800514807696891e+04 9.539719786799199040e-13
5.441212641219918441e+04 9.735898668758238267e-13
5.442624767624945525e+04 8.933545192145061492e-13
5.444036894040195330e+04 9.273723446955311099e-13
5.445449020451895922e+04 8.915339171176477964e-13
5.446861146858214488e+04 8.441802505542317975e-13
5.448273273268657795e+04 7.632936981855141851e-13
5.449685399689050973e+04 6.693816661268684849e-13
5.451097526093015040e+04 5.205938603633730042e-13
5.452509652502813697e+04 4.613162199448860587e-13
5.453921778921308578e+04 3.742196686430488441e-13
5.455333905338198383e+04 3.065705838796470093e-13
5.456746031741266779e+04 2.711159514165504285e-13
5.458158158156564605e+04 2.636146274040761700e-13
5.459570284573913523e+04 2.581819174940444437e-13
5.460982410984140006e+04 1.208982663806364601e-13
5.462394537387663877e+04 9.444549984089516788e-14
5.463806663805285643e+04 -1.772243269583722817e-14
5.465218790228271246e+04 -2.251086560812226225e-14
5.466630916634590540e+04 -4.914790922463839964e-14
5.468043043031049456e+04 -1.855268014573397568e-13
5.469455169458076853e+04 -1.720731893108444858e-13
5.470867295876669959e+04 -3.155917791121235750e-13
5.472279422278863058e+04 -3.923701996564994046e-13
5.473691548691269418e+04 -4.732872339476910514e-13
5.475103675103893329e+04 -5.268287307733364273e-13
5.476515801516193460e+04 -6.485818423862227228e-13
5.477927927935684420e+04 -6.977477977949132653e-13
5.479340054332055297e+04 -8.503707836224148713e-13
5.480752180743325880e+04 -9.249198672003940362e-13
5.482164307160703174e+04 -1.031947439174459528e-12
5.483576433576441195e+04 -1.097759295337835341e-12
5.484988559995207470e+04 -1.112642786756748923e-12
5.486400686409037735e+04 -1.051081773236570705e-12
5.487812812814545032e+04 -1.148429949283198680e-12
5.489224939214153710e+04 -1.224875839764221283e-12
5.490637065642118978e+04 -1.329426062766305780e-12
5.492049192058935296e+04 -1.486146096082704106e-12
5.493461318462961208e+04 -1.576286683006153154e-12
5.494873444865781494e+04 -1.692181723336301844e-12
5.496285571281386365e+04 -1.704640516376599094e-12
5.497697697691959911e+04 -1.773150022678927149e-12
5.499109824102027778e+04 -1.781920503099865838e-12
5.500521950515075878e+04 -1.921818671836387594e-12
5.501934076932134485e+04 -2.049166601765190399e-12
5.503346203358259663e+04 -2.175990796844211813e-12
5.504758329762761423e+04 -2.246487170275074909e-12
5.506170456167306838e+04 -2.335782576620834805e-12
5.507582582589259255e+04 -2.423118826676672490e-12
5.508994708985802572e+04 -2.541275071437622127e-12
5.510406835419106210e+04 -2.686310829652950079e-12
5.511818961824565486e+04 -2.744827807551516464e-12
5.513231088222131075e+04 -2.872555375969314098e-12
5.514643214643812826e+04 -2.851292849501742921e-12
5.516055341050955030e+04 -2.959337409252896357e-12
5.517467467462935019e+04 -3.113248949075891517e-12
5.518879593882352492e+04 -3.179186889554955473e-12
5.520291720290984813e+04 -3.339834934244712630e-12
5.521703846697718109e+04 -3.301466507101484162e-12
5.523115973121468414e+04 -3.448594433632075271e-12
5.524528099521877448e+04 -3.504728279409944572e-12
5.525940225933212059e+04 -3.579575254503010973e-12
5.527352352350997535e+04 -3.655852108868495787e-12
5.528764478763361694e+04 -3.732339565607437234e-12
5.530176605185279914e+04 -3.862530627577909650e-12
5.531588731589288363e+04 -3.912423992500184708e-12
5.533000857996695413e+04 -3.996404460000017009e-12
5.534412984415749088e+04 -4.045768547904789482e-12
5.535825110835465603e+04 -4.223428276418920220e-12
5.537237237246146105e+04 -4.337979341076349388e-12
5.538649363650107989e+04 -4.337073196653712772e-12
5.540061490068611602e+04 -4.285398024808636094e-12
5.541473616464879160e+04 -4.216930084764227691e-12
5.542885742892050621e+04 -4.281676459182942701e-12
5.544297869306349457e+04 -4.320856813897524882e-12
5.545709995712019008e+04 -4.369591865765786635e-12
5.547122122119701817e+04 -4.407201015931025850e-12
5.548534248521470727e+04 -4.509484492334586389e-12
5.549946374955942156e+04 -4.531872078849836038e-12
5.551358501352094754e+04 -4.619302545756956626e-12
5.552770627761024662e+04 -4.617473630408514565e-12
5.554182754175380978e+04 -4.645361818388396409e-12
5.555594880599146563e+04 -4.626543387886470789e-12
5.557007007007313950e+04 -4.707434096880980811e-12
5.558419133426075132e+04 -4.692049039283176263e-12
5.559831259823031723e+04 -4.651300251103111510e-12
5.561243386234445643e+04 -4.634848326218715760e-12
5.562655512660385284e+04 -4.606522306988751818e-12
5.564067639063755632e+04 -4.527604609703470421e-12
5.565479765474378655e+04 -4.417415231043689368e-12
5.566891891899047914e+04 -4.330419824302788869e-12
5.568304018299002200e+04 -4.274743207362030083e-12
5.569716144717287534e+04 -4.246264778519695969e-12
5.571128271126020263e+04 -4.115669138305477500e-12
5.572540397533102077e+04 -4.009639156521471938e-12
5.573952523956878576e+04 -3.963522778902115937e-12
5.575364650368498405e+04 -3.835482078007993948e-12
5.576776776789880387e+04 -3.791355338601033787e-12
5.578188903183594084e+04 -3.623061873538016009e-12
5.579601029608400859e+04 -3.438917808788499158e-12
5.581013156002751930e+04 -3.393114563645467511e-12
5.582425282421176234e+04 -3.283171811449339531e-12
5.583837408830953791e+04 -3.207953511118862313e-12
5.585249535249589098e+04 -3.268812054880206938e-12
5.586661661656034994e+04 -3.075154859234929359e-12
5.588073788072703610e+04 -2.940918014826994386e-12
5.589485914491735457e+04 -2.843273332807209877e-12
5.590898040907885297e+04 -2.798054786358907288e-12
5.592310167317360174e+04 -2.596361447515929046e-12
5.593722293720110611e+04 -2.532734590977169296e-12
5.595134420139227586e+04 -2.449244605320783151e-12
5.596546546544662851e+04 -2.374957389167694581e-12
5.597958672956393275e+04 -2.384523170656819366e-12
5.599370799367598374e+04 -2.299007522697840134e-12
5.600782925774709292e+04 -2.103186110556906117e-12
5.602195052208641573e+04 -2.011443837161639462e-12
5.603607178601697524e+04 -1.896321929228786845e-12
5.605019305017539591e+04 -1.737164727656396169e-12
5.606431431432716636e+04 -1.800996644400890149e-12
5.607843557843786402e+04 -1.773161107014372160e-12
5.609255684255532833e+04 -1.635180528309853367e-12
5.610667810660905525e+04 -1.527185848068202585e-12
5.612079937089633313e+04 -1.514086934655950614e-12
5.613492063492667512e+04 -1.352945637038886503e-12
5.614904189899869380e+04 -1.240993849043333660e-12
5.616316316321785416e+04 -1.101660981414511940e-12
5.617728442721157626e+04 -9.856190736397156856e-13
5.619140569142004824e+04 -8.955837879029951566e-13
5.620552695549631608e+04 -7.248379136227480134e-13
5.621964821951703925e+04 -6.667975621483209644e-13
5.623376948388342862e+04 -5.704552895433361233e-13
5.624789074785834237e+04 -4.814037385773686037e-13
5.626201201201938238e+04 -3.631200239587999708e-13
5.627613327606969688e+04 -3.146177431348850770e-13
5.629025454026570515e+04 -1.150304280264767612e-13
5.630437580440974853e+04 -4.755145766995900864e-15
5.631849706856373086e+04 8.184399598174228276e-14
5.633261833260302228e+04 2.587416764340222251e-13
5.634673959671585908e+04 3.827947876517676138e-13
5.636086086087962758e+04 6.156378801793499810e-13
5.637498212507389690e+04 6.468014892832605224e-13
5.638910338918219350e+04 8.661937407482088211e-13
5.640322465317251772e+04 1.009899378710124172e-12
5.641734591738611198e+04 1.176369470592422293e-12
5.643146718151338428e+04 1.313959326472501247e-12
5.644558844553276140e+04 1.416954971428409790e-12
5.645970970972080249e+04 1.469469781683452408e-12
5.647383097381606058e+04 1.646073727246437157e-12
5.648795223800801614e+04 1.785669847842079973e-12
5.650207350219457294e+04 1.979634633795959098e-12
5.651619476621183276e+04 2.107173768511189717e-12
5.653031603028046084e+04 2.214619774148307679e-12
5.654443729441206233e+04 2.359173363771773486e-12
5.655855855867519131e+04 2.526641045844131134e-12
5.657267982275690883e+04 2.609740308676077641e-12
5.658680108681922866e+04 2.657854637759413897e-12
5.660092235096869263e+04 2.745168719144361156e-12
5.661504361497263017e+04 2.927384109526429832e-12
5.662916487913254969e+04 3.036517705235064897e-12
5.664328614325341914e+04 3.155322383619553669e-12
5.665740740736739826e+04 3.214313216858398592e-12
