5.300000000000093132e+04 4.082566308691560226e-13
5.301412126411803183e+04 4.897785618393669707e-13
5.302824252820685069e+04 5.290653893626682138e-13
5.304236379240798124e+04 4.718495485663358499e-13
5.305648505646150443e+04 5.407237965541439033e-13
5.307060632063078083e+04 4.610273690510802137e-13
5.308472758472015266e+04 4.708093878669459228e-13
5.309884884880388563e+04 4.572696355944361015e-13
5.311297011298377038e+04 4.544303088428317981e-13
5.312709137710755022e+04 5.002945467778781527e-13
5.314121264121062995e+04 4.308050772334815028e-13
5.315533390533526108e+04 4.629869199288084748e-13
5.316945516950435558e+04 4.113862789384675586e-13
5.318357643359721260e+04 3.915869944937429909e-13
5.319769769770037237e+04 4.758250230112604623e-13
5.321181896183580102e+04 4.177985248444681876e-13
5.322594022588106600e+04 3.579109804855220888e-13
5.324006149008303328e+04 4.683402404648843484e-13
5.325418275421649741e+04 4.863617198974372810e-13
5.326830401826612069e+04 4.346233139674472486e-13
5.328242528237709485e+04 3.689301300329946195e-13
5.329654654647108691e+04 4.104934425391878924e-13
5.331066781074126629e+04 4.165365319078761455e-13
5.332478907482475188e+04 4.212655435940856267e-13
5.333891033888647507e+04 5.383803763785582754e-13
5.335303160303059121e+04 5.857033805877537201e-13
5.336715286716574337e+04 5.357725199024809884e-13
5.338127413127711770e+04 4.990414444399042621e-13
5.339539539537356904e+04 5.624995476173302966e-13
5.340951665952928306e+04 5.957850047092642034e-13
5.342363792355846090e+04 6.579505879389139019e-13
5.343775918780708889e+04 6.002557956462283558e-13
5.345188045190375851e+04 6.453356939562817931e-13
5.346600171595994470e+04 5.242482584689161491e-13
5.348012298011610983e+04 5.553439532534168563e-13
5.349424424417917180e+04 5.197507170582337853e-13
5.350836550840976997e+04 5.075735867102150578e-13
5.352248677250406035e+04 4.744728652426649788e-13
5.353660803657240467e+04 4.756986663618734516e-13
5.355072930073086172e+04 3.625945163664105098e-13
5.356485056487745169e+04 3.901896756312820298e-13
5.357897182901523774e+04 2.858609398612384965e-13
5.359309309305795614e+04 2.825539518867474813e-13
5.360721435717849090e+04 2.805873200012703026e-13
5.362133562131464714e+04 2.860994911445144809e-13
5.363545688550448540e+04 2.213460356162124222e-13
5.364957814959987445e+04 3.509970845194398026e-13
5.366369941365828709e+04 3.621794119565938261e-13
5.367782067780820216e+04 3.054838285351501310e-13
5.369194194187134417e+04 3.083030137536018424e-13
5.370606320610010880e+04 3.223608597597437385e-13
5.372018447016446589e+04 2.265809459671529918e-13
5.373430573428368371e+04 2.450737058043310032e-13
5.374842699843546143e+04 1.793270209224417748e-13
5.376254826249612961e+04 6.927148079649675344e-14
5.377666952668515296e+04 -3.373231974585290052e-14
5.379079079078272480e+04 -5.853410013162446920e-14
5.380491205488832202e+04 -1.027007057977901161e-13
5.381903331898224133e+04 -8.596403588235363872e-14
5.383315458317827142e+04 -1.271817952103977918e-13
5.384727584728850343e+04 -5.618352027042601549e-14
5.386139711137656559e+04 1.875525680397684264e-14
5.387551837547207106e+04 -3.182170649945635727e-14
5.388963963958741078e+04 -8.754734921502059391e-14
5.390376090381963149e+04 -1.842695091054059661e-13
5.391788216791960440e+04 -1.775290191513092347e-13
5.393200343196848553e+04 -3.516094577860524784e-13
5.394612469608172978e+04 -4.690682701913966999e-13
5.396024596023935737e+04 -5.343646029804521960e-13
5.397436722443530743e+04 -5.160679083800563611e-13
5.398848848848153284e+04 -4.900544888905742997e-13
5.400260975259420957e+04 -4.959383342627749088e-13
5.401673101669781317e+04 -5.890003999255879177e-13
5.403085228093232581e+04 -6.033908959402030378e-13
5.404497354500733491e+04 -6.650158048892878218e-13
5.405909480910432467e+04 -6.631357186540757176e-13
5.407321607318265887e+04 -6.645141548292061647e-13
5.408733733732844121e+04 -6.980586194490242304e-13
5.410145860154171532e+04 -6.107929093737801598e-13
5.411557986562443693e+04 -6.957530433259635891e-13
5.412970112970014452e+04 -6.885662925279546897e-13
5.414382239383996057e+04 -6.926808300972824252e-13
5.415794365786640265e+04 -7.260276559230406538e-13
5.417206492210628494e+04 -7.110700498655978391e-13
5.418618618617486209e+04 -7.113639903650435398e-13
5.420030745030465914e+04 -6.061068558012477847e-13
5.421442871444027696e+04 -5.653378750087597917e-13
5.422854997848386847e+04 -5.887517778757356121e-13
5.424267124271757348e+04 -5.678159130094394165e-13
5.425679250677009986e+04 -5.354673519205564931e-13
5.427091377092363837e+04 -5.163228246590189053e-13
5.428503503501247906e+04 -5.012443694026605388e-13
5.429915629919407365e+04 -4.864220892710867440e-13
5.431327756327933457e+04 -5.761085598621077324e-13
5.432739882737209700e+04 -4.525201124378102338e-13
5.434152009147565695e+04 -5.440174327438313072e-13
5.435564135559860733e+04 -4.605666549322702991e-13
5.436976261976173555e+04 -4.470208444642418630e-13
5.438388388386426232e+04 -5.035165861114371980e-13
5.439800514796511561e+04 -5.059209816315277579e-13
5.441212641206278204e+04 -4.592574552773518711e-13
5.442624767622738000e+04 -4.392839780420029436e-13
5.444036894038305763e+04 -3.946654467257260300e-13
5.445449020448262308e+04 -4.703969819565566051e-13
5.446861146862570604e+04 -4.003938246389050777e-13
5.448273273267660261e+04 -4.088350152985737025e-13
5.449685399693674844e+04 -3.517092213174488924e-13
5.451097526103584823e+04 -2.367073612452652589e-13
5.452509652505945996e+04 -2.225447163244387882e-13
5.453921778921002260e+04 -7.747721206163617503e-14
5.455333905327235698e+04 -2.935657166845253985e-14
5.456746031749458780e+04 -1.116114459490785193e-13
5.458158158161443134e+04 -2.810339065261477569e-14
5.459570284567897761e+04 -8.815159520959831533e-14
5.460982410976398387e+04 5.156770257828040479e-14
5.462394537391822087e+04 -7.303348630984581645e-14
5.463806663808134181e+04 3.403002581325477034e-15
5.465218790221116797e+04 3.694369066367740416e-14
5.466630916629145941e+04 -1.419314431910671376e-14
5.468043043038368342e+04 4.727818543968957379e-14
5.469455169460655452e+04 2.167514968819149816e-14
5.470867295868654764e+04 5.171184042490363639e-14
5.472279422284023167e+04 4.735686330356688147e-14
5.473691548693367804e+04 1.200847924030173738e-13
5.475103675096337975e+04 1.020499377336053229e-13
5.476515801518368244e+04 3.627776122381987297e-14
5.477927927930311853e+04 3.382867667704702650e-14
5.479340054340907955e+04 -1.733837060546598097e-14
5.480752180749583931e+04 -6.680471718240708866e-14
5.482164307156546420e+04 -1.304885346687514524e-14
5.483576433582525351e+04 1.552317015589702728e-14
5.484988559993544186e+04 -2.468184770831840309e-14
5.486400686400480481e+04 1.292743007085687994e-14
5.487812812813003984e+04 6.251903180709067214e-14
5.489224939223383990e+04 1.910574663982531741e-16
5.490637065642300877e+04 7.287870349954356912e-14
5.492049192050629063e+04 1.629919228242350842e-13
5.493461318461287010e+04 6.008631225600430349e-14
5.494873444872616528e+04 1.983975247966165532e-14
5.496285571289551444e+04 2.546931099581080023e-14
5.497697697697507829e+04 4.796740352725479103e-14
5.499109824111955095e+04 8.076159603713881828e-14
5.500521950516044308e+04 6.762553988418347414e-14
5.501934076929718140e+04 -1.122352702492159838e-14
5.503346203353951569e+04 -1.029329628519559376e-13
5.504758329755772866e+04 -8.678322980104417684e-14
5.506170456172206468e+04 -1.090698362343859614e-13
5.507582582578639995e+04 -1.514211862251743511e-13
5.508994708986829937e+04 -1.061367254690399126e-13
5.510406835412236251e+04 -1.090371062430129931e-13
5.511818961818957177e+04 -5.140840335598443520e-14
5.513231088232481852e+04 -8.875710004999807690e-14
5.514643214642788371e+04 -5.445732793695788148e-14
5.516055341060130741e+04 -5.942473355071559989e-14
5.517467467469465919e+04 -1.207954218390671003e-14
5.518879593879679305e+04 1.823472405656457059e-14
5.520291720294217521e+04 1.398611940718993730e-14
5.521703846699650603e+04 -1.030890597338885128e-13
5.523115973122356809e+04 -1.725232187399793926e-13
5.524528099529186875e+04 -1.235578928002089725e-13
5.525940225943802943e+04 -1.966786479914531574e-14
5.527352352349094872e+04 -6.875907532111942312e-14
5.528764478763510124e+04 -1.427200439032550971e-13
5.530176605183262291e+04 -9.340349997913638277e-14
5.531588731592655677e+04 -8.571321085231278492e-14
5.533000858000051812e+04 7.917223699149903588e-15
5.534412984406463511e+04 3.268375640190444105e-14
5.535825110828609468e+04 -3.433467747169757432e-14
5.537237237235980137e+04 -3.332130658495784417e-14
5.538649363649133011e+04 5.936121706251103021e-14
5.540061490058397612e+04 -7.036605820826773296e-15
5.541473616469995613e+04 1.561916376935915906e-13
5.542885742890831170e+04 6.917014370782277979e-14
5.544297869299304875e+04 5.662826278286886109e-14
5.545709995712694945e+04 9.431810669465451360e-14
5.547122122120018321e+04 1.436661217643241434e-13
5.548534248534376093e+04 1.339591616305973939e-13
5.549946374945998105e+04 1.646573758467899291e-13
5.551358501359204092e+04 2.069583720046968641e-13
5.552770627768612030e+04 2.575048082969456787e-13
5.554182754183698125e+04 3.127631045010786599e-13
5.555594880590625689e+04 3.310805700575380500e-13
5.557007007007030188e+04 3.051961822648147194e-13
5.558419133423018502e+04 3.488151899983943004e-13
5.559831259834014054e+04 3.713220944505925186e-13
5.561243386243259010e+04 3.151800884793895960e-13
5.562655512661440298e+04 3.624648552467407147e-13
5.564067639071847225e+04 3.607830372284993604e-13
5.565479765476195462e+04 3.946233306164960672e-13
5.566891891891793784e+04 4.067044739705844634e-13
5.568304018300946336e+04 3.834498151000962869e-13
5.569716144715816336e+04 5.058549474516791205e-13
5.571128271133391536e+04 4.448588319907017841e-13
5.572540397539569676e+04 3.398408781330930272e-13
5.573952523949308670e+04 2.432823681995724458e-13
5.575364650359180814e+04 3.140206914772935551e-13
5.576776776784135291e+04 3.914472626074969250e-13
5.578188903190211568e+04 4.427200529390610025e-13
5.579601029595821456e+04 3.534036830197188854e-13
5.581013156007159705e+04 3.559465515802334836e-13
5.582425282431858795e+04 2.710462128045969174e-13
5.583837408839638374e+04 2.946596427343656163e-13
5.585249535252159694e+04 2.864041318334474156e-13
5.586661661658944649e+04 3.484815958555544800e-13
5.588073788071841409e+04 3.618606092521629554e-13
5.589485914494106692e+04 3.655402155899768969e-13
5.590898040899557964e+04 2.845863584664261286e-13
5.592310167308016389e+04 2.811648155221297497e-13
5.593722293718231231e+04 3.643971835835673654e-13
5.595134420130588842e+04 3.292489493864743087e-13
5.596546546554379893e+04 2.644423076221911577e-13
5.597958672960848344e+04 2.404172351086163761e-13
5.599370799369082670e+04 2.031579164679673708e-13
5.600782925778181379e+04 2.913211836143236603e-13
5.602195052202001534e+04 2.999958901739801595e-13
5.603607178609674884e+04 3.140697864643530328e-13
5.605019305018759042e+04 2.268695363718549492e-13
5.606431431431583769e+04 1.572201147301957584e-13
5.607843557843337476e+04 7.602833574627996897e-14
5.609255684256374661e+04 1.435981440899341518e-13
5.610667810666075820e+04 4.032117400420248497e-14
5.612079937079377123e+04 -3.062108229668863070e-14
5.613492063486528059e+04 2.496577266699602923e-14
5.614904189903826773e+04 -6.751659449476897187e-14
5.616316316319371253e+04 -1.116907532358668471e-13
5.617728442729759263e+04 -8.096610325741151916e-14
5.619140569137089187e+04 3.795762477800998478e-15
5.620552695551705256e+04 2.339277861704272071e-15
5.621964821963095892e+04 2.029601789483187795e-15
5.623376948382036790e+04 7.984505755310713007e-16
5.624789074788242579e+04 -2.032875885571470525e-14
5.626201201200429205e+04 -4.811903922300194429e-14
5.627613327607091924e+04 -1.679850795515362623e-13
5.629025454030108813e+04 -1.977718893925740737e-13
5.630437580442304898e+04 -1.585349239655050478e-13
5.631849706853942189e+04 -1.344104026319893339e-13
5.633261833263965673e+04 -2.553666034424076484e-13
5.634673959668250609e+04 -2.967536775335157541e-13
5.636086086088899901e+04 -3.154651618322726396e-13
5.637498212500625232e+04 -2.976600465253823425e-13
5.638910338909382699e+04 -3.540437508944163689e-13
5.640322465315904992e+04 -3.836719461618774995e-13
5.641734591734370770e+04 -3.563763922026508040e-13
5.643146718153923575e+04 -4.151657509375974177e-13
5.644558844556727854e+04 -5.114712328608885466e-13
5.645970970970567578e+04 -4.944277192763305611e-13
5.647383097379546234e+04 -4.782364443132915762e-13
5.648795223800474196e+04 -4.785637442270212589e-13
5.650207350209783908e+04 -5.284996402955821008e-13
5.651619476623187802e+04 -6.351415052636184406e-13
5.653031603031673876e+04 -6.539725799154688504e-13
5.654443729437586444e+04 -6.141640984851951345e-13
5.655855855860166048e+04 -6.007787908594764205e-13
5.657267982266257604e+04 -5.935278389245437130e-13
5.658680108682452556e+04 -5.597882532023099662e-13
5.660092235087884910e+04 -6.243242431148551783e-13
5.661504361496499041e+04 -6.122456174524108372e-13
5.662916487917923223e+04 -5.707024464793701563e-13
5.664328614327802643e+04 -5.817324535720576871e-13
5.665740740741977788e+04 -5.088918577715349481e-13
