5.300000000000146974e+04 6.918444692469687825e-12
5.301412126407058531e+04 6.888645570932780399e-12
5.302824252820485708e+04 6.784121604007034231e-12
5.304236379243255942e+04 6.760029030860316213e-12
5.305648505647788988e+04 6.716753228426520032e-12
5.307060632060938951e+04 6.637431262029752510e-12
5.308472758471340785e+04 6.571671252422521129e-12
5.309884884880309255e+04 6.510493229822058976e-12
5.311297011300095619e+04 6.387764888192597590e-12
5.312709137707385526e+04 6.305929248280932432e-12
5.314121264118851104e+04 6.291653597220024295e-12
5.315533390529693861e+04 6.298741102196621441e-12
5.316945516948850855e+04 6.265819647045383808e-12
5.318357643360459770e+04 6.207467226539284183e-12
5.319769769772798463e+04 6.064524567715933059e-12
5.321181896182495257e+04 5.941887114171216028e-12
5.322594022590952954e+04 5.867451874710131232e-12
5.324006149007072963e+04 5.783429245514165304e-12
5.325418275418259145e+04 5.773144304442481557e-12
5.326830401827207243e+04 5.621386089943409846e-12
5.328242528242203844e+04 5.525729575705695205e-12
5.329654654645653500e+04 5.502964422616281095e-12
5.331066781073961465e+04 5.416503117288943145e-12
5.332478907477197936e+04 5.330184407883646704e-12
5.333891033887115191e+04 5.375961146048030627e-12
5.335303160301059688e+04 5.398309903911083399e-12
5.336715286717030540e+04 5.302386400669571130e-12
5.338127413134464587e+04 5.165754998679982447e-12
5.339539539539355610e+04 5.181499152320120044e-12
5.340951665945567947e+04 5.041431281094901201e-12
5.342363792362784443e+04 4.904509348321932557e-12
5.343775918777906918e+04 4.831763483779229318e-12
5.345188045190852426e+04 4.815981831447328913e-12
5.346600171595951542e+04 4.744216650179796106e-12
5.348012298010334052e+04 4.702908478091264553e-12
5.349424424421614822e+04 4.540054686563928922e-12
5.350836550837098912e+04 4.529503681344073559e-12
5.352248677248118474e+04 4.489095309702290635e-12
5.353660803657616634e+04 4.401007771872522973e-12
5.355072930072322924e+04 4.389365100702323904e-12
5.356485056493085722e+04 4.280111737394620723e-12
5.357897182902090572e+04 4.127516612631399165e-12
5.359309309306732757e+04 4.146102679456037917e-12
5.360721435719835426e+04 4.057312587661307575e-12
5.362133562126606557e+04 4.052858987431046317e-12
5.363545688551931380e+04 4.079562428011222402e-12
5.364957814956994844e+04 4.026916534875866837e-12
5.366369941365926934e+04 3.903251903041304652e-12
5.367782067781656951e+04 3.741958427033568849e-12
5.369194194194304146e+04 3.646180042047623873e-12
5.370606320612396667e+04 3.605541213199286995e-12
5.372018447021296743e+04 3.493449720207372143e-12
5.373430573426975752e+04 3.399577714900886308e-12
5.374842699838933913e+04 3.375700801270699168e-12
5.376254826250617043e+04 3.314693288416640281e-12
5.377666952671586478e+04 3.223459812134622017e-12
5.379079079084063414e+04 3.123590202168414531e-12
5.380491205493054440e+04 3.046545356440634964e-12
5.381903331898025499e+04 2.924933651863431352e-12
5.383315458316753939e+04 2.830101057872204408e-12
5.384727584733091498e+04 2.791919822656689395e-12
5.386139711143378372e+04 2.710167629945864944e-12
5.387551837546891329e+04 2.630600114380275825e-12
5.388963963959347166e+04 2.435129019086127330e-12
5.390376090375804779e+04 2.310259048136952324e-12
5.391788216792613821e+04 2.274328238893934492e-12
5.393200343198011251e+04 2.213895313617251010e-12
5.394612469606977538e+04 2.085824165111592231e-12
5.396024596018564625e+04 2.043829666070453214e-12
5.397436722441429447e+04 2.028945207773990626e-12
5.398848848851644289e+04 1.900600470158471961e-12
5.400260975263425644e+04 1.849710205235464311e-12
5.401673101671043696e+04 1.871181653459048242e-12
5.403085228090291639e+04 1.707244771915359317e-12
5.404497354495919717e+04 1.614008899124300354e-12
5.405909480910732236e+04 1.490209406523845482e-12
5.407321607321899501e+04 1.555779652572086672e-12
5.408733733734257112e+04 1.439567339219862754e-12
5.410145860151803208e+04 1.466394205987277441e-12
5.411557986560283462e+04 1.391950390592202435e-12
5.412970112967804744e+04 1.369412163442404645e-12
5.414382239376000507e+04 1.313145964996216019e-12
5.415794365787429706e+04 1.267297004015184723e-12
5.417206492214364698e+04 1.316060100997364951e-12
5.418618618622358917e+04 1.341896531466639717e-12
5.420030745030059188e+04 1.381146059008484948e-12
5.421442871435693087e+04 1.256517895766733963e-12
5.422854997849911888e+04 1.183062162491840725e-12
5.424267124273940863e+04 1.157743314862239175e-12
5.425679250681581470e+04 1.051668428109280239e-12
5.427091377085548447e+04 1.027390463448352265e-12
5.428503503500059742e+04 1.041069918941339315e-12
5.429915629918759078e+04 9.420014021032028603e-13
5.431327756333088473e+04 8.830302531830106544e-13
5.432739882740510075e+04 7.635500045136297711e-13
5.434152009154312691e+04 7.570699615280396600e-13
5.435564135564456956e+04 7.042721398365940954e-13
5.436976261979164701e+04 6.797557305796112939e-13
5.438388388392033085e+04 7.375807311452835909e-13
5.439800514804632985e+04 8.089251031027835240e-13
5.441212641211444861e+04 7.404878046125578638e-13
5.442624767616063764e+04 6.063242117065740450e-13
5.444036894041720370e+04 5.780132038920651293e-13
5.445449020451686374e+04 5.512192956160654853e-13
5.446861146862996975e+04 5.494321382346337579e-13
5.448273273273470113e+04 5.063140236851466275e-13
5.449685399690755730e+04 4.028384857092079580e-13
5.451097526098757953e+04 3.174184837394648347e-13
5.452509652510855085e+04 2.513108124944739155e-13
5.453921778923934471e+04 1.465983221570550755e-13
5.455333905331719870e+04 8.760497670182812882e-14
5.456746031751031842e+04 1.093760781483806430e-13
5.458158158156019635e+04 1.700116308850398329e-13
5.459570284574446850e+04 1.042802918022284275e-13
5.460982410979956330e+04 1.043805125210215513e-13
5.462394537388988829e+04 2.435325963130421753e-14
5.463806663814704370e+04 2.863853613755234135e-14
5.465218790217726200e+04 5.474065240496997963e-14
5.466630916628086561e+04 -3.468985987218240897e-14
5.468043043042749923e+04 -7.090989669292564112e-14
5.469455169456304429e+04 -7.076830970429509759e-14
5.470867295866598579e+04 -1.317734683803960336e-13
5.472279422280334256e+04 -1.866137076061725031e-13
5.473691548693639925e+04 -1.417339953216572761e-13
5.475103675101199769e+04 -2.090500324814927995e-13
5.476515801523034315e+04 -1.979376398963844540e-13
5.477927927933140018e+04 -3.260045845128323473e-13
5.479340054340183269e+04 -3.332551163130366493e-13
5.480752180746922386e+04 -3.725934299950208429e-13
5.482164307160937460e+04 -4.433590104859336779e-13
5.483576433578451542e+04 -5.266666422048727587e-13
5.484988559992954106e+04 -5.374410420974070115e-13
5.486400686398064136e+04 -6.064954715238251783e-13
5.487812812807846785e+04 -6.971622635401839859e-13
5.489224939220600936e+04 -7.591003493100169318e-13
5.490637065638128115e+04 -8.402448277964816881e-13
5.492049192051986756e+04 -8.326038387663484908e-13
5.493461318463455245e+04 -8.841724432524623271e-13
5.494873444866126374e+04 -9.815620948952456004e-13
5.496285571288059873e+04 -9.821392048061482029e-13
5.497697697701336438e+04 -1.041378393702441591e-12
5.499109824108225439e+04 -1.108393096083623783e-12
5.500521950519741949e+04 -1.161828900001749155e-12
5.501934076929589355e+04 -1.117890186278251108e-12
5.503346203348320705e+04 -1.199820287580490162e-12
5.504758329757225147e+04 -1.242822711098887410e-12
5.506170456167411612e+04 -1.262731657780481800e-12
5.507582582579968584e+04 -1.287928424467392465e-12
5.508994708989648643e+04 -1.379198558663331339e-12
5.510406835406757455e+04 -1.341239793264868396e-12
5.511818961824496364e+04 -1.449546104411090248e-12
5.513231088231535978e+04 -1.435851178605806162e-12
5.514643214644037653e+04 -1.431084304551532094e-12
5.516055341056761972e+04 -1.499216905151735760e-12
5.517467467466123344e+04 -1.467965529067400448e-12
5.518879593880425818e+04 -1.504660773524568701e-12
5.520291720287664066e+04 -1.494019552842242741e-12
5.521703846701236762e+04 -1.626153508037097356e-12
5.523115973116691021e+04 -1.664737139527901123e-12
5.524528099532661872e+04 -1.603637141111197302e-12
5.525940225940894743e+04 -1.645325933328903487e-12
5.527352352350194997e+04 -1.656931694351828883e-12
5.528764478760860220e+04 -1.731338515521846199e-12
5.530176605179400940e+04 -1.701049661911289049e-12
5.531588731591061514e+04 -1.696002304368849077e-12
5.533000857997634012e+04 -1.855952890006984542e-12
5.534412984412929654e+04 -1.884153251457457163e-12
5.535825110830578342e+04 -1.927239080137802604e-12
5.537237237237246882e+04 -1.994257145630354192e-12
5.538649363646608981e+04 -2.016365230836070111e-12
5.540061490056812909e+04 -2.048905014885829558e-12
5.541473616465909436e+04 -2.150953584707945434e-12
5.542885742892111739e+04 -2.175867513728731841e-12
5.544297869301591709e+04 -2.202035210667842844e-12
5.545709995714197430e+04 -2.312363424369045382e-12
5.547122122117242543e+04 -2.401986306616498804e-12
5.548534248529394972e+04 -2.429698007985070200e-12
5.549946374954585190e+04 -2.467938938427383644e-12
5.551358501359717775e+04 -2.566472384246728371e-12
5.552770627770481951e+04 -2.538934892047065910e-12
5.554182754177046445e+04 -2.603379504720137210e-12
5.555594880593526614e+04 -2.644706762465687045e-12
5.557007007008006622e+04 -2.732567710666975265e-12
5.558419133417341800e+04 -2.713017271657305112e-12
5.559831259827730537e+04 -2.799011356737719079e-12
5.561243386244012072e+04 -2.893816120982368484e-12
5.562655512660097156e+04 -2.908178624394378430e-12
5.564067639072473685e+04 -2.914999014250500609e-12
5.565479765480694186e+04 -2.932143483386862235e-12
5.566891891892282001e+04 -2.987836943966927684e-12
5.568304018296689901e+04 -3.068147034522769286e-12
5.569716144716894632e+04 -3.185067955440419705e-12
5.571128271127011976e+04 -3.073588212406506993e-12
5.572540397543313884e+04 -3.160543138405014728e-12
5.573952523947188456e+04 -3.152815381101564144e-12
5.575364650355968479e+04 -3.060993024018852313e-12
5.576776776784095273e+04 -3.182602458495881589e-12
5.578188903186081006e+04 -3.274050164972098187e-12
5.579601029600440961e+04 -3.344938835339112847e-12
5.581013156013558910e+04 -3.384895625201837062e-12
5.582425282426869671e+04 -3.298154929397528065e-12
5.583837408843790035e+04 -3.381346533774240334e-12
5.585249535250818735e+04 -3.384617495891629311e-12
5.586661661660189566e+04 -3.435753267944566246e-12
5.588073788074465119e+04 -3.483325487191019851e-12
5.589485914491608128e+04 -3.439870725193506118e-12
5.590898040903056244e+04 -3.349382514390835772e-12
5.592310167307274241e+04 -3.268637237223859117e-12
5.593722293721768801e+04 -3.395381806450056994e-12
5.595134420133540698e+04 -3.461203276917554613e-12
5.596546546547846083e+04 -3.363891313147392894e-12
5.597958672957863018e+04 -3.449699754480243639e-12
5.599370799373262707e+04 -3.470213724897102592e-12
5.600782925775561307e+04 -3.428091763935082424e-12
5.602195052197586483e+04 -3.430214559831130016e-12
5.603607178613273572e+04 -3.384024579357292793e-12
5.605019305020626780e+04 -3.395575521664905310e-12
5.606431431425679330e+04 -3.491894022336694794e-12
5.607843557838676497e+04 -3.457055215355157547e-12
5.609255684263308649e+04 -3.485608367188227059e-12
5.610667810674388602e+04 -3.611683340940877602e-12
5.612079937084211997e+04 -3.679398915731337878e-12
5.613492063488050189e+04 -3.671868236754104399e-12
5.614904189902516373e+04 -3.629722734012502304e-12
5.616316316324528452e+04 -3.754977444902278910e-12
5.617728442731657560e+04 -3.708804952607559390e-12
5.619140569138645515e+04 -3.740976812273561990e-12
5.620552695548112388e+04 -3.707947359208490681e-12
5.621964821957037202e+04 -3.642523072193659587e-12
5.623376948376073415e+04 -3.532983171797326681e-12
5.624789074785629782e+04 -3.512119101486965465e-12
5.626201201203185337e+04 -3.563527958183056968e-12
5.627613327607072279e+04 -3.635456838896470839e-12
5.629025454033690039e+04 -3.669417537499589360e-12
5.630437580440882448e+04 -3.714596566695936240e-12
5.631849706849504582e+04 -3.767364793007335955e-12
5.633261833263316657e+04 -3.735619712174046436e-12
5.634673959665631992e+04 -3.758604224202496688e-12
5.636086086093063932e+04 -3.788142095044379583e-12
5.637498212502080423e+04 -3.827201270482745287e-12
5.638910338910367864e+04 -3.909440105408648882e-12
5.640322465318997274e+04 -4.034776539904689489e-12
5.641734591732887930e+04 -4.012860824669274369e-12
5.643146718151354435e+04 -4.003478752883463472e-12
5.644558844557771954e+04 -3.908990457418627227e-12
5.645970970970115013e+04 -4.028412187950189260e-12
5.647383097378123784e+04 -4.042843298834124928e-12
5.648795223796638311e+04 -4.111982814978176188e-12
5.650207350205694092e+04 -4.219038048695168476e-12
5.651619476615840540e+04 -4.255052935722409269e-12
5.653031603030782571e+04 -4.272332938246936734e-12
5.654443729438915034e+04 -4.253869120520557507e-12
5.655855855855951086e+04 -4.299858323245671554e-12
5.657267982269597996e+04 -4.279863280913033333e-12
5.658680108681400452e+04 -4.344747115930883041e-12
5.660092235089420865e+04 -4.378274645789687378e-12
5.661504361498358048e+04 -4.303298786176052756e-12
5.662916487921296357e+04 -4.371727004265582483e-12
5.664328614328418917e+04 -4.452864420218172883e-12
5.665740740737565648e+04 -4.414726737294884498e-12
