5.299999999999943248e+04 4.608286847046461701e-12
5.301412126410899509e+04 4.616921185118602310e-12
5.302824252819348476e+04 4.653337703176249885e-12
5.304236379239276721e+04 4.655228818131598957e-12
5.305648505651111191e+04 4.641801909523383059e-12
5.307060632059747149e+04 4.597613099125764612e-12
5.308472758467983658e+04 4.572581845273133892e-12
5.309884884879996389e+04 4.610008817577581733e-12
5.311297011301336897e+04 4.649349932112330069e-12
5.312709137708795606e+04 4.668115532623653920e-12
5.314121264119052648e+04 4.682734064836775237e-12
5.315533390530192992e+04 4.667059951735235173e-12
5.316945516951137688e+04 4.630266683977628597e-12
5.318357643360430666e+04 4.638864644257679214e-12
5.319769769771907158e+04 4.685039632867434140e-12
5.321181896178235911e+04 4.738095383325862390e-12
5.322594022591315297e+04 4.674512835319779363e-12
5.324006149010885565e+04 4.684157703386334842e-12
5.325418275420065766e+04 4.748440462345203907e-12
5.326830401831456402e+04 4.769770308992310279e-12
5.328242528239970125e+04 4.736089056248144021e-12
5.329654654649314034e+04 4.653502416365003120e-12
5.331066781071720470e+04 4.633473080519321646e-12
5.332478907481548231e+04 4.678888169055694957e-12
5.333891033891838015e+04 4.688322231509787456e-12
5.335303160301606113e+04 4.684391157535672989e-12
5.336715286719474534e+04 4.561056694160170375e-12
5.338127413131039066e+04 4.513626416075127087e-12
5.339539539538417739e+04 4.467829408064073946e-12
5.340951665949240851e+04 4.487643620683238948e-12
5.342363792361268133e+04 4.471694808856009145e-12
5.343775918781472865e+04 4.349890220060061514e-12
5.345188045189766854e+04 4.381136565721006656e-12
5.346600171598164889e+04 4.278379623680724852e-12
5.348012298011875828e+04 4.188446601359687468e-12
5.349424424420154537e+04 4.171175539165536093e-12
5.350836550841856661e+04 4.078175495914350304e-12
5.352248677251450863e+04 4.073437028112267416e-12
5.353660803658609075e+04 3.835101702465065533e-12
5.355072930067911511e+04 3.744534369616266812e-12
5.356485056490904390e+04 3.642743209666856846e-12
5.357897182899253676e+04 3.579008863440372548e-12
5.359309309309069795e+04 3.487005204316506881e-12
5.360721435719531291e+04 3.330771052088101289e-12
5.362133562131979124e+04 3.277744085723361511e-12
5.363545688549108309e+04 3.282274096089046294e-12
5.364957814958054951e+04 3.221054570679576801e-12
5.366369941369007574e+04 3.140288676217477165e-12
5.367782067779067438e+04 3.047772357235492394e-12
5.369194194189902191e+04 2.858160927441796516e-12
5.370606320611652336e+04 2.766009408973508833e-12
5.372018447020305757e+04 2.726062540761843008e-12
5.373430573429806827e+04 2.600180154861583625e-12
5.374842699838792760e+04 2.580996465389431127e-12
5.376254826250789483e+04 2.560815482818579611e-12
5.377666952669018792e+04 2.479923089839479590e-12
5.379079079079100484e+04 2.251287397784456815e-12
5.380491205490307038e+04 2.100129396225672119e-12
5.381903331900636113e+04 2.080819814217439306e-12
5.383315458319257596e+04 1.893150553271582708e-12
5.384727584731034585e+04 1.857242244899674174e-12
5.386139711141089356e+04 1.843515565105213485e-12
5.387551837548201729e+04 1.704988023857039209e-12
5.388963963958727982e+04 1.633288058440276811e-12
5.390376090381018730e+04 1.638687045444901020e-12
5.391788216789655417e+04 1.568157532174659933e-12
5.393200343199168856e+04 1.437389879594504965e-12
5.394612469610964763e+04 1.294021459768807752e-12
5.396024596021576872e+04 1.206430553702652732e-12
5.397436722440546873e+04 1.175454324036691507e-12
5.398848848849217029e+04 1.171528173657550200e-12
5.400260975260957639e+04 1.084339638922117338e-12
5.401673101669670723e+04 1.041785234812713367e-12
5.403085228091296449e+04 9.120647172619080869e-13
5.404497354499853827e+04 1.025203475914791379e-12
5.405909480909900594e+04 1.069653691331672354e-12
5.407321607318872702e+04 9.967820618065491064e-13
5.408733733731043321e+04 9.703125122408620136e-13
5.410145860150195949e+04 8.797010942801505792e-13
5.411557986560006975e+04 8.054099544504835955e-13
5.412970112970341870e+04 8.290686615198523218e-13
5.414382239377879887e+04 9.334770530617170401e-13
5.415794365791148448e+04 8.142554579362572653e-13
5.417206492211015575e+04 7.516227850219015600e-13
5.418618618621957285e+04 6.926223617406025390e-13
5.420030745029596437e+04 5.702278505192661187e-13
5.421442871439368901e+04 5.596789346680400259e-13
5.422854997849832580e+04 5.560336564452085609e-13
5.424267124270438217e+04 5.266290382946515718e-13
5.425679250680500991e+04 6.473119564081186374e-13
5.427091377088318404e+04 5.841369305705755529e-13
5.428503503499137150e+04 5.533324964953670668e-13
5.429915629920693027e+04 5.622334472352989419e-13
5.431327756329801923e+04 4.254156811522348143e-13
5.432739882738918095e+04 3.974284523730023700e-13
5.434152009150959202e+04 4.021320762721990972e-13
5.435564135559619899e+04 3.578221454382431767e-13
5.436976261982003052e+04 4.561713337634023520e-13
5.438388388387976011e+04 4.779105962694231854e-13
5.439800514798045333e+04 5.557400586895835706e-13
5.441212641209745198e+04 4.529102474437002793e-13
5.442624767619159684e+04 4.489553129708701480e-13
5.444036894041976484e+04 4.548972588796016559e-13
5.445449020448593365e+04 3.626860512907171326e-13
5.446861146860106965e+04 3.024379132956270127e-13
5.448273273271600920e+04 2.950873647389075092e-13
5.449685399690701888e+04 2.911521246459696677e-13
5.451097526101543190e+04 2.699088575227743915e-13
5.452509652509212174e+04 2.395658779179651357e-13
5.453921778920169163e+04 1.786166199987097799e-13
5.455333905330423295e+04 1.836711068504490600e-13
5.456746031752015551e+04 2.029400881370579568e-13
5.458158158160048333e+04 1.740869126234848815e-13
5.459570284570109652e+04 1.003881191428857760e-13
5.460982410979230190e+04 3.754183795431381549e-14
5.462394537391000631e+04 -4.844103459396086088e-15
5.463806663810867758e+04 -5.781774350319691168e-14
5.465218790218140930e+04 -3.242229511778881577e-14
5.466630916631213768e+04 -6.514950665140375360e-14
5.468043043040355406e+04 -1.280436603326369459e-13
5.469455169460399338e+04 -1.553194675120681826e-13
5.470867295871754322e+04 -1.460182663746331130e-13
5.472279422281266307e+04 -1.116330910445478892e-13
5.473691548689731280e+04 -6.968769775950534197e-14
5.475103675100832334e+04 -8.886396396539059477e-14
5.476515801518480293e+04 -1.093291515876107448e-13
5.477927927927908604e+04 -1.417891255356104219e-13
5.479340054338577465e+04 -2.251302874114708842e-13
5.480752180749322724e+04 -3.003288836684822447e-13
5.482164307160263706e+04 -1.707653151758952872e-13
5.483576433581436140e+04 -1.241641704843172446e-13
5.484988559991648071e+04 -2.044505825436548004e-13
5.486400686399574624e+04 -2.003377900412265163e-13
5.487812812809216848e+04 -1.583451302444424810e-13
5.489224939220658416e+04 -1.562217731015945736e-13
5.490637065637968772e+04 -1.240690314799145247e-13
5.492049192050947750e+04 -1.580348680135240710e-13
5.493461318461581686e+04 -4.940491039413371072e-14
5.494873444870043022e+04 -3.566489901943811129e-14
5.496285571290014195e+04 -1.396542547552870302e-13
5.497697697700633580e+04 -1.468763353570168482e-13
5.499109824108897737e+04 -1.269171418027984057e-13
5.500521950519612437e+04 -6.848482563377671831e-14
5.501934076931342861e+04 -5.070170956242552259e-14
5.503346203350435826e+04 -1.736849312473111756e-13
5.504758329760241759e+04 -1.615695547184989091e-13
5.506170456169867975e+04 -6.542341002713641621e-14
5.507582582580435701e+04 -1.441688126075178809e-13
5.508994708987949707e+04 -1.789260602223372816e-13
5.510406835411993961e+04 -1.823365208387607918e-13
5.511818961819755350e+04 -2.182778551707962050e-13
5.513231088230381283e+04 -2.291388511957000400e-13
5.514643214641649683e+04 -1.981011144663830216e-13
5.516055341058973136e+04 -1.966861490187375022e-13
5.517467467470404517e+04 -2.107418764526293883e-13
5.518879593877975276e+04 -8.409489412685948687e-14
5.520291720289250225e+04 -1.533063988966170428e-13
5.521703846699430142e+04 -1.362753051466911534e-13
5.523115973121298885e+04 -2.027592897965975803e-13
5.524528099529611063e+04 -2.783263224528245670e-13
5.525940225940768141e+04 -2.875348085095359674e-13
5.527352352348338900e+04 -2.772567661294436797e-13
5.528764478760957718e+04 -2.689851265746851739e-13
5.530176605178181489e+04 -2.540937514524407776e-13
5.531588731591578107e+04 -2.341315279936234902e-13
5.533000858000423614e+04 -2.875632896127648064e-13
5.534412984408812918e+04 -2.709369911172402527e-13
5.535825110830641643e+04 -3.231155841943126502e-13
5.537237237241023104e+04 -4.210760357594441657e-13
5.538649363651618478e+04 -4.717790652968947518e-13
5.540061490061865334e+04 -4.703725835821259981e-13
5.541473616470095294e+04 -5.184705011455175139e-13
5.542885742889314133e+04 -5.177172668622526507e-13
5.544297869299669401e+04 -5.195558129728121422e-13
5.545709995708295173e+04 -5.464256129360024548e-13
5.547122122120224958e+04 -5.546481680362602791e-13
5.548534248529689648e+04 -6.174653621406835684e-13
5.549946374949625169e+04 -7.174079772943583088e-13
5.551358501358921785e+04 -7.058604048873635419e-13
5.552770627771192812e+04 -7.921951125068510011e-13
5.554182754180672055e+04 -8.285557856353619782e-13
5.555594880590527464e+04 -9.375608454440854612e-13
5.557007007009548397e+04 -1.099525607735454972e-12
5.558419133417974081e+04 -1.099953430264807428e-12
5.559831259828016482e+04 -1.149143325445611031e-12
5.561243386238374660e+04 -1.283689875041405160e-12
5.562655512661496323e+04 -1.354502381401175431e-12
5.564067639070744190e+04 -1.378673142347743492e-12
5.565479765479362686e+04 -1.484950682036615681e-12
5.566891891888906684e+04 -1.552909624245224025e-12
5.568304018298049050e+04 -1.723489011291937850e-12
5.569716144717869611e+04 -1.789514874366503751e-12
5.571128271128487540e+04 -1.805409147910955153e-12
5.572540397541157290e+04 -1.863531201849058582e-12
5.573952523948310409e+04 -1.891492979429660982e-12
5.575364650360438100e+04 -1.964153727594706846e-12
5.576776776781907392e+04 -1.962948431545298970e-12
5.578188903191917780e+04 -2.059327272909850213e-12
5.579601029598688910e+04 -2.098489395830423592e-12
5.581013156010174862e+04 -2.116061630541697626e-12
5.582425282428442733e+04 -2.158308196343862187e-12
5.583837408837997646e+04 -2.371593482729920411e-12
5.585249535249245673e+04 -2.500251109747462212e-12
5.586661661660003301e+04 -2.458791107179149505e-12
5.588073788071551826e+04 -2.493939818468135652e-12
5.589485914490502910e+04 -2.564552957105303848e-12
5.590898040900331398e+04 -2.544114432643553040e-12
5.592310167310506222e+04 -2.505460121733741017e-12
5.593722293719713343e+04 -2.579730355221676324e-12
5.595134420129133650e+04 -2.753238448053602421e-12
5.596546546549221966e+04 -2.813623840727018649e-12
5.597958672960359399e+04 -2.894948904082829076e-12
5.599370799370205350e+04 -2.865176455513976356e-12
5.600782925780145160e+04 -2.950011966337971216e-12
5.602195052201911312e+04 -2.945291980953940827e-12
5.603607178608604590e+04 -3.108867440530039319e-12
5.605019305020867614e+04 -3.119072159218840267e-12
5.606431431430953671e+04 -3.120144745446819848e-12
5.607843557840163703e+04 -3.067701944688730902e-12
5.609255684258938709e+04 -3.093168292841751508e-12
5.610667810671660118e+04 -3.114007976672384734e-12
5.612079937080428499e+04 -3.158771787215242772e-12
5.613492063488181157e+04 -3.177840794798330229e-12
5.614904189899679477e+04 -3.266354003824363739e-12
5.616316316321839986e+04 -3.273231281282748669e-12
5.617728442730351526e+04 -3.385421982786663744e-12
5.619140569137888815e+04 -3.355242921020650381e-12
5.620552695548488555e+04 -3.422906750521334362e-12
5.621964821959842084e+04 -3.440762584303057046e-12
5.623376948382015689e+04 -3.602569185574368772e-12
5.624789074789721053e+04 -3.747842203430879387e-12
5.626201201199499337e+04 -3.827812293450101322e-12
5.627613327609108819e+04 -3.784785224223282395e-12
5.629025454028990498e+04 -3.908522892153272266e-12
5.630437580441629689e+04 -3.959824024858528169e-12
5.631849706849915674e+04 -4.030750455631214402e-12
5.633261833260209096e+04 -4.121092515073091101e-12
5.634673959668375755e+04 -4.204515484373119315e-12
5.636086086088184675e+04 -4.312765491955819032e-12
5.637498212499395595e+04 -4.448622778281059224e-12
5.638910338908255653e+04 -4.582059776812768168e-12
5.640322465320487390e+04 -4.650944051885854148e-12
5.641734591730433749e+04 -4.711267028524535283e-12
5.643146718151648383e+04 -4.853739202569902961e-12
5.644558844561180013e+04 -4.831909345916377928e-12
5.645970970969718473e+04 -4.808522118299062977e-12
5.647383097381336120e+04 -4.836741437770564265e-12
5.648795223800805252e+04 -4.919174234247700671e-12
5.650207350208970456e+04 -5.113049345792845442e-12
5.651619476618922636e+04 -5.094048208072771707e-12
5.653031603030728002e+04 -5.184133331604669590e-12
5.654443729440111201e+04 -5.233311107167077611e-12
5.655855855860743759e+04 -5.410063621843411881e-12
5.657267982267874322e+04 -5.479562361569137346e-12
5.658680108677886165e+04 -5.537312343222506661e-12
5.660092235088512825e+04 -5.574427462596122039e-12
5.661504361498904473e+04 -5.617172144714331248e-12
5.662916487921592488e+04 -5.561932136030618586e-12
5.664328614328343974e+04 -5.675448117806053978e-12
5.665740740741702029e+04 -5.748021604718653917e-12
