5.300000000000618456e+04 -1.127543364013558346e-12
5.301412126412420184e+04 -1.059630175684706527e-12
5.302824252819588582e+04 -1.046450100130771990e-12
5.304236379241848044e+04 -1.148102247702043398e-12
5.305648505649093568e+04 -1.210738179758968686e-12
5.307060632054163580e+04 -1.219783621440181332e-12
5.308472758468129905e+04 -1.070573400135200707e-12
5.309884884884671919e+04 -1.038700195550783621e-12
5.311297011300203303e+04 -1.125925710041948980e-12
5.312709137707025366e+04 -1.054052050460121749e-12
5.314121264117738610e+04 -9.479725242673064882e-13
5.315533390523160051e+04 -9.614487817332247482e-13
5.316945516944072006e+04 -9.097745488787872456e-13
5.318357643359487702e+04 -8.610932258473296730e-13
5.319769769767129765e+04 -9.357412229219955883e-13
5.321181896176365262e+04 -9.062862969738113806e-13
5.322594022599161690e+04 -8.744244194043585812e-13
5.324006149008217471e+04 -8.388098627185190234e-13
5.325418275417594123e+04 -7.808364034316579024e-13
5.326830401831148629e+04 -7.457123455524502838e-13
5.328242528232790210e+04 -6.356921899121834108e-13
5.329654654653392936e+04 -7.021003694803133583e-13
5.331066781066953263e+04 -7.329567205903033520e-13
5.332478907476651511e+04 -5.703770282294482535e-13
5.333891033893636632e+04 -6.043390124906502572e-13
5.335303160300456511e+04 -5.536649159988993652e-13
5.336715286722101155e+04 -4.998214426027573491e-13
5.338127413123621227e+04 -5.132591882177964896e-13
5.339539539533380594e+04 -5.157401950817288707e-13
5.340951665942746331e+04 -4.613548997835642845e-13
5.342363792361181549e+04 -3.373686128095038960e-13
5.343775918774965248e+04 -3.693779759255278936e-13
5.345188045184299699e+04 -4.214066271723350596e-13
5.346600171605527430e+04 -4.786950754645544612e-13
5.348012298002564785e+04 -4.796021740698436200e-13
5.349424424415491376e+04 -3.929303553170772168e-13
5.350836550839883421e+04 -3.224525745655901539e-13
5.352248677244795545e+04 -4.007589631217322610e-13
5.353660803652592585e+04 -4.346753268536982212e-13
5.355072930068684946e+04 -4.336754248430454175e-13
5.356485056485154200e+04 -4.167961414950905006e-13
5.357897182894575963e+04 -3.302252503515243276e-13
5.359309309316636063e+04 -2.773648056196053616e-13
5.360721435719915462e+04 -2.794399147610883279e-13
5.362133562124891614e+04 -2.902885391072932971e-13
5.363545688550194609e+04 -3.665260679095190227e-13
5.364957814962170232e+04 -3.695576458180670917e-13
5.366369941378881049e+04 -4.144985541562372684e-13
5.367782067782011291e+04 -3.820820434402505390e-13
5.369194194197495381e+04 -2.198288815797493299e-13
5.370606320613857679e+04 -2.082443918475795484e-13
5.372018447022201144e+04 -1.826575243337300346e-13
5.373430573422700400e+04 -6.983014379855533384e-14
5.374842699838194676e+04 -1.431473337909180982e-13
5.376254826243575371e+04 -1.581999211531616036e-13
5.377666952672563639e+04 -2.656131447700295262e-13
5.379079079087363061e+04 -2.632252537808392327e-13
5.380491205485209503e+04 -2.746135127434183791e-13
5.381903331895116571e+04 -1.660007191831453834e-13
5.383315458324909559e+04 -8.666380661727420733e-14
5.384727584738152655e+04 -1.119841377514090580e-13
5.386139711137190170e+04 -1.017585773455921346e-13
5.387551837547746982e+04 -1.112995173434901903e-13
5.388963963964580762e+04 -2.650678857048453975e-13
5.390376090386315627e+04 -2.633580532666290200e-13
5.391788216798251960e+04 -2.744263435857993298e-13
5.393200343201601936e+04 -3.808974720270052694e-13
5.394612469606394734e+04 -4.099199403555822664e-13
5.396024596017199656e+04 -3.828550926822365432e-13
5.397436722444784391e+04 -3.601354441839340455e-13
5.398848848843059386e+04 -3.625902036200867706e-13
5.400260975268875336e+04 -3.044340278642476689e-13
5.401673101663885609e+04 -3.408404600721175202e-13
5.403085228089267184e+04 -3.724092413646976207e-13
5.404497354504486430e+04 -2.872388379748021071e-13
5.405909480916253233e+04 -3.154485734503453498e-13
5.407321607316362497e+04 -3.926322595301513007e-13
5.408733733724902413e+04 -4.148044616776213777e-13
5.410145860145845654e+04 -3.976042722781225480e-13
5.411557986563314626e+04 -4.945085257630291179e-13
5.412970112965525186e+04 -5.301569072590728694e-13
5.414382239376973303e+04 -4.886965953261095357e-13
5.415794365785451373e+04 -5.364794126601820476e-13
5.417206492205841641e+04 -5.834779318546488037e-13
5.418618618621808128e+04 -6.750908288869318724e-13
5.420030745030730759e+04 -6.029597726547060365e-13
5.421442871435129200e+04 -6.932240518501210740e-13
5.422854997847522463e+04 -7.143076106834928438e-13
5.424267124262503785e+04 -7.923524623699735682e-13
5.425679250674811192e+04 -8.212652539467570659e-13
5.427091377096265933e+04 -8.349251652897881808e-13
5.428503503506788547e+04 -7.957640030425697379e-13
5.429915629921983782e+04 -8.079646823888043473e-13
5.431327756328014948e+04 -8.805656925660370539e-13
5.432739882747137017e+04 -7.907894905395719072e-13
5.434152009150780941e+04 -8.673601116990963226e-13
5.435564135565637844e+04 -9.305001740392832585e-13
5.436976261987681937e+04 -8.066829329988987478e-13
5.438388388398067764e+04 -8.247392884950190832e-13
5.439800514808794105e+04 -7.852887796034679933e-13
5.441212641213662573e+04 -8.324797799349853580e-13
5.442624767622491345e+04 -8.064260831699123415e-13
5.444036894032383134e+04 -8.826154916878753393e-13
5.445449020455418213e+04 -7.993055309765507696e-13
5.446861146858128632e+04 -7.976263205374106826e-13
5.448273273263574811e+04 -8.375536577002918612e-13
5.449685399690349732e+04 -8.978733714316809899e-13
5.451097526103266136e+04 -8.919783241401259061e-13
5.452509652518955409e+04 -8.883418055151327861e-13
5.453921778918895870e+04 -9.452187316360929728e-13
5.455333905325221713e+04 -1.051529563286216203e-12
5.456746031745561777e+04 -1.052998169364362560e-12
5.458158158167579677e+04 -1.065008242389816309e-12
5.459570284566653572e+04 -1.109169539629055606e-12
5.460982410980507848e+04 -1.031281547570496133e-12
5.462394537385878357e+04 -1.012298407898252011e-12
5.463806663814589410e+04 -9.760813321336493997e-13
5.465218790217494097e+04 -9.693938624986519747e-13
5.466630916625290411e+04 -8.815155994761572300e-13
5.468043043039723852e+04 -8.922845441308883067e-13
5.469455169457825104e+04 -8.697917484012527094e-13
5.470867295865440246e+04 -9.071330889890829839e-13
5.472279422277394769e+04 -8.891548508375448823e-13
5.473691548695974780e+04 -9.417171997825380835e-13
5.475103675109105825e+04 -9.118719995808207461e-13
5.476515801524022390e+04 -9.315806931495449803e-13
5.477927927925355471e+04 -9.112814324557788653e-13
5.479340054340452480e+04 -9.698075719555596331e-13
5.480752180745903752e+04 -9.509337965657305166e-13
5.482164307161097531e+04 -1.010276731020463180e-12
5.483576433575165720e+04 -1.001295736148530816e-12
5.484988559983189771e+04 -9.945776445144571000e-13
5.486400686407554895e+04 -9.622183156947045579e-13
5.487812812803970883e+04 -8.190917169511004528e-13
5.489224939225261187e+04 -7.794674750851984582e-13
5.490637065646744304e+04 -6.697457277012357423e-13
5.492049192056353786e+04 -6.050995629575031423e-13
5.493461318464187207e+04 -6.184620034523650248e-13
5.494873444875732093e+04 -6.196406379474220515e-13
5.496285571287004132e+04 -6.151885742449903024e-13
5.497697697697843250e+04 -6.561570593764637441e-13
5.499109824105214648e+04 -5.283114631106616784e-13
5.500521950514803757e+04 -6.105502787930743781e-13
5.501934076925792760e+04 -5.358126030068279842e-13
5.503346203344178502e+04 -6.165959363249840788e-13
5.504758329766878887e+04 -6.943595655709687416e-13
5.506170456176050357e+04 -7.081557135629512528e-13
5.507582582577857829e+04 -6.579243861802926004e-13
5.508994708982427983e+04 -7.249578169744589616e-13
5.510406835407787003e+04 -6.539497756879475228e-13
5.511818961827103340e+04 -6.489227683293903801e-13
5.513231088226230349e+04 -5.688606143364176110e-13
5.514643214644573891e+04 -5.013522300871912123e-13
5.516055341053091252e+04 -4.263283323503953375e-13
5.517467467463031062e+04 -3.690326972624743256e-13
5.518879593875069259e+04 -3.421953272965521361e-13
5.520291720295401319e+04 -3.622808589355410524e-13
5.521703846701831208e+04 -3.141080798173139041e-13
5.523115973115266388e+04 -2.987245873834199757e-13
5.524528099536571972e+04 -1.471944371790354580e-13
5.525940225944734993e+04 -1.024875684052337163e-13
5.527352352351156878e+04 -8.039324233993169602e-15
5.528764478758487530e+04 1.273474080084012498e-13
5.530176605181771447e+04 1.669522767728468821e-13
5.531588731595574063e+04 2.261489755585215884e-13
5.533000857994622493e+04 2.778526586518665743e-13
5.534412984411248908e+04 2.957209075822327842e-13
5.535825110825772572e+04 3.680625681754524002e-13
5.537237237236268993e+04 4.841086957767942445e-13
5.538649363656909554e+04 6.018234098584130575e-13
5.540061490064957616e+04 6.243112060779953870e-13
5.541473616477293399e+04 6.613125799822037537e-13
5.542885742899145407e+04 6.631299018865652881e-13
5.544297869303833431e+04 6.591402928640604071e-13
5.545709995709344366e+04 7.783261127788522114e-13
5.547122122123734880e+04 8.628878258197627737e-13
5.548534248522388953e+04 9.934112846578444132e-13
5.549946374946149444e+04 9.927113532503875263e-13
5.551358501352120220e+04 9.639679200766583493e-13
5.552770627774944296e+04 9.874306207566271940e-13
5.554182754183351790e+04 1.031606291587269610e-12
5.555594880586360523e+04 1.032443709521191462e-12
5.557007007018178410e+04 1.076388153011870394e-12
5.558419133420632716e+04 1.190194500109349776e-12
5.559831259829724877e+04 1.184680040520599427e-12
5.561243386249132891e+04 1.189643304125977556e-12
5.562655512654178165e+04 1.173518634326687029e-12
5.564067639078381762e+04 1.278584587973547585e-12
5.565479765479630441e+04 1.260497610478350959e-12
5.566891891887735983e+04 1.277082235202541519e-12
5.568304018293607805e+04 1.148264859170136357e-12
5.569716144727040955e+04 1.234976361533950560e-12
5.571128271136002877e+04 1.254478200374220763e-12
5.572540397541199491e+04 1.353880959008246303e-12
5.573952523952740739e+04 1.415423677886415185e-12
5.575364650356023049e+04 1.406414560770433063e-12
5.576776776781694934e+04 1.380519598449551148e-12
5.578188903183239745e+04 1.418729603909136148e-12
5.579601029592260602e+04 1.403134882175491806e-12
5.581013156014929700e+04 1.480312318867731172e-12
5.582425282429700019e+04 1.434984260969811234e-12
5.583837408838995179e+04 1.334211636581191528e-12
5.585249535243828723e+04 1.263396076431730899e-12
5.586661661667111912e+04 1.237267387015858765e-12
5.588073788071983290e+04 1.281776775142556756e-12
5.589485914487249102e+04 1.217398084186673681e-12
5.590898040902841603e+04 1.238734743216491957e-12
5.592310167303429625e+04 1.189104606917738203e-12
5.593722293713870022e+04 1.297938941267246489e-12
5.595134420133953245e+04 1.210006308572922583e-12
5.596546546552263317e+04 1.289597258743375114e-12
5.597958672954297072e+04 1.179140583381582738e-12
5.599370799362073740e+04 1.124644673923489677e-12
5.600782925785385305e+04 1.239103457082920205e-12
5.602195052192984440e+04 1.313924874662558683e-12
5.603607178607600508e+04 1.331149436673567320e-12
5.605019305018180603e+04 1.351743668460475831e-12
5.606431431435997365e+04 1.294135563994225682e-12
5.607843557843396411e+04 1.250912299828730076e-12
5.609255684252477658e+04 1.204251872501615379e-12
5.610667810671425104e+04 1.159707487804544715e-12
5.612079937077476643e+04 1.136887224166420278e-12
5.613492063492687157e+04 1.164470771007792334e-12
5.614904189907307591e+04 1.235055103817289478e-12
5.616316316326376545e+04 1.198221213499865482e-12
5.617728442729624658e+04 1.162193494178530363e-12
5.619140569140207663e+04 1.199096127759186742e-12
5.620552695554436650e+04 1.320499230382601202e-12
5.621964821954593208e+04 1.287366227382106123e-12
5.623376948383519630e+04 1.282800424825962481e-12
5.624789074792011525e+04 1.375325107504209736e-12
5.626201201200911601e+04 1.350655025146377423e-12
5.627613327614372247e+04 1.335477762502180640e-12
5.629025454025268118e+04 1.319691809508998956e-12
5.630437580435394193e+04 1.261237537966233989e-12
5.631849706845406035e+04 1.318089466536927937e-12
5.633261833260316780e+04 1.210786232141231755e-12
5.634673959662448760e+04 1.177252018458962087e-12
5.636086086086552677e+04 1.224363651568384052e-12
5.637498212505758420e+04 1.222686315945513814e-12
5.638910338904595119e+04 1.097404843398279732e-12
5.640322465316410671e+04 1.105990252037247660e-12
5.641734591736609582e+04 1.042631461132230409e-12
5.643146718153672555e+04 1.007942360627656888e-12
5.644558844558652345e+04 1.048887098086377358e-12
5.645970970975006639e+04 1.063250690469405260e-12
5.647383097377365630e+04 1.047098523364822063e-12
5.648795223792496108e+04 9.571785854243255171e-13
5.650207350212279562e+04 9.458959411116215268e-13
5.651619476626645337e+04 9.196310150467981981e-13
5.653031603039147740e+04 8.816622359472832179e-13
5.654443729432862892e+04 7.810120995549683706e-13
5.655855855858713039e+04 7.777186723073805770e-13
5.657267982271880464e+04 6.362975314306963664e-13
5.658680108684962033e+04 5.601174969940831195e-13
5.660092235092310875e+04 4.705425252472618505e-13
5.661504361495032208e+04 4.602485340475909123e-13
5.662916487926366972e+04 3.821099415476114670e-13
5.664328614335959719e+04 3.865420072098301954e-13
5.665740740735693544e+04 3.482070139989136514e-13
