5.300000000000048021e+04 3.914520965714649553e-12
5.301412126410817291e+04 3.783055132014218410e-12
5.302824252818398963e+04 3.745017277684693208e-12
5.304236379238882364e+04 3.752326687485594751e-12
5.305648505649904109e+04 3.725096468324614829e-12
5.307060632059814088e+04 3.893358559482721654e-12
5.308472758469208929e+04 3.874837549741818953e-12
5.309884884878743469e+04 3.879363260496297952e-12
5.311297011300688609e+04 3.820260765303429153e-12
5.312709137708945491e+04 3.779787917288455265e-12
5.314121264118875843e+04 3.847540932711302111e-12
5.315533390531380428e+04 3.825711384395040504e-12
5.316945516951505851e+04 3.735523664345991987e-12
5.318357643358570203e+04 3.749847722693465145e-12
5.319769769769973209e+04 3.785554392444002247e-12
5.321181896179289470e+04 3.853143361174637545e-12
5.322594022588412918e+04 3.806760553340208771e-12
5.324006149011018715e+04 3.841709707978366655e-12
5.325418275420983264e+04 3.857132910797551439e-12
5.326830401830249320e+04 3.853675010314565943e-12
5.328242528238674277e+04 3.773029669742601124e-12
5.329654654649741860e+04 3.695578885846586372e-12
5.331066781068930868e+04 3.741314697389595122e-12
5.332478907481822534e+04 3.632103255144081639e-12
5.333891033889240498e+04 3.613147762252873056e-12
5.335303160301046591e+04 3.589420746634809443e-12
5.336715286718677817e+04 3.581899173330521568e-12
5.338127413131296635e+04 3.507660461295700036e-12
5.339539539540878468e+04 3.506022691578910374e-12
5.340951665950565803e+04 3.554264639760358361e-12
5.342363792359667423e+04 3.452581130895903956e-12
5.343775918779628410e+04 3.455248633670639112e-12
5.345188045190764387e+04 3.473641376313520520e-12
5.346600171598975430e+04 3.428229146163300179e-12
5.348012298010558879e+04 3.433163550123272846e-12
5.349424424418919807e+04 3.409596069205785690e-12
5.350836550841509597e+04 3.324474533241429106e-12
5.352248677250749461e+04 3.245896484010701886e-12
5.353660803659855446e+04 3.166193800052932728e-12
5.355072930068425194e+04 3.063494343846675713e-12
5.356485056491750584e+04 3.057085051403031829e-12
5.357897182900441112e+04 3.068936971218784065e-12
5.359309309310324898e+04 2.998141991014245654e-12
5.360721435719913279e+04 3.058190173014954360e-12
5.362133562130395876e+04 2.970063617322191183e-12
5.363545688549671468e+04 3.023422663501330382e-12
5.364957814959019015e+04 2.986114053576442203e-12
5.366369941370756715e+04 2.941397452660700464e-12
5.367782067781594378e+04 2.877568987542143850e-12
5.369194194188553956e+04 2.875752669492127892e-12
5.370606320610726834e+04 2.823032661183737400e-12
5.372018447019397718e+04 2.828227178964112777e-12
5.373430573430319782e+04 2.779384752958517820e-12
5.374842699839245324e+04 2.732866185789033920e-12
5.376254826248602330e+04 2.637195646678543517e-12
5.377666952671595209e+04 2.566539788991017254e-12
5.379079079079933581e+04 2.569581703824462105e-12
5.380491205488931882e+04 2.569074496026679378e-12
5.381903331900444755e+04 2.579545879597141367e-12
5.383315458321259212e+04 2.525855776437595766e-12
5.384727584730905801e+04 2.470901816137501439e-12
5.386139711140593863e+04 2.485319211109002203e-12
5.387551837550043274e+04 2.412196576001588295e-12
5.388963963961526315e+04 2.296122977207268270e-12
5.390376090381854738e+04 2.212452670906971245e-12
5.391788216788326099e+04 2.102675881104292143e-12
5.393200343199492636e+04 2.055558434454561792e-12
5.394612469609753316e+04 1.952104260237751668e-12
5.396024596018838929e+04 1.931123632325682784e-12
5.397436722441219172e+04 1.870590153158161942e-12
5.398848848851286311e+04 1.880682163144055887e-12
5.400260975259659608e+04 1.861296782341254908e-12
5.401673101669851894e+04 1.793935577616452045e-12
5.403085228089470911e+04 1.718551219292061876e-12
5.404497354500730580e+04 1.778244036165542811e-12
5.405909480911850551e+04 1.773922314051375119e-12
5.407321607321241027e+04 1.716817948527212974e-12
5.408733733728687366e+04 1.684849671964796501e-12
5.410145860149875080e+04 1.552895194565011636e-12
5.411557986559067649e+04 1.486704510356729893e-12
5.412970112970895570e+04 1.393099431151757829e-12
5.414382239380662213e+04 1.445953800244290392e-12
5.415794365789811854e+04 1.500942957409028626e-12
5.417206492209978023e+04 1.487121644815948809e-12
5.418618618618307664e+04 1.388101343176996763e-12
5.420030745030655817e+04 1.317093383647706323e-12
5.421442871438607108e+04 1.237772570686849619e-12
5.422854997849680512e+04 1.179291498282992338e-12
5.424267124269081251e+04 1.151884628822167128e-12
5.425679250680396945e+04 9.578532714258683656e-13
5.427091377091241156e+04 8.626969328677256614e-13
5.428503503499138606e+04 8.146879766086179730e-13
5.429915629918332706e+04 7.873026514916193997e-13
5.431327756330317789e+04 7.972822446231731413e-13
5.432739882741015754e+04 7.037254487235309367e-13
5.434152009148569778e+04 6.257311280048265154e-13
5.435564135560379509e+04 6.306371780099794993e-13
5.436976261980083655e+04 3.500204014293847447e-13
5.438388388390293403e+04 2.502127489252431530e-13
5.439800514799144003e+04 1.728001254898543516e-13
5.441212641208217974e+04 1.243604155495416803e-13
5.442624767619420163e+04 2.014027226824659675e-13
5.444036894040392508e+04 9.846657838359856553e-14
5.445449020449561067e+04 6.034154771382895309e-14
5.446861146858748543e+04 9.623742142359637498e-14
5.448273273270273785e+04 -1.504321019653636825e-14
5.449685399690783379e+04 -1.876937876254910803e-13
5.451097526100586401e+04 -2.878397562552544185e-13
5.452509652509052103e+04 -2.357796974836451975e-13
5.453921778920719953e+04 -2.556880031325843762e-13
5.455333905330007110e+04 -3.535013220347832982e-13
5.456746031749949179e+04 -4.274580928653097244e-13
5.458158158159774030e+04 -5.288654212232770272e-13
5.459570284568308853e+04 -4.672256216859078614e-13
5.460982410981249996e+04 -5.676246614332623731e-13
5.462394537389088509e+04 -5.929778587748358753e-13
5.463806663811207545e+04 -7.092411277120241823e-13
5.465218790220885421e+04 -7.069315207756930893e-13
5.466630916630272986e+04 -7.472607342820183242e-13
5.468043043040003977e+04 -8.020676802420910347e-13
5.469455169459769968e+04 -8.282536813535268583e-13
5.470867295870327507e+04 -8.426726080712655861e-13
5.472279422281523148e+04 -9.932669720395582895e-13
5.473691548691084608e+04 -1.119334216072224556e-12
5.475103675098781241e+04 -1.169556112760509885e-12
5.476515801520941022e+04 -1.237163795434313928e-12
5.477927927928914869e+04 -1.217706156167674396e-12
5.479340054340654024e+04 -1.389181617841393866e-12
5.480752180750031403e+04 -1.352982524974154847e-12
5.482164307160538738e+04 -1.287787276027618784e-12
5.483576433578944125e+04 -1.372611253635818320e-12
5.484988559991589136e+04 -1.454360550360611558e-12
5.486400686398414109e+04 -1.449148350900835832e-12
5.487812812808300077e+04 -1.476255397684978124e-12
5.489224939221184468e+04 -1.472500554874214418e-12
5.490637065640317451e+04 -1.534663012867071462e-12
5.492049192049474368e+04 -1.569910691527493243e-12
5.493461318461442715e+04 -1.565658963556638234e-12
5.494873444870486128e+04 -1.530758591706278871e-12
5.496285571288623032e+04 -1.541363736681920337e-12
5.497697697698278353e+04 -1.503635095299493301e-12
5.499109824110867339e+04 -1.534351735392434488e-12
5.500521950521093822e+04 -1.704822504729317334e-12
5.501934076930920128e+04 -1.750088602958544209e-12
5.503346203351680742e+04 -1.675948555360751677e-12
5.504758329758784384e+04 -1.753496205556907850e-12
5.506170456171571277e+04 -1.826805447314713810e-12
5.507582582578380243e+04 -1.819302821045414027e-12
5.508994708989362698e+04 -1.772607869966735464e-12
5.510406835409644555e+04 -1.712837000632776291e-12
5.511818961820266122e+04 -1.759811528698730458e-12
5.513231088229935267e+04 -1.719304965617103912e-12
5.514643214638441714e+04 -1.778002014240526593e-12
5.516055341059304192e+04 -1.826509220911807261e-12
5.517467467470275005e+04 -1.783014420712730380e-12
5.518879593881669280e+04 -1.820115445723531488e-12
5.520291720290592639e+04 -1.654642231580109467e-12
5.521703846701530711e+04 -1.647344859306708530e-12
5.523115973119855335e+04 -1.689386565107175112e-12
5.524528099528542953e+04 -1.688367687468220878e-12
5.525940225939641095e+04 -1.711982819013243922e-12
5.527352352350852743e+04 -1.788107543551913000e-12
5.528764478761751525e+04 -1.791545581282050269e-12
5.530176605180583283e+04 -1.777527972078680847e-12
5.531588731589062809e+04 -1.797373276338872517e-12
5.533000857999412256e+04 -1.735775166938243368e-12
5.534412984409924684e+04 -1.741145735639501035e-12
5.535825110831493657e+04 -1.718644982781491465e-12
5.537237237240621471e+04 -1.723284575538886075e-12
5.538649363650428859e+04 -1.702725610727087645e-12
5.540061490059956122e+04 -1.721372423452497900e-12
5.541473616471808054e+04 -1.691640429799973688e-12
5.542885742889568064e+04 -1.723277915772633576e-12
5.544297869301484752e+04 -1.733572582445588328e-12
5.545709995711326337e+04 -1.761806395081973317e-12
5.547122122120775020e+04 -1.716393915190518798e-12
5.548534248530492187e+04 -1.719876773147534768e-12
5.549946374949489109e+04 -1.636275262232625037e-12
5.551358501360623632e+04 -1.651645603157181205e-12
5.552770627768788108e+04 -1.646141039958925319e-12
5.554182754179028416e+04 -1.594949947487928772e-12
5.555594880588809610e+04 -1.547524286856037172e-12
5.557007007008355868e+04 -1.595891705033680138e-12
5.558419133418439014e+04 -1.656200550285507836e-12
5.559831259830681665e+04 -1.736473709820457148e-12
5.561243386240442487e+04 -1.799284629253310231e-12
5.562655512661509420e+04 -1.814171737538592466e-12
5.564067639071638405e+04 -1.871886870225761726e-12
5.565479765478858462e+04 -1.843646930604424478e-12
5.566891891889044200e+04 -1.850086125398541547e-12
5.568304018298297160e+04 -1.744566724368032028e-12
5.569716144719741715e+04 -1.843676633161909997e-12
5.571128271129114728e+04 -1.865293168854589106e-12
5.572540397538316029e+04 -1.794503716256039753e-12
5.573952523949250462e+04 -1.775536035992589208e-12
5.575364650358959625e+04 -1.758936302217840516e-12
5.576776776781388617e+04 -1.768958451255747089e-12
5.578188903190392011e+04 -1.786243474977867321e-12
5.579601029600945185e+04 -1.881390090277281498e-12
5.581013156010124658e+04 -1.936203163222306367e-12
5.582425282429836079e+04 -1.881549125495388790e-12
5.583837408841650176e+04 -1.988885776943189839e-12
5.585249535250452755e+04 -2.045964768757930134e-12
5.586661661661017570e+04 -2.048270113443859709e-12
5.588073788069772854e+04 -2.064293377851800695e-12
5.589485914489147399e+04 -2.069848555273574967e-12
5.590898040900068736e+04 -2.119549724838585108e-12
5.592310167311745317e+04 -2.072419891023625129e-12
5.593722293721660390e+04 -1.992843276441013746e-12
5.595134420130345825e+04 -2.050292950845362660e-12
5.596546546548751940e+04 -2.076048398068581040e-12
5.597958672959757678e+04 -2.015394843315529166e-12
5.599370799371087196e+04 -1.951711361308287142e-12
5.600782925778654317e+04 -1.990621445223889317e-12
5.602195052200150531e+04 -2.104631981628541983e-12
5.603607178608932736e+04 -2.200861741311246151e-12
5.605019305020177126e+04 -2.250669067550319731e-12
5.606431431428909127e+04 -2.262633071232100000e-12
5.607843557838858396e+04 -2.304014328013316449e-12
5.609255684259161353e+04 -2.347471034349429481e-12
5.610667810669302708e+04 -2.426445739258149358e-12
5.612079937078225339e+04 -2.388711770062720524e-12
5.613492063491021690e+04 -2.402033167302064389e-12
5.614904189900784695e+04 -2.453794468959591071e-12
5.616316316319668113e+04 -2.504091820799515790e-12
5.617728442731151881e+04 -2.462767438422094894e-12
5.619140569139154832e+04 -2.397185257056294802e-12
5.620552695551721990e+04 -2.321452925945216662e-12
5.621964821958724497e+04 -2.303987422557656636e-12
5.623376948381109105e+04 -2.320937326841956412e-12
5.624789074789216102e+04 -2.255643113768909649e-12
5.626201201201386721e+04 -2.315577946548002580e-12
5.627613327611096611e+04 -2.304453739390649403e-12
5.629025454028601962e+04 -2.256780601844819102e-12
5.630437580441875616e+04 -2.106269085368706092e-12
5.631849706849713402e+04 -2.096631604429537880e-12
5.633261833259888954e+04 -2.028388979641230261e-12
5.634673959668985481e+04 -2.102685598343616549e-12
5.636086086090031313e+04 -2.015452117305300052e-12
5.637498212499672081e+04 -1.969959653621153999e-12
5.638910338908963604e+04 -2.012803128680746782e-12
5.640322465320229094e+04 -2.130154736618901665e-12
5.641734591731149703e+04 -2.128649229859884997e-12
5.643146718151410460e+04 -1.980507125021049854e-12
5.644558844559227873e+04 -1.877004367809428270e-12
5.645970970968632173e+04 -1.836942410722811567e-12
5.647383097378951788e+04 -1.855456694099799416e-12
5.648795223800917302e+04 -1.857903225830279544e-12
5.650207350209235301e+04 -1.904149175468221434e-12
5.651619476621387003e+04 -1.884372200409779575e-12
5.653031603030752012e+04 -1.839353778887479471e-12
5.654443729441140022e+04 -1.855098531870745535e-12
5.655855855858906580e+04 -1.705225686978237380e-12
5.657267982271492656e+04 -1.595374574184181521e-12
5.658680108679409750e+04 -1.718245929587647827e-12
5.660092235088534653e+04 -1.631123799841071254e-12
5.661504361499818333e+04 -1.624893988097929440e-12
5.662916487918482744e+04 -1.607211243135216070e-12
5.664328614328573894e+04 -1.643712622792651341e-12
5.665740740740411275e+04 -1.485451802305249904e-12
