5.300000000000043656e+04 2.825253330450046885e-13
5.301412126411983627e+04 2.189778980921292645e-13
5.302824252822616836e+04 1.621411201807808218e-13
5.304236379241425311e+04 1.632698970882752086e-13
5.305648505647885031e+04 9.373445194258936819e-14
5.307060632061680371e+04 4.099830813034193229e-14
5.308472758471097768e+04 1.879683782922675140e-15
5.309884884879975289e+04 -8.276530283377582787e-14
5.311297011297703284e+04 -1.591509331724710309e-13
5.312709137712321535e+04 -6.845705090913359899e-14
5.314121264121029526e+04 -8.078232952330811131e-14
5.315533390529109602e+04 -2.109986309936546401e-13
5.316945516947784199e+04 -3.262696090108855945e-13
5.318357643360082875e+04 -2.471253786814285914e-13
5.319769769769169943e+04 -3.131230700322850327e-13
5.321181896180939657e+04 -4.144079563128501562e-13
5.322594022589033557e+04 -4.106560696174804154e-13
5.324006149010177614e+04 -4.959617230044475984e-13
5.325418275417877885e+04 -5.984662643609064033e-13
5.326830401830348274e+04 -6.512566042543083835e-13
5.328242528237440274e+04 -6.694753418191712538e-13
5.329654654649725126e+04 -6.216465704505005964e-13
5.331066781067532429e+04 -7.487971932368646824e-13
5.332478907478357723e+04 -8.328896619956883221e-13
5.333891033890859399e+04 -9.226671731776721687e-13
5.335303160300604213e+04 -9.630318208918162023e-13
5.336715286717765412e+04 -1.146166800910938024e-12
5.338127413129070192e+04 -1.135020846536681240e-12
5.339539539539485850e+04 -1.079216883441195724e-12
5.340951665952248732e+04 -1.196189151366843149e-12
5.342363792358847422e+04 -1.330322603525092801e-12
5.343775918777786865e+04 -1.244888368232836853e-12
5.345188045192348363e+04 -1.264300489882728544e-12
5.346600171601006150e+04 -1.352574230087613512e-12
5.348012298008675134e+04 -1.417589094480224890e-12
5.349424424419632123e+04 -1.514736007799672575e-12
5.350836550841524149e+04 -1.406320006998784664e-12
5.352248677250347828e+04 -1.442684020654055029e-12
5.353660803660994861e+04 -1.413828353487933979e-12
5.355072930067856942e+04 -1.459233674599302416e-12
5.356485056490313582e+04 -1.522670820040528460e-12
5.357897182902436907e+04 -1.479378367694459549e-12
5.359309309310362733e+04 -1.406127353065775579e-12
5.360721435721694434e+04 -1.347505096450285243e-12
5.362133562132689985e+04 -1.372517317652874123e-12
5.363545688552127103e+04 -1.335038246385338998e-12
5.364957814962267003e+04 -1.454493025647751410e-12
5.366369941368852596e+04 -1.507457970330438783e-12
5.367782067782219383e+04 -1.517526570829319949e-12
5.369194194187904213e+04 -1.516302731854881147e-12
5.370606320610846160e+04 -1.537555671564671752e-12
5.372018447019949963e+04 -1.443148919892397159e-12
5.373430573431395896e+04 -1.479689922186123898e-12
5.374842699837691907e+04 -1.555686158060221773e-12
5.376254826249928738e+04 -1.501195939107912673e-12
5.377666952672624757e+04 -1.514332602139947503e-12
5.379079079078926588e+04 -1.518184124000671366e-12
5.380491205491832807e+04 -1.473549710521237918e-12
5.381903331898679608e+04 -1.480900333765231747e-12
5.383315458320998732e+04 -1.512868237649145741e-12
5.384727584728926740e+04 -1.465442871940200256e-12
5.386139711138549319e+04 -1.435580733924055651e-12
5.387551837550491473e+04 -1.367086033541475398e-12
5.388963963958771637e+04 -1.561074727486473652e-12
5.390376090380745882e+04 -1.538377564378877916e-12
5.391788216792329331e+04 -1.521405920480367475e-12
5.393200343198251358e+04 -1.529351435717501675e-12
5.394612469609746768e+04 -1.516530219175777817e-12
5.396024596021626348e+04 -1.508084192912684577e-12
5.397436722441753955e+04 -1.436081439549947123e-12
5.398848848849580827e+04 -1.510505016070900477e-12
5.400260975261549174e+04 -1.485400262600487361e-12
5.401673101669876633e+04 -1.476040589655093449e-12
5.403085228092452599e+04 -1.510410635103719145e-12
5.404497354502457165e+04 -1.515836081217147935e-12
5.405909480908716068e+04 -1.428680025723614552e-12
5.407321607319534814e+04 -1.403132362807213032e-12
5.408733733731883694e+04 -1.354392863755226470e-12
5.410145860148705833e+04 -1.283331779465045580e-12
5.411557986557738332e+04 -1.266900539578622576e-12
5.412970112971127674e+04 -1.185225196579300242e-12
5.414382239379964449e+04 -1.191905228456476565e-12
5.415794365789298899e+04 -1.148021386916049446e-12
5.417206492208500276e+04 -1.141108224319938949e-12
5.418618618618125765e+04 -1.207347316886853791e-12
5.420030745030947583e+04 -1.167411518773587409e-12
5.421442871442389151e+04 -1.135646193419231492e-12
5.422854997851372900e+04 -1.100508256637621890e-12
5.424267124271204375e+04 -1.068544050152422290e-12
5.425679250678222161e+04 -9.474620262558458023e-13
5.427091377092704352e+04 -9.961063659409217085e-13
5.428503503500814986e+04 -9.777003259411889110e-13
5.429915629920548963e+04 -1.007426633204565339e-12
5.431327756329951080e+04 -1.107350390258430999e-12
5.432739882741992915e+04 -1.103556859177542233e-12
5.434152009149369405e+04 -1.026808981064810055e-12
5.435564135558753333e+04 -9.250044156649510676e-13
5.436976261980973504e+04 -9.269356253934184743e-13
5.438388388391077751e+04 -9.748299769392851451e-13
5.439800514797991491e+04 -8.164542382107200469e-13
5.441212641208944842e+04 -8.252015051690638811e-13
5.442624767622249783e+04 -8.198511746295153326e-13
5.444036894040492916e+04 -8.701698521323797641e-13
5.445449020451476099e+04 -8.804820917465411898e-13
5.446861146857528365e+04 -8.169623386340401041e-13
5.448273273271127982e+04 -8.161043475323862531e-13
5.449685399688024336e+04 -8.152000416468373781e-13
5.451097526098108938e+04 -8.938686210916907763e-13
5.452509652508458385e+04 -8.357842386891673711e-13
5.453921778922638623e+04 -7.152795927918212468e-13
5.455333905331078131e+04 -6.747292480922490437e-13
5.456746031752399722e+04 -6.840980672344627230e-13
5.458158158160431049e+04 -6.890547221109026582e-13
5.459570284567559429e+04 -7.965731307239071706e-13
5.460982410979636188e+04 -7.451833751934848264e-13
5.462394537389230391e+04 -7.438507548568721850e-13
5.463806663810343161e+04 -6.637968184937440912e-13
5.465218790222331882e+04 -6.377247087597064928e-13
5.466630916631143918e+04 -6.168614554144116614e-13
5.468043043038315227e+04 -5.501111488252594633e-13
5.469455169459034369e+04 -6.403535592455856420e-13
5.470867295867897337e+04 -5.882731685553154780e-13
5.472279422279492428e+04 -6.031989833652147374e-13
5.473691548689374031e+04 -5.718722862583362406e-13
5.475103675097951054e+04 -5.960955020352831295e-13
5.476515801518203079e+04 -5.603225856744727290e-13
5.477927927932018792e+04 -5.539007879075017065e-13
5.479340054337766196e+04 -4.337257942955267308e-13
5.480752180751315609e+04 -4.136730496683966382e-13
5.482164307157920121e+04 -2.978646839380296065e-13
5.483576433581268793e+04 -2.763010654362703455e-13
5.484988559990130307e+04 -2.749622179018230556e-13
5.486400686400415725e+04 -1.288637889041124665e-13
5.487812812812034099e+04 -3.668316315775509090e-14
5.489224939218680083e+04 1.449603524588344971e-14
5.490637065640155924e+04 3.466305681212260010e-15
5.492049192049723933e+04 4.031107846930987031e-14
5.493461318458717142e+04 3.242588921119881039e-14
5.494873444869794184e+04 4.925839415809146320e-14
5.496285571288398933e+04 1.532241864064346371e-13
5.497697697701932339e+04 1.717399807680030057e-13
5.499109824108520115e+04 1.513130204709975950e-13
5.500521950517559890e+04 2.681681392373808888e-13
5.501934076927503338e+04 3.513051223284520973e-13
5.503346203349525604e+04 3.058493025346433637e-13
5.504758329759479966e+04 4.177053436393382210e-13
5.506170456171626574e+04 4.217853258206204608e-13
5.507582582581279712e+04 5.237237759739241618e-13
5.508994708987611375e+04 4.796383289036005215e-13
5.510406835409255291e+04 4.764013536291824799e-13
5.511818961819536344e+04 4.306454607397171399e-13
5.513231088227769942e+04 4.683565924265588698e-13
5.514643214639837970e+04 5.105793289445961855e-13
5.516055341057493206e+04 6.039810692663396570e-13
5.517467467468680115e+04 6.055682263144432055e-13
5.518879593879542517e+04 5.194982330432572360e-13
5.520291720289772638e+04 6.124597883180647389e-13
5.521703846700128634e+04 6.262888379093382683e-13
5.523115973118372494e+04 6.685232504233155561e-13
5.524528099527770246e+04 7.665381767409323000e-13
5.525940225938427466e+04 7.714798474225826329e-13
5.527352352349476860e+04 7.562442295204101068e-13
5.528764478762174986e+04 7.570058936555593142e-13
5.530176605178383033e+04 7.317199676481448545e-13
5.531588731592646946e+04 6.340518184099446054e-13
5.533000857998555875e+04 6.522340684874951260e-13
5.534412984411607613e+04 7.321854506862840792e-13
5.535825110829430196e+04 6.566884609385850404e-13
5.537237237241400726e+04 7.187557201561566666e-13
5.538649363652567263e+04 7.548018548219619700e-13
5.540061490057920309e+04 6.834525680319967769e-13
5.541473616471075366e+04 7.423968875354972440e-13
5.542885742892220151e+04 5.520921649094846921e-13
5.544297869301565515e+04 5.909884101842310151e-13
5.545709995709281066e+04 6.041056132230324235e-13
5.547122122117373510e+04 6.212739976531309048e-13
5.548534248530241894e+04 4.809872956345290835e-13
5.549946374949499295e+04 5.252467150443579142e-13
5.551358501361800882e+04 4.657236553421007657e-13
5.552770627770184365e+04 4.059705785198265909e-13
5.554182754182444478e+04 3.242043573521051381e-13
5.555594880590338289e+04 2.578664080195653976e-13
5.557007007008319488e+04 3.187392128524804834e-13
5.558419133419120044e+04 2.322492729273210895e-13
5.559831259829948249e+04 2.453820439607090936e-13
5.561243386241621920e+04 2.522113339859842942e-13
5.562655512661654939e+04 2.531454136611800426e-13
5.564067639067838172e+04 3.471426297758608795e-13
5.565479765479737398e+04 3.017700987530904486e-13
5.566891891888686223e+04 2.963142950502177917e-13
5.568304018298219307e+04 2.273305650376859627e-13
5.569716144721895398e+04 2.364105978803183202e-13
5.571128271128273627e+04 2.430499583716369712e-13
5.572540397540216509e+04 2.858023959054832572e-13
5.573952523949040915e+04 3.441792620063023021e-13
5.575364650360681117e+04 2.542507412768283954e-13
5.576776776779093052e+04 2.299234145360836154e-13
5.578188903188129916e+04 2.681564632414409167e-13
5.579601029601427581e+04 2.489735803118368774e-13
5.581013156010848616e+04 2.748265705220681474e-13
5.582425282427683851e+04 3.693924076390244440e-13
5.583837408840822172e+04 3.616718499236666083e-13
5.585249535247371387e+04 4.046126601920106934e-13
5.586661661659252422e+04 4.321438802186770620e-13
5.588073788070986484e+04 5.586785942192089073e-13
5.589485914490173309e+04 5.528487694463932887e-13
5.590898040901064087e+04 6.122313279975064126e-13
5.592310167307646770e+04 7.975916555428159951e-13
5.593722293721628375e+04 8.369701194498822267e-13
5.595134420132361993e+04 9.853829254428225985e-13
5.596546546549817140e+04 1.089049422995238484e-12
5.597958672958749230e+04 1.132029153250049059e-12
5.599370799369527958e+04 1.191554158951629520e-12
5.600782925780717778e+04 1.241875366253614257e-12
5.602195052202460647e+04 1.413003043947992907e-12
5.603607178609356197e+04 1.430259776747370251e-12
5.605019305020204774e+04 1.520919214822684886e-12
5.606431431431169767e+04 1.541343256120705203e-12
5.607843557842044538e+04 1.616531221175860502e-12
5.609255684262541035e+04 1.681587146154193861e-12
5.610667810668195307e+04 1.681787194884631733e-12
5.612079937081078970e+04 1.846198450514488027e-12
5.613492063488074928e+04 1.814996297364302196e-12
5.614904189901303471e+04 1.812501915431664704e-12
5.616316316321728664e+04 1.801032195419989915e-12
5.617728442731408722e+04 1.919190939133068352e-12
5.619140569140421576e+04 1.889036901218424950e-12
5.620552695552047226e+04 1.912773422564608717e-12
5.621964821959393885e+04 1.861998797420289087e-12
5.623376948377480585e+04 2.047628062072082185e-12
5.624789074790956511e+04 2.054718894406412165e-12
5.626201201197779301e+04 2.038534796434051181e-12
5.627613327607791143e+04 1.874177250385518697e-12
5.629025454028430977e+04 1.941534124963751542e-12
5.630437580439572776e+04 1.974894780563368615e-12
5.631849706850899383e+04 1.925582768510460271e-12
5.633261833257808030e+04 1.930525995991569153e-12
5.634673959670997283e+04 2.028320635185785278e-12
5.636086086092003097e+04 2.047675544455571398e-12
5.637498212498860084e+04 2.019232818345859951e-12
5.638910338909059647e+04 1.979357346211616439e-12
5.640322465319059847e+04 2.079742110505177808e-12
5.641734591728663509e+04 2.059383843984286037e-12
5.643146718149129447e+04 2.054490434085853939e-12
5.644558844562221930e+04 2.076182488542952742e-12
5.645970970969584596e+04 2.080510391038026578e-12
5.647383097378374805e+04 1.980520664607100141e-12
5.648795223798637744e+04 1.974320321563123320e-12
5.650207350211908488e+04 2.017750745261215949e-12
5.651619476618612680e+04 2.015191756151044100e-12
5.653031603028122481e+04 1.952774217055273916e-12
5.654443729439724120e+04 2.010170299497137476e-12
5.655855855861656164e+04 2.058144631615192567e-12
5.657267982271144137e+04 2.094208669474772642e-12
5.658680108681396814e+04 2.191249428531133111e-12
5.660092235090507893e+04 2.105271675627872628e-12
5.661504361502663960e+04 2.019388109091861247e-12
5.662916487922302622e+04 2.057264261521320630e-12
5.664328614328712138e+04 2.046567103241005696e-12
5.665740740740731417e+04 2.072487425027823960e-12
