5.299999999999879947e+04 -7.098700537106901338e-13
5.301412126408069162e+04 -6.863722736579203913e-13
5.302824252820736729e+04 -7.597899193751062962e-13
5.304236379241238319e+04 -8.323618778522060659e-13
5.305648505650451261e+04 -7.897717425901527029e-13
5.307060632059296768e+04 -7.368843224432102317e-13
5.308472758470126428e+04 -7.792803907886867555e-13
5.309884884882075130e+04 -6.579692285873375493e-13
5.311297011302208557e+04 -7.227035824830208339e-13
5.312709137710327923e+04 -6.085970463170144363e-13
5.314121264120787237e+04 -6.265313021503044702e-13
5.315533390532482736e+04 -6.110083061069680021e-13
5.316945516951689206e+04 -6.639596134292238309e-13
5.318357643359573558e+04 -7.491588384315485976e-13
5.319769769769589766e+04 -7.289962768201400481e-13
5.321181896181062621e+04 -6.914308101671103315e-13
5.322594022591087560e+04 -6.564226586235008239e-13
5.324006149010440276e+04 -5.990062727699662643e-13
5.325418275420027203e+04 -6.210605297937798183e-13
5.326830401832276402e+04 -5.997337591141599831e-13
5.328242528239250532e+04 -6.564896246988292625e-13
5.329654654649331496e+04 -6.321970073640354396e-13
5.331066781069307035e+04 -5.953218878237673077e-13
5.332478907481132046e+04 -5.312430509844248095e-13
5.333891033891593543e+04 -4.911022769000118528e-13
5.335303160298851435e+04 -4.994578342472505132e-13
5.336715286717421259e+04 -5.039995966320303794e-13
5.338127413131098729e+04 -4.368822703402823940e-13
5.339539539540330588e+04 -4.519505994454509793e-13
5.340951665949877497e+04 -3.679385790458249728e-13
5.342363792358195496e+04 -2.449476844549858585e-13
5.343775918780377106e+04 -2.933860940801033182e-13
5.345188045191592391e+04 -2.853289976030787645e-13
5.346600171598792804e+04 -2.634090575924242125e-13
5.348012298007305799e+04 -1.972474411084894707e-13
5.349424424422234733e+04 -1.828381890378040302e-13
5.350836550842082943e+04 -2.424988043554727044e-13
5.352248677251781919e+04 -2.485376818725967878e-13
5.353660803660960664e+04 -1.968106221688466250e-13
5.355072930069198628e+04 -1.197446002032946630e-13
5.356485056488763803e+04 -1.651491387260293325e-13
5.357897182897249149e+04 -5.050206317612128164e-14
5.359309309307262447e+04 -1.333271676199247492e-13
5.360721435718297289e+04 -9.517882670778580892e-14
5.362133562129644997e+04 -1.292202998622782652e-13
5.363545688551658532e+04 -1.611765879815417496e-13
5.364957814960843098e+04 -8.196187866794927994e-14
5.366369941371298046e+04 -9.767889352005003634e-14
5.367782067779325007e+04 9.331355404895109379e-15
5.369194194190948474e+04 1.405348309235215663e-13
5.370606320609557588e+04 2.499751016853873237e-13
5.372018447018584266e+04 2.468246172449324485e-13
5.373430573431024823e+04 1.905715745189797722e-13
5.374842699840848218e+04 2.222334428242989625e-13
5.376254826249251346e+04 9.980098372369924742e-14
5.377666952670935279e+04 4.471330465346336699e-14
5.379079079078157520e+04 -6.831330224391905460e-15
5.380491205489692220e+04 3.045761272103122207e-14
5.381903331898371107e+04 -5.986172170245932521e-15
5.383315458317977027e+04 -3.283879865197308836e-14
5.384727584729938098e+04 -6.928373813075590854e-14
5.386139711138502025e+04 -1.535990301818695793e-13
5.387551837548341427e+04 -5.494684021042539919e-14
5.388963963961811532e+04 -1.672647278989074807e-13
5.390376090379936795e+04 -9.998768366887593695e-14
5.391788216787767306e+04 -1.539246238584668072e-13
5.393200343199040799e+04 -1.614448371453576541e-13
5.394612469611796405e+04 -1.885037499280967531e-13
5.396024596018128796e+04 -2.116682390542315402e-13
5.397436722438608558e+04 -2.091635538919446536e-13
5.398848848852203082e+04 -2.139004415651817482e-13
5.400260975261110434e+04 -2.979378628899323235e-13
5.401673101671020413e+04 -1.828705174879626068e-13
5.403085228091598401e+04 -2.195998703556406387e-13
5.404497354501349037e+04 -2.450100321802916758e-13
5.405909480907327816e+04 -2.160141064255504583e-13
5.407321607321859483e+04 -1.393529598119846379e-13
5.408733733729522646e+04 -5.080918345262787906e-14
5.410145860150633234e+04 2.111430576269707334e-14
5.411557986561360303e+04 -3.280108212678806972e-14
5.412970112967468594e+04 -1.405519938482902486e-14
5.414382239378371014e+04 -2.272191806484412837e-14
5.415794365789734729e+04 -3.073283104164213732e-14
5.417206492212139710e+04 3.630098008719621088e-14
5.418618618621258793e+04 -2.166662508466732641e-14
5.420030745030615799e+04 9.389372918222086937e-14
5.421442871439373994e+04 1.051016949622022086e-13
5.422854997851225926e+04 1.313266107033500984e-13
5.424267124269394117e+04 1.230959412379740593e-13
5.425679250677547680e+04 1.228850365869394529e-13
5.427091377092455514e+04 3.243301521876404646e-13
5.428503503501936939e+04 3.427485169404928133e-13
5.429915629921966320e+04 2.561482962156703083e-13
5.431327756331999262e+04 2.182878324549435394e-13
5.432739882738416782e+04 2.004421431049004526e-13
5.434152009151189122e+04 3.630488593275773688e-13
5.435564135559037823e+04 4.020269637937867822e-13
5.436976261980702839e+04 3.566543688587088168e-13
5.438388388387821760e+04 3.529319787404483994e-13
5.439800514797464712e+04 3.522650120246765656e-13
5.441212641208001878e+04 4.082290230117113646e-13
5.442624767619677732e+04 4.784310222560914546e-13
5.444036894039160688e+04 5.813590346235109323e-13
5.445449020451269462e+04 6.734069840625575968e-13
5.446861146861311863e+04 6.098003735130315765e-13
5.448273273267851619e+04 6.548754697341501921e-13
5.449685399689200131e+04 6.783497731743047534e-13
5.451097526101729454e+04 7.470631242613821744e-13
5.452509652509709122e+04 6.537189579159768610e-13
5.453921778918734344e+04 6.772729278940222085e-13
5.455333905332432914e+04 6.138937710831119680e-13
5.456746031748883979e+04 6.113198106704852563e-13
5.458158158161638130e+04 7.245413555134003455e-13
5.459570284570199874e+04 6.408283732777412797e-13
5.460982410979378619e+04 5.816557636124664866e-13
5.462394537391619087e+04 6.733099987120817913e-13
5.463806663811743783e+04 6.436040016413572540e-13
5.465218790221837844e+04 6.051666289903004996e-13
5.466630916629821877e+04 6.588056856034300845e-13
5.468043043039873737e+04 4.745689270496456688e-13
5.469455169462037156e+04 4.483332351584449201e-13
5.470867295868246583e+04 3.996762236322551014e-13
5.472279422278999846e+04 5.204322216746308498e-13
5.473691548690776835e+04 4.872131996866729610e-13
5.475103675100048713e+04 4.676140767780282541e-13
5.476515801520793320e+04 5.108360600525562610e-13
5.477927927931484010e+04 6.132445080424269755e-13
5.479340054338253685e+04 5.714276577622919247e-13
5.480752180747614329e+04 5.870511510264339678e-13
5.482164307161904435e+04 5.968759209746299034e-13
5.483576433581460151e+04 5.884589780583400817e-13
5.484988559988272755e+04 5.359652722508290713e-13
5.486400686400341510e+04 5.228684013115816564e-13
5.487812812810780451e+04 4.603778920175306896e-13
5.489224939221519162e+04 5.292740527930049650e-13
5.490637065639896173e+04 4.949443176245983385e-13
5.492049192048741679e+04 4.396549706033731765e-13
5.493461318460061739e+04 4.602227924292698663e-13
5.494873444868364459e+04 5.002192430754748332e-13
5.496285571291459200e+04 4.175877244701210346e-13
5.497697697697571857e+04 4.348919122800077428e-13
5.499109824112408387e+04 4.150691842577661830e-13
5.500521950519649545e+04 2.712999480524976450e-13
5.501934076931077288e+04 3.219986551512031656e-13
5.503346203349358984e+04 2.673335551080402240e-13
5.504758329760860943e+04 2.943901587157680123e-13
5.506170456169031968e+04 3.395799439624492243e-13
5.507582582578107395e+04 3.437926489081148839e-13
5.508994708988172351e+04 3.661670153178736422e-13
5.510406835408047482e+04 3.093074292889455616e-13
5.511818961820279947e+04 2.895701407421231277e-13
5.513231088231299509e+04 3.359453024946192687e-13
5.514643214638230711e+04 2.586895433156365456e-13
5.516055341059374769e+04 2.730041192108575417e-13
5.517467467468526593e+04 3.122477788033696259e-13
5.518879593881428445e+04 2.156503697295053173e-13
5.520291720290998637e+04 1.543186814286390680e-13
5.521703846701092698e+04 1.837637417230835557e-13
5.523115973118010152e+04 1.660669941612711052e-13
5.524528099529741303e+04 2.053591464290210922e-13
5.525940225937649666e+04 1.486742879759501650e-13
5.527352352352119487e+04 1.301631713601427596e-13
5.528764478761143255e+04 1.312954368406971645e-13
5.530176605179285980e+04 8.508884486402797732e-14
5.531588731589377858e+04 9.204715889816240849e-14
5.533000858000008884e+04 1.521551819626022138e-14
5.534412984408711782e+04 -1.212513368981860459e-13
5.535825110831902566e+04 -1.547513085125221615e-13
5.537237237242235278e+04 -1.900870742608638664e-13
5.538649363648852159e+04 -1.594335457104911411e-13
5.540061490062282974e+04 -1.270727671017434129e-13
5.541473616470045090e+04 -6.402613149246440804e-14
5.542885742887965171e+04 -1.750158586869311112e-13
5.544297869298334990e+04 -1.547705516376165433e-13
5.545709995707643975e+04 -1.976950361981851752e-13
5.547122122119658161e+04 -1.860460179910402036e-13
5.548534248530442710e+04 -3.174796412857956565e-13
5.549946374947569711e+04 -3.089457001689319027e-13
5.551358501361781964e+04 -2.866475365345469267e-13
5.552770627772285661e+04 -2.653153777799007756e-13
5.554182754180579650e+04 -3.502968668217825099e-13
5.555594880592381378e+04 -4.333848323543754589e-13
5.557007007008026994e+04 -4.418379523458427587e-13
5.558419133420509752e+04 -4.168519089982722197e-13
5.559831259830432100e+04 -4.411798374676143456e-13
5.561243386241848202e+04 -4.469827942710811010e-13
5.562655512661980174e+04 -5.168060888136034643e-13
5.564067639071272424e+04 -4.449961340363353866e-13
5.565479765479651542e+04 -4.675552344470004122e-13
5.566891891892173589e+04 -5.291216888740183215e-13
5.568304018302424811e+04 -4.348280667364553565e-13
5.569716144718793657e+04 -4.584878739025199301e-13
5.571128271129696805e+04 -4.529412355253106029e-13
5.572540397537658282e+04 -5.592110089966233078e-13
5.573952523951047624e+04 -5.346675575262239543e-13
5.575364650359017105e+04 -6.462799922487453879e-13
5.576776776777539635e+04 -6.699282535397532819e-13
5.578188903189191478e+04 -6.469211731768907046e-13
5.579601029597522574e+04 -6.139784824652883708e-13
5.581013156010673265e+04 -6.298471331431329341e-13
5.582425282431248343e+04 -5.875184157354869738e-13
5.583837408837752446e+04 -5.505023403039024258e-13
5.585249535251673660e+04 -6.221429555803396406e-13
5.586661661658837693e+04 -6.789055562587919662e-13
5.588073788067644637e+04 -6.272223708802570343e-13
5.589485914488481649e+04 -6.139854099903223785e-13
5.590898040899640910e+04 -5.886891674662301423e-13
5.592310167312111298e+04 -5.273767222904582748e-13
5.593722293720788002e+04 -5.116751019384330365e-13
5.595134420128820784e+04 -5.508271642554958330e-13
5.596546546549297636e+04 -5.166336704127576215e-13
5.597958672961025877e+04 -5.013954245130054404e-13
5.599370799369377346e+04 -5.459532655315866288e-13
5.600782925778946083e+04 -4.082379164810158072e-13
5.602195052202387160e+04 -3.996316212137970970e-13
5.603607178612256394e+04 -3.330242377370506081e-13
5.605019305020293541e+04 -3.277200627360306430e-13
5.606431431427611824e+04 -3.728821378825759250e-13
5.607843557837728440e+04 -3.701919489943790261e-13
5.609255684258793190e+04 -3.779130605072554160e-13
5.610667810669053142e+04 -3.909152552710384622e-13
5.612079937079472438e+04 -3.604749405467116791e-13
5.613492063487436099e+04 -3.059276084291264652e-13
5.614904189900207712e+04 -2.606600809570639305e-13
5.616316316318500321e+04 -2.364383745382429033e-13
5.617728442729541712e+04 -1.770340776468316068e-13
5.619140569139784930e+04 -1.585375858060959618e-13
5.620552695551627403e+04 -1.368436562996751047e-13
5.621964821959942492e+04 -6.409078839278158644e-14
5.623376948382289993e+04 -7.100522810170077408e-14
5.624789074790149607e+04 -2.554353240910940277e-15
5.626201201198690251e+04 6.031139699248073401e-14
5.627613327610441047e+04 1.971076943885431056e-13
5.629025454030295077e+04 9.759764590039064999e-14
5.630437580437240831e+04 1.631358813468923593e-13
5.631849706850243092e+04 2.140539600716740345e-13
5.633261833259475679e+04 3.962686510405390026e-13
5.634673959671425109e+04 3.845734493331675399e-13
5.636086086090192111e+04 4.222553368930182538e-13
5.637498212500652153e+04 3.831479186261744836e-13
5.638910338911525469e+04 3.962932822406598517e-13
5.640322465318878676e+04 5.094105293455632047e-13
5.641734591731535329e+04 4.704239579043123441e-13
5.643146718150777451e+04 5.402295487717478155e-13
5.644558844562316517e+04 5.832117627075996181e-13
5.645970970971637871e+04 6.348810930360665345e-13
5.647383097379675019e+04 6.329698658516909079e-13
5.648795223797697690e+04 7.436786434197793842e-13
5.650207350212425808e+04 7.689548730937734432e-13
5.651619476622178627e+04 8.149474815193929305e-13
5.653031603029590769e+04 8.074411232825700739e-13
5.654443729440319294e+04 7.814521282550794868e-13
5.655855855857919232e+04 8.174968107318987931e-13
5.657267982267939806e+04 7.988887087656156832e-13
5.658680108680247213e+04 8.041520883414354982e-13
5.660092235091696057e+04 7.836335289157805066e-13
5.661504361497848004e+04 8.367337780262668961e-13
5.662916487919095380e+04 8.260646197489286892e-13
5.664328614330263372e+04 8.074180315324568157e-13
5.665740740738501336e+04 7.937153870152376659e-13
