5.299999999999968713e+04 -1.570908289227757590e-12
5.301412126411358622e+04 -1.454113434313576603e-12
5.302824252821826667e+04 -1.405493261767866769e-12
5.304236379241638497e+04 -1.362538174343133296e-12
5.305648505650161678e+04 -1.292768990996032789e-12
5.307060632061592332e+04 -1.280915410603813589e-12
5.308472758467349195e+04 -1.281553770224016951e-12
5.309884884879456513e+04 -1.151204370765359606e-12
5.311297011299696169e+04 -1.126942175444738711e-12
5.312709137709373317e+04 -9.904384635722933419e-13
5.314121264121209242e+04 -7.544414417359679720e-13
5.315533390529574535e+04 -7.187064728416802578e-13
5.316945516947867873e+04 -5.880418920584965975e-13
5.318357643358597852e+04 -4.524157219434084112e-13
5.319769769767283287e+04 -4.092307355788014727e-13
5.321181896182784840e+04 -4.055666128739963762e-13
5.322594022592861438e+04 -3.724343225521202652e-13
5.324006149012694368e+04 -2.406371078164363468e-13
5.325418275418673875e+04 -2.449798546115759866e-13
5.326830401829327457e+04 -2.124117422159742402e-13
5.328242528240950196e+04 -1.963903977050600040e-13
5.329654654647426651e+04 -9.441620919091502744e-14
5.331066781068695855e+04 2.485553976867444628e-14
5.332478907481398346e+04 -2.124504161642543842e-14
5.333891033888717357e+04 -1.962275024892258676e-15
5.335303160301387834e+04 4.969206301741522325e-14
5.336715286718805874e+04 9.621139489187853098e-14
5.338127413127618638e+04 2.523168015130205243e-13
5.339539539538125246e+04 3.102458539193829770e-13
5.340951665947282163e+04 3.208828321620161133e-13
5.342363792360346997e+04 2.360587913943356910e-13
5.343775918777733750e+04 1.396007793652759693e-13
5.345188045192327991e+04 1.933710712358478307e-13
5.346600171600535396e+04 2.250944406403866417e-13
5.348012298012770043e+04 2.555901351660532077e-13
5.349424424418585841e+04 2.255111779062435081e-13
5.350836550841976714e+04 2.254686765211051144e-13
5.352248677251837944e+04 2.873024877641811814e-13
5.353660803658927034e+04 3.167637768676048059e-13
5.355072930067020934e+04 3.448168161281933116e-13
5.356485056487309339e+04 3.558307145495536964e-13
5.357897182901422639e+04 3.814540167292311888e-13
5.359309309308737284e+04 4.065572361697153122e-13
5.360721435719944566e+04 4.904125249706165807e-13
5.362133562130008067e+04 5.102942814782249948e-13
5.363545688547972532e+04 5.538497009680380368e-13
5.364957814956894435e+04 5.451676745960200736e-13
5.366369941371106688e+04 4.890386676960183615e-13
5.367782067778334022e+04 4.656459053158533824e-13
5.369194194187608082e+04 5.153001617272737902e-13
5.370606320610610419e+04 6.060153418581352632e-13
5.372018447020656458e+04 6.192583260842534140e-13
5.373430573428895877e+04 5.615002858301977452e-13
5.374842699841784633e+04 5.152645947786579535e-13
5.376254826250942278e+04 4.803559702494981917e-13
5.377666952670246246e+04 5.118722013243625853e-13
5.379079079079601797e+04 4.429067695008165350e-13
5.380491205489709682e+04 5.514615705062624163e-13
5.381903331898338365e+04 4.482928134553530756e-13
5.383315458319997560e+04 4.512794305273272727e-13
5.384727584727981593e+04 5.049884309266995627e-13
5.386139711142753367e+04 5.371718219024861492e-13
5.387551837549463380e+04 5.173554392359655616e-13
5.388963963957130909e+04 4.876696757115610136e-13
5.390376090378729714e+04 5.346312456829642038e-13
5.391788216787865531e+04 5.660531907902716561e-13
5.393200343199842609e+04 5.210384079497069776e-13
5.394612469612887071e+04 5.555012153179152569e-13
5.396024596019677847e+04 4.466897283153835471e-13
5.397436722439588630e+04 5.154112245573853905e-13
5.398848848849863134e+04 4.236099103447374440e-13
5.400260975259137194e+04 2.853143177057078441e-13
5.401673101670191681e+04 2.341968951880235317e-13
5.403085228089591692e+04 2.045114672008700869e-13
5.404497354501178052e+04 2.188899094846851766e-13
5.405909480908350088e+04 2.115871649061579997e-13
5.407321607322940690e+04 3.046439476666436115e-13
5.408733733730336098e+04 3.006768907469771916e-13
5.410145860149315558e+04 3.258135520668201979e-13
5.411557986562933365e+04 3.718693951517743884e-13
5.412970112972814240e+04 3.815113935991679813e-13
5.414382239380451210e+04 2.693193687918795492e-13
5.415794365789258154e+04 1.923806771163731719e-13
5.417206492212317244e+04 1.877658096105975335e-13
5.418618618620395137e+04 2.516065497566787786e-14
5.420030745028705860e+04 3.704054380056866526e-15
5.421442871440068848e+04 -6.836129426058226985e-14
5.422854997850926156e+04 -1.376622633352207935e-13
5.424267124267518375e+04 -9.707388791106823021e-14
5.425679250682448765e+04 -1.334877325486288530e-13
5.427091377088457375e+04 -1.922828066000610217e-13
5.428503503501920204e+04 -1.811326800547570733e-13
5.429915629922899097e+04 -1.496980963776585355e-13
5.431327756328714167e+04 -2.377597360811303286e-13
5.432739882741640758e+04 -2.707632919443373055e-13
5.434152009147572971e+04 -3.073922159598482378e-13
5.435564135558126145e+04 -2.589795592232204065e-13
5.436976261982290453e+04 -3.032923981344995455e-13
5.438388388388859312e+04 -3.539835764975460432e-13
5.439800514796960488e+04 -3.607511391605807337e-13
5.441212641210537549e+04 -3.160397938407540587e-13
5.442624767619626800e+04 -2.864735934234888251e-13
5.444036894037496677e+04 -3.222694902902874618e-13
5.445449020450652461e+04 -4.210704470979756598e-13
5.446861146857217682e+04 -4.236907693375072258e-13
5.448273273268481717e+04 -4.148035060135710046e-13
5.449685399688472535e+04 -4.840950800451789394e-13
5.451097526102908159e+04 -4.337890984463865845e-13
5.452509652508589352e+04 -4.768669365821446765e-13
5.453921778917207848e+04 -3.579979441696165106e-13
5.455333905326985405e+04 -5.186791282067818979e-13
5.456746031750802649e+04 -5.157335585251913726e-13
5.458158158159940649e+04 -6.209562509357882231e-13
5.459570284567480849e+04 -6.094477706063175106e-13
5.460982410980555869e+04 -6.153474102465262753e-13
5.462394537388715980e+04 -6.052401334776177147e-13
5.463806663810739701e+04 -6.783344630216071996e-13
5.465218790218687354e+04 -5.636098030430726132e-13
5.466630916632958542e+04 -5.537754299050526676e-13
5.468043043042402132e+04 -6.693483280543489757e-13
5.469455169459109311e+04 -6.402934864077486784e-13
5.470867295870284579e+04 -6.375376071187757806e-13
5.472279422282112500e+04 -6.093162400038892667e-13
5.473691548687072645e+04 -5.327117434304709497e-13
5.475103675097625091e+04 -6.201921207693002626e-13
5.476515801519657543e+04 -6.495918947100236222e-13
5.477927927929446741e+04 -6.212618135257830794e-13
5.479340054341513314e+04 -5.734522290751188356e-13
5.480752180752775894e+04 -4.717106237988560749e-13
5.482164307160649332e+04 -3.812144376472075894e-13
5.483576433581716992e+04 -4.688889792086690551e-13
5.484988559990908107e+04 -4.147909792895302026e-13
5.486400686397231766e+04 -3.821427573752301361e-13
5.487812812811547337e+04 -2.552197524789787633e-13
5.489224939220644592e+04 -3.348704799093153072e-13
5.490637065640305809e+04 -3.340996389978055336e-13
5.492049192048040277e+04 -3.451840002418953347e-13
5.493461318462868803e+04 -3.560504859642757418e-13
5.494873444870605454e+04 -3.582771111625254509e-13
5.496285571289836662e+04 -3.904202376681809568e-13
5.497697697699462879e+04 -3.774586573499790846e-13
5.499109824109145120e+04 -3.585746208584941315e-13
5.500521950520576502e+04 -4.037983315607390021e-13
5.501934076930912124e+04 -4.207147776118176460e-13
5.503346203349142888e+04 -4.120547848526213572e-13
5.504758329757758474e+04 -3.601234608095370302e-13
5.506170456168671808e+04 -3.849599281354026307e-13
5.507582582582780014e+04 -4.575746631018305458e-13
5.508994708992235974e+04 -4.299988696580458869e-13
5.510406835412700457e+04 -3.830733140182599707e-13
5.511818961820195545e+04 -3.440257256511240799e-13
5.513231088231843751e+04 -3.048658441506225602e-13
5.514643214640470251e+04 -3.307702147009651775e-13
5.516055341060456703e+04 -3.089692410399829030e-13
5.517467467472657881e+04 -2.831198985988194562e-13
5.518879593881945766e+04 -2.809393538497197662e-13
5.520291720291107049e+04 -2.958510766712711830e-13
5.521703846697112022e+04 -2.955553565073083528e-13
5.523115973117519025e+04 -3.654504502078813125e-13
5.524528099529929750e+04 -3.360891512052832335e-13
5.525940225937021023e+04 -3.475193395094990222e-13
5.527352352352929302e+04 -4.416200905038836656e-13
5.528764478758094629e+04 -4.238777754321160776e-13
5.530176605180208571e+04 -3.939192201225734001e-13
5.531588731591637770e+04 -4.267893440055959485e-13
5.533000858000189328e+04 -3.060657253605293089e-13
5.534412984408886405e+04 -3.005490455695673991e-13
5.535825110828668403e+04 -2.778882017797854756e-13
5.537237237237798399e+04 -3.017636904185221871e-13
5.538649363650470332e+04 -2.530454710918994994e-13
5.540061490057284391e+04 -1.614205376275758883e-13
5.541473616470886918e+04 -1.866627813357626598e-13
5.542885742892501730e+04 -1.349524644953979147e-13
5.544297869302915205e+04 -1.831986947554838467e-13
5.545709995712449745e+04 -6.535801217180381092e-14
5.547122122120387212e+04 -6.430308305436904604e-14
5.548534248532145284e+04 -1.120540603318424942e-13
5.549946374952177575e+04 -1.192792958053672879e-13
5.551358501361183153e+04 2.777191770941994572e-14
5.552770627772599983e+04 -2.012605612556131181e-15
5.554182754177549941e+04 1.497629723976132654e-13
5.555594880591969559e+04 8.764160573035096641e-14
5.557007007012934628e+04 8.151201122739348087e-14
5.558419133422794403e+04 4.633204890785028004e-14
5.559831259827578469e+04 3.286537318100383461e-14
5.561243386241230473e+04 -1.359579890327010215e-14
5.562655512658904627e+04 3.130087482490995237e-14
5.564067639070053701e+04 7.890242617989687892e-14
5.565479765482176299e+04 4.213470158818404241e-14
5.566891891887000384e+04 8.118318472132284585e-14
5.568304018300708412e+04 1.054738447854113425e-13
5.569716144718143914e+04 1.920218759492049451e-13
5.571128271130644134e+04 1.854739783398854992e-13
5.572540397538329125e+04 1.447124656941692234e-13
5.573952523951635521e+04 1.261013328335728349e-13
5.575364650358202925e+04 1.005906593245120619e-13
5.576776776778772910e+04 1.237633092679603970e-13
5.578188903187843971e+04 1.849245920140967448e-13
5.579601029598555760e+04 2.752190084320883139e-13
5.581013156012436230e+04 2.463739894131711844e-13
5.582425282427898492e+04 3.316590583638526670e-13
5.583837408839953423e+04 2.813933412351914432e-13
5.585249535249988548e+04 2.540242387380797895e-13
5.586661661657486547e+04 2.798248164320844416e-13
5.588073788072024763e+04 3.480918833903566533e-13
5.589485914491761650e+04 4.032662868110002368e-13
5.590898040901302011e+04 4.345482010388516805e-13
5.592310167310033285e+04 4.571947285725870021e-13
5.593722293719380104e+04 4.707137481106038296e-13
5.595134420132657397e+04 3.909775705269891113e-13
5.596546546549179766e+04 4.855337574168566963e-13
5.597958672961734555e+04 4.817148961164227442e-13
5.599370799368695589e+04 4.487342686320404175e-13
5.600782925777762284e+04 5.338887017462965309e-13
5.602195052198389749e+04 5.141304788699653268e-13
5.603607178608481627e+04 5.194037823081348012e-13
5.605019305017401348e+04 5.989578750101566809e-13
5.606431431432665704e+04 6.711842815313201896e-13
5.607843557842098380e+04 5.608931870972210699e-13
5.609255684261713759e+04 5.466350908407977848e-13
5.610667810669611208e+04 6.342161293549548498e-13
5.612079937079336378e+04 5.983682242142368712e-13
5.613492063492226589e+04 5.469379691327840169e-13
5.614904189899047924e+04 5.219189695423240899e-13
5.616316316321801423e+04 5.047470677974136460e-13
5.617728442731031100e+04 4.628997566071621262e-13
5.619140569139731087e+04 3.841111362206325696e-13
5.620552695549624332e+04 3.241457082373898068e-13
5.621964821957384265e+04 3.283891360062060571e-13
5.623376948377303052e+04 4.188119513456156823e-13
5.624789074789187725e+04 4.701093336756359806e-13
5.626201201202313678e+04 4.059407423937080480e-13
5.627613327608342661e+04 3.721534833576993418e-13
5.629025454029624234e+04 2.807540309261099135e-13
5.630437580441029422e+04 2.931563824924909800e-13
5.631849706847339985e+04 3.003140631327958265e-13
5.633261833257004764e+04 3.416589632124116119e-13
5.634673959671500779e+04 4.972963512911547451e-13
5.636086086087298463e+04 4.725829142906897755e-13
5.637498212501491798e+04 5.391145825863116236e-13
5.638910338906925608e+04 5.527937652388500000e-13
5.640322465318704053e+04 5.220071039936109896e-13
5.641734591730900138e+04 5.103630666146989957e-13
5.643146718148395303e+04 5.121736256215940196e-13
5.644558844562718878e+04 4.581100741935672589e-13
5.645970970973031945e+04 5.134728258578241073e-13
5.647383097381108382e+04 4.134523029881651082e-13
5.648795223800006352e+04 4.968364415656573288e-13
5.650207350210081495e+04 4.822114912480396412e-13
5.651619476618807676e+04 4.889781591450714064e-13
5.653031603030175756e+04 4.733193067110874068e-13
5.654443729442586482e+04 5.098109959909014404e-13
5.655855855861363671e+04 4.220814263202608548e-13
5.657267982269644563e+04 3.503162716735991250e-13
5.658680108681871934e+04 3.415873819321785516e-13
5.660092235091105977e+04 4.229171377669818251e-13
5.661504361502977554e+04 4.006432802734598950e-13
5.662916487920888176e+04 3.450062828293102205e-13
5.664328614329963602e+04 4.358733494891662468e-13
5.665740740739168541e+04 3.575951931072987013e-13
