5.299999999999658758e+04 1.028985912765840121e-12
5.301412126412249927e+04 1.018958909678212392e-12
5.302824252822333801e+04 1.116645948612767199e-12
5.304236379243127885e+04 1.190788480896820889e-12
5.305648505653411121e+04 1.259798290786997412e-12
5.307060632056283066e+04 1.346694915594736317e-12
5.308472758465507650e+04 1.372835752984833990e-12
5.309884884883654013e+04 1.433136866955732665e-12
5.311297011302224564e+04 1.503236097510685911e-12
5.312709137710379582e+04 1.519238465208170159e-12
5.314121264123994479e+04 1.524449232395374126e-12
5.315533390531782061e+04 1.630820331088070410e-12
5.316945516951324680e+04 1.724305509746688119e-12
5.318357643358500354e+04 1.639681140606173855e-12
5.319769769765143428e+04 1.668405985311230079e-12
5.321181896183887875e+04 1.651614918436922720e-12
5.322594022594326816e+04 1.657421228747128902e-12
5.324006149013085087e+04 1.764074130921179689e-12
5.325418275418497797e+04 1.573680896986186754e-12
5.326830401829053881e+04 1.665852674332403192e-12
5.328242528237847000e+04 1.686160566569105278e-12
5.329654654651329474e+04 1.819479841943698812e-12
5.331066781072633603e+04 1.773056721098713962e-12
5.332478907476960740e+04 1.805697358030763307e-12
5.333891033888400125e+04 1.863643233620744035e-12
5.335303160300396121e+04 1.919933922579095311e-12
5.336715286723500321e+04 1.961346892611943610e-12
5.338127413133050868e+04 2.125004494203589721e-12
5.339539539538364625e+04 2.098721077034941029e-12
5.340951665948769369e+04 2.092331536338231606e-12
5.342363792362939421e+04 2.065579038111034864e-12
5.343775918781923974e+04 2.138716350891887616e-12
5.345188045190553385e+04 2.085395019423597378e-12
5.346600171602860064e+04 2.107186981181388544e-12
5.348012298013496184e+04 2.089610250561825840e-12
5.349424424418509443e+04 2.103723981288617705e-12
5.350836550838017865e+04 2.212554378086667672e-12
5.352248677248301101e+04 2.221254694504717223e-12
5.353660803655045311e+04 2.346793389226167890e-12
5.355072930068761343e+04 2.170309208149957141e-12
5.356485056489504495e+04 2.171422741257043857e-12
5.357897182897672610e+04 2.234089354222609053e-12
5.359309309313835547e+04 2.118147112272492783e-12
5.360721435722088063e+04 2.207909098974693389e-12
5.362133562128013727e+04 2.151833690518558395e-12
5.363545688550379418e+04 2.230501987140691577e-12
5.364957814961321128e+04 2.112653707929067398e-12
5.366369941369009030e+04 2.134309759307244278e-12
5.367782067784305400e+04 2.058366938212131111e-12
5.369194194188432448e+04 1.973547318142489229e-12
5.370606320613365824e+04 1.991630410050554529e-12
5.372018447018634470e+04 1.976086649035083313e-12
5.373430573430889490e+04 1.951147714287983724e-12
5.374842699839153647e+04 1.939944663166376961e-12
5.376254826246790617e+04 1.899094851194386313e-12
5.377666952667746955e+04 1.887409380216358033e-12
5.379079079077593633e+04 1.948968359927742327e-12
5.380491205486658146e+04 1.867474717804768048e-12
5.381903331898064789e+04 1.868995255257222616e-12
5.383315458315562864e+04 1.808146053501909984e-12
5.384727584731727256e+04 1.917476997240671192e-12
5.386139711140390136e+04 1.882562437291662972e-12
5.387551837549726770e+04 1.758418501999130181e-12
5.388963963958792010e+04 1.704095563618729711e-12
5.390376090377161745e+04 1.822754174801164108e-12
5.391788216786900011e+04 1.767775070171529014e-12
5.393200343195836467e+04 1.784753564256980775e-12
5.394612469613867142e+04 1.730388215339751876e-12
5.396024596023453341e+04 1.679349528410107042e-12
5.397436722435629054e+04 1.773855509879056733e-12
5.398848848847748013e+04 1.777897507655159840e-12
5.400260975255201629e+04 1.778284845824176329e-12
5.401673101665067952e+04 1.732472402507472981e-12
5.403085228087368159e+04 1.592428363634485455e-12
5.404497354496180924e+04 1.660397747290535559e-12
5.405909480906305544e+04 1.690004320737070329e-12
5.407321607316677546e+04 1.623710495306196169e-12
5.408733733727357321e+04 1.694051021294475034e-12
5.410145860150780936e+04 1.697672162896649069e-12
5.411557986561035796e+04 1.716309285194591266e-12
5.412970112968237663e+04 1.653647973546129270e-12
5.414382239381977706e+04 1.606074295879447741e-12
5.415794365788449068e+04 1.664038897089519795e-12
5.417206492205818358e+04 1.625290031287706443e-12
5.418618618622222857e+04 1.512897149396079914e-12
5.420030745030176331e+04 1.521447575348282780e-12
5.421442871441451280e+04 1.459179245206399109e-12
5.422854997852937231e+04 1.470661898052659926e-12
5.424267124269202759e+04 1.401361370772934590e-12
5.425679250682600104e+04 1.438508896789021448e-12
5.427091377085565910e+04 1.479896450426562820e-12
5.428503503496266057e+04 1.512636957332433651e-12
5.429915629916018952e+04 1.540215605976636359e-12
5.431327756331465935e+04 1.584135992118064399e-12
5.432739882740756730e+04 1.553596728881765443e-12
5.434152009150755475e+04 1.523223944103540448e-12
5.435564135563933814e+04 1.497887410573675595e-12
5.436976261979075935e+04 1.425178307406605113e-12
5.438388388386730367e+04 1.416206084724212736e-12
5.439800514797097276e+04 1.419059133882175867e-12
5.441212641206471017e+04 1.434346251296255531e-12
5.442624767620524653e+04 1.522224731334638444e-12
5.444036894043614302e+04 1.432492072886736171e-12
5.445449020453410049e+04 1.357505113467436542e-12
5.446861146856988489e+04 1.380894866548699491e-12
5.448273273272219376e+04 1.407276956619565251e-12
5.449685399689448241e+04 1.266576238466655754e-12
5.451097526103506243e+04 1.182424156826486423e-12
5.452509652508705040e+04 1.162476241122137629e-12
5.453921778920681390e+04 1.137454622929245636e-12
5.455333905332870199e+04 1.122762792122824412e-12
5.456746031747630332e+04 1.074407597708944055e-12
5.458158158155847195e+04 9.734356339708563794e-13
5.459570284568640636e+04 9.629513388423517839e-13
5.460982410980208806e+04 9.524020598267718186e-13
5.462394537388322351e+04 8.507764949928867637e-13
5.463806663810967439e+04 8.338833350117791082e-13
5.465218790220328810e+04 7.077996306900393799e-13
5.466630916631442960e+04 7.052642330327155686e-13
5.468043043036085874e+04 7.205710166231471007e-13
5.469455169459732133e+04 6.915177467730153329e-13
5.470867295872562681e+04 6.065506303807345909e-13
5.472279422281543521e+04 6.348107547880855256e-13
5.473691548688647163e+04 6.855819817193455568e-13
5.475103675099241082e+04 6.869623762890148658e-13
5.476515801517689397e+04 7.116230773932934288e-13
5.477927927927182463e+04 6.391427859128208802e-13
5.479340054341484210e+04 6.091448555568846890e-13
5.480752180752897402e+04 7.052348192733023747e-13
5.482164307163751073e+04 6.108252020684767883e-13
5.483576433576092677e+04 7.094837394266726358e-13
5.484988559987867484e+04 6.431563959908857919e-13
5.486400686397742538e+04 7.135387339801908774e-13
5.487812812808388117e+04 8.050127895914902457e-13
5.489224939222537068e+04 8.668032316480244771e-13
5.490637065642933885e+04 9.121575385608446104e-13
5.492049192053270235e+04 8.788385895548862902e-13
5.493461318461970222e+04 9.129523941059169060e-13
5.494873444872370601e+04 9.685895460973070999e-13
5.496285571291036467e+04 1.013687337666407669e-12
5.497697697702597361e+04 9.742882909733799633e-13
5.499109824113814830e+04 9.074715162617763341e-13
5.500521950519764505e+04 9.143156876526715909e-13
5.501934076925006229e+04 9.297014779689687270e-13
5.503346203351957956e+04 9.434500163514187580e-13
5.504758329760662309e+04 9.878374314286454566e-13
5.506170456165340147e+04 9.286511331415517649e-13
5.507582582578195434e+04 9.340759196305324100e-13
5.508994708987154445e+04 8.733036724783354857e-13
5.510406835405772290e+04 9.669505840611684315e-13
5.511818961820354889e+04 9.249473935987001860e-13
5.513231088227239525e+04 8.508411368595041035e-13
5.514643214642707608e+04 8.260131877511203549e-13
5.516055341055579629e+04 6.676908915460543682e-13
5.517467467468557879e+04 5.791370066076580562e-13
5.518879593881415349e+04 6.331803432634042702e-13
5.520291720290028024e+04 6.011997203107452634e-13
5.521703846700524446e+04 4.844890011434024275e-13
5.523115973122497962e+04 3.586689090898917364e-13
5.524528099534266221e+04 3.247500562000879872e-13
5.525940225939001539e+04 2.296375869534708941e-13
5.527352352348223940e+04 2.254697256487160322e-13
5.528764478756564495e+04 6.657762336013436263e-14
5.530176605183435458e+04 5.560150281260501142e-14
5.531588731593060220e+04 7.163986816332462255e-14
5.533000857996089326e+04 -6.020491426301197858e-14
5.534412984414045786e+04 -7.447879606939954349e-14
5.535825110831536585e+04 -1.514087737122601340e-13
5.537237237239017850e+04 -2.431889376337314764e-13
5.538649363650974556e+04 -4.160553118072363041e-13
5.540061490063575911e+04 -4.639429642546304533e-13
5.541473616472945287e+04 -5.547907804067959422e-13
5.542885742888369714e+04 -6.658311423961041101e-13
5.544297869302715844e+04 -7.971755488919585488e-13
5.545709995713477838e+04 -8.160950945833358190e-13
5.547122122116489481e+04 -8.196332962243738766e-13
5.548534248530467448e+04 -9.481324345276911713e-13
5.549946374953355553e+04 -9.208309934649346922e-13
5.551358501355200860e+04 -1.052716134305349890e-12
5.552770627771329600e+04 -1.132373383082636503e-12
5.554182754182314238e+04 -1.175572961108212581e-12
5.555594880590297544e+04 -1.246155381065618869e-12
5.557007007005376363e+04 -1.306871194842197433e-12
5.558419133424317261e+04 -1.348788880190092558e-12
5.559831259833787044e+04 -1.416513377198005002e-12
5.561243386241057306e+04 -1.552412470136943444e-12
5.562655512657006329e+04 -1.608802067136577504e-12
5.564067639073901228e+04 -1.657748956943304260e-12
5.565479765481814684e+04 -1.772329230675941847e-12
5.566891891888994724e+04 -1.819797566041469372e-12
5.568304018301269389e+04 -1.892338053122601236e-12
5.569716144719500153e+04 -1.899020448836723927e-12
5.571128271134039096e+04 -1.959644943150938417e-12
5.572540397540422418e+04 -2.084177670199435486e-12
5.573952523950006434e+04 -2.099052823971501521e-12
5.575364650360438100e+04 -2.193897491199275631e-12
5.576776776781251829e+04 -2.151682590073124076e-12
5.578188903191419377e+04 -2.049793327465895072e-12
5.579601029600507172e+04 -2.189206680613791098e-12
5.581013156013256958e+04 -2.188560261947617699e-12
5.582425282434220571e+04 -2.161896004998660540e-12
5.583837408841183787e+04 -2.210236150512376068e-12
5.585249535252364149e+04 -2.362179765170283009e-12
5.586661661661585094e+04 -2.400545568058808578e-12
5.588073788071871240e+04 -2.472895891765129983e-12
5.589485914485483227e+04 -2.442462911386245471e-12
5.590898040897003375e+04 -2.424084100039428657e-12
5.592310167305306095e+04 -2.503560077973820456e-12
5.593722293724099291e+04 -2.411182404311711662e-12
5.595134420133921958e+04 -2.451063357830473536e-12
5.596546546547843900e+04 -2.443265291381400080e-12
5.597958672962190758e+04 -2.558285061402944013e-12
5.599370799371316389e+04 -2.535173028933814640e-12
5.600782925781475933e+04 -2.435060904627874832e-12
5.602195052200119244e+04 -2.506358147343112814e-12
5.603607178605951776e+04 -2.575787274315156164e-12
5.605019305015578720e+04 -2.552812734070260652e-12
5.606431431433352554e+04 -2.593757029193854926e-12
5.607843557839880668e+04 -2.638777182118922920e-12
5.609255684257070243e+04 -2.687069102748019269e-12
5.610667810672436462e+04 -2.708224778195714024e-12
5.612079937079967931e+04 -2.786813213040836123e-12
5.613492063486448023e+04 -2.830234078302927417e-12
5.614904189895658783e+04 -2.822947674459459758e-12
5.616316316315531003e+04 -2.872595364185228074e-12
5.617728442728764639e+04 -2.957952383899962650e-12
5.619140569141179731e+04 -2.989344389643899850e-12
5.620552695553599187e+04 -3.046404004721329550e-12
5.621964821963539725e+04 -3.005492885582189829e-12
5.623376948381627153e+04 -2.930964917617918994e-12
5.624789074793815234e+04 -2.900834967365081662e-12
5.626201201198039053e+04 -2.958224974205221941e-12
5.627613327613825822e+04 -2.883195262228635650e-12
5.629025454027194064e+04 -3.000052024131669457e-12
5.630437580441981845e+04 -2.909644388309326575e-12
5.631849706852967211e+04 -2.983039242495273990e-12
5.633261833256206592e+04 -3.035850963480708226e-12
5.634673959669438045e+04 -3.078627804219834553e-12
5.636086086091744073e+04 -3.087453300125619193e-12
5.637498212502261595e+04 -3.127306207966801609e-12
5.638910338912199950e+04 -3.313065385336107939e-12
5.640322465322435892e+04 -3.290478012249999598e-12
5.641734591726309009e+04 -3.403633428753389853e-12
5.643146718148663058e+04 -3.420866813585384072e-12
5.644558844559885620e+04 -3.474616696687915215e-12
5.645970970969667542e+04 -3.575971723339290673e-12
5.647383097382049164e+04 -3.630870453161227134e-12
5.648795223799683299e+04 -3.690980890726627397e-12
5.650207350211889570e+04 -3.696243559518377446e-12
5.651619476621250215e+04 -3.668594625669995360e-12
5.653031603028927930e+04 -3.770761950909816172e-12
5.654443729437386355e+04 -3.834475916023788297e-12
5.655855855859689473e+04 -3.889007657893976499e-12
5.657267982271730580e+04 -4.036227628002402990e-12
5.658680108681546699e+04 -4.124463091894128960e-12
5.660092235085018910e+04 -4.126496061498221256e-12
5.661504361499073275e+04 -4.150016808415010044e-12
5.662916487917512131e+04 -4.258672261748643497e-12
5.664328614332871803e+04 -4.309775248524446631e-12
5.665740740736392763e+04 -4.375937738099336720e-12
