5.299999999999922147e+04 -2.442937783629418374e-12
5.301412126412526413e+04 -2.410940329792105291e-12
5.302824252823051211e+04 -2.380766208228538269e-12
5.304236379240662063e+04 -2.449408139169294396e-12
5.305648505650569132e+04 -2.541432950960719888e-12
5.307060632063273079e+04 -2.732118891901092440e-12
5.308472758471943962e+04 -2.652327036395283909e-12
5.309884884879046876e+04 -2.656880609918084394e-12
5.311297011301317980e+04 -2.654582392836632007e-12
5.312709137708129856e+04 -2.652039020283548948e-12
5.314121264117435931e+04 -2.568998931755356916e-12
5.315533390530372708e+04 -2.544206637872983936e-12
5.316945516949743615e+04 -2.531552649695997763e-12
5.318357643356744666e+04 -2.570267138683959278e-12
5.319769769768988772e+04 -2.647859184152692405e-12
5.321181896182813216e+04 -2.545769819609199997e-12
5.322594022587322252e+04 -2.535292117382334815e-12
5.324006149012316018e+04 -2.515770081116918978e-12
5.325418275422100851e+04 -2.492257817788003768e-12
5.326830401829528273e+04 -2.501595771843820629e-12
5.328242528241295076e+04 -2.533520790583543473e-12
5.329654654652470344e+04 -2.517905477031078516e-12
5.331066781072874437e+04 -2.620548827664194368e-12
5.332478907480236376e+04 -2.519466934488669393e-12
5.333891033887896629e+04 -2.507931264162679600e-12
5.335303160300748277e+04 -2.521012873438636839e-12
5.336715286720299628e+04 -2.470199121339865958e-12
5.338127413129917841e+04 -2.354274391435824241e-12
5.339539539539323596e+04 -2.331896703442082608e-12
5.340951665949878952e+04 -2.354758913729416303e-12
5.342363792361665401e+04 -2.312984815484357847e-12
5.343775918782191729e+04 -2.282747619192878256e-12
5.345188045188859542e+04 -2.222932393695661008e-12
5.346600171598949237e+04 -2.162036538151676923e-12
5.348012298006680794e+04 -2.113270736408232222e-12
5.349424424421571166e+04 -2.006322847350853020e-12
5.350836550841825374e+04 -2.012916981463444449e-12
5.352248677247638261e+04 -2.013765326546887056e-12
5.353660803663232946e+04 -1.970129253712471588e-12
5.355072930072079180e+04 -1.830902622471750836e-12
5.356485056492792501e+04 -1.733641238077932858e-12
5.357897182902524219e+04 -1.614581523308334307e-12
5.359309309307016520e+04 -1.569365518602489871e-12
5.360721435722387105e+04 -1.531850881211929582e-12
5.362133562129620987e+04 -1.474044686638219496e-12
5.363545688551985222e+04 -1.466750741729443344e-12
5.364957814963104465e+04 -1.467077862017135562e-12
5.366369941368293075e+04 -1.349858445191323823e-12
5.367782067776846816e+04 -1.303696796822489437e-12
5.369194194188273832e+04 -1.233589844864376578e-12
5.370606320611207047e+04 -1.085712754088131562e-12
5.372018447022804321e+04 -1.010571893847429484e-12
5.373430573431075027e+04 -1.016364731050485316e-12
5.374842699842435832e+04 -1.030308972289920330e-12
5.376254826251570194e+04 -1.035492892812874359e-12
5.377666952668807789e+04 -9.470038990859114356e-13
5.379079079077939969e+04 -8.571773577970743016e-13
5.380491205490616994e+04 -8.111514347885700630e-13
5.381903331897970929e+04 -8.838595842150790826e-13
5.383315458316720469e+04 -8.556757574403183732e-13
5.384727584730977105e+04 -7.924518794272236071e-13
5.386139711143120076e+04 -7.546793392194843233e-13
5.387551837551344215e+04 -5.204444630966326965e-13
5.388963963962046546e+04 -5.644790906189140975e-13
5.390376090377636865e+04 -6.096044475341933667e-13
5.391788216789172293e+04 -6.047129154009159663e-13
5.393200343200250791e+04 -4.487662006602150266e-13
5.394612469612844143e+04 -3.658485974957693118e-13
5.396024596022976766e+04 -2.984524578614914789e-13
5.397436722437674325e+04 -3.040179366115805793e-13
5.398848848847402405e+04 -2.732001510745510577e-13
5.400260975258098915e+04 -1.521203207331423645e-13
5.401673101672736084e+04 -1.398848396109672419e-13
5.403085228089855809e+04 -7.113907541811018856e-15
5.404497354501619702e+04 7.418533697042237107e-14
5.405909480908479600e+04 2.100806619078679569e-13
5.407321607319304894e+04 2.877929142293074475e-13
5.408733733730168024e+04 2.886387960575718611e-13
5.410145860152204114e+04 2.857065370931981100e-13
5.411557986559923302e+04 3.678664429647663338e-13
5.412970112967289606e+04 3.761144066041388393e-13
5.414382239382135594e+04 3.738156968716509449e-13
5.415794365791604650e+04 4.691830843587931260e-13
5.417206492211161822e+04 4.722010646033753541e-13
5.418618618617524044e+04 4.612888441630395782e-13
5.420030745031373954e+04 5.730388491907200852e-13
5.421442871441668831e+04 6.158664816755827777e-13
5.422854997853287932e+04 5.520691578569551598e-13
5.424267124271947250e+04 5.650968218445054580e-13
5.425679250681991107e+04 6.083353252931262106e-13
5.427091377089300659e+04 5.822213718447796363e-13
5.428503503499591898e+04 6.371297930266136052e-13
5.429915629919023195e+04 6.465645530109417966e-13
5.431327756326800591e+04 6.936580508137669782e-13
5.432739882740535541e+04 5.951386820003373034e-13
5.434152009148245997e+04 6.433209385920176169e-13
5.435564135557230475e+04 5.731516662778910610e-13
5.436976261979170522e+04 6.925692920249117454e-13
5.438388388389809552e+04 6.572422715582933576e-13
5.439800514800554811e+04 7.056782434333494394e-13
5.441212641207218985e+04 7.490468067553899849e-13
5.442624767619783233e+04 7.131394433687393195e-13
5.444036894037204911e+04 8.143541059983800850e-13
5.445449020447650400e+04 8.498978929206981613e-13
5.446861146858069696e+04 8.522434045015757164e-13
5.448273273273019004e+04 8.302332341804524479e-13
5.449685399691845669e+04 8.689689071629481518e-13
5.451097526098220987e+04 9.304448593014464574e-13
5.452509652507688588e+04 9.806322056083488641e-13
5.453921778919992357e+04 1.058790307117079708e-12
5.455333905328041874e+04 1.054811657352919303e-12
5.456746031751247210e+04 1.121797418674474786e-12
5.458158158157741855e+04 1.165060062023843983e-12
5.459570284567576164e+04 1.178983365594262359e-12
5.460982410982563306e+04 1.239835621521588591e-12
5.462394537392290658e+04 1.298170430656584301e-12
5.463806663810744067e+04 1.258981518721262160e-12
5.465218790217379137e+04 1.174963333143104794e-12
5.466630916632698063e+04 1.209889335666678803e-12
5.468043043036632298e+04 1.088447899465080182e-12
5.469455169460530306e+04 1.174704198698336627e-12
5.470867295866787754e+04 1.137912034051602681e-12
5.472279422278516722e+04 1.210112013934806701e-12
5.473691548690351192e+04 1.179465178307158424e-12
5.475103675100116379e+04 1.086828062859760778e-12
5.476515801519855449e+04 1.088416369798796602e-12
5.477927927932752209e+04 1.122203363127876055e-12
5.479340054338856135e+04 1.149799703542587005e-12
5.480752180752836284e+04 1.194424034354578656e-12
5.482164307161396573e+04 1.211671747113772999e-12
5.483576433581221499e+04 1.142438511767440364e-12
5.484988559992021328e+04 1.049136317421873281e-12
5.486400686398953985e+04 1.049863470350538661e-12
5.487812812807469163e+04 1.205374681575697538e-12
5.489224939220970555e+04 1.343752475081939974e-12
5.490637065641485242e+04 1.311876967771303292e-12
5.492049192047130782e+04 1.405153544263014903e-12
5.493461318457385642e+04 1.441399851562214003e-12
5.494873444867930812e+04 1.471197356804348053e-12
5.496285571291652741e+04 1.463037085049326912e-12
5.497697697697576950e+04 1.404405699990850942e-12
5.499109824108690373e+04 1.334192089083513071e-12
5.500521950518700032e+04 1.315283157032002162e-12
5.501934076927392744e+04 1.229032769611174027e-12
5.503346203351068834e+04 1.306038067696411060e-12
5.504758329760186461e+04 1.293180860967206498e-12
5.506170456169522367e+04 1.218851643307788903e-12
5.507582582578082656e+04 1.312600179491682997e-12
5.508994708991863445e+04 1.271679599165941693e-12
5.510406835408600455e+04 1.233722807470857719e-12
5.511818961821748235e+04 1.158483170697501573e-12
5.513231088232569891e+04 1.141332017541300807e-12
5.514643214642191742e+04 1.142443438277797256e-12
5.516055341057631449e+04 1.165970481137782533e-12
5.517467467467975803e+04 1.110967963608133533e-12
5.518879593879973254e+04 1.202476908183821421e-12
5.520291720292146056e+04 1.198470669961662910e-12
5.521703846702962619e+04 1.130585327848953877e-12
5.523115973116599343e+04 1.091988089807484520e-12
5.524528099529034080e+04 1.120615056188840231e-12
5.525940225942950201e+04 1.114066738622567347e-12
5.527352352353135939e+04 1.140884690400902376e-12
5.528764478756758035e+04 1.083527300920697647e-12
5.530176605176860176e+04 1.096011078164856139e-12
5.531588731587123766e+04 9.832462120036725589e-13
5.533000857999570144e+04 8.698290758712472779e-13
5.534412984409843921e+04 9.086884042636989572e-13
5.535825110832955397e+04 8.185884416500588931e-13
5.537237237238159287e+04 8.152837385027102897e-13
5.538649363651020394e+04 7.434946295832643298e-13
5.540061490063186648e+04 7.449666708778793136e-13
5.541473616468464024e+04 7.847807569774809601e-13
5.542885742891106929e+04 6.443042700592370090e-13
5.544297869299699960e+04 5.966373264508791776e-13
5.545709995707456255e+04 6.392743029849332619e-13
5.547122122121703433e+04 6.266998779502096034e-13
5.548534248526961892e+04 5.383251792635246830e-13
5.549946374948438461e+04 4.666365711553575714e-13
5.551358501362213428e+04 5.024276688975875985e-13
5.552770627771546424e+04 4.649645135402560069e-13
5.554182754181222117e+04 4.477197566872757682e-13
5.555594880587993975e+04 3.233598557503024995e-13
5.557007007009628433e+04 3.489097237627943461e-13
5.558419133417068224e+04 3.661456128971323217e-13
5.559831259832124488e+04 2.974040432844094841e-13
5.561243386239245592e+04 3.063082181033092137e-13
5.562655512659912347e+04 2.842571577462243926e-13
5.564067639071570011e+04 2.242207319339861225e-13
5.565479765481271170e+04 2.535137625155826895e-13
5.566891891891614068e+04 3.088296061039249552e-13
5.568304018298191659e+04 2.143588435017223969e-13
5.569716144723197795e+04 2.907788721565704367e-13
5.571128271131871588e+04 2.518909700040492314e-13
5.572540397539019614e+04 2.772822043830517593e-13
5.573952523951457988e+04 2.570460704414159810e-13
5.575364650362793327e+04 2.178744012923425302e-13
5.576776776778086059e+04 2.554715577313793117e-13
5.578188903187119286e+04 3.082285718403940467e-13
5.579601029600359470e+04 3.814010448680324593e-13
5.581013156011598039e+04 2.883767057065895390e-13
5.582425282430979132e+04 2.558321782894978467e-13
5.583837408837887779e+04 3.182500792082184341e-13
5.585249535251128691e+04 4.064296880847736652e-13
5.586661661656988872e+04 3.155010864291180550e-13
5.588073788071181480e+04 2.144623002192154254e-13
5.589485914489534480e+04 3.123589581235441422e-13
5.590898040898654290e+04 2.700254546274695410e-13
5.592310167313199781e+04 2.626711599668224780e-13
5.593722293722231552e+04 2.344166377684416187e-13
5.595134420133088133e+04 2.070961819337120200e-13
5.596546546552833024e+04 3.529987273589472302e-13
5.597958672960101103e+04 2.934549525823900244e-13
5.599370799367689324e+04 3.011343969265865695e-13
5.600782925779168727e+04 2.810568966184401606e-13
5.602195052196781035e+04 2.851183117565948869e-13
5.603607178607021342e+04 2.676755091872708542e-13
5.605019305021841137e+04 2.995007660922681624e-13
5.606431431430892553e+04 2.255400514075400217e-13
5.607843557837717526e+04 2.718758519174876871e-13
5.609255684261082934e+04 3.371038343437330773e-13
5.610667810668702441e+04 2.852759600880128376e-13
5.612079937079003139e+04 3.081044237794024124e-13
5.613492063492990565e+04 2.673139033270809510e-13
5.614904189901352220e+04 3.324019728591929169e-13
5.616316316317253950e+04 3.255166819845142333e-13
5.617728442732937401e+04 3.825597601039543285e-13
5.619140569140689331e+04 3.893011968762141152e-13
5.620552695553025842e+04 3.842722151039817362e-13
5.621964821959858091e+04 4.581265171650027943e-13
5.623376948380402609e+04 3.618822108343483288e-13
5.624789074787754362e+04 4.590408774872268173e-13
5.626201201200411742e+04 3.905367656737022486e-13
5.627613327610355191e+04 3.322522069443458613e-13
5.629025454029002140e+04 3.858585514388748238e-13
5.630437580436635471e+04 4.199027086085796576e-13
5.631849706850283837e+04 4.146865194427884843e-13
5.633261833263000881e+04 5.176998510037007933e-13
5.634673959671401099e+04 5.556024510848598700e-13
5.636086086086855357e+04 6.437653098262019934e-13
5.637498212500597583e+04 6.492041772601209633e-13
5.638910338907334517e+04 7.378872754951423592e-13
5.640322465317849128e+04 6.276300031055754165e-13
5.641734591730332613e+04 5.776692762750864811e-13
5.643146718149112712e+04 6.016278814423283992e-13
5.644558844561009028e+04 4.921174680228540994e-13
5.645970970971195493e+04 5.477614172009599014e-13
5.647383097377824015e+04 5.061363458941947353e-13
5.648795223800426174e+04 4.402610200070643337e-13
5.650207350207489071e+04 4.573303930913421459e-13
5.651619476616755856e+04 3.143591213284092934e-13
5.653031603026623634e+04 3.407671874450575299e-13
5.654443729438096489e+04 3.829794987863546013e-13
5.655855855858598079e+04 3.855294605470398184e-13
5.657267982272029622e+04 4.218752833554467016e-13
5.658680108677721000e+04 4.758422484080941487e-13
5.660092235089125461e+04 3.882429824515711952e-13
5.661504361497426726e+04 3.027975868230458708e-13
5.662916487922240776e+04 3.203931112134311142e-13
5.664328614330621349e+04 4.040984633839308225e-13
5.665740740741207992e+04 3.452187822034717358e-13
