5.299999999999965803e+04 -2.816421686984625678e-12
5.301412126410916972e+04 -2.934741484840491267e-12
5.302824252821375558e+04 -2.905544618569153799e-12
5.304236379239556845e+04 -2.837604883384072400e-12
5.305648505649076833e+04 -2.813708276871303424e-12
5.307060632061753859e+04 -2.854432632574604634e-12
5.308472758471426641e+04 -2.798517289189622751e-12
5.309884884879705351e+04 -2.763896315544171530e-12
5.311297011301514431e+04 -2.771650055541739971e-12
5.312709137710590585e+04 -2.818847556175138390e-12
5.314121264117878309e+04 -2.773643498183361412e-12
5.315533390530845645e+04 -2.761829958289069207e-12
5.316945516950063757e+04 -2.686797818650691853e-12
5.318357643361934606e+04 -2.675291763970544377e-12
5.319769769771995925e+04 -2.725206878030277290e-12
5.321181896181853517e+04 -2.723967586946795071e-12
5.322594022588189546e+04 -2.729986130707312317e-12
5.324006149009238288e+04 -2.745911668783390464e-12
5.325418275417622499e+04 -2.738006566626425218e-12
5.326830401830399933e+04 -2.774482788275476676e-12
5.328242528240427055e+04 -2.819866001761671241e-12
5.329654654649964505e+04 -2.779848145772051543e-12
5.331066781071438163e+04 -2.788791852261629866e-12
5.332478907479983900e+04 -2.779069503481972669e-12
5.333891033891786356e+04 -2.766603334906076965e-12
5.335303160298224975e+04 -2.750541918303229783e-12
5.336715286720523727e+04 -2.764666036516835971e-12
5.338127413129063643e+04 -2.683724124564875288e-12
5.339539539540468104e+04 -2.674406666344783352e-12
5.340951665949257585e+04 -2.592382272619273634e-12
5.342363792361621017e+04 -2.544519490474284860e-12
5.343775918782016379e+04 -2.469711070026447118e-12
5.345188045191349374e+04 -2.502421852362492869e-12
5.346600171597816370e+04 -2.474472737414348459e-12
5.348012298008676589e+04 -2.445287762658650550e-12
5.349424424420703144e+04 -2.396930362088566274e-12
5.350836550840791460e+04 -2.425249883273193833e-12
5.352248677248545573e+04 -2.349856601843339988e-12
5.353660803660583770e+04 -2.323839981498136928e-12
5.355072930068139976e+04 -2.264991283212814530e-12
5.356485056488812552e+04 -2.212673589747933747e-12
5.357897182900689222e+04 -2.187552875547666618e-12
5.359309309309574019e+04 -2.227617139544219482e-12
5.360721435720973386e+04 -2.221645861609617179e-12
5.362133562129356142e+04 -2.214822683643862491e-12
5.363545688549374609e+04 -2.222319592638181342e-12
5.364957814959916141e+04 -2.251393479835693569e-12
5.366369941372020548e+04 -2.174709609747226436e-12
5.367782067781118531e+04 -2.050648397275757632e-12
5.369194194187833637e+04 -2.026739952861035053e-12
5.370606320611420961e+04 -2.005965893225115164e-12
5.372018447020713211e+04 -2.036106049417414066e-12
5.373430573430423101e+04 -2.044662021727069925e-12
5.374842699840995192e+04 -1.925052718209055702e-12
5.376254826248189056e+04 -1.891088919685813655e-12
5.377666952670723549e+04 -1.873452161413235223e-12
5.379079079080344673e+04 -1.782514771117707337e-12
5.380491205488229025e+04 -1.649005540377066151e-12
5.381903331899311161e+04 -1.614608629049746969e-12
5.383315458320960170e+04 -1.514162572683010311e-12
5.384727584731255047e+04 -1.410363730824621354e-12
5.386139711141948646e+04 -1.421305040377884229e-12
5.387551837548324693e+04 -1.331609428840886845e-12
5.388963963958613749e+04 -1.361052178200714579e-12
5.390376090381185350e+04 -1.354071590451739301e-12
5.391788216788650607e+04 -1.317811582077133478e-12
5.393200343201786018e+04 -1.255919942516503799e-12
5.394612469609081018e+04 -1.246659271913028644e-12
5.396024596019203454e+04 -1.203174368943337019e-12
5.397436722441951133e+04 -1.156374167171512030e-12
5.398848848850419745e+04 -1.070604964679516849e-12
5.400260975261413114e+04 -9.921110965387567633e-13
5.401673101672323537e+04 -8.411129955180561997e-13
5.403085228092148463e+04 -7.533148795695287044e-13
5.404497354498986533e+04 -6.964088839330347536e-13
5.405909480911793071e+04 -6.329361124245445124e-13
5.407321607318143651e+04 -6.143687921201521257e-13
5.408733733728944935e+04 -5.700830293487445100e-13
5.410145860151093802e+04 -4.992786505637914394e-13
5.411557986561942380e+04 -3.574595557794673355e-13
5.412970112971979688e+04 -2.796732167351675084e-13
5.414382239378370286e+04 -2.654039126588357390e-13
5.415794365789423318e+04 -3.141668042617726322e-13
5.417206492210249417e+04 -1.675878435094094025e-13
5.418618618618838082e+04 -7.385687938054240547e-15
5.420030745028035017e+04 3.229530253728324700e-14
5.421442871441780153e+04 -6.683151401683666111e-14
5.422854997850288783e+04 -1.007929106469287849e-13
5.424267124268961925e+04 -8.508693133932687492e-14
5.425679250677905657e+04 1.559596884837559921e-14
5.427091377090915921e+04 7.632028833812355098e-14
5.428503503499771614e+04 5.691607983476576051e-14
5.429915629920652282e+04 7.170968287297494593e-14
5.431327756330099510e+04 7.791445913451265327e-14
5.432739882740098255e+04 1.394334621293051953e-13
5.434152009148001525e+04 9.837996128256080683e-14
5.435564135561475268e+04 1.270486147929151035e-13
5.436976261980894196e+04 2.009456025722406737e-13
5.438388388389383181e+04 2.375875119576904427e-13
5.439800514798908989e+04 3.544783871213369188e-13
5.441212641211635491e+04 3.618357289672635410e-13
5.442624767621875071e+04 3.497583239540685951e-13
5.444036894042123458e+04 3.737992156196317414e-13
5.445449020450015087e+04 3.262197710844404230e-13
5.446861146862156602e+04 4.141784707464224539e-13
5.448273273269083438e+04 4.828691835594088775e-13
5.449685399689464248e+04 4.554138292173782952e-13
5.451097526101824042e+04 4.738864463061435730e-13
5.452509652507878491e+04 4.733710686616803371e-13
5.453921778918159544e+04 4.921082371245343217e-13
5.455333905328559194e+04 5.173003218641149928e-13
5.456746031748165842e+04 5.249043724493020626e-13
5.458158158160930179e+04 6.025586073703539522e-13
5.459570284571515367e+04 5.332410004452274701e-13
5.460982410980706481e+04 4.486250497928069055e-13
5.462394537387676974e+04 4.838120981845653798e-13
5.463806663809291786e+04 4.818967599612670296e-13
5.465218790221612289e+04 5.684349113888430332e-13
5.466630916628379055e+04 6.049505498201233322e-13
5.468043043040706107e+04 5.871055130986838267e-13
5.469455169458013552e+04 5.619751913258163996e-13
5.470867295868480869e+04 6.046743321078777410e-13
5.472279422281167354e+04 5.790540241324181400e-13
5.473691548688821786e+04 5.992786507102843766e-13
5.475103675100336113e+04 5.898285736755550036e-13
5.476515801521728281e+04 7.382683153639532094e-13
5.477927927930170699e+04 7.439597727465846838e-13
5.479340054342096846e+04 7.418117940153328955e-13
5.480752180750617845e+04 7.306107368742812608e-13
5.482164307159355667e+04 6.791076283148305443e-13
5.483576433580088633e+04 7.222548937331560651e-13
5.484988559991876537e+04 6.972354021727798476e-13
5.486400686398275138e+04 7.505474794017449209e-13
5.487812812809593015e+04 8.122672120383557081e-13
5.489224939218391228e+04 8.490854890065312563e-13
5.490637065640799119e+04 9.163100176152622569e-13
5.492049192050362035e+04 8.908667634777141239e-13
5.493461318460573966e+04 8.730227561390531136e-13
5.494873444871723041e+04 9.584591248659822380e-13
5.496285571291901579e+04 1.019481622233918273e-12
5.497697697698255070e+04 9.892699239385098176e-13
5.499109824107867462e+04 1.000736904964021587e-12
5.500521950518101221e+04 1.110638271061278352e-12
5.501934076928834111e+04 1.159599490412883542e-12
5.503346203348976269e+04 1.125940389192093836e-12
5.504758329759342450e+04 1.149979565219692572e-12
5.506170456171799015e+04 1.133230134902228671e-12
5.507582582580290182e+04 1.155484018064219953e-12
5.508994708991872176e+04 1.190575333857572874e-12
5.510406835408061306e+04 1.239738655361367661e-12
5.511818961820728146e+04 1.276237137413005465e-12
5.513231088230782188e+04 1.251158284779065826e-12
5.514643214638067002e+04 1.151848924345548846e-12
5.516055341060196224e+04 1.227381944487591336e-12
5.517467467469014809e+04 1.227890459580197634e-12
5.518879593881327310e+04 1.157700279186449293e-12
5.520291720288133365e+04 1.157225390597942523e-12
5.521703846700641589e+04 1.047555978753453330e-12
5.523115973120051058e+04 1.159480425138164069e-12
5.524528099532292254e+04 1.177329236263124824e-12
5.525940225938544609e+04 1.242001924963817572e-12
5.527352352348619024e+04 1.311956376701276990e-12
5.528764478758804762e+04 1.286125045256213561e-12
5.530176605179362377e+04 1.144655254361412547e-12
5.531588731588163500e+04 1.151632753962052340e-12
5.533000858000939479e+04 1.066186777662523422e-12
5.534412984411689104e+04 1.096724447171140997e-12
5.535825110828654579e+04 1.011429447012466923e-12
5.537237237239403476e+04 1.066712449134772317e-12
5.538649363648147846e+04 1.058453367974831321e-12
5.540061490060998040e+04 1.021827585586245476e-12
5.541473616468456021e+04 9.729782258299098899e-13
5.542885742891361588e+04 8.845508138760924636e-13
5.544297869299223385e+04 9.843734931885157904e-13
5.545709995709244686e+04 9.529876122703685192e-13
5.547122122121852590e+04 9.847663742823309323e-13
5.548534248530099285e+04 9.305909880297509612e-13
5.549946374947867298e+04 9.105132200616252844e-13
5.551358501357803470e+04 8.891092639471276555e-13
5.552770627768658596e+04 9.069927309589665353e-13
5.554182754181010387e+04 9.186576966055538204e-13
5.555594880590037792e+04 9.277207257155463927e-13
5.557007007010095549e+04 8.970197274727312246e-13
5.558419133417675766e+04 9.039653162072358495e-13
5.559831259827825852e+04 9.705409905378841982e-13
5.561243386242264387e+04 1.029313943407084399e-12
5.562655512661780085e+04 1.059245649586725812e-12
5.564067639071929443e+04 1.055599575785083483e-12
5.565479765479789057e+04 9.498390734783612683e-13
5.566891891889297403e+04 9.501358788461778735e-13
5.568304018300017196e+04 9.963664888138690839e-13
5.569716144718271244e+04 1.009832188067742159e-12
5.571128271132113878e+04 9.620581901874039953e-13
5.572540397542222490e+04 9.245255215709109983e-13
5.573952523951019975e+04 9.848216178247800708e-13
5.575364650359719235e+04 1.019198885097408375e-12
5.576776776780840009e+04 1.042342841235257246e-12
5.578188903191254212e+04 1.006807518336754228e-12
5.579601029598880996e+04 9.955862166677243095e-13
5.581013156007855287e+04 1.018937421871655456e-12
5.582425282432063977e+04 1.023134215459824808e-12
5.583837408839387354e+04 1.088645851125039989e-12
5.585249535248128086e+04 1.041291155163166626e-12
5.586661661661358812e+04 1.078465598572722302e-12
5.588073788070511364e+04 1.241857811374819969e-12
5.589485914488569688e+04 1.245592412095418133e-12
5.590898040901408967e+04 1.312427834013855241e-12
5.592310167309684039e+04 1.235761463432623334e-12
5.593722293722184986e+04 1.200984452514322648e-12
5.595134420131377556e+04 1.287601523288254491e-12
5.596546546552106156e+04 1.302390322540163831e-12
5.597958672960047261e+04 1.247501230894452276e-12
5.599370799367972359e+04 1.228267899932334541e-12
5.600782925777953642e+04 1.142611586418387661e-12
5.602195052201044746e+04 1.265273524566207115e-12
5.603607178610504343e+04 1.313530646097280616e-12
5.605019305021991022e+04 1.369916803430604215e-12
5.606431431431388046e+04 1.461179478684155557e-12
5.607843557840063295e+04 1.416557450871753164e-12
5.609255684260415001e+04 1.411888856843412728e-12
5.610667810668629681e+04 1.404591562326235192e-12
5.612079937080586387e+04 1.370154247724857701e-12
5.613492063489495922e+04 1.332181689534328789e-12
5.614904189901303471e+04 1.373705961438465854e-12
5.616316316321814520e+04 1.421743481310114128e-12
5.617728442727679067e+04 1.446419502150045900e-12
5.619140569137650164e+04 1.424671045932325027e-12
5.620552695549925556e+04 1.513519132314978782e-12
5.621964821957788809e+04 1.437630975114334659e-12
5.623376948379791429e+04 1.452911133079207499e-12
5.624789074790447921e+04 1.413512536612786949e-12
5.626201201200040668e+04 1.431106060808666363e-12
5.627613327607893007e+04 1.529764851326136432e-12
5.629025454030447145e+04 1.428173006144969752e-12
5.630437580439847079e+04 1.410987803784584120e-12
5.631849706847716152e+04 1.333337000139460648e-12
5.633261833259260311e+04 1.295311257172039790e-12
5.634673959670164186e+04 1.285474475340166650e-12
5.636086086087983131e+04 1.381073253984585101e-12
5.637498212501094531e+04 1.397096626315574870e-12
5.638910338909604616e+04 1.338842482366766525e-12
5.640322465317847673e+04 1.344175028287275116e-12
5.641734591731428372e+04 1.343277406504375027e-12
5.643146718150363449e+04 1.352551115956378595e-12
5.644558844561926526e+04 1.431714082903199516e-12
5.645970970970335475e+04 1.394401015946131745e-12
5.647383097381780681e+04 1.390995817714671220e-12
5.648795223798785446e+04 1.306673584281731826e-12
5.650207350210371806e+04 1.303578573394209353e-12
5.651619476620427304e+04 1.404569259032699716e-12
5.653031603029550752e+04 1.326040391877468775e-12
5.654443729439540039e+04 1.311121204140275909e-12
5.655855855858615541e+04 1.267547431124035617e-12
5.657267982269752247e+04 1.351277426331712926e-12
5.658680108678906981e+04 1.415933644907948742e-12
5.660092235087660811e+04 1.244655330639339972e-12
5.661504361501099629e+04 1.189009985778983277e-12
5.662916487918322673e+04 1.147695707961671545e-12
5.664328614331690187e+04 1.080604655986559860e-12
5.665740740738560271e+04 1.115373088715039349e-12
