5.299999999999991269e+04 -1.470946604317111318e-12
5.301412126409930352e+04 -1.413219320469184761e-12
5.302824252818352397e+04 -1.454610211110438474e-12
5.304236379239804955e+04 -1.572373454019228254e-12
5.305648505651901360e+04 -1.581538535076670097e-12
5.307060632060735952e+04 -1.539044624309056718e-12
5.308472758470100234e+04 -1.580836854328279258e-12
5.309884884882086044e+04 -1.454361157636643428e-12
5.311297011300793383e+04 -1.409720551081202497e-12
5.312709137710857613e+04 -1.430744940068764401e-12
5.314121264121385320e+04 -1.334877536637963151e-12
5.315533390528580640e+04 -1.343781178603812699e-12
5.316945516951877653e+04 -1.312021851225332929e-12
5.318357643360214570e+04 -1.322223340268831704e-12
5.319769769769602863e+04 -1.275957772214109895e-12
5.321181896179261821e+04 -1.328000797080163967e-12
5.322594022591754765e+04 -1.233324819081098018e-12
5.324006149008485227e+04 -1.209109437391118074e-12
5.325418275418516714e+04 -1.166528787854281684e-12
5.326830401830772462e+04 -1.193943840068066074e-12
5.328242528241498076e+04 -1.173336933178484126e-12
5.329654654650916927e+04 -1.149644745228829954e-12
5.331066781071954756e+04 -1.055740935554599476e-12
5.332478907481982606e+04 -1.104271099434078535e-12
5.333891033890546532e+04 -1.128393233988795259e-12
5.335303160300351010e+04 -1.086832780689880095e-12
5.336715286718200514e+04 -1.144008263570386956e-12
5.338127413131549110e+04 -1.132547543754409595e-12
5.339539539538135432e+04 -1.148822718875664306e-12
5.340951665950163442e+04 -1.121826174320569163e-12
5.342363792358914361e+04 -1.157297952577515139e-12
5.343775918780539359e+04 -1.081280237231030944e-12
5.345188045189262630e+04 -9.918497655922997343e-13
5.346600171599648456e+04 -9.256360950698085198e-13
5.348012298009861843e+04 -9.026064193383773266e-13
5.349424424420732248e+04 -9.088105882940735747e-13
5.350836550840697601e+04 -9.164331866000496937e-13
5.352248677250721812e+04 -9.116588070517214760e-13
5.353660803658408258e+04 -9.076250401140953133e-13
5.355072930068610003e+04 -8.947424198192832765e-13
5.356485056488035480e+04 -8.653918189898636478e-13
5.357897182898905885e+04 -7.084554703348933026e-13
5.359309309310583194e+04 -5.975099972431166214e-13
5.360721435719055444e+04 -5.151101387132258568e-13
5.362133562127964251e+04 -4.436430729018667502e-13
5.363545688551252533e+04 -4.386979769400786489e-13
5.364957814960368705e+04 -4.007219372095348924e-13
5.366369941371494497e+04 -4.268181972404144693e-13
5.367782067778261990e+04 -2.610156395854849821e-13
5.369194194188716938e+04 -2.321248055109836658e-13
5.370606320609522663e+04 -1.245463271172019059e-13
5.372018447020806343e+04 -1.348157342600233579e-14
5.373430573430628283e+04 3.179551188350201337e-14
5.374842699840272689e+04 1.204168950118622625e-13
5.376254826251055056e+04 1.579672481587513511e-13
5.377666952668825979e+04 2.010745625644681405e-13
5.379079079080317752e+04 2.752106106771994231e-13
5.380491205488335981e+04 3.059638629998325175e-13
5.381903331897927274e+04 3.041399427229430593e-13
5.383315458321679034e+04 3.692977590505428684e-13
5.384727584728903457e+04 4.680198107157466314e-13
5.386139711139180872e+04 5.172902716487867673e-13
5.387551837551177596e+04 5.386664279596468014e-13
5.388963963961971604e+04 5.563770725168134198e-13
5.390376090378841036e+04 5.208349250173507280e-13
5.391788216792041931e+04 5.898374895549197033e-13
5.393200343199348572e+04 6.617617976640664147e-13
5.394612469611113920e+04 7.384986677356425841e-13
5.396024596018574812e+04 7.398255855149367384e-13
5.397436722440411540e+04 6.665898219264209964e-13
5.398848848850219656e+04 7.112200150961981177e-13
5.400260975259777479e+04 7.021600540114620978e-13
5.401673101671435143e+04 5.899002854260444470e-13
5.403085228090145392e+04 6.494591713950196324e-13
5.404497354498453933e+04 6.993288753394460314e-13
5.405909480909799458e+04 6.778703586146987614e-13
5.407321607321852935e+04 6.630861909862300128e-13
5.408733733728649531e+04 6.137655564677183180e-13
5.410145860150819499e+04 6.151076209897964154e-13
5.411557986560567952e+04 5.565799757586888290e-13
5.412970112970122136e+04 5.951562051720428953e-13
5.414382239378039230e+04 6.388810649033431869e-13
5.415794365791709424e+04 5.499895648620041538e-13
5.417206492207847623e+04 5.554442856070408448e-13
5.418618618619941117e+04 6.103815216840915617e-13
5.420030745029475656e+04 5.823846609909791684e-13
5.421442871439698501e+04 6.477362294033558049e-13
5.422854997850404470e+04 6.606794366693033109e-13
5.424267124268960470e+04 7.349202497529562351e-13
5.425679250680928089e+04 6.852348311790668001e-13
5.427091377088643640e+04 7.232616756093646788e-13
5.428503503501285741e+04 7.383232179650629202e-13
5.429915629921263462e+04 8.103456643451634749e-13
5.431327756328241230e+04 7.571152768455685956e-13
5.432739882740668691e+04 7.187586752025804916e-13
5.434152009149712103e+04 7.614589208959811088e-13
5.435564135559473652e+04 6.923657914588502619e-13
5.436976261979054834e+04 7.261600679524841390e-13
5.438388388390719774e+04 9.412330865404537118e-13
5.439800514801564714e+04 8.625022108928109659e-13
5.441212641208850255e+04 8.718139865763286253e-13
5.442624767621371575e+04 9.078793278161170881e-13
5.444036894040118204e+04 9.430093576890023187e-13
5.445449020450649550e+04 8.407426526552345446e-13
5.446861146858410211e+04 8.641033478279212916e-13
5.448273273269781930e+04 9.159042614772895233e-13
5.449685399691752536e+04 9.371175903032231793e-13
5.451097526098581875e+04 9.433735106300974955e-13
5.452509652511763124e+04 9.263725540837828866e-13
5.453921778921978694e+04 9.235779800401613492e-13
5.455333905329014669e+04 9.556376389279021598e-13
5.456746031751279224e+04 8.848285097562167925e-13
5.458158158160787571e+04 8.849436881128023698e-13
5.459570284569251089e+04 9.876278752445501001e-13
5.460982410980657733e+04 9.407102083572693234e-13
5.462394537390969344e+04 9.661573673484324106e-13
5.463806663808206213e+04 9.730081128867144407e-13
5.465218790220359369e+04 8.675763697254032084e-13
5.466630916631811851e+04 8.755381919583096182e-13
5.468043043040307384e+04 8.123598655782751068e-13
5.469455169458239834e+04 8.860651781930904578e-13
5.470867295868892688e+04 8.834971741769439881e-13
5.472279422280829749e+04 8.426432533174673105e-13
5.473691548689511546e+04 9.090270091391355929e-13
5.475103675099620887e+04 8.726902887578030995e-13
5.476515801520700916e+04 8.521945368712547061e-13
5.477927927929900034e+04 8.448957001922834510e-13
5.479340054340280039e+04 8.965814354850661054e-13
5.480752180749452236e+04 9.253798113171577085e-13
5.482164307161536999e+04 9.794404296555925686e-13
5.483576433579035802e+04 8.426703912316217741e-13
5.484988559988499765e+04 8.039717256474314407e-13
5.486400686401325947e+04 7.323143788798501098e-13
5.487812812808616582e+04 8.286798498135987802e-13
5.489224939218015788e+04 1.017247961872665867e-12
5.490637065639064531e+04 9.566168127374501060e-13
5.492049192048284021e+04 9.621441116249928878e-13
5.493461318461701012e+04 9.759314342439990900e-13
5.494873444871581887e+04 1.006574557124307720e-12
5.496285571288111532e+04 1.022322751819540875e-12
5.497697697699066339e+04 9.538929234934865656e-13
5.499109824110889167e+04 9.901649546608462214e-13
5.500521950518499216e+04 1.073860806370180994e-12
5.501934076931941672e+04 1.097710615111929741e-12
5.503346203348288691e+04 1.082576494613725611e-12
5.504758329759844491e+04 1.057603302448840682e-12
5.506170456171561818e+04 1.093896160387528360e-12
5.507582582580404414e+04 1.107156502580512805e-12
5.508994708990643267e+04 1.150504587085064533e-12
5.510406835409296764e+04 1.157817939392537168e-12
5.511818961818794924e+04 1.044549334626286147e-12
5.513231088232019101e+04 1.061090839974823776e-12
5.514643214639936195e+04 1.061482761944356182e-12
5.516055341059857892e+04 1.063920125303991951e-12
5.517467467470743577e+04 1.149556022318225452e-12
5.518879593879003369e+04 1.184846039661765324e-12
5.520291720287885255e+04 1.175047359309174838e-12
5.521703846699864516e+04 1.195006348498320329e-12
5.523115973121116258e+04 1.163339558251535668e-12
5.524528099529066822e+04 1.188105744931707921e-12
5.525940225940135861e+04 1.126183967088450849e-12
5.527352352349530702e+04 9.824849249551479545e-13
5.528764478760359634e+04 9.490535391740440266e-13
5.530176605181863124e+04 1.058566382844180941e-12
5.531588731587973598e+04 1.074433227024554176e-12
5.533000857998896390e+04 1.016277939220216402e-12
5.534412984410428180e+04 9.661150826914940039e-13
5.535825110827873141e+04 9.553274462579743257e-13
5.537237237238961825e+04 9.194315592030803674e-13
5.538649363650226587e+04 9.277281875629381148e-13
5.540061490059321659e+04 9.050730781582662108e-13
5.541473616469297122e+04 8.142077681979057576e-13
5.542885742890051188e+04 8.390490574777144552e-13
5.544297869302123581e+04 7.473935924354628505e-13
5.545709995711666852e+04 7.131808871724249702e-13
5.547122122119010601e+04 7.809183831304004880e-13
5.548534248529926845e+04 7.593418480347957020e-13
5.549946374951083271e+04 8.278202721606148593e-13
5.551358501358596550e+04 8.039010408477734437e-13
5.552770627768156555e+04 7.028123106225919595e-13
5.554182754182069039e+04 7.030451917928937711e-13
5.555594880589141394e+04 6.792143164796247507e-13
5.557007007009551307e+04 6.690205585860887395e-13
5.558419133419621357e+04 6.350218010648728430e-13
5.559831259831300122e+04 6.217740811575415825e-13
5.561243386239723623e+04 5.890911969156733667e-13
5.562655512659859232e+04 5.801104406734112612e-13
5.564067639069267170e+04 5.264259664474420986e-13
5.565479765479826165e+04 4.831574023425054658e-13
5.566891891891293199e+04 4.133088291090298015e-13
5.568304018299037125e+04 3.402907999480319785e-13
5.569716144721948513e+04 2.570815373506288015e-13
5.571128271130120993e+04 3.254981122767472619e-13
5.572540397538086108e+04 2.444478916403264149e-13
5.573952523951725743e+04 1.587381542550214184e-13
5.575364650360419182e+04 4.066487645487450216e-14
5.576776776777862688e+04 -2.763115564325577559e-14
5.578188903191382269e+04 -6.246803293184509851e-14
5.579601029601375194e+04 -1.675106941378960405e-13
5.581013156008112855e+04 -1.280881404714939025e-13
5.582425282430004154e+04 -1.882289138090823099e-13
5.583837408838725969e+04 -3.490387263738828447e-13
5.585249535248981556e+04 -4.319261206871290496e-13
5.586661661659763195e+04 -6.153115222569863932e-13
5.588073788070146111e+04 -5.518763323639089280e-13
5.589485914491352014e+04 -6.129366392113340866e-13
5.590898040899199987e+04 -6.596302605282703518e-13
5.592310167309755343e+04 -6.745195086848022509e-13
5.593722293719975278e+04 -7.597426569581757277e-13
5.595134420131085062e+04 -8.337439621715590167e-13
5.596546546548047627e+04 -8.628288638879784925e-13
5.597958672960723925e+04 -8.601958551007179035e-13
5.599370799369919405e+04 -9.375786706405973926e-13
5.600782925779851212e+04 -1.053022095224897048e-12
5.602195052198826306e+04 -1.015528226806305984e-12
5.603607178611322161e+04 -1.079054928270369166e-12
5.605019305019449530e+04 -1.054021149134348869e-12
5.606431431430159137e+04 -1.136163197479772834e-12
5.607843557839903224e+04 -1.131618543530333006e-12
5.609255684261420538e+04 -9.906414972981457603e-13
5.610667810669137543e+04 -1.004137876232845238e-12
5.612079937078001967e+04 -9.720684350737231812e-13
5.613492063489148859e+04 -1.013299131159948423e-12
5.614904189900761412e+04 -1.040491321142668285e-12
5.616316316318907047e+04 -1.113095970448523368e-12
5.617728442731034738e+04 -1.071422863250153184e-12
5.619140569138244609e+04 -1.136121543937117193e-12
5.620552695552149817e+04 -1.096810697498746029e-12
5.621964821960124391e+04 -1.152023730517319427e-12
5.623376948382065166e+04 -1.122170762718901848e-12
5.624789074790864106e+04 -1.073713176981928879e-12
5.626201201202083757e+04 -1.106081135196749430e-12
5.627613327610948909e+04 -9.639415764559010179e-13
5.629025454028378590e+04 -1.011046053170849618e-12
5.630437580438979785e+04 -9.868232558880483936e-13
5.631849706851012161e+04 -1.002392214127005698e-12
5.633261833261179709e+04 -1.027939720289111903e-12
5.634673959668791213e+04 -1.054089940591158974e-12
5.636086086091782636e+04 -1.047730201964786937e-12
5.637498212497874192e+04 -1.005631092625620474e-12
5.638910338909025450e+04 -8.990333658270935737e-13
5.640322465318494505e+04 -8.651614622766924934e-13
5.641734591730790999e+04 -8.680974059196302267e-13
5.643146718149539811e+04 -8.599042803021287165e-13
5.644558844562013110e+04 -9.335035657174569711e-13
5.645970970971323550e+04 -9.921416559480302030e-13
5.647383097378572711e+04 -9.025145922102501263e-13
5.648795223801609245e+04 -1.069504906945147200e-12
5.650207350211418816e+04 -1.135885507195402161e-12
5.651619476619057968e+04 -1.139648210548625272e-12
5.653031603028242534e+04 -1.151668413176181550e-12
5.654443729439434537e+04 -1.027942244746242560e-12
5.655855855859191070e+04 -1.049059328644070265e-12
5.657267982271200890e+04 -9.983568694036730257e-13
5.658680108679694240e+04 -1.058389722198926470e-12
5.660092235091432667e+04 -1.081669003629149927e-12
5.661504361498269282e+04 -1.149229787587980452e-12
5.662916487921588123e+04 -1.248225111737576390e-12
5.664328614332136931e+04 -1.283500613452614882e-12
5.665740740738943714e+04 -1.290050317478067963e-12
