5.300000000000024011e+04 1.064780181631339488e-12
5.301412126411448844e+04 1.197225207499482567e-12
5.302824252817850356e+04 1.297547564481537881e-12
5.304236379241500254e+04 1.283761576049703784e-12
5.305648505649274739e+04 1.324440727844884328e-12
5.307060632060277567e+04 1.359709193716997804e-12
5.308472758467942185e+04 1.338119652321288879e-12
5.309884884879850870e+04 1.351988102252281836e-12
5.311297011299470614e+04 1.329931114187428058e-12
5.312709137711170479e+04 1.390982809995804606e-12
5.314121264121067361e+04 1.365711616105043108e-12
5.315533390530030010e+04 1.410404471134642438e-12
5.316945516950640013e+04 1.423624355811381863e-12
5.318357643358231871e+04 1.495895245595892107e-12
5.319769769768390688e+04 1.420538457770396983e-12
5.321181896181280899e+04 1.456419471230464912e-12
5.322594022590950772e+04 1.522620353989938227e-12
5.324006149010011723e+04 1.513192874071614345e-12
5.325418275420639111e+04 1.459515919068443626e-12
5.326830401828586037e+04 1.457656764609147812e-12
5.328242528240559477e+04 1.503074629711061594e-12
5.329654654650417797e+04 1.460302867987952174e-12
5.331066781067956617e+04 1.439806920197029636e-12
5.332478907480190537e+04 1.425330373373688963e-12
5.333891033889267419e+04 1.351991646324709433e-12
5.335303160299656884e+04 1.356621564849943806e-12
5.336715286720806034e+04 1.320447506052285524e-12
5.338127413128156331e+04 1.367321655240793226e-12
5.339539539542028069e+04 1.363877558623752129e-12
5.340951665950879396e+04 1.379894128547325130e-12
5.342363792359578656e+04 1.432620860038449944e-12
5.343775918781695509e+04 1.467456207291793310e-12
5.345188045189850527e+04 1.402615012040189042e-12
5.346600171598926681e+04 1.332325753264449919e-12
5.348012298012285464e+04 1.341860874080226453e-12
5.349424424422001175e+04 1.265667520321236217e-12
5.350836550838671974e+04 1.182536356314177225e-12
5.352248677250057517e+04 1.143518921175958714e-12
5.353660803661191312e+04 1.135650421024340518e-12
5.355072930071237352e+04 1.213141647074439244e-12
5.356485056489340059e+04 1.137004751213423691e-12
5.357897182901230553e+04 1.168332373386607125e-12
5.359309309309631499e+04 1.215103332373268910e-12
5.360721435720333102e+04 1.189828161703562334e-12
5.362133562130647624e+04 1.167974009969972791e-12
5.363545688551083003e+04 1.144736104004122041e-12
5.364957814957910159e+04 1.072424828277994939e-12
5.366369941370000743e+04 8.788195693833796660e-13
5.367782067781239311e+04 8.444575618498454543e-13
5.369194194188537222e+04 7.956370575362647898e-13
5.370606320608485112e+04 7.148134143607395683e-13
5.372018447018238658e+04 6.905270398983377809e-13
5.373430573431835364e+04 6.708240577080218309e-13
5.374842699841560534e+04 6.621267391300756806e-13
5.376254826247783785e+04 7.256266265982610518e-13
5.377666952669672901e+04 6.000642615022999277e-13
5.379079079078065115e+04 5.790226913981025984e-13
5.380491205489351705e+04 6.268297558379632085e-13
5.381903331897928729e+04 6.976971105208487055e-13
5.383315458321139886e+04 6.699378747605399530e-13
5.384727584730874514e+04 5.994899569284482253e-13
5.386139711141400767e+04 5.291429215301100885e-13
5.387551837551541394e+04 5.550555307150531546e-13
5.388963963961678382e+04 5.312212315378949375e-13
5.390376090377810033e+04 5.365726160630160653e-13
5.391788216788302088e+04 5.687468594449543973e-13
5.393200343202018121e+04 5.642167106795718803e-13
5.394612469610117114e+04 5.899071147653323623e-13
5.396024596018595912e+04 5.426123748419846781e-13
5.397436722440786252e+04 4.841130911488756468e-13
5.398848848850503418e+04 5.055008264669331131e-13
5.400260975261110434e+04 5.912482577081732427e-13
5.401673101669560856e+04 5.283052017125685611e-13
5.403085228091551107e+04 4.906074802420472301e-13
5.404497354500252550e+04 4.221132529407507344e-13
5.405909480907978286e+04 4.835021919667015565e-13
5.407321607318226597e+04 4.402081328721084827e-13
5.408733733730009408e+04 3.849753300732145331e-13
5.410145860148399515e+04 3.140460777532792677e-13
5.411557986559309938e+04 3.034652907307781705e-13
5.412970112972211064e+04 3.639294741139883829e-13
5.414382239379141538e+04 4.578701414455630942e-13
5.415794365789651783e+04 4.372845203801928636e-13
5.417206492210153374e+04 3.741878329658655207e-13
5.418618618620747293e+04 3.326209734478563749e-13
5.420030745031626429e+04 2.791724050655442447e-13
5.421442871438175644e+04 3.303540858188067885e-13
5.422854997850241489e+04 3.083379782173041687e-13
5.424267124268542102e+04 3.040382765800056436e-13
5.425679250681657140e+04 3.283229202163381112e-13
5.427091377089004527e+04 3.121790933665270859e-13
5.428503503499750514e+04 1.494402327077711296e-13
5.429915629920220817e+04 1.058178111817450647e-13
5.431327756329022668e+04 4.410611430401419439e-14
5.432739882739300810e+04 4.313269086749054651e-15
5.434152009150182857e+04 -7.849967018442557220e-14
5.435564135559225542e+04 8.210759713657767546e-15
5.436976261978234834e+04 5.733028483578228212e-14
5.438388388389017200e+04 2.069347732545311465e-14
5.439800514799025404e+04 -7.666400550749884858e-14
5.441212641208153218e+04 -1.141738087190675948e-13
5.442624767620398052e+04 -1.542271020496179569e-13
5.444036894039714389e+04 -1.580912948797648866e-13
5.445449020450525131e+04 -1.728389220336734841e-13
5.446861146860636654e+04 -2.213244702926999101e-13
5.448273273270166101e+04 -3.018579940508947644e-13
5.449685399688728648e+04 -2.973222407058592478e-13
5.451097526099157403e+04 -3.859741629319636719e-13
5.452509652511701279e+04 -3.681680836933120361e-13
5.453921778919697681e+04 -2.386469072754155563e-13
5.455333905332151335e+04 -2.237281756015132596e-13
5.456746031749300892e+04 -2.442359919140539875e-13
5.458158158159874438e+04 -1.800302570907500933e-13
5.459570284568156058e+04 -1.781454699215708414e-13
5.460982410981407884e+04 -3.063264924400946380e-13
5.462394537389504694e+04 -3.646886287722839247e-13
5.463806663812212355e+04 -3.577340047852564218e-13
5.465218790222181269e+04 -4.336964993147175756e-13
5.466630916631362925e+04 -4.804182533888377867e-13
5.468043043041652709e+04 -5.155596271752913041e-13
5.469455169460585603e+04 -5.914265141694958853e-13
5.470867295869861846e+04 -6.792031329262683483e-13
5.472279422280407016e+04 -7.196101741372681910e-13
5.473691548692029028e+04 -7.579596752533147201e-13
5.475103675097893574e+04 -6.689823577261817451e-13
5.476515801519391243e+04 -7.505273432711601838e-13
5.477927927929544967e+04 -7.638995406419980403e-13
5.479340054339743801e+04 -8.184456175928247157e-13
5.480752180749532272e+04 -8.379119711333806179e-13
5.482164307161358010e+04 -9.527122245710090676e-13
5.483576433578279830e+04 -8.555146370987449116e-13
5.484988559992003138e+04 -8.516145090225877590e-13
5.486400686398583639e+04 -9.538084144148995350e-13
5.487812812808344461e+04 -9.197418011971925822e-13
5.489224939218884538e+04 -8.866939027517025001e-13
5.490637065641158551e+04 -8.351106703503621893e-13
5.492049192049097474e+04 -8.622605729139882563e-13
5.493461318458650203e+04 -8.668217117080401110e-13
5.494873444870542880e+04 -9.095988307499354059e-13
5.496285571287861967e+04 -8.950298907826099271e-13
5.497697697700513527e+04 -8.487317769940232478e-13
5.499109824111882335e+04 -8.921735332465299006e-13
5.500521950521936378e+04 -8.773362328181738128e-13
5.501934076928974537e+04 -8.144472445321625319e-13
5.503346203350585711e+04 -7.822917929761194420e-13
5.504758329761648929e+04 -7.812219776247136613e-13
5.506170456169368117e+04 -8.431443407611650779e-13
5.507582582579030714e+04 -7.905512949788214695e-13
5.508994708991893276e+04 -7.926193848707686173e-13
5.510406835408217012e+04 -7.983904535075505890e-13
5.511818961821387347e+04 -6.964434793011257215e-13
5.513231088232013281e+04 -7.800420487671847858e-13
5.514643214641246595e+04 -7.879171425419241281e-13
5.516055341060763749e+04 -7.397853421633470817e-13
5.517467467471263080e+04 -7.406266884736051639e-13
5.518879593879914319e+04 -6.590309320305939482e-13
5.520291720291903039e+04 -6.642425317455467717e-13
5.521703846701546718e+04 -7.109240647186280401e-13
5.523115973118932015e+04 -6.767341507485556997e-13
5.524528099530662439e+04 -6.174271482231063824e-13
5.525940225938509684e+04 -6.724093933433968182e-13
5.527352352351255831e+04 -7.913214301593711703e-13
5.528764478758534096e+04 -7.335668961977954511e-13
5.530176605177934107e+04 -7.866439139172311064e-13
5.531588731591523538e+04 -8.500119289229935490e-13
5.533000857999396248e+04 -8.636660036822602387e-13
5.534412984409254568e+04 -8.793014621894309753e-13
5.535825110829016194e+04 -8.613523013290505126e-13
5.537237237240932882e+04 -8.660987209328066324e-13
5.538649363647973223e+04 -9.259180479747688756e-13
5.540061490058177878e+04 -8.877914113202170957e-13
5.541473616469678382e+04 -9.066119194760568821e-13
5.542885742890425172e+04 -9.516625197701229603e-13
5.544297869300413004e+04 -9.000120324129469560e-13
5.545709995712031377e+04 -9.448700989118754575e-13
5.547122122120331187e+04 -9.822071491976702304e-13
5.548534248528470926e+04 -9.545897587547551342e-13
5.549946374951647158e+04 -9.579643750681569669e-13
5.551358501358720969e+04 -9.219302247111005261e-13
5.552770627767909173e+04 -8.831893920628140322e-13
5.554182754179857147e+04 -8.766956623319545131e-13
5.555594880588450178e+04 -9.331087236695334207e-13
5.557007007011987298e+04 -9.324846372411170376e-13
5.558419133421418519e+04 -9.687831918853313996e-13
5.559831259831410716e+04 -9.444975592055309368e-13
5.561243386238770472e+04 -9.300130176141559304e-13
5.562655512658633961e+04 -9.202244544096602988e-13
5.564067639069601137e+04 -9.173186447001718255e-13
5.565479765479685739e+04 -8.874910717870489517e-13
5.566891891890154511e+04 -8.643263550378428767e-13
5.568304018301109318e+04 -7.458049903917963242e-13
5.569716144721018645e+04 -7.001504142198334352e-13
5.571128271128567576e+04 -6.640480198634730026e-13
5.572540397538885009e+04 -6.535529499415468090e-13
5.573952523952033516e+04 -6.814634269321968387e-13
5.575364650361279928e+04 -6.584325607323499857e-13
5.576776776780365617e+04 -4.901016483045511075e-13
5.578188903191125428e+04 -5.043461820143163840e-13
5.579601029599781759e+04 -5.795148043199917099e-13
5.581013156012211402e+04 -5.501382352283551507e-13
5.582425282428514765e+04 -4.889619405480611747e-13
5.583837408841404249e+04 -3.857552546443416610e-13
5.585249535248778557e+04 -3.539439902152223641e-13
5.586661661658440426e+04 -3.658102040651906291e-13
5.588073788072199386e+04 -2.106160966628046548e-13
5.589485914489869901e+04 -1.812167795714001152e-13
5.590898040899034095e+04 -1.881107422257130962e-13
5.592310167310416000e+04 -1.134559678250175974e-14
5.593722293720778544e+04 -1.286608627423775828e-14
5.595134420131873048e+04 1.312705151539883442e-13
5.596546546549921914e+04 1.132382746422814617e-13
5.597958672959664545e+04 2.740527863931313381e-13
5.599370799369800807e+04 2.996149445091855978e-13
5.600782925778226490e+04 2.779552222373809171e-13
5.602195052199169004e+04 2.620870088340337115e-13
5.603607178611457493e+04 3.001401265907847845e-13
5.605019305018396699e+04 3.227727379541144438e-13
5.606431431430892553e+04 4.174047466699411813e-13
5.607843557840282301e+04 4.175992585520149505e-13
5.609255684261454007e+04 3.946237787863857779e-13
5.610667810669739993e+04 4.159950300466404286e-13
5.612079937078395596e+04 4.111773993131759779e-13
5.613492063489495195e+04 3.022863509167174417e-13
5.614904189900082565e+04 3.642024501112037945e-13
5.616316316319310135e+04 3.372889289364708522e-13
5.617728442730820097e+04 3.436979306102236649e-13
5.619140569140553271e+04 3.282045646813135580e-13
5.620552695549209602e+04 3.203119978053032030e-13
5.621964821960734116e+04 2.200183745965054488e-13
5.623376948379354872e+04 1.410781998655352499e-13
5.624789074788503058e+04 1.514361224265416736e-13
5.626201201197777118e+04 1.651218465767898913e-13
5.627613327607857354e+04 1.506696137387085781e-13
5.629025454031086701e+04 1.159460709942929681e-14
5.630437580437928409e+04 -1.706814885484349031e-13
5.631849706847967173e+04 -2.292262682410798954e-13
5.633261833258748811e+04 -2.981804007550762281e-13
5.634673959668689349e+04 -3.290339414258492841e-13
5.636086086092033656e+04 -2.868650841168795704e-13
5.637498212501609669e+04 -2.813936956509536281e-13
5.638910338911886356e+04 -3.553352446937839068e-13
5.640322465317825117e+04 -2.656708716374276760e-13
5.641734591731554974e+04 -4.182990706022201744e-13
5.643146718148401123e+04 -5.593656811052412718e-13
5.644558844558115379e+04 -6.652882803725603932e-13
5.645970970970534108e+04 -7.408709822102436138e-13
5.647383097378925595e+04 -7.709266944833581540e-13
5.648795223799688392e+04 -8.514638447342695884e-13
5.650207350208557909e+04 -9.178167929269742614e-13
5.651619476618995395e+04 -9.582205373264134804e-13
5.653031603029798134e+04 -1.009809703988562873e-12
5.654443729438908485e+04 -9.880936062390723151e-13
5.655855855859175063e+04 -1.052595065059359576e-12
5.657267982271577057e+04 -1.076951249506556558e-12
5.658680108681661659e+04 -1.178388206964560825e-12
5.660092235092225746e+04 -1.202681751992106866e-12
5.661504361501826497e+04 -1.205606023846334549e-12
5.662916487921430235e+04 -1.325305339262973582e-12
5.664328614331873541e+04 -1.411813674612393909e-12
5.665740740740663750e+04 -1.463585484634999007e-12
