5.299999999999733700e+04 -4.216951844954898396e-13
5.301412126410915516e+04 -4.221725635837639934e-13
5.302824252818697278e+04 -4.194563993382019975e-13
5.304236379240883252e+04 -4.399822043555883970e-13
5.305648505649156868e+04 -3.479145883464702196e-13
5.307060632057710609e+04 -2.446471198817706632e-13
5.308472758470125700e+04 -2.689068393475771202e-13
5.309884884877230070e+04 -2.003364627080251806e-13
5.311297011298219149e+04 -2.165488943683042941e-13
5.312709137710104551e+04 -1.326172404239719293e-13
5.314121264118746330e+04 -1.215124968970032433e-13
5.315533390528382006e+04 1.071792524574951831e-15
5.316945516949694138e+04 6.915702896150005741e-14
5.318357643362440285e+04 9.204565585464697217e-14
5.319769769768352853e+04 1.509348466729137432e-13
5.321181896182213677e+04 1.451097775733106160e-13
5.322594022591339308e+04 9.990791869400665097e-14
5.324006149010595254e+04 2.142879482444955651e-13
5.325418275417186669e+04 1.750515358567589876e-13
5.326830401830244955e+04 1.188420461577136909e-13
5.328242528241157561e+04 2.506731247746996773e-13
5.329654654648442374e+04 2.904113849275968500e-13
5.331066781071234436e+04 4.069913376191422610e-13
5.332478907478642941e+04 3.752860283768954682e-13
5.333891033892765699e+04 4.506901932040253860e-13
5.335303160300467425e+04 4.471385379428400721e-13
5.336715286722555902e+04 4.617966582872687041e-13
5.338127413130910281e+04 4.199028967896462741e-13
5.339539539542466810e+04 5.124447309968295094e-13
5.340951665949687595e+04 4.551734644098711243e-13
5.342363792360646039e+04 4.725809383470572090e-13
5.343775918782431836e+04 5.458079271537424267e-13
5.345188045187347598e+04 5.798382969226447828e-13
5.346600171598442103e+04 6.571017425263340029e-13
5.348012298008802463e+04 6.892245150540523622e-13
5.349424424420107243e+04 6.496298496277966375e-13
5.350836550838671974e+04 6.472332175156924393e-13
5.352248677248442254e+04 6.549893647551756180e-13
5.353660803659009980e+04 6.838523563658369980e-13
5.355072930068253481e+04 8.092780603075123008e-13
5.356485056488048576e+04 8.447479897887816531e-13
5.357897182902219356e+04 8.803206482018463710e-13
5.359309309311659308e+04 9.228422979617167559e-13
5.360721435718668363e+04 9.664558095109544925e-13
5.362133562131592771e+04 8.348424372071193957e-13
5.363545688552019419e+04 8.095736035420619128e-13
5.364957814962779958e+04 7.988098692686325819e-13
5.366369941368094442e+04 6.853686805547104512e-13
5.367782067776824260e+04 6.439560517024854828e-13
5.369194194192168652e+04 6.627590586669834359e-13
5.370606320609254180e+04 7.072388799113831506e-13
5.372018447022458713e+04 7.156459447560661608e-13
5.373430573427389754e+04 6.742143505625867177e-13
5.374842699839439592e+04 6.210515639138250976e-13
5.376254826251503255e+04 6.154725926947866191e-13
5.377666952667565056e+04 5.754816871030346430e-13
5.379079079079908115e+04 4.828075470628138594e-13
5.380491205487428670e+04 3.589033602010698318e-13
5.381903331900898047e+04 5.264346052843763361e-13
5.383315458321729238e+04 4.372001911252584821e-13
5.384727584729926457e+04 4.803000580155195929e-13
5.386139711140003783e+04 5.517555936378836496e-13
5.387551837548841286e+04 5.963767518302040222e-13
5.388963963959727698e+04 6.198517803016045582e-13
5.390376090379532252e+04 6.820246844913685541e-13
5.391788216787368583e+04 6.557111766122078423e-13
5.393200343200058705e+04 6.806307319091611832e-13
5.394612469609036634e+04 6.225879823333134962e-13
5.396024596019465389e+04 7.373131698057410840e-13
5.397436722439761797e+04 6.516602700313908443e-13
5.398848848847852787e+04 6.768223107629555093e-13
5.400260975262553256e+04 7.091132878053716905e-13
5.401673101670927281e+04 8.084189755042568710e-13
5.403085228091954195e+04 8.318901657518321700e-13
5.404497354496825574e+04 8.620963099234834734e-13
5.405909480912637082e+04 7.362838484869391060e-13
5.407321607317899179e+04 6.626285590569226509e-13
5.408733733728923107e+04 5.582415145690580237e-13
5.410145860149504733e+04 5.703043747184222513e-13
5.411557986562545557e+04 5.059206536052739706e-13
5.412970112968923786e+04 4.555003907686394803e-13
5.414382239377265796e+04 4.609355414831645481e-13
5.415794365788138384e+04 3.033543272223196577e-13
5.417206492211073783e+04 3.508977284129408446e-13
5.418618618617049651e+04 3.735380560912703619e-13
5.420030745031076367e+04 3.166388714374959314e-13
5.421442871440343879e+04 3.839274506527950491e-13
5.422854997847935010e+04 3.816028416818836640e-13
5.424267124271210923e+04 4.162256525871177787e-13
5.425679250678901735e+04 4.130695037133444203e-13
5.427091377092729817e+04 3.421538029831179619e-13
5.428503503499811632e+04 2.837254248017616811e-13
5.429915629919916682e+04 2.160266071928974441e-13
5.431327756332096033e+04 2.638608102827546496e-13
5.432739882741410111e+04 2.031983600571900932e-13
5.434152009151306993e+04 1.673161601815069459e-13
5.435564135557622649e+04 2.452341358363493221e-13
5.436976261978196999e+04 2.125166643935784647e-13
5.438388388391862100e+04 2.078660917845232356e-13
5.439800514802275575e+04 2.008875235364754363e-13
5.441212641207751585e+04 1.660208725293975135e-13
5.442624767620575585e+04 1.944235030588925941e-13
5.444036894038500031e+04 1.795111003860365317e-13
5.445449020451329852e+04 4.429679680043513613e-14
5.446861146858390566e+04 1.126730033845297497e-14
5.448273273270660866e+04 7.852743154187034448e-14
5.449685399689740007e+04 7.589305533046842829e-14
5.451097526097344235e+04 7.479306553770617189e-14
5.452509652511915192e+04 1.149781400994449795e-13
5.453921778921625082e+04 9.505166244348867738e-14
5.455333905330308335e+04 9.453598578366335057e-14
5.456746031751704868e+04 4.858431859118952655e-14
5.458158158160142193e+04 9.654343220330312647e-15
5.459570284571708908e+04 1.773357859475659300e-14
5.460982410979718406e+04 -2.802617740645123688e-14
5.462394537389669858e+04 1.357294396810983809e-14
5.463806663809406746e+04 7.839422259734452813e-14
5.465218790221821109e+04 1.215882388602620478e-13
5.466630916628572595e+04 1.755396676161908326e-13
5.468043043039025360e+04 2.755800365108166345e-13
5.469455169460619800e+04 2.622343064923073197e-13
5.470867295872828254e+04 3.062072564138927281e-13
5.472279422279908613e+04 3.401285754705815268e-13
5.473691548687034083e+04 3.483766926933218885e-13
5.475103675097880478e+04 3.844447077577249492e-13
5.476515801519888919e+04 5.223827955920709817e-13
5.477927927932464081e+04 5.675004393250900164e-13
5.479340054342513758e+04 5.823769433162857800e-13
5.480752180749869876e+04 7.209377265218219454e-13
5.482164307156831637e+04 7.397224454786815649e-13
5.483576433582121535e+04 7.906927032116972339e-13
5.484988559988692577e+04 9.006090477867431610e-13
5.486400686402823339e+04 8.339020723699160298e-13
5.487812812812789343e+04 8.794351473875579049e-13
5.489224939216905477e+04 8.218139250988791357e-13
5.490637065639571665e+04 7.804338082602333822e-13
5.492049192048941040e+04 8.422924296520653048e-13
5.493461318460855546e+04 8.346010806618683404e-13
5.494873444871426182e+04 8.756782035961859204e-13
5.496285571289982181e+04 9.139308453508121924e-13
5.497697697698498087e+04 1.059706586236461605e-12
5.499109824110351474e+04 1.081267921464131966e-12
5.500521950520972314e+04 9.240172460080087565e-13
5.501934076928161085e+04 9.458775111383100404e-13
5.503346203351123404e+04 8.493326352591902224e-13
5.504758329759434855e+04 7.965051287504639774e-13
5.506170456171217666e+04 7.404128742114950451e-13
5.507582582579190057e+04 7.870048474491810304e-13
5.508994708990135405e+04 8.729973171431360099e-13
5.510406835408147890e+04 8.325207633485450427e-13
5.511818961818842945e+04 8.462214161819603483e-13
5.513231088231513422e+04 7.708685029317921065e-13
5.514643214642372186e+04 7.069580122385185476e-13
5.516055341059141210e+04 7.042486777735868746e-13
5.517467467471298733e+04 7.139937022882019861e-13
5.518879593878835294e+04 5.895061054050093097e-13
5.520291720291980164e+04 5.306394923739502748e-13
5.521703846702572628e+04 6.197242158038806538e-13
5.523115973120091076e+04 5.398647762270426829e-13
5.524528099528944585e+04 5.425194724469315705e-13
5.525940225942375400e+04 5.128513569444413041e-13
5.527352352349989815e+04 4.955883808453849732e-13
5.528764478759651684e+04 3.717889549162848859e-13
5.530176605178599857e+04 3.086068236383338574e-13
5.531588731590901443e+04 2.496932488098827132e-13
5.533000858002550376e+04 1.508481479700359464e-13
5.534412984407674958e+04 7.538189422808465629e-14
5.535825110829008918e+04 3.679357613667639501e-15
5.537237237237954832e+04 1.279446186518613538e-14
5.538649363651769090e+04 -2.946031844988841022e-14
5.540061490060335927e+04 -1.431286397031205761e-13
5.541473616467718966e+04 -1.837334353290517403e-13
5.542885742887865490e+04 -1.893051816561837463e-13
5.544297869298848673e+04 -2.623221970418367790e-13
5.545709995711444935e+04 -3.219149117094974533e-13
5.547122122120623681e+04 -3.304253828195920711e-13
5.548534248529970500e+04 -4.125146046610688518e-13
5.549946374950582685e+04 -3.992673137947853864e-13
5.551358501357249042e+04 -4.077768817933916478e-13
5.552770627768548729e+04 -5.215305470822691390e-13
5.554182754179942276e+04 -6.226424577577754347e-13
5.555594880587280204e+04 -6.224622870158574711e-13
5.557007007010946836e+04 -7.491155452480189348e-13
5.558419133418489218e+04 -8.111814307264180994e-13
5.559831259829345800e+04 -8.395486141299969584e-13
5.561243386241618282e+04 -8.848175290373080665e-13
5.562655512662156980e+04 -8.518945997309465285e-13
5.564067639072112797e+04 -9.339034446499636791e-13
5.565479765482079529e+04 -9.664380360163515542e-13
5.566891891889329418e+04 -9.926431705169150516e-13
5.568304018300947064e+04 -1.077081836895231756e-12
5.569716144721995079e+04 -1.039604064797575996e-12
5.571128271131959627e+04 -1.042606007384720199e-12
5.572540397538818070e+04 -1.014945960276488555e-12
5.573952523947221198e+04 -1.062387761424674696e-12
5.575364650362292014e+04 -1.153513516818186939e-12
5.576776776781899389e+04 -1.102210462501728951e-12
5.578188903190606652e+04 -1.163558374346921128e-12
5.579601029599716276e+04 -1.188540695892312058e-12
5.581013156008518854e+04 -1.200311851030952012e-12
5.582425282431916276e+04 -1.138077986815726938e-12
5.583837408840259741e+04 -1.173404998903971236e-12
5.585249535252600617e+04 -1.290775174147788410e-12
5.586661661660096433e+04 -1.264583134763805525e-12
5.588073788068204885e+04 -1.246924144277124956e-12
5.589485914491180301e+04 -1.214234217734747656e-12
5.590898040901526110e+04 -1.105989080968820277e-12
5.592310167312532576e+04 -1.019738772944952723e-12
5.593722293719396839e+04 -9.422292294606987532e-13
5.595134420127216436e+04 -9.194581763944362356e-13
5.596546546548234619e+04 -7.882554940399102847e-13
5.597958672957146337e+04 -7.163813662427142917e-13
5.599370799370934401e+04 -8.130323577217105846e-13
5.600782925781087397e+04 -8.095951153972006098e-13
5.602195052202044462e+04 -8.847944996943561395e-13
5.603607178609898256e+04 -9.312279768658437050e-13
5.605019305019802414e+04 -8.935980304824074144e-13
5.606431431427851203e+04 -8.039217690276336838e-13
5.607843557839131972e+04 -7.383034945099649094e-13
5.609255684257862595e+04 -7.214649808104144780e-13
5.610667810667401500e+04 -7.762910730427720580e-13
5.612079937080189848e+04 -8.436162282733477925e-13
5.613492063488893473e+04 -8.562543704407657642e-13
5.614904189896847674e+04 -8.328917793496597940e-13
5.616316316321321210e+04 -7.626766673564902953e-13
5.617728442732211261e+04 -7.065997657128226140e-13
5.619140569141094602e+04 -6.343201408573751962e-13
5.620552695551909710e+04 -6.638184714000630423e-13
5.621964821958583343e+04 -7.082452348445244691e-13
5.623376948378836823e+04 -6.414185971554961229e-13
5.624789074788374273e+04 -6.392484202490858567e-13
5.626201201197739283e+04 -6.223060487283797909e-13
5.627613327611679415e+04 -6.130157408481290541e-13
5.629025454029397224e+04 -6.625857242185190594e-13
5.630437580440718011e+04 -5.753243828834877595e-13
5.631849706850200891e+04 -5.615383860144270655e-13
5.633261833260447020e+04 -5.393516460811014523e-13
5.634673959670307522e+04 -5.013730986631774637e-13
5.636086086091618199e+04 -5.584614851737529170e-13
5.637498212502421666e+04 -6.122119716235326518e-13
5.638910338911685540e+04 -6.916713328110490333e-13
5.640322465322047356e+04 -5.267360817008912798e-13
5.641734591731263936e+04 -5.848061503992603595e-13
5.643146718152265385e+04 -7.109879844345236123e-13
5.644558844559852878e+04 -8.031387713672683679e-13
5.645970970968692563e+04 -7.915608820871269904e-13
5.647383097380729305e+04 -9.022986065607914113e-13
5.648795223802739201e+04 -8.485300578812454573e-13
5.650207350207247509e+04 -9.345965827172420265e-13
5.651619476618935732e+04 -9.402852819821103046e-13
5.653031603031910345e+04 -1.058229836132492867e-12
5.654443729442228505e+04 -1.046698908649743599e-12
5.655855855857740971e+04 -9.373799723242150873e-13
5.657267982267566549e+04 -1.001294978574930125e-12
5.658680108678661782e+04 -1.105601646140335072e-12
5.660092235091214388e+04 -1.227018663963271792e-12
5.661504361498403159e+04 -1.172924092036445838e-12
5.662916487919971405e+04 -1.175331787264281822e-12
5.664328614330439450e+04 -1.231744646381601019e-12
5.665740740740608453e+04 -1.239077008555194540e-12
