5.300000000000008004e+04 1.582320487576173263e-12
5.301412126411288773e+04 1.478730063460748811e-12
5.302824252819045796e+04 1.394044632665016669e-12
5.304236379240425595e+04 1.358638158779892423e-12
5.305648505649746949e+04 1.338231462631048229e-12
5.307060632057875046e+04 1.250522059035624601e-12
5.308472758470661938e+04 1.314809817381195038e-12
5.309884884879873425e+04 1.255950147605240234e-12
5.311297011300054874e+04 1.232168329713950276e-12
5.312709137711309450e+04 1.249842180411042465e-12
5.314121264118157706e+04 1.238175356393294325e-12
5.315533390530554607e+04 1.353621068457656330e-12
5.316945516948517616e+04 1.302808728859277034e-12
5.318357643361669034e+04 1.208764171918345270e-12
5.319769769769039704e+04 1.091922995463016497e-12
5.321181896182159107e+04 1.081695677515961167e-12
5.322594022588751977e+04 1.225890247493759352e-12
5.324006149010486115e+04 1.177003552272408084e-12
5.325418275419715792e+04 1.101228905475891948e-12
5.326830401831572817e+04 1.110356064417018813e-12
5.328242528238295199e+04 1.146996243741314111e-12
5.329654654650521843e+04 1.101467096663065453e-12
5.331066781070375873e+04 1.077380066700833141e-12
5.332478907478110341e+04 1.074852397328665429e-12
5.333891033889658866e+04 1.113881380132280765e-12
5.335303160299167212e+04 1.041230397546435109e-12
5.336715286721323355e+04 9.904148275070000335e-13
5.338127413130694185e+04 9.927067608271967134e-13
5.339539539541232807e+04 9.693894372871686606e-13
5.340951665949081507e+04 9.423293678125564981e-13
5.342363792361995729e+04 9.206678391400371444e-13
5.343775918780115171e+04 9.808693049128866153e-13
5.345188045189323748e+04 1.006634527467280353e-12
5.346600171600246540e+04 9.208210912637193762e-13
5.348012298011515668e+04 9.000919109524218628e-13
5.349424424417915725e+04 8.681164023674596589e-13
5.350836550841969438e+04 8.373664800464817777e-13
5.352248677249599859e+04 8.711029666597260943e-13
5.353660803661480895e+04 7.621088330365196886e-13
5.355072930067727430e+04 7.643411108785543317e-13
5.356485056490657007e+04 7.849084245566877719e-13
5.357897182899794279e+04 7.155433604676031196e-13
5.359309309311607649e+04 6.907943915967846861e-13
5.360721435722157912e+04 6.408167979671976472e-13
5.362133562131943472e+04 5.869422586833011238e-13
5.363545688547885948e+04 5.434762004808635061e-13
5.364957814958395466e+04 4.723888375110703110e-13
5.366369941370058950e+04 4.469553597168231923e-13
5.367782067779367935e+04 4.736131315986325242e-13
5.369194194191397401e+04 5.842286020514200615e-13
5.370606320608016540e+04 5.832779047850018616e-13
5.372018447017993458e+04 4.654645809346451027e-13
5.373430573431102675e+04 3.594348723143367062e-13
5.374842699837729742e+04 3.965260212100074259e-13
5.376254826248105383e+04 4.840387555539602447e-13
5.377666952672157640e+04 3.961042548257755086e-13
5.379079079080202791e+04 3.780740864802398970e-13
5.380491205489950516e+04 3.670788711579714733e-13
5.381903331898430042e+04 3.886154894430038746e-13
5.383315458321006008e+04 4.616878938327023301e-13
5.384727584728726652e+04 4.199485279108088923e-13
5.386139711139454448e+04 5.650116988796632306e-13
5.387551837548911863e+04 6.235534932557373707e-13
5.388963963961410627e+04 6.586476265633230595e-13
5.390376090380676760e+04 7.604063475276194516e-13
5.391788216789118451e+04 7.517015579863882266e-13
5.393200343200442876e+04 6.697127917025841745e-13
5.394612469611528650e+04 7.007805032783478517e-13
5.396024596018180455e+04 7.032315035161270644e-13
5.397436722438583820e+04 5.065681099116823448e-13
5.398848848849764181e+04 4.788090591377118703e-13
5.400260975260795385e+04 5.256585520842454090e-13
5.401673101669939206e+04 4.735145816101600003e-13
5.403085228089435259e+04 4.852813124016239495e-13
5.404497354501457448e+04 4.522784374158548948e-13
5.405909480908535625e+04 2.922983818282095991e-13
5.407321607320977637e+04 3.431636145148075390e-13
5.408733733731533721e+04 3.658962712963015905e-13
5.410145860149658984e+04 3.462196978985926797e-13
5.411557986560016434e+04 3.177697634641769815e-13
5.412970112970747869e+04 3.467851543009820465e-13
5.414382239377834776e+04 2.560891864132918820e-13
5.415794365791437303e+04 2.083844449653991651e-13
5.417206492211644218e+04 2.455136699929797075e-13
5.418618618617922766e+04 2.586666476502647605e-13
5.420030745029995160e+04 2.334492217538226699e-13
5.421442871438559814e+04 2.096035703472721826e-13
5.422854997849075880e+04 2.045558123712807657e-13
5.424267124269402120e+04 9.346309809319806977e-14
5.425679250682295242e+04 6.756995007299879536e-14
5.427091377088749141e+04 8.874475895979302560e-14
5.428503503499788349e+04 6.167104807808901255e-15
5.429915629921838990e+04 1.501944671565642509e-13
5.431327756331639830e+04 1.470960003861283921e-13
5.432739882738434972e+04 3.073534126969791475e-14
5.434152009151661332e+04 1.214202825852513000e-13
5.435564135559761053e+04 1.323421022867342604e-13
5.436976261980265554e+04 9.201792798252102856e-14
5.438388388390540058e+04 9.959283846011126574e-14
5.439800514801792451e+04 4.577730856616547830e-14
5.441212641207713023e+04 -2.263464619384600476e-14
5.442624767622230866e+04 6.564405985112342905e-15
5.444036894040811603e+04 -6.368175013377703942e-14
5.445449020450572425e+04 -1.517448098255416223e-14
5.446861146858744178e+04 8.789433458374368507e-14
5.448273273271200742e+04 1.279049407428171863e-13
5.449685399689303449e+04 2.403008580153158473e-13
5.451097526099709648e+04 2.117782171208732250e-13
5.452509652508398722e+04 2.215022754239982123e-13
5.453921778919229837e+04 1.932508192880446151e-13
5.455333905328299443e+04 2.340670543738617757e-13
5.456746031750880502e+04 2.012116597904222120e-13
5.458158158160626044e+04 2.726442061551535163e-13
5.459570284570725198e+04 2.208834090628212977e-13
5.460982410980893474e+04 2.154283570785274894e-13
5.462394537391162157e+04 1.381910096445387937e-13
5.463806663808108715e+04 1.590591419937787488e-13
5.465218790220939991e+04 1.742282594501985994e-13
5.466630916628017440e+04 1.368040736179591255e-13
5.468043043041858618e+04 1.072225372180061418e-13
5.469455169459713215e+04 1.928283637430541333e-13
5.470867295868793008e+04 1.951167220418157395e-13
5.472279422281474399e+04 2.091039287973242213e-13
5.473691548690828495e+04 1.036247734780016039e-13
5.475103675099239626e+04 2.004615083047417561e-13
5.476515801519062370e+04 2.083406832572313180e-13
5.477927927931638260e+04 1.992654698082801310e-13
5.479340054342168150e+04 2.556877502714371245e-13
5.480752180748398678e+04 2.569764808899235638e-13
5.482164307161287434e+04 2.923259482585515723e-13
5.483576433580834419e+04 3.438610452024590368e-13
5.484988559988252382e+04 4.017274620351552374e-13
5.486400686401750136e+04 3.810850298343400616e-13
5.487812812811665208e+04 3.936728956696150174e-13
5.489224939220400847e+04 4.076666494523296976e-13
5.490637065640105720e+04 5.287067101193071466e-13
5.492049192048834084e+04 6.067751854281058445e-13
5.493461318458342430e+04 6.416511993556107360e-13
5.494873444870508683e+04 6.395723459274480604e-13
5.496285571291379893e+04 7.121571690804731426e-13
5.497697697697942203e+04 6.978746569399263841e-13
5.499109824108061002e+04 7.109969669434559868e-13
5.500521950518308586e+04 6.941487092988318197e-13
5.501934076932192693e+04 6.347199650265051665e-13
5.503346203350816359e+04 5.904734322650108618e-13
5.504758329761997447e+04 6.735231615366010066e-13
5.506170456169611134e+04 5.446335598297515361e-13
5.507582582580722374e+04 6.842220377326934708e-13
5.508994708990040090e+04 6.800477910181627742e-13
5.510406835411121574e+04 5.978160955669702095e-13
5.511818961820437835e+04 5.755372511449805535e-13
5.513231088230366004e+04 4.395585972953178584e-13
5.514643214638173231e+04 3.107296417352206987e-13
5.516055341058912745e+04 3.643635777692888298e-13
5.517467467469913390e+04 3.837121106459284716e-13
5.518879593881961046e+04 2.504142921470209535e-13
5.520291720290317608e+04 2.735783635633665726e-13
5.521703846702335431e+04 2.202045857156506369e-13
5.523115973117741669e+04 1.470260505691356755e-13
5.524528099527846643e+04 6.637322241577863109e-14
5.525940225938480580e+04 6.304250846971179442e-14
5.527352352351897571e+04 6.145295918011876451e-14
5.528764478759475605e+04 6.341052031477690690e-14
5.530176605181035848e+04 -1.011417723254610457e-13
5.531588731588224618e+04 -2.255470354585433045e-14
5.533000857998491119e+04 -1.018602224162482804e-13
5.534412984410871286e+04 -2.224743817344425767e-13
5.535825110829876940e+04 -3.524277030721122715e-13
5.537237237239499518e+04 -4.391055191570830970e-13
5.538649363648732106e+04 -4.915020670491766686e-13
5.540061490058391792e+04 -4.485635614074082045e-13
5.541473616470270645e+04 -4.767629859060914081e-13
5.542885742888475215e+04 -4.714188888039239055e-13
5.544297869301937317e+04 -4.728957603094941805e-13
5.545709995711472584e+04 -4.889921435665415437e-13
5.547122122118390689e+04 -4.666736724009354778e-13
5.548534248532101628e+04 -5.628522587032614491e-13
5.549946374948955054e+04 -6.135010949116749902e-13
5.551358501360379887e+04 -7.537818347965792774e-13
5.552770627768004488e+04 -7.825088118559316346e-13
5.554182754179175390e+04 -9.084026317453690560e-13
5.555594880589065724e+04 -9.527804496313668011e-13
5.557007007011122187e+04 -9.930546597805853327e-13
5.558419133420692378e+04 -1.112576154716100277e-12
5.559831259829561895e+04 -1.122297456376191209e-12
5.561243386240772816e+04 -1.214804883317726989e-12
5.562655512661965622e+04 -1.206885737041241597e-12
5.564067639067700657e+04 -1.187350786179414467e-12
5.565479765480905189e+04 -1.288093684185609793e-12
5.566891891888001555e+04 -1.373841822407298269e-12
5.568304018298811570e+04 -1.351209783096552410e-12
5.569716144720590819e+04 -1.369224789905399855e-12
5.571128271131066140e+04 -1.397001414278713181e-12
5.572540397538890102e+04 -1.301007867640057619e-12
5.573952523949114402e+04 -1.268783055150690415e-12
5.575364650361017266e+04 -1.326874482971052805e-12
5.576776776779470674e+04 -1.414215271705747662e-12
5.578188903191479039e+04 -1.466682113995213346e-12
5.579601029598244349e+04 -1.348852164141556576e-12
5.581013156011564570e+04 -1.348984483007197926e-12
5.582425282427952334e+04 -1.358279194157747014e-12
5.583837408841489378e+04 -1.397895255782551087e-12
5.585249535248535540e+04 -1.434270538940279182e-12
5.586661661661537073e+04 -1.382681342876825732e-12
5.588073788068627618e+04 -1.437729092207056788e-12
5.589485914491240692e+04 -1.488085379673466386e-12
5.590898040899246553e+04 -1.447249503506030706e-12
5.592310167308583914e+04 -1.374280473230114549e-12
5.593722293719684239e+04 -1.360758105406247368e-12
5.595134420129329374e+04 -1.275233599850708104e-12
5.596546546547726757e+04 -1.221274035358225642e-12
5.597958672960448166e+04 -1.234601370687423595e-12
5.599370799367737345e+04 -1.283515244686190182e-12
5.600782925779101060e+04 -1.248763968855982608e-12
5.602195052199638303e+04 -1.216026765342634214e-12
5.603607178608731192e+04 -1.172299515212706592e-12
5.605019305021729087e+04 -1.066806576678212963e-12
5.606431431430469092e+04 -1.085747815546550264e-12
5.607843557839349523e+04 -1.130185934998921202e-12
5.609255684258435213e+04 -1.161891120276342554e-12
5.610667810671102779e+04 -1.123362898908907806e-12
5.612079937078699004e+04 -1.175763237185173243e-12
5.613492063490946020e+04 -9.970786694497522551e-13
5.614904189900180791e+04 -8.767966856171786652e-13
5.616316316320572514e+04 -7.914448148316559023e-13
5.617728442732098483e+04 -8.348261062607920837e-13
5.619140569139021682e+04 -8.548069441334003571e-13
5.620552695548418706e+04 -7.570077963073466614e-13
5.621964821961674897e+04 -7.124042782729239855e-13
5.623376948378850648e+04 -7.840456403474956307e-13
5.624789074787890422e+04 -7.154410651554697248e-13
5.626201201200768992e+04 -7.137836335311596465e-13
5.627613327612137800e+04 -6.437538738904546147e-13
5.629025454032179550e+04 -6.766933460864371007e-13
5.630437580441295722e+04 -5.757047622698191053e-13
5.631849706850123766e+04 -5.290975093299155399e-13
5.633261833260169078e+04 -6.233653974291646298e-13
5.634673959670821932e+04 -6.056374260762528135e-13
5.636086086091303878e+04 -7.018573620240916435e-13
5.637498212499476358e+04 -6.101404024726112677e-13
5.638910338909535494e+04 -5.446659954459144798e-13
5.640322465321446361e+04 -5.953772007029767302e-13
5.641734591730057582e+04 -5.279652182036197279e-13
5.643146718150538072e+04 -5.772092002057313535e-13
5.644558844559162389e+04 -5.554379226824131124e-13
5.645970970971687348e+04 -5.738267992027733423e-13
5.647383097380396066e+04 -6.720780364864351360e-13
5.648795223801014799e+04 -7.562659147507687772e-13
5.650207350209089782e+04 -6.866148489468863044e-13
5.651619476622097864e+04 -7.479529131007726595e-13
5.653031603029921826e+04 -7.517588033898589866e-13
5.654443729438826995e+04 -8.083344221217930293e-13
5.655855855859462463e+04 -8.310022977919835347e-13
5.657267982269974164e+04 -8.648879877094536146e-13
5.658680108678971010e+04 -7.716128356828942236e-13
5.660092235087894369e+04 -8.120300466895115645e-13
5.661504361498608341e+04 -8.644896527910123846e-13
5.662916487920893269e+04 -9.004180151968214264e-13
5.664328614332137658e+04 -9.664964716283863335e-13
5.665740740741643094e+04 -9.630430870672977717e-13
