5.299999999999918509e+04 -6.059360152571438183e-12
5.301412126409861230e+04 -6.054934750316366540e-12
5.302824252821160917e+04 -5.999569159888397716e-12
5.304236379240368115e+04 -5.844235708832683137e-12
5.305648505650849984e+04 -5.843579512291515496e-12
5.307060632061009528e+04 -5.770189736650225324e-12
5.308472758469310065e+04 -5.749470529409468854e-12
5.309884884880337631e+04 -5.675330868046113433e-12
5.311297011300011218e+04 -5.560381812675371194e-12
5.312709137709101196e+04 -5.526450274836110298e-12
5.314121264120827982e+04 -5.371485065693390272e-12
5.315533390529175813e+04 -5.229888015213957484e-12
5.316945516950071033e+04 -5.143118679990843545e-12
5.318357643359855138e+04 -5.031792603859119257e-12
5.319769769770865241e+04 -5.019428982454780249e-12
5.321181896181038610e+04 -4.841589606330504047e-12
5.322594022590701934e+04 -4.743877933190996669e-12
5.324006149010530498e+04 -4.646091494844217679e-12
5.325418275420563441e+04 -4.556262990704474997e-12
5.326830401830180199e+04 -4.398523511516902436e-12
5.328242528240029787e+04 -4.378734029793460521e-12
5.329654654649796430e+04 -4.265150913043539631e-12
5.331066781071448349e+04 -4.308414653361343814e-12
5.332478907479815825e+04 -4.291643483385245449e-12
5.333891033889997925e+04 -4.200538510690146734e-12
5.335303160301172466e+04 -4.112108457178370138e-12
5.336715286720712174e+04 -3.985507911246826274e-12
5.338127413131350477e+04 -3.977073744385504605e-12
5.339539539541100385e+04 -3.799032595270316670e-12
5.340951665950113238e+04 -3.773332412034062466e-12
5.342363792359171202e+04 -3.697159943628510814e-12
5.343775918778831692e+04 -3.689213611988910882e-12
5.345188045190292905e+04 -3.668389299137267062e-12
5.346600171598706220e+04 -3.565041073919246260e-12
5.348012298009618826e+04 -3.478422913324777124e-12
5.349424424418214767e+04 -3.411308668589460490e-12
5.350836550838407129e+04 -3.291753207809361084e-12
5.352248677249453613e+04 -3.334721299817911713e-12
5.353660803660650708e+04 -3.251338425186412560e-12
5.355072930069096765e+04 -3.280600596625380092e-12
5.356485056490157876e+04 -3.299963730529926695e-12
5.357897182898913888e+04 -3.158351727009039907e-12
5.359309309309181845e+04 -3.045035841585027556e-12
5.360721435719259171e+04 -2.998048731899270954e-12
5.362133562129438360e+04 -2.988074060516166166e-12
5.363545688550546765e+04 -2.903177950498648326e-12
5.364957814960351243e+04 -2.835974825133110284e-12
5.366369941368371656e+04 -2.810090924238156481e-12
5.367782067781526712e+04 -2.749866401933115656e-12
5.369194194188743131e+04 -2.726085357805678027e-12
5.370606320609641989e+04 -2.768357792134617105e-12
5.372018447021110478e+04 -2.700693356133339660e-12
5.373430573429825745e+04 -2.667754225596161985e-12
5.374842699839699344e+04 -2.520718238959510490e-12
5.376254826249197504e+04 -2.519510144892465185e-12
5.377666952671269246e+04 -2.361041534308000775e-12
5.379079079080417432e+04 -2.250190480937167202e-12
5.380491205489290587e+04 -2.222265024540078630e-12
5.381903331899634941e+04 -2.143683503269180158e-12
5.383315458320152538e+04 -1.977776654225488343e-12
5.384727584730882518e+04 -1.970416469401736514e-12
5.386139711140945292e+04 -1.966011216525138726e-12
5.387551837549053016e+04 -1.859507092964649118e-12
5.388963963958524982e+04 -1.827356688829828248e-12
5.390376090380101232e+04 -1.792619718752477229e-12
5.391788216789664148e+04 -1.581708372000758819e-12
5.393200343199200142e+04 -1.522948503208463789e-12
5.394612469608706306e+04 -1.396573028471424701e-12
5.396024596021549951e+04 -1.260926543941048211e-12
5.397436722441452002e+04 -1.065071482880127692e-12
5.398848848850742797e+04 -9.379816746731129696e-13
5.400260975259289262e+04 -8.654624018185642527e-13
5.401673101668438903e+04 -7.175727268110804460e-13
5.403085228089386510e+04 -7.036623032347190351e-13
5.404497354501273367e+04 -6.263753058513884274e-13
5.405909480910743150e+04 -5.610903889074401451e-13
5.407321607319159375e+04 -5.473969395467049644e-13
5.408733733728849620e+04 -6.287679165757173552e-13
5.410145860150420776e+04 -5.272705180240188876e-13
5.411557986559256824e+04 -4.442944157567306759e-13
5.412970112969843467e+04 -4.358012123022809267e-13
5.414382239380360988e+04 -2.745288754222151680e-13
5.415794365789951553e+04 -2.908628085388569084e-13
5.417206492210025317e+04 -1.942103195100034592e-13
5.418618618620718189e+04 -2.650606840282886142e-13
5.420030745030776598e+04 -2.238770296638359178e-13
5.421442871439924784e+04 -2.229995777457958935e-13
5.422854997850045766e+04 -1.432441496520066976e-13
5.424267124270831118e+04 -1.024441866085241159e-13
5.425679250678485550e+04 -5.049198465595145899e-14
5.427091377088687295e+04 2.045194495160002357e-14
5.428503503498742066e+04 5.308891236893216893e-14
5.429915629918628838e+04 4.416188457486031523e-14
5.431327756328996475e+04 -1.653356546727037423e-14
5.432739882740587927e+04 1.289421550554682316e-13
5.434152009150882077e+04 1.054360979808346925e-13
5.435564135561325384e+04 1.088391868509138792e-13
5.436976261981225980e+04 2.188436871196586917e-13
5.438388388391333865e+04 2.135266089434206222e-13
5.439800514798414952e+04 2.220937710095450652e-13
5.441212641208604327e+04 2.767534041525854650e-13
5.442624767618660553e+04 2.194011067230861822e-13
5.444036894039717299e+04 3.049481393874827375e-13
5.445449020449133241e+04 3.274009067039033114e-13
5.446861146860016743e+04 3.619450383877263565e-13
5.448273273268969206e+04 3.127448165209087407e-13
5.449685399690882332e+04 3.667159892988966812e-13
5.451097526101479889e+04 3.867401593181936007e-13
5.452509652509687294e+04 3.703328880480287633e-13
5.453921778920295765e+04 3.446420737298634827e-13
5.455333905328445690e+04 2.967516390211441095e-13
5.456746031750825932e+04 2.139811565853072832e-13
5.458158158158316655e+04 2.382116605977880713e-13
5.459570284569180512e+04 3.118802701324227043e-13
5.460982410980302666e+04 3.375467624910439520e-13
5.462394537389979087e+04 3.143706650614490612e-13
5.463806663811247563e+04 2.994632893270429507e-13
5.465218790221058589e+04 2.624975094773945175e-13
5.466630916630089632e+04 3.018289721675910084e-13
5.468043043038932956e+04 3.366021770009971506e-13
5.469455169460908655e+04 3.059793408354975213e-13
5.470867295871413080e+04 3.235664753268085267e-13
5.472279422280486324e+04 2.558882651545645956e-13
5.473691548689565388e+04 3.311428898164046910e-13
5.475103675099843531e+04 2.941280937727771936e-13
5.476515801520462992e+04 2.415112570481747812e-13
5.477927927930567239e+04 3.009925945791891364e-13
5.479340054339772178e+04 3.028336180067159205e-13
5.480752180750168191e+04 2.320701176296594471e-13
5.482164307160656608e+04 2.203898688335292707e-13
5.483576433579837612e+04 1.317400490444441327e-13
5.484988559990350768e+04 2.317375520603838985e-13
5.486400686399869301e+04 2.776727990416759376e-13
5.487812812810420291e+04 3.238769525858859318e-13
5.489224939218647341e+04 3.178255001413744736e-13
5.490637065640381479e+04 3.132652568184988844e-13
5.492049192050324200e+04 3.606404630781018894e-13
5.493461318458819005e+04 4.098127643280959896e-13
5.494873444870897220e+04 4.409786254679052037e-13
5.496285571288658684e+04 4.201808682251517097e-13
5.497697697700905701e+04 5.204213426532711809e-13
5.499109824108816974e+04 5.542931458839841634e-13
5.500521950518419180e+04 5.757606256556108324e-13
5.501934076929728326e+04 6.079063143084796282e-13
5.503346203350046562e+04 6.320062739258567198e-13
5.504758329759500339e+04 6.850653732209434018e-13
5.506170456170344551e+04 7.816384436063878342e-13
5.507582582580247254e+04 8.709595991155403894e-13
5.508994708989058563e+04 8.726934073744649401e-13
5.510406835410192434e+04 1.020646369113415241e-12
5.511818961821545963e+04 1.096914698303394105e-12
5.513231088229182933e+04 1.199257905407399299e-12
5.514643214638742938e+04 1.239366553978331847e-12
5.516055341060227511e+04 1.194236661677860080e-12
5.517467467469036637e+04 1.200965158057433978e-12
5.518879593880463653e+04 1.193159049960103070e-12
5.520291720291515230e+04 1.296238740890097167e-12
5.521703846701524162e+04 1.259449171155512686e-12
5.523115973119463888e+04 1.288554863048638222e-12
5.524528099529095925e+04 1.419052723790945131e-12
5.525940225938446383e+04 1.469079520007368816e-12
5.527352352350066940e+04 1.489301988451927629e-12
5.528764478760853672e+04 1.492938369587021119e-12
5.530176605178834870e+04 1.459902447578188711e-12
5.531588731591016403e+04 1.532284102814705141e-12
5.533000858001226879e+04 1.584862967500427636e-12
5.534412984410003992e+04 1.648477549054363387e-12
5.535825110830994527e+04 1.717088804195033775e-12
5.537237237238988746e+04 1.788423622438114246e-12
5.538649363650884334e+04 1.746906533862973781e-12
5.540061490060740471e+04 1.735848728684562333e-12
5.541473616470184061e+04 1.797954604196986249e-12
5.542885742890375695e+04 1.809183159458727074e-12
5.544297869300845196e+04 1.916827685101918889e-12
5.545709995711465308e+04 1.852288124535528094e-12
5.547122122118616244e+04 1.943107562389245033e-12
5.548534248530730110e+04 1.994183677431711064e-12
5.549946374950680183e+04 1.981522856572739435e-12
5.551358501359507500e+04 1.979436131717165885e-12
5.552770627769444400e+04 1.961999272190180455e-12
5.554182754178466712e+04 1.991360096475257562e-12
5.555594880589893728e+04 2.035886655269081338e-12
5.557007007008871733e+04 2.055955994641816988e-12
5.558419133420997241e+04 2.123509740908843168e-12
5.559831259830962517e+04 2.166727877552502042e-12
5.561243386239038227e+04 2.281677925656286674e-12
5.562655512658329098e+04 2.213115066251443955e-12
5.564067639068428980e+04 2.287733349032968816e-12
5.565479765481531649e+04 2.307443070861017900e-12
5.566891891888582904e+04 2.201925723944885938e-12
5.568304018301219912e+04 2.286689986605181839e-12
5.569716144718356372e+04 2.380056032896463215e-12
5.571128271129907080e+04 2.374602950293387075e-12
5.572540397538836987e+04 2.434476417376233641e-12
5.573952523949365423e+04 2.509924873164644002e-12
5.575364650360882661e+04 2.555572227563578380e-12
5.576776776780567889e+04 2.635622993737544978e-12
5.578188903190493875e+04 2.693612253505511421e-12
5.579601029601111077e+04 2.679795643201676655e-12
5.581013156011297542e+04 2.679806811448406101e-12
5.582425282429408981e+04 2.754442467058176678e-12
5.583837408840239368e+04 2.805559532338650814e-12
5.585249535250420740e+04 2.852506622473626427e-12
5.586661661660738901e+04 3.018025499035101936e-12
5.588073788069992588e+04 2.897817192187854127e-12
5.589485914489793504e+04 2.729296787272036471e-12
5.590898040899942134e+04 2.786807549713463218e-12
5.592310167309723329e+04 2.838557234125342606e-12
5.593722293719385198e+04 2.748108582063041680e-12
5.595134420130171929e+04 2.847049072571858913e-12
5.596546546549619234e+04 2.822717185697400885e-12
5.597958672960854892e+04 2.846781779200135099e-12
5.599370799368483858e+04 2.712129454766120745e-12
5.600782925779537618e+04 2.651954941388101730e-12
5.602195052201561339e+04 2.670088451327741104e-12
5.603607178608341928e+04 2.743091061082412344e-12
5.605019305019712920e+04 2.677254494795846793e-12
5.606431431431314559e+04 2.756896006772995861e-12
5.607843557838580455e+04 2.717928008468026421e-12
5.609255684261387069e+04 2.647432297829215009e-12
5.610667810668981838e+04 2.701600031749640453e-12
5.612079937081558455e+04 2.600707331712524024e-12
5.613492063489433349e+04 2.642607863425373740e-12
5.614904189899841731e+04 2.583971838080145016e-12
5.616316316318234749e+04 2.611703587442293166e-12
5.617728442730672396e+04 2.582943863014518565e-12
5.619140569140245498e+04 2.552259725583637430e-12
5.620552695549673808e+04 2.579683975885836566e-12
5.621964821961404232e+04 2.516753139215000620e-12
5.623376948379848909e+04 2.381788848422345069e-12
5.624789074791116582e+04 2.410483300652567885e-12
5.626201201200937794e+04 2.367531961014111426e-12
5.627613327611231944e+04 2.290759943896636740e-12
5.629025454029573302e+04 2.360774923559562567e-12
5.630437580438549776e+04 2.336234810929416645e-12
5.631849706848487403e+04 2.351870852717101147e-12
5.633261833258619299e+04 2.455773767522682581e-12
5.634673959668477619e+04 2.365640556384672237e-12
5.636086086089960736e+04 2.304590204279807137e-12
5.637498212500144291e+04 2.278694018313451347e-12
5.638910338911563304e+04 2.277079834386161518e-12
5.640322465320930496e+04 2.299501454703370042e-12
5.641734591730630927e+04 2.356216045244620622e-12
5.643146718149855587e+04 2.370243363136749871e-12
5.644558844561445585e+04 2.280808787877478661e-12
5.645970970971423230e+04 2.272918049288264859e-12
5.647383097380615072e+04 2.255862151066382496e-12
5.648795223799460655e+04 2.242222495427393982e-12
5.650207350209263677e+04 2.133639092509150590e-12
5.651619476618277258e+04 2.082877922024453339e-12
5.653031603031136910e+04 2.093163380895711508e-12
5.654443729441446339e+04 1.990731448276022690e-12
5.655855855861160671e+04 1.970655904321770367e-12
5.657267982271023357e+04 1.843579125735940335e-12
5.658680108681365527e+04 1.831454877086501121e-12
5.660092235089817405e+04 1.869450741559491343e-12
5.661504361501424137e+04 2.005077929841352202e-12
5.662916487918658095e+04 1.966281674352754734e-12
5.664328614329460834e+04 1.954762992859309804e-12
5.665740740740066394e+04 1.955353669019664960e-12
