5.300000000000076398e+04 -1.407266195877735873e-12
5.301412126406007155e+04 -1.486400536531776727e-12
5.302824252822597919e+04 -1.471974070572344486e-12
5.304236379240875976e+04 -1.467209615795284142e-12
5.305648505645816476e+04 -1.483018266206633769e-12
5.307060632060038188e+04 -1.546345747234648314e-12
5.308472758473753493e+04 -1.514201190921898397e-12
5.309884884878352022e+04 -1.537653637456142561e-12
5.311297011302919418e+04 -1.531797970660442928e-12
5.312709137709107017e+04 -1.619037385567030614e-12
5.314121264118640829e+04 -1.579793673323902239e-12
5.315533390531829355e+04 -1.496642721916564845e-12
5.316945516950968886e+04 -1.591648833134309479e-12
5.318357643363156967e+04 -1.552793540215709190e-12
5.319769769768690458e+04 -1.562808094652590760e-12
5.321181896180393232e+04 -1.419102924684140552e-12
5.322594022587411746e+04 -1.374943848788383963e-12
5.324006149013530376e+04 -1.413979910418730931e-12
5.325418275418369740e+04 -1.310180681081767262e-12
5.326830401830467599e+04 -1.383837733794115336e-12
5.328242528243851848e+04 -1.381790202170411286e-12
5.329654654646503332e+04 -1.321820383260230373e-12
5.331066781066040130e+04 -1.274438376690746914e-12
5.332478907483334478e+04 -1.206258149132873081e-12
5.333891033889216487e+04 -1.209939520849391581e-12
5.335303160297440627e+04 -1.113831090719765933e-12
5.336715286722601741e+04 -1.108577369246931180e-12
5.338127413131316280e+04 -1.113211680209702059e-12
5.339539539539382531e+04 -1.110637778428017131e-12
5.340951665948502341e+04 -1.138546342724761673e-12
5.342363792363520770e+04 -9.710698457074006720e-13
5.343775918782773806e+04 -1.011599060116165959e-12
5.345188045187832176e+04 -9.193683844531311324e-13
5.346600171602408955e+04 -8.922698185157010815e-13
5.348012298013837426e+04 -8.394451123188051664e-13
5.349424424422626180e+04 -7.812910289994564118e-13
5.350836550839433767e+04 -7.316915070488291247e-13
5.352248677247789601e+04 -6.910595941199441632e-13
5.353660803662843682e+04 -6.771016096738246839e-13
5.355072930068775895e+04 -7.246999592073221581e-13
5.356485056492244621e+04 -7.124920348093876478e-13
5.357897182904296642e+04 -6.906285178865887451e-13
5.359309309307895455e+04 -6.510264876093122366e-13
5.360721435720856243e+04 -6.851497610985072701e-13
5.362133562133154919e+04 -5.948974001882495590e-13
5.363545688546398742e+04 -5.153981216307190161e-13
5.364957814955803769e+04 -5.081538517255943921e-13
5.366369941367975844e+04 -4.848232590780754932e-13
5.367782067781252408e+04 -5.508410228126127460e-13
5.369194194188905385e+04 -4.641773152057246572e-13
5.370606320608119131e+04 -4.069732736822173281e-13
5.372018447019741870e+04 -2.475165974632990345e-13
5.373430573427633499e+04 -2.379788345884781256e-13
5.374842699842470756e+04 -1.736219538172569109e-13
5.376254826249262987e+04 -2.229703633989393287e-13
5.377666952670722821e+04 -1.599788256491221291e-13
5.379079079080505471e+04 -1.554253213589220720e-13
5.380491205493485904e+04 -1.492273529910677489e-13
5.381903331896245072e+04 -1.451277825985757061e-13
5.383315458320053585e+04 -1.554626662753292561e-13
5.384727584730827948e+04 -1.031823588167483501e-13
5.386139711142123269e+04 -6.710137466658704017e-14
5.387551837553565565e+04 -1.831870815015141065e-13
5.388963963957744272e+04 -1.357497014352889534e-13
5.390376090383694100e+04 -7.920627860546729078e-14
5.391788216789059516e+04 -5.547551586230928950e-14
5.393200343201211945e+04 -1.200471299028718129e-13
5.394612469611665438e+04 -1.959345755537455645e-13
5.396024596017892327e+04 -1.781329621680970487e-13
5.397436722437955905e+04 -4.962974868884685430e-14
5.398848848851073126e+04 -2.093597533074794181e-14
5.400260975261662679e+04 -1.347922572882388915e-14
5.401673101668369782e+04 1.189503549961333254e-13
5.403085228091795580e+04 1.572701024971183973e-13
5.404497354501985683e+04 1.830735081008751109e-13
5.405909480912284926e+04 1.701116027182368980e-13
5.407321607316070731e+04 1.552032545373414962e-13
5.408733733728641528e+04 2.170824932683068098e-13
5.410145860153451213e+04 1.763939190869419392e-13
5.411557986560037534e+04 1.648910409556602367e-13
5.412970112971573690e+04 2.638170806404209122e-13
5.414382239376432699e+04 2.532961162595005114e-13
5.415794365787518473e+04 2.255707352165120437e-13
5.417206492211775185e+04 2.782882357482046445e-13
5.418618618618862820e+04 3.719743973343159589e-13
5.420030745029987156e+04 3.032900134049450517e-13
5.421442871438189468e+04 3.847688944709909509e-13
5.422854997846324841e+04 3.102290852001212523e-13
5.424267124267348117e+04 2.659618378223576062e-13
5.425679250675666844e+04 3.204345494251878606e-13
5.427091377086139255e+04 2.771447086527019015e-13
5.428503503500561055e+04 1.831578561017258037e-13
5.429915629918603372e+04 2.113262251186477963e-13
5.431327756333303842e+04 2.369235898042958895e-13
5.432739882740635221e+04 2.290991859391218352e-13
5.434152009151534003e+04 2.495088266335168112e-13
5.435564135560450814e+04 1.831752408041912183e-13
5.436976261979390983e+04 9.527303411610973911e-14
5.438388388391091576e+04 4.760997485676874995e-14
5.439800514798368386e+04 1.425368890966153064e-13
5.441212641210189759e+04 1.554736832423590399e-13
5.442624767618023179e+04 1.435529283740383423e-13
5.444036894040389598e+04 1.099482985083947814e-13
5.445449020447114890e+04 1.355076743997666081e-13
5.446861146856489358e+04 1.579873824432839603e-13
5.448273273273409723e+04 1.337898082450361639e-13
5.449685399690082704e+04 4.722107262383876666e-14
5.451097526100539108e+04 3.249687351350293686e-14
5.452509652508485306e+04 2.763108845679453094e-14
5.453921778916452604e+04 3.061996952510741263e-14
5.455333905334251904e+04 -3.321150690493687587e-14
5.456746031751530245e+04 -5.026010512268535059e-14
5.458158158161259053e+04 -9.094224052535934024e-14
5.459570284573280514e+04 -5.885265528568306575e-14
5.460982410977936524e+04 -1.633321415913395845e-13
5.462394537389423203e+04 -1.894143463124120015e-13
5.463806663805893913e+04 -1.368964479201371211e-13
5.465218790222053212e+04 -2.658091677241281507e-13
5.466630916634306050e+04 -2.889321097588657928e-13
5.468043043039830809e+04 -3.688540941374535687e-13
5.469455169463373750e+04 -3.156807280744457443e-13
5.470867295870952512e+04 -2.386021083657566206e-13
5.472279422282733140e+04 -1.905752581103801338e-13
5.473691548693281220e+04 -1.615910958333219208e-13
5.475103675103224668e+04 -1.737243303984421133e-13
5.476515801516737702e+04 -1.527068689956267213e-13
5.477927927930769511e+04 -1.156516976295331997e-13
5.479340054341792711e+04 -7.302247555073293233e-14
5.480752180745689839e+04 2.048082472055702228e-14
5.482164307159239252e+04 1.307725965504833402e-13
5.483576433579543664e+04 1.569784258224209193e-13
5.484988559985723259e+04 1.525730134421114087e-13
5.486400686396559468e+04 2.327242183420949992e-13
5.487812812811609911e+04 1.699705934649063213e-13
5.489224939219481894e+04 2.320275424877402755e-13
5.490637065643090318e+04 1.817896156299108862e-13
5.492049192052116996e+04 2.577543266250753357e-13
5.493461318463717907e+04 3.266016116553258742e-13
5.494873444873982226e+04 3.652832185187391775e-13
5.496285571293275279e+04 4.198660332371836739e-13
5.497697697702486039e+04 5.084971096730743637e-13
5.499109824106031010e+04 5.019733391034607780e-13
5.500521950519333768e+04 5.314410536602051499e-13
5.501934076934368204e+04 5.639272676672404093e-13
5.503346203351330041e+04 5.137498653291054489e-13
5.504758329761258938e+04 6.119077587160424824e-13
5.506170456173241837e+04 5.785214034480202339e-13
5.507582582578020083e+04 5.542381934931835798e-13
5.508994708987831109e+04 5.014968694803346897e-13
5.510406835413009685e+04 5.223507859044013554e-13
5.511818961823009158e+04 4.017756406272485825e-13
5.513231088232208276e+04 4.295216257620479653e-13
5.514643214644230466e+04 4.448497823135896220e-13
5.516055341064032109e+04 4.467801281651195359e-13
5.517467467470093106e+04 5.038714910615362933e-13
5.518879593883421330e+04 4.529471903952576000e-13
5.520291720290251396e+04 4.720986937334519762e-13
5.521703846701511065e+04 4.586171789104585852e-13
5.523115973122174910e+04 4.337261482472015655e-13
5.524528099532573106e+04 5.042088830649390647e-13
5.525940225939130323e+04 4.413174683237652854e-13
5.527352352346948464e+04 3.471812361071604765e-13
5.528764478757087636e+04 2.229256849302928964e-13
5.530176605182701314e+04 1.913293101383390802e-13
5.531588731591022224e+04 2.365861978008930676e-13
5.533000857998397987e+04 2.021284297587060642e-13
5.534412984408452030e+04 1.727444193249433405e-13
5.535825110828683682e+04 1.638627679987245212e-13
5.537237237242647097e+04 1.974719050094517096e-13
5.538649363646066922e+04 2.737843100539244258e-13
5.540061490056148614e+04 1.225412618720447804e-13
5.541473616465981468e+04 1.917787368909634545e-13
5.542885742885965010e+04 1.120589301632697539e-13
5.544297869298532169e+04 9.668956542810636807e-14
5.545709995710906514e+04 8.388927339060958386e-14
5.547122122121069697e+04 1.031116032944037959e-13
5.548534248526456213e+04 1.185955782902650889e-13
5.549946374950455356e+04 1.622183039210702552e-13
5.551358501362911193e+04 7.921729557249708717e-14
5.552770627774090826e+04 3.969349645631488129e-14
5.554182754184022633e+04 5.682193552983044039e-14
5.555594880588533124e+04 9.641527345587429205e-14
5.557007007009317749e+04 1.411403179985604596e-13
5.558419133418767160e+04 2.424969966391335275e-13
5.559831259827335452e+04 8.231692363429333113e-14
5.561243386243199348e+04 1.765999577607646913e-14
5.562655512663929403e+04 8.918452498600061345e-14
5.564067639071493613e+04 6.308042841737916708e-14
5.565479765478166519e+04 1.516741599368626349e-13
5.566891891888702230e+04 1.966889495206390332e-13
5.568304018297321454e+04 1.386073024615628647e-13
5.569716144721888122e+04 1.508332554398319098e-13
5.571128271132926602e+04 9.581646703762116870e-14
5.572540397542649589e+04 8.414424902676898540e-14
5.573952523950832256e+04 9.757940464318788701e-14
5.575364650358306244e+04 4.088595826986840555e-14
5.576776776776092447e+04 9.194676104439402289e-14
5.578188903191253485e+04 1.282254157003657807e-13
5.579601029599223693e+04 4.999554236174488719e-14
5.581013156011357933e+04 2.406516426663234014e-13
5.582425282431983214e+04 2.063393910225505895e-13
5.583837408836757822e+04 2.059388989879769838e-13
5.585249535250684858e+04 1.630952655787699743e-13
5.586661661657148943e+04 2.651280159818869013e-13
5.588073788072328171e+04 3.468541461496630742e-13
5.589485914491579024e+04 3.092941745342034845e-13
5.590898040897383908e+04 3.497799271868051848e-13
5.592310167312007252e+04 3.899720715311021724e-13
5.593722293719047593e+04 3.949750025739266037e-13
5.595134420127458725e+04 3.934387099782793703e-13
5.596546546551113715e+04 3.920556603154753931e-13
5.597958672956900409e+04 4.776296046289296950e-13
5.599370799367421569e+04 4.976606451363001704e-13
5.600782925777312630e+04 4.570216495508551130e-13
5.602195052199580095e+04 5.054412653063761659e-13
5.603607178605994704e+04 4.883669119738641610e-13
5.605019305021505716e+04 5.299124875989869560e-13
5.606431431428372889e+04 5.871841362987486583e-13
5.607843557841094298e+04 5.228130902144074537e-13
5.609255684261643910e+04 6.433328619948185075e-13
5.610667810669491155e+04 6.986123525676177275e-13
5.612079937080098171e+04 7.098003744209147831e-13
5.613492063494234753e+04 7.011479436160916774e-13
5.614904189897851757e+04 7.292609391362720014e-13
5.616316316319785983e+04 7.725681646112233751e-13
5.617728442729643575e+04 8.724593772217490076e-13
5.619140569136934937e+04 8.419640335859380404e-13
5.620552695545946335e+04 8.893418549492724073e-13
5.621964821959989058e+04 8.963408073862739922e-13
5.623376948381876718e+04 8.553476789728297933e-13
5.624789074794452608e+04 7.227152767191093862e-13
5.626201201201301592e+04 6.779940954436378268e-13
5.627613327612802823e+04 7.912676656853170221e-13
5.629025454033835558e+04 7.267549664697761205e-13
5.630437580436516146e+04 7.495701348830891105e-13
5.631849706847212656e+04 9.000199255302506346e-13
5.633261833256148384e+04 8.018530178531463714e-13
5.634673959667392046e+04 7.446496202075080364e-13
5.636086086090755998e+04 7.031658568578178603e-13
5.637498212496231281e+04 7.928490297318005044e-13
5.638910338905668323e+04 7.175140312926055003e-13
5.640322465321026539e+04 7.917595883773012903e-13
5.641734591729593376e+04 7.694041487625182204e-13
5.643146718147725915e+04 8.003502069066917771e-13
5.644558844556329859e+04 8.045753334836561661e-13
5.645970970968453912e+04 7.770147851751546401e-13
5.647383097379284300e+04 6.988711914709917119e-13
5.648795223797228391e+04 6.522685990620409062e-13
5.650207350206905539e+04 7.052146762372602013e-13
5.651619476618074987e+04 6.961359982831000165e-13
5.653031603028029349e+04 6.612880402522448523e-13
5.654443729437050933e+04 6.322736157153394501e-13
5.655855855861554301e+04 6.147034764236286067e-13
5.657267982272677182e+04 5.352644004468578694e-13
5.658680108678999386e+04 4.830780991571639556e-13
5.660092235088328744e+04 5.069981619938342387e-13
5.661504361504178814e+04 4.571092169410513315e-13
5.662916487919047358e+04 5.887088390927522821e-13
5.664328614331641438e+04 4.984629169611855213e-13
5.665740740736382577e+04 5.071578437053683948e-13
