5.300000000000088039e+04 -1.294766331911198268e-12
5.301412126407332107e+04 -1.327956496332194656e-12
5.302824252820364927e+04 -1.263218991466728032e-12
5.304236379241784743e+04 -1.277089255820021520e-12
5.305648505648074934e+04 -1.352611026698101646e-12
5.307060632062865625e+04 -1.287694567686880205e-12
5.308472758467889798e+04 -1.226172375040960761e-12
5.309884884880368918e+04 -1.332290753938881606e-12
5.311297011302882311e+04 -1.329266015753190449e-12
5.312709137709535571e+04 -1.241688151945341267e-12
5.314121264117471583e+04 -1.198818843691129897e-12
5.315533390528277232e+04 -1.081294456077201927e-12
5.316945516949031298e+04 -1.020937347380882209e-12
5.318357643357952475e+04 -1.039504197386650248e-12
5.319769769767721300e+04 -1.084595973177661477e-12
5.321181896182105993e+04 -1.112493147418649046e-12
5.322594022592654801e+04 -1.123962895024239668e-12
5.324006149009826186e+04 -1.258072141707836607e-12
5.325418275417738187e+04 -1.195789541486184616e-12
5.326830401832705684e+04 -1.204862077323532533e-12
5.328242528239569947e+04 -1.255510415406479023e-12
5.329654654648422729e+04 -1.146080132329796215e-12
5.331066781069731223e+04 -1.201472532357458703e-12
5.332478907482406066e+04 -1.154774641468922022e-12
5.333891033888850507e+04 -1.243231734733085837e-12
5.335303160300257150e+04 -1.257161226416700247e-12
5.336715286720330914e+04 -1.140141241620341863e-12
5.338127413132923539e+04 -1.113720816138021001e-12
5.339539539542283455e+04 -1.162430967377709867e-12
5.340951665947401489e+04 -1.102828128438125916e-12
5.342363792360802472e+04 -1.116548619515895671e-12
5.343775918778964115e+04 -1.047959908644800819e-12
5.345188045192912978e+04 -1.112886072754436345e-12
5.346600171597640292e+04 -1.171930107865341258e-12
5.348012298007846402e+04 -1.331654099482924905e-12
5.349424424419842398e+04 -1.286771743977689921e-12
5.350836550837279356e+04 -1.261516349984977235e-12
5.352248677251306799e+04 -1.218402630630707932e-12
5.353660803658774967e+04 -1.277468174338097955e-12
5.355072930069194990e+04 -1.192033091340071172e-12
5.356485056490448187e+04 -1.137003399693134214e-12
5.357897182899610198e+04 -1.166125619653922309e-12
5.359309309310324170e+04 -1.165594095020785322e-12
5.360721435721976013e+04 -1.226834210292802369e-12
5.362133562128013727e+04 -1.259530424549521022e-12
5.363545688548098406e+04 -1.233256991963178421e-12
5.364957814958364179e+04 -1.189711002279551600e-12
5.366369941369412845e+04 -1.133834186691053328e-12
5.367782067781342630e+04 -1.222596492185338653e-12
5.369194194191747374e+04 -1.227423021236577583e-12
5.370606320610744297e+04 -1.258285234193012650e-12
5.372018447022264445e+04 -1.167811473938416771e-12
5.373430573431083758e+04 -1.265849755116803318e-12
5.374842699837335385e+04 -1.271445347642360308e-12
5.376254826252697967e+04 -1.283320820821646679e-12
5.377666952668684826e+04 -1.242939217820889477e-12
5.379079079078641371e+04 -1.178994055550936787e-12
5.380491205490477296e+04 -1.205346807644316807e-12
5.381903331898294709e+04 -1.129757625677253184e-12
5.383315458322149789e+04 -1.129885837896300460e-12
5.384727584732397372e+04 -1.158183806471789412e-12
5.386139711139495193e+04 -1.147939839025879195e-12
5.387551837549640913e+04 -1.118355971140534591e-12
5.388963963962467096e+04 -1.043705613180046360e-12
5.390376090377648507e+04 -1.093825259469392885e-12
5.391788216790300794e+04 -9.921267397691697475e-13
5.393200343200276984e+04 -1.106403276853867943e-12
5.394612469608455285e+04 -1.071860680738888440e-12
5.396024596022303012e+04 -1.099675807553284465e-12
5.397436722440479207e+04 -1.053295089772914767e-12
5.398848848852380615e+04 -9.493007110078855379e-13
5.400260975260576379e+04 -9.990820952725115606e-13
5.401673101672063785e+04 -9.644761274878883997e-13
5.403085228088431177e+04 -9.112221016307686338e-13
5.404497354497653578e+04 -9.356361422809769468e-13
5.405909480910232378e+04 -8.670170046148545316e-13
5.407321607322532509e+04 -8.684747628566247613e-13
5.408733733728900552e+04 -8.062639279032446971e-13
5.410145860152158275e+04 -8.077307092635402781e-13
5.411557986560156860e+04 -8.077500145403854482e-13
5.412970112967892055e+04 -7.570220421904527449e-13
5.414382239377942460e+04 -7.240729707750563406e-13
5.415794365787723655e+04 -6.435464642548602333e-13
5.417206492210218858e+04 -6.047776912305311996e-13
5.418618618621629139e+04 -6.181587661637689840e-13
5.420030745030152320e+04 -5.273219827684989819e-13
5.421442871441321040e+04 -4.724572253346081911e-13
5.422854997848105995e+04 -3.193042673231729202e-13
5.424267124272193905e+04 -3.158998237195339507e-13
5.425679250679223333e+04 -2.555851026962871165e-13
5.427091377092825860e+04 -2.996880076489015770e-13
5.428503503500461375e+04 -2.067398145186824633e-13
5.429915629917453043e+04 -1.513336699732661532e-13
5.431327756330921693e+04 -1.751228072055974687e-13
5.432739882740242319e+04 -7.970983383817768108e-14
5.434152009150072263e+04 2.966840892700964508e-14
5.435564135558248381e+04 1.117269466961650993e-14
5.436976261981216521e+04 -2.424451442243186647e-14
5.438388388391824992e+04 9.354201576865620363e-14
5.439800514798059157e+04 1.690264875928318181e-13
5.441212641207639535e+04 1.785141918023320975e-13
5.442624767621025967e+04 1.751915857853190534e-13
5.444036894037651655e+04 1.761127832347751067e-13
5.445449020450926037e+04 2.753230206216383661e-13
5.446861146858806751e+04 2.500956402643476599e-13
5.448273273269180936e+04 2.906707157134871427e-13
5.449685399692834471e+04 3.149575933444767012e-13
5.451097526102045231e+04 2.958260639909897337e-13
5.452509652511426248e+04 2.767369223105757011e-13
5.453921778920577344e+04 3.399298083034670210e-13
5.455333905330621201e+04 2.974892555591876163e-13
5.456746031749979011e+04 3.299955646469411412e-13
5.458158158161038591e+04 2.534132101221837174e-13
5.459570284570525837e+04 2.985208288306058104e-13
5.460982410979358974e+04 4.806917163398725937e-13
5.462394537388326717e+04 4.857073112002139257e-13
5.463806663809939346e+04 4.659080710758456627e-13
5.465218790218406502e+04 4.869231239615234062e-13
5.466630916632571461e+04 4.800353369271394360e-13
5.468043043041050259e+04 4.813997163841698326e-13
5.469455169462379126e+04 4.790805650831701806e-13
5.470867295869334339e+04 5.709254196736990723e-13
5.472279422279702703e+04 6.098310083556694455e-13
5.473691548692829383e+04 7.262422474115103630e-13
5.475103675097832456e+04 7.246113711980313916e-13
5.476515801517461659e+04 7.013313057225066086e-13
5.477927927927951532e+04 6.881856712307926523e-13
5.479340054337242327e+04 7.375030993312392271e-13
5.480752180751349078e+04 8.542983455243249898e-13
5.482164307159685268e+04 7.864449138930694278e-13
5.483576433578288561e+04 9.077676671862607383e-13
5.484988559991594957e+04 8.832550017521699367e-13
5.486400686398526159e+04 8.991692647514289891e-13
5.487812812808555464e+04 9.513459722246063688e-13
5.489224939217275823e+04 1.013183292039027000e-12
5.490637065640914079e+04 1.050993935779935470e-12
5.492049192047929682e+04 1.064738033853847276e-12
5.493461318461079645e+04 1.123565409200159245e-12
5.494873444867973012e+04 1.124068185757994424e-12
5.496285571289210202e+04 1.162353907181264837e-12
5.497697697698002594e+04 1.121777572692330988e-12
5.499109824107224267e+04 1.100816658517805958e-12
5.500521950522828411e+04 1.061705846349373626e-12
5.501934076927629940e+04 1.086385544396167636e-12
5.503346203350030555e+04 1.178550195094434837e-12
5.504758329757682804e+04 1.171583927912876123e-12
5.506170456170726538e+04 1.156169084032001043e-12
5.507582582582228497e+04 1.107647369081517396e-12
5.508994708989959327e+04 1.110981726136610143e-12
5.510406835410463827e+04 1.098113919759492849e-12
5.511818961817267700e+04 1.040747450254436925e-12
5.513231088230093883e+04 9.350124489738637416e-13
5.514643214637678466e+04 8.403632930816193331e-13
5.516055341062677326e+04 8.469027457729287780e-13
5.517467467471308919e+04 7.629545887719056235e-13
5.518879593878203741e+04 6.816709796554367270e-13
5.520291720288779470e+04 6.233220394309380077e-13
5.521703846697643166e+04 6.475568767504320462e-13
5.523115973119623231e+04 6.325805983978856103e-13
5.524528099531149201e+04 5.994460284528038055e-13
5.525940225939055381e+04 6.936049981851553878e-13
5.527352352347716078e+04 6.313731792352044997e-13
5.528764478762663202e+04 5.174099332193076930e-13
5.530176605180165643e+04 4.891268632813839308e-13
5.531588731591068063e+04 4.328024590460314615e-13
5.533000857997296407e+04 4.302201684280345929e-13
5.534412984409354976e+04 3.060725495164884308e-13
5.535825110829502228e+04 2.874908008731552011e-13
5.537237237238954549e+04 1.990424159675683730e-13
5.538649363651267777e+04 2.918873678346593996e-13
5.540061490059115022e+04 3.364943083849033554e-13
5.541473616469016997e+04 2.510256509923634461e-13
5.542885742889072571e+04 8.327118880713542550e-14
5.544297869299156446e+04 6.153680451901226721e-14
5.545709995711998636e+04 8.706005922795059048e-14
5.547122122121103166e+04 1.203742521836781085e-13
5.548534248529870820e+04 8.319228898002939428e-14
5.549946374950226163e+04 1.480227660653022881e-13
5.551358501358286594e+04 6.890974155411205180e-14
5.552770627767602127e+04 7.029804276723306546e-14
5.554182754177268362e+04 9.180244245294077051e-14
5.555594880589330569e+04 6.377431773268027928e-15
5.557007007009928202e+04 -3.482002901415997564e-14
5.558419133417885314e+04 -5.258591987082231885e-14
5.559831259828896873e+04 5.229187480916421821e-15
5.561243386242814449e+04 2.021511847188540408e-14
5.562655512659616943e+04 9.422147757761717666e-14
5.564067639069821598e+04 8.757206874427696651e-14
5.565479765478448826e+04 1.335589169090136417e-13
5.566891891892754211e+04 1.014164703217969776e-13
5.568304018300861935e+04 1.658004079600442457e-13
5.569716144717481075e+04 1.734234742342674048e-13
5.571128271130497887e+04 9.644410249439134428e-14
5.572540397541921266e+04 4.496448338729435293e-14
5.573952523951600597e+04 4.654751608859196395e-14
5.575364650361505483e+04 2.866747229058472102e-14
5.576776776782338857e+04 -4.028258300145840359e-14
5.578188903191265126e+04 -5.454330707094216472e-14
5.579601029597235902e+04 -2.102095286923278426e-14
5.581013156011798856e+04 1.312137454522662802e-13
5.582425282429782237e+04 2.088176009300879500e-13
5.583837408842665172e+04 2.750884195399773649e-13
5.585249535247913445e+04 1.951712882801958566e-13
5.586661661660081154e+04 2.183208332970505776e-13
5.588073788068839349e+04 2.793171145289154773e-13
5.589485914492174925e+04 3.011857963950914565e-13
5.590898040898206818e+04 3.697514248699583920e-13
5.592310167311596888e+04 3.704061255629658958e-13
5.593722293718010042e+04 4.122096041713572626e-13
5.595134420128936472e+04 4.499774405592613596e-13
5.596546546550749190e+04 5.065267932378522450e-13
5.597958672962911805e+04 5.649462396908287267e-13
5.599370799368531152e+04 5.791717106460736003e-13
5.600782925778609933e+04 6.435002505333740535e-13
5.602195052200115606e+04 7.399309477344753914e-13
5.603607178608225513e+04 7.422492596756121661e-13
5.605019305018460000e+04 7.287641041193834426e-13
5.606431431428163341e+04 7.920921270501903978e-13
5.607843557841799338e+04 7.820517043710164864e-13
5.609255684258841939e+04 8.254919347119266127e-13
5.610667810667766025e+04 7.959598972981116824e-13
5.612079937082956894e+04 7.561473802843533383e-13
5.613492063492042507e+04 8.224534520084815334e-13
5.614904189902858343e+04 8.676999847742021088e-13
5.616316316317733435e+04 9.089310199561432601e-13
5.617728442728972732e+04 9.692675643358237450e-13
5.619140569142004097e+04 9.963889602235906392e-13
5.620552695548121119e+04 1.044994611160357178e-12
5.621964821959604160e+04 1.116791775107120238e-12
5.623376948381476541e+04 1.047848434693979735e-12
5.624789074787385471e+04 1.089141582505770278e-12
5.626201201202705124e+04 1.000438032201883139e-12
5.627613327610378474e+04 1.094619244970599710e-12
5.629025454032381822e+04 1.133510144854970486e-12
5.630437580442531180e+04 1.111013621811397666e-12
5.631849706852688541e+04 1.133139147795599685e-12
5.633261833261013089e+04 1.173720518443710193e-12
5.634673959669657779e+04 1.202451806548385235e-12
5.636086086091864127e+04 1.175741696993405237e-12
5.637498212498678913e+04 1.167796316531855236e-12
5.638910338910317660e+04 1.219499205362465041e-12
5.640322465320949414e+04 1.273555659248450551e-12
5.641734591728035593e+04 1.182533797003426537e-12
5.643146718152183166e+04 1.217676115740398155e-12
5.644558844562573358e+04 1.096277820059551919e-12
5.645970970971199131e+04 1.102897011937830373e-12
5.647383097381304833e+04 1.070121688014039692e-12
5.648795223802704277e+04 1.108490506063730220e-12
5.650207350211103767e+04 1.088651396345877553e-12
5.651619476618669432e+04 9.954572707758492497e-13
5.653031603032406565e+04 8.809635493266436228e-13
5.654443729441501637e+04 7.719793860170550519e-13
5.655855855862279714e+04 7.968613697907912026e-13
5.657267982270666107e+04 8.228731319398965974e-13
5.658680108677744283e+04 7.485360650482097558e-13
5.660092235090479517e+04 7.823840908766972502e-13
5.661504361499888910e+04 5.818962727608202086e-13
5.662916487918635539e+04 4.752673532263328968e-13
5.664328614332192956e+04 4.793667867963952126e-13
5.665740740738280874e+04 4.186961771913084111e-13
