5.300000000000056025e+04 3.495064451742496347e-12
5.301412126409516350e+04 3.414146758994121491e-12
5.302824252819262620e+04 3.369523057600821798e-12
5.304236379240833048e+04 3.402628965281908384e-12
5.305648505650584411e+04 3.328799496890146862e-12
5.307060632059216005e+04 3.308818379448504534e-12
5.308472758470498957e+04 3.208715225015007748e-12
5.309884884879719175e+04 3.198996124448851522e-12
5.311297011299959559e+04 3.148772659810501042e-12
5.312709137709956121e+04 3.151002916324046145e-12
5.314121264120543492e+04 3.117695571408943403e-12
5.315533390529322787e+04 3.120229476022641638e-12
5.316945516950273304e+04 3.015959994818831454e-12
5.318357643359304348e+04 3.045305483890921218e-12
5.319769769770746643e+04 3.011068697345501552e-12
5.321181896180556942e+04 2.997597196959622200e-12
5.322594022590454551e+04 2.950445338571521151e-12
5.324006149009594083e+04 2.926048705153435074e-12
5.325418275420492137e+04 2.882676631816318488e-12
5.326830401829294715e+04 2.840804383641819476e-12
5.328242528239880630e+04 2.803247588760439093e-12
5.329654654649935401e+04 2.822385241079249416e-12
5.331066781070844445e+04 2.773209892872792927e-12
5.332478907479183545e+04 2.834988154082242509e-12
5.333891033889237588e+04 2.820423802587295732e-12
5.335303160299717274e+04 2.720587645959420293e-12
5.336715286720097356e+04 2.648790358507312146e-12
5.338127413129780325e+04 2.625443645338748245e-12
5.339539539539191901e+04 2.555847704123111798e-12
5.340951665949832386e+04 2.566312732473452995e-12
5.342363792359619401e+04 2.519453879661499953e-12
5.343775918779682252e+04 2.586496861389950418e-12
5.345188045190151752e+04 2.452639425228169380e-12
5.346600171600103931e+04 2.438796535191036078e-12
5.348012298009649385e+04 2.389138878947548840e-12
5.349424424419667048e+04 2.297784502383104621e-12
5.350836550840454584e+04 2.244856229609978155e-12
5.352248677249482716e+04 2.180506970737062751e-12
5.353660803660147940e+04 2.021372736544806588e-12
5.355072930069654831e+04 1.928154590013791624e-12
5.356485056489807175e+04 1.979532301153928125e-12
5.357897182899666223e+04 2.005932582396461617e-12
5.359309309310730896e+04 2.048094294105221026e-12
5.360721435719227156e+04 2.018086246420041667e-12
5.362133562130605424e+04 1.898526852677953399e-12
5.363545688549914485e+04 1.931864550924232174e-12
5.364957814960910036e+04 1.905432784864919510e-12
5.366369941370120796e+04 1.934896801153507742e-12
5.367782067779956560e+04 1.940919584229827415e-12
5.369194194190948474e+04 1.870506677612148297e-12
5.370606320610738476e+04 1.857648147252931982e-12
5.372018447020196618e+04 1.805214251696601527e-12
5.373430573430074583e+04 1.675799585555788663e-12
5.374842699840840942e+04 1.630456989045210118e-12
5.376254826249162579e+04 1.670082729949170286e-12
5.377666952670497994e+04 1.565848308400710860e-12
5.379079079080708470e+04 1.462777250832229505e-12
5.380491205490525317e+04 1.427443152828699024e-12
5.381903331900927878e+04 1.435062216115706029e-12
5.383315458320884500e+04 1.446804216159902689e-12
5.384727584730650415e+04 1.379312575792353783e-12
5.386139711140339205e+04 1.367063670198017962e-12
5.387551837550810887e+04 1.241773777428706713e-12
5.388963963959333341e+04 1.249568106195782727e-12
5.390376090379689413e+04 1.144092658119290399e-12
5.391788216790022125e+04 1.171494418908864334e-12
5.393200343199933559e+04 1.246644216210920682e-12
5.394612469609220716e+04 1.168289002187304941e-12
5.396024596020857280e+04 1.176803021391250623e-12
5.397436722439632285e+04 1.140634050996134548e-12
5.398848848849180649e+04 1.129651622156727463e-12
5.400260975260315172e+04 1.143093277560035342e-12
5.401673101669524476e+04 1.093573432983323567e-12
5.403085228090848977e+04 1.114097860294505505e-12
5.404497354499338689e+04 1.030544765394175809e-12
5.405909480910851562e+04 1.017029383044910849e-12
5.407321607320137991e+04 9.909680883296961563e-13
5.408733733729714004e+04 1.052291065969849963e-12
5.410145860150461522e+04 9.214228507877473164e-13
5.411557986559734854e+04 8.571400379969089039e-13
5.412970112970838090e+04 7.995810702026657968e-13
5.414382239379244857e+04 7.953886044750896303e-13
5.415794365789442963e+04 7.143228101002885973e-13
5.417206492209997668e+04 7.789136493486132882e-13
5.418618618620633060e+04 7.214753733520223911e-13
5.420030745029380341e+04 6.000494547218948313e-13
5.421442871440068848e+04 4.903340513191850632e-13
5.422854997849616484e+04 5.013529500713608531e-13
5.424267124269226042e+04 4.903130614413324172e-13
5.425679250680676341e+04 5.566040807957146739e-13
5.427091377089441812e+04 6.464475797149841698e-13
5.428503503499559156e+04 5.521306130783873037e-13
5.429915629919569619e+04 5.249140879608622533e-13
5.431327756329657132e+04 5.317213677219213926e-13
5.432739882739494351e+04 4.790784916942215675e-13
5.434152009149688820e+04 5.095403143012260185e-13
5.435564135559746501e+04 4.698691827864097612e-13
5.436976261979688570e+04 5.034023492701904193e-13
5.438388388389792090e+04 4.967569539420691109e-13
5.439800514800297242e+04 5.850500880084537116e-13
5.441212641209184949e+04 5.605163316539592070e-13
5.442624767620783678e+04 5.523428732181713641e-13
5.444036894039907929e+04 5.046748606150019876e-13
5.445449020450014359e+04 3.877877406970178912e-13
5.446861146860261215e+04 3.375487304303827942e-13
5.448273273270906793e+04 3.874904715519310081e-13
5.449685399690110353e+04 4.147224767043723699e-13
5.451097526100811228e+04 3.853836125624800404e-13
5.452509652509311127e+04 3.765563194315848678e-13
5.453921778920394718e+04 2.758676129993695517e-13
5.455333905329499248e+04 3.043569118351794447e-13
5.456746031750088150e+04 3.202013835056593590e-13
5.458158158160268067e+04 3.172331524038338668e-13
5.459570284569253272e+04 1.880220880781909016e-13
5.460982410980854911e+04 1.671912085503615732e-13
5.462394537389637844e+04 2.983113022666951146e-13
5.463806663809710881e+04 3.519569697088011471e-13
5.465218790220084338e+04 4.442253242669878657e-13
5.466630916629499552e+04 4.122981458124014432e-13
5.468043043039480108e+04 3.602566297851774842e-13
5.469455169460397883e+04 3.790625108471808415e-13
5.470867295870607632e+04 4.986756911512664905e-13
5.472279422279237770e+04 3.831767892797562347e-13
5.473691548690771015e+04 3.515374345252230652e-13
5.475103675100090913e+04 3.791375496605037381e-13
5.476515801519346860e+04 4.452498926796660874e-13
5.477927927929305588e+04 4.196582464814024318e-13
5.479340054340870847e+04 4.328981366838525232e-13
5.480752180750131083e+04 3.730019459907265970e-13
5.482164307159745658e+04 3.638317307304152279e-13
5.483576433579569130e+04 3.046830420623136152e-13
5.484988559989292116e+04 3.030371732651995742e-13
5.486400686399714323e+04 3.115472568670478601e-13
5.487812812810835021e+04 4.003651378797464918e-13
5.489224939219702355e+04 4.241149222964477760e-13
5.490637065639282082e+04 4.645513972324630656e-13
5.492049192049389239e+04 4.867424208451384164e-13
5.493461318460099574e+04 5.015059138062114004e-13
5.494873444870013191e+04 5.478258515042999655e-13
5.496285571289344807e+04 4.943504644462728526e-13
5.497697697699621494e+04 4.435009111076013315e-13
5.499109824110715999e+04 4.095112147805274391e-13
5.500521950520465180e+04 4.546376155492246279e-13
5.501934076930784795e+04 4.098879830879809113e-13
5.503346203349395364e+04 3.058248914174930474e-13
5.504758329760558991e+04 2.154978381871951667e-13
5.506170456169655517e+04 1.395178912160700647e-13
5.507582582580210146e+04 3.023514167059619402e-14
5.508994708989584615e+04 -3.100597544593269847e-14
5.510406835410450003e+04 -1.178964609248197708e-13
5.511818961820359254e+04 -2.152039604084604393e-13
5.513231088230057503e+04 -2.629310070430901556e-13
5.514643214639412327e+04 -2.422599129604134744e-13
5.516055341059344209e+04 -4.442392105722663697e-13
5.517467467470178963e+04 -5.320978541671028730e-13
5.518879593879511231e+04 -6.604142249492803843e-13
5.520291720289195655e+04 -6.631730820195266207e-13
5.521703846700910071e+04 -7.361472784821647063e-13
5.523115973119312548e+04 -8.054086279261577906e-13
5.524528099529647443e+04 -8.473658195125912189e-13
5.525940225939160882e+04 -9.620833731810397341e-13
5.527352352350863657e+04 -1.016277925928990270e-12
5.528764478760780912e+04 -1.076200091595958730e-12
5.530176605179958278e+04 -1.238829665197612774e-12
5.531588731589174859e+04 -1.318929400444249679e-12
5.533000858000272274e+04 -1.344422656590079435e-12
5.534412984410151694e+04 -1.470528268487435795e-12
5.535825110830014455e+04 -1.497184888613243824e-12
5.537237237240927061e+04 -1.609617694077440983e-12
5.538649363649859151e+04 -1.643128296442530158e-12
5.540061490059696371e+04 -1.743178385841081131e-12
5.541473616470705019e+04 -1.897133892420163824e-12
5.542885742890038819e+04 -1.888990344560315911e-12
5.544297869299417653e+04 -1.910164408591034558e-12
5.545709995710701332e+04 -1.982881216676505617e-12
5.547122122119957203e+04 -2.150229314819415876e-12
5.548534248529648903e+04 -2.147106283368427523e-12
5.549946374950248719e+04 -2.188248018200289165e-12
5.551358501359576621e+04 -2.210055714168682117e-12
5.552770627770457941e+04 -2.303887289879938209e-12
5.554182754180489428e+04 -2.291047256850579420e-12
5.555594880590631510e+04 -2.327936704802985036e-12
5.557007007010312373e+04 -2.410989715863477368e-12
5.558419133420599246e+04 -2.376514366237589781e-12
5.559831259829296323e+04 -2.419787623165378806e-12
5.561243386240524705e+04 -2.424022068648660063e-12
5.562655512660623208e+04 -2.354994231595776909e-12
5.564067639069250436e+04 -2.376583895207976091e-12
5.565479765479416528e+04 -2.454993420540535407e-12
5.566891891889229737e+04 -2.463072949272933295e-12
5.568304018300640746e+04 -2.505516581278599786e-12
5.569716144719465228e+04 -2.492493411564977296e-12
5.571128271129675704e+04 -2.478450920908139796e-12
5.572540397539626429e+04 -2.480711530752860932e-12
5.573952523949436727e+04 -2.492548772367813564e-12
5.575364650360916858e+04 -2.466618402015703979e-12
5.576776776779990178e+04 -2.444661940288030948e-12
5.578188903189637495e+04 -2.364624649928005735e-12
5.579601029600278707e+04 -2.351327824681880589e-12
5.581013156010625244e+04 -2.284690209969457963e-12
5.582425282430379593e+04 -2.422800195384167645e-12
5.583837408839565614e+04 -2.416054048642354181e-12
5.585249535249196197e+04 -2.466616827774865041e-12
5.586661661660679965e+04 -2.406276701165157639e-12
5.588073788070270530e+04 -2.424988390150297616e-12
5.589485914489458810e+04 -2.365432235478383132e-12
5.590898040899257467e+04 -2.327516120125514262e-12
5.592310167309494136e+04 -2.445566341650003458e-12
5.593722293720864400e+04 -2.482093451835979019e-12
5.595134420129170758e+04 -2.518929113226386902e-12
5.596546546549216146e+04 -2.535813370970988429e-12
5.597958672959194519e+04 -2.562506723383038285e-12
5.599370799370345048e+04 -2.556868317444893804e-12
5.600782925779648940e+04 -2.542204788777093507e-12
5.602195052200855571e+04 -2.558086255107288877e-12
5.603607178609822586e+04 -2.519043245687210337e-12
5.605019305020080355e+04 -2.388009210470072513e-12
5.606431431429600343e+04 -2.390998169076277276e-12
5.607843557840852736e+04 -2.403926097219143592e-12
5.609255684259565896e+04 -2.376791957372189783e-12
5.610667810669561732e+04 -2.353860515818265443e-12
5.612079937079863885e+04 -2.318237019873842518e-12
5.613492063490726287e+04 -2.288029437162327319e-12
5.614904189899882476e+04 -2.177286579238734726e-12
5.616316316320694023e+04 -2.169439775777027098e-12
5.617728442730325332e+04 -2.116487036677529135e-12
5.619140569140791195e+04 -2.090352015016357159e-12
5.620552695550850331e+04 -2.085201623738284781e-12
5.621964821960098925e+04 -2.094392041756029125e-12
5.623376948379505484e+04 -2.030977422787867438e-12
5.624789074790719314e+04 -2.009186256348283339e-12
5.626201201199578645e+04 -1.979205364317575667e-12
5.627613327610786655e+04 -1.922695890415960622e-12
5.629025454029446701e+04 -1.911869836166555285e-12
5.630437580439874728e+04 -1.843311122883676973e-12
5.631849706849930226e+04 -1.824370906603417106e-12
5.633261833259167906e+04 -1.767044401706391034e-12
5.634673959670747718e+04 -1.689203964437109549e-12
5.636086086089431774e+04 -1.606932563953151929e-12
5.637498212500004593e+04 -1.572090940958737142e-12
5.638910338909723941e+04 -1.576495142079151124e-12
5.640322465319729235e+04 -1.522202724025712984e-12
5.641734591730617831e+04 -1.490214674925354059e-12
5.643146718149245135e+04 -1.631838103519109816e-12
5.644558844560674333e+04 -1.528243610871680448e-12
5.645970970969890914e+04 -1.503977737833279395e-12
5.647383097380570689e+04 -1.409737384250844364e-12
5.648795223800675740e+04 -1.369795220938256981e-12
5.650207350210586446e+04 -1.386485847059668282e-12
5.651619476620600472e+04 -1.330698949703127760e-12
5.653031603029284452e+04 -1.244879210368194399e-12
5.654443729440472089e+04 -1.132301049999868261e-12
5.655855855859243457e+04 -1.044468381378874342e-12
5.657267982270727953e+04 -1.012858150079861633e-12
5.658680108680112608e+04 -9.877962359239019966e-13
5.660092235090158647e+04 -9.062143529274010935e-13
5.661504361499170773e+04 -9.758577181483106599e-13
5.662916487920532381e+04 -8.785507434116164388e-13
5.664328614329549600e+04 -8.605031216870368409e-13
5.665740740739343164e+04 -9.062899164876703366e-13
