5.299999999999834836e+04 2.662431144593587354e-12
5.301412126406349125e+04 2.711591684869191568e-12
5.302824252822217386e+04 2.645419138863340019e-12
5.304236379242347903e+04 2.672925138301095768e-12
5.305648505646477861e+04 2.565416668539949523e-12
5.307060632057044131e+04 2.553079228313033058e-12
5.308472758469901601e+04 2.425227123597581221e-12
5.309884884883162158e+04 2.437581995332377064e-12
5.311297011298672442e+04 2.367910066049553774e-12
5.312709137712110532e+04 2.341844587054626115e-12
5.314121264123109722e+04 2.393951802685138271e-12
5.315533390533379861e+04 2.409556940466936443e-12
5.316945516951419268e+04 2.424690975608002790e-12
5.318357643358819769e+04 2.512081096513902808e-12
5.319769769773375447e+04 2.541792197838713046e-12
5.321181896180927288e+04 2.545302774403383115e-12
5.322594022593134287e+04 2.583197000260559898e-12
5.324006149013078539e+04 2.598663355801151397e-12
5.325418275416779215e+04 2.526200569475521816e-12
5.326830401830886694e+04 2.475410820754435247e-12
5.328242528236985527e+04 2.492142776398368523e-12
5.329654654651491001e+04 2.547519610277685795e-12
5.331066781067183911e+04 2.518684603626676619e-12
5.332478907477873145e+04 2.442323107231066512e-12
5.333891033893297572e+04 2.488189923742108381e-12
5.335303160298341390e+04 2.429941765428749535e-12
5.336715286717165145e+04 2.469671448364222415e-12
5.338127413130726200e+04 2.493796994215572042e-12
5.339539539538483950e+04 2.530713828969825567e-12
5.340951665951394534e+04 2.392641760306846523e-12
5.342363792360628577e+04 2.380209415203696455e-12
5.343775918777336483e+04 2.442671414582957245e-12
5.345188045191351557e+04 2.441410729196420340e-12
5.346600171601980401e+04 2.396887760890757498e-12
5.348012298011349048e+04 2.437223406618894822e-12
5.349424424422495213e+04 2.410293034308007313e-12
5.350836550838114636e+04 2.456092578110862060e-12
5.352248677247685555e+04 2.455158120166235128e-12
5.353660803659608064e+04 2.474283260439186233e-12
5.355072930069339782e+04 2.450038098935155658e-12
5.356485056492891454e+04 2.551449769693132175e-12
5.357897182897070161e+04 2.620725229013405159e-12
5.359309309309976379e+04 2.534711487057450154e-12
5.360721435722469323e+04 2.482269925421635972e-12
5.362133562128901394e+04 2.566598524774186100e-12
5.363545688548654289e+04 2.569029122584004865e-12
5.364957814959260577e+04 2.536081119368234177e-12
5.366369941372256289e+04 2.534734309420544419e-12
5.367782067779132922e+04 2.618491026192362949e-12
5.369194194190533744e+04 2.531538662098232127e-12
5.370606320611162664e+04 2.464485833014603186e-12
5.372018447018285224e+04 2.403795730271018897e-12
5.373430573431764060e+04 2.465829431045563685e-12
5.374842699842723960e+04 2.347375491522826767e-12
5.376254826250712358e+04 2.231802851130306634e-12
5.377666952668476733e+04 2.260144029619201109e-12
5.379079079078431823e+04 2.262613880602319406e-12
5.380491205490221910e+04 2.180628656959049690e-12
5.381903331898232136e+04 2.093572995040446836e-12
5.383315458322015911e+04 2.077157647228519506e-12
5.384727584729425871e+04 2.023033654557192652e-12
5.386139711141379667e+04 1.969094726394521040e-12
5.387551837552134384e+04 1.879981307251302111e-12
5.388963963961219270e+04 1.825658466267867506e-12
5.390376090376498178e+04 1.886035399060167000e-12
5.391788216792024468e+04 1.844219600419203424e-12
5.393200343201176292e+04 1.804104503616455377e-12
5.394612469610627886e+04 1.789478306404947727e-12
5.396024596023048798e+04 1.837555954604244993e-12
5.397436722439068399e+04 1.754569613638994022e-12
5.398848848849371279e+04 1.733334679862348707e-12
5.400260975259132101e+04 1.731962497386522908e-12
5.401673101668584422e+04 1.800356890825192791e-12
5.403085228090334567e+04 1.753465230773111064e-12
5.404497354498225468e+04 1.756319672468965404e-12
5.405909480906716635e+04 1.697726499421870904e-12
5.407321607323153148e+04 1.832433060402422487e-12
5.408733733728102379e+04 1.764988942387751803e-12
5.410145860147372878e+04 1.744539459443933213e-12
5.411557986562838778e+04 1.693670574905130422e-12
5.412970112970626360e+04 1.616233489912208981e-12
5.414382239383250271e+04 1.571548529635403891e-12
5.415794365793181350e+04 1.536199239367508081e-12
5.417206492211706063e+04 1.470111163543589870e-12
5.418618618623091606e+04 1.566089530137206378e-12
5.420030745029065292e+04 1.484306737949331232e-12
5.421442871439200098e+04 1.484319133688267714e-12
5.422854997846977494e+04 1.515336048636680360e-12
5.424267124272293586e+04 1.369308498022013944e-12
5.425679250678130484e+04 1.320715329117462729e-12
5.427091377089113666e+04 1.394731835775284707e-12
5.428503503500555234e+04 1.343157749901041671e-12
5.429915629917509796e+04 1.336757029329934018e-12
5.431327756331367709e+04 1.341719844184395810e-12
5.432739882740325265e+04 1.246064896623086086e-12
5.434152009149074001e+04 1.180334489516401019e-12
5.435564135559797433e+04 1.286475586606673680e-12
5.436976261979547417e+04 1.270979040662851646e-12
5.438388388387379382e+04 1.331379925638200624e-12
5.439800514798455697e+04 1.306353832581163799e-12
5.441212641209687717e+04 1.350189458776820701e-12
5.442624767620769126e+04 1.341612414446945221e-12
5.444036894037421735e+04 1.317747969987232937e-12
5.445449020446655777e+04 1.392043509893409095e-12
5.446861146861982706e+04 1.375161740123421652e-12
5.448273273271388462e+04 1.291451442811474880e-12
5.449685399687486643e+04 1.271930994676498611e-12
5.451097526101084804e+04 1.410512902664385985e-12
5.452509652509776788e+04 1.429697729711539744e-12
5.453921778921686928e+04 1.359731240226121344e-12
5.455333905329101981e+04 1.384063946636391935e-12
5.456746031751246483e+04 1.401529607359205542e-12
5.458158158160553285e+04 1.400319667028940518e-12
5.459570284567103226e+04 1.301917901192648000e-12
5.460982410981236171e+04 1.247591186540795644e-12
5.462394537386984302e+04 1.172758110580524828e-12
5.463806663813236810e+04 1.238763870950567280e-12
5.465218790222184180e+04 1.310419570391229266e-12
5.466630916632000299e+04 1.387036083291003613e-12
5.468043043037704047e+04 1.348765143180206794e-12
5.469455169457982993e+04 1.354036431162997113e-12
5.470867295866448694e+04 1.205615469955321581e-12
5.472279422283086751e+04 1.196002961776827905e-12
5.473691548691252683e+04 1.079155174302345309e-12
5.475103675101904810e+04 1.153091076376509219e-12
5.476515801517972432e+04 1.165156359116512999e-12
5.477927927931641170e+04 1.075455950085733583e-12
5.479340054342951771e+04 1.133597776201026934e-12
5.480752180752083950e+04 1.110392178178022987e-12
5.482164307159824966e+04 1.118990430842485218e-12
5.483576433582701429e+04 1.131986846628390927e-12
5.484988559990255453e+04 1.117248054788209086e-12
5.486400686400860286e+04 1.138077124956390951e-12
5.487812812810212199e+04 1.067919599056840152e-12
5.489224939219685621e+04 1.005608220817887489e-12
5.490637065643292590e+04 1.067795318861772657e-12
5.492049192047892575e+04 1.063018504652500368e-12
5.493461318460216717e+04 1.015286968726323647e-12
5.494873444872476102e+04 9.436020876502485245e-13
5.496285571286774939e+04 7.442504568925080426e-13
5.497697697699694982e+04 7.186150357933688608e-13
5.499109824112083879e+04 7.109675750420282496e-13
5.500521950522340194e+04 6.665192959055437863e-13
5.501934076932610333e+04 6.579089703078464346e-13
5.503346203346719994e+04 6.174299746378269773e-13
5.504758329756893363e+04 5.333840885186277202e-13
5.506170456171913975e+04 5.523391101869021444e-13
5.507582582576314599e+04 4.783947828839297808e-13
5.508994708992290543e+04 4.101581768721406015e-13
5.510406835413208319e+04 3.270493957043204809e-13
5.511818961816789670e+04 3.214984288617731085e-13
5.513231088233110495e+04 2.299098001607914231e-13
5.514643214640903898e+04 2.043187325650347958e-13
5.516055341060039063e+04 1.216395412247363495e-13
5.517467467468154791e+04 8.916548133986986600e-14
5.518879593878578453e+04 -1.703488287719345289e-14
5.520291720291288948e+04 2.796449015284743694e-14
5.521703846702413284e+04 -6.535205290698441043e-14
5.523115973121189018e+04 -1.229786811227251998e-13
5.524528099528863095e+04 -1.817461046874752170e-13
5.525940225941762037e+04 -3.166234944452465824e-13
5.527352352352224261e+04 -4.097690150444375185e-13
5.528764478759214398e+04 -4.661332792839939654e-13
5.530176605178444879e+04 -6.272242997133847304e-13
5.531588731591362011e+04 -6.834019176963489004e-13
5.533000858000117296e+04 -7.142695027272597756e-13
5.534412984410503122e+04 -8.598658494858971295e-13
5.535825110830314225e+04 -9.061709070172601853e-13
5.537237237240451941e+04 -1.017206255031001465e-12
5.538649363646412530e+04 -1.080103009129007303e-12
5.540061490061345103e+04 -1.098871061734987937e-12
5.541473616469751869e+04 -1.182955619977223751e-12
5.542885742892283452e+04 -1.305430427317521237e-12
5.544297869303146581e+04 -1.472497743381721608e-12
5.545709995712283853e+04 -1.491709653827229098e-12
5.547122122118389962e+04 -1.599122605381309346e-12
5.548534248527235468e+04 -1.550557585133926628e-12
5.549946374950690370e+04 -1.681484220472497635e-12
5.551358501363012329e+04 -1.732956235183934642e-12
5.552770627772119769e+04 -1.768516898625155593e-12
5.554182754177117022e+04 -1.930428749392254460e-12
5.555594880590349203e+04 -1.916037812975980981e-12
5.557007007012373651e+04 -1.867896701175774093e-12
5.558419133421879087e+04 -1.954769203139360555e-12
5.559831259826728638e+04 -2.065348103891217538e-12
5.561243386241864937e+04 -2.185436214997096570e-12
5.562655512659444503e+04 -2.363142432248197332e-12
5.564067639069640427e+04 -2.319850055767551237e-12
5.565479765479027265e+04 -2.292830056453649471e-12
5.566891891891074920e+04 -2.443350868749413523e-12
5.568304018297249422e+04 -2.389046104885261624e-12
5.569716144721856108e+04 -2.503443797085556194e-12
5.571128271130011126e+04 -2.520796282129433140e-12
5.572540397540843696e+04 -2.562036711888089484e-12
5.573952523951311741e+04 -2.531945926497205795e-12
5.575364650360619999e+04 -2.639534871719729806e-12
5.576776776782597881e+04 -2.704519920461711362e-12
5.578188903189766279e+04 -2.838146890054252749e-12
5.579601029599429603e+04 -2.873532269999573518e-12
5.581013156006983627e+04 -2.868732407463215880e-12
5.582425282426806370e+04 -2.944866390400426914e-12
5.583837408837383555e+04 -3.100243814474867363e-12
5.585249535252121859e+04 -3.220093694973058607e-12
5.586661661661531252e+04 -3.219880126720963683e-12
5.588073788072334719e+04 -3.276988587224698042e-12
5.589485914486946422e+04 -3.361896429127973356e-12
5.590898040898067848e+04 -3.383305548861133760e-12
5.592310167311725672e+04 -3.472966188229491828e-12
5.593722293722773611e+04 -3.589879053333391561e-12
5.595134420126950135e+04 -3.607897357417128715e-12
5.596546546552775544e+04 -3.553312333642956635e-12
5.597958672956540249e+04 -3.612292938092960291e-12
5.599370799370570603e+04 -3.621395025896283166e-12
5.600782925778020581e+04 -3.693255448712819882e-12
5.602195052198995108e+04 -3.753977137994293415e-12
5.603607178608851973e+04 -3.810660915317168718e-12
5.605019305020148749e+04 -3.937685410775181539e-12
5.606431431426477502e+04 -3.896512899336115647e-12
5.607843557841081201e+04 -3.922814074913974279e-12
5.609255684258999827e+04 -3.830818969273696647e-12
5.610667810666689184e+04 -3.831881774765230391e-12
5.612079937076568604e+04 -3.906338330155301725e-12
5.613492063487177074e+04 -3.823900210112863396e-12
5.614904189897044125e+04 -3.720125795303518314e-12
5.616316316318411555e+04 -3.801766778946736007e-12
5.617728442729500966e+04 -3.675429859632862894e-12
5.619140569138743012e+04 -3.521988946961564692e-12
5.620552695552004297e+04 -3.513483404094565876e-12
5.621964821960092377e+04 -3.501604025158041019e-12
5.623376948378214729e+04 -3.466839658821216013e-12
5.624789074787837308e+04 -3.403921728669193550e-12
5.626201201202211087e+04 -3.368110761687049792e-12
5.627613327611385466e+04 -3.300546043462308810e-12
5.629025454032311245e+04 -3.376861959692870638e-12
5.630437580441308091e+04 -3.267019443307215862e-12
5.631849706851749943e+04 -3.224814018184573146e-12
5.633261833263141307e+04 -3.075639434786236583e-12
5.634673959670255135e+04 -3.056021757573976223e-12
5.636086086087496369e+04 -3.055284985840931695e-12
5.637498212498545763e+04 -3.066972876435342389e-12
5.638910338910911378e+04 -3.051101036582986672e-12
5.640322465321303025e+04 -3.028221214073910326e-12
5.641734591729231033e+04 -2.900733105067440580e-12
5.643146718149501976e+04 -2.904830025908268412e-12
5.644558844558696001e+04 -2.963016915699487621e-12
5.645970970966557798e+04 -2.935266471644290477e-12
5.647383097378863749e+04 -2.931179493219068335e-12
5.648795223797899234e+04 -2.948631273296718450e-12
5.650207350209033757e+04 -2.885807215042684344e-12
5.651619476617799955e+04 -2.938024007068562390e-12
5.653031603027176607e+04 -2.890238046101116996e-12
5.654443729439598246e+04 -2.867568176420279436e-12
5.655855855858041468e+04 -2.801424771699128417e-12
5.657267982270073844e+04 -2.746241137032143000e-12
5.658680108678804390e+04 -2.810599942713265142e-12
5.660092235091552720e+04 -2.752238221354127718e-12
5.661504361502779648e+04 -2.781672549070493812e-12
5.662916487917376799e+04 -2.770152904807691580e-12
5.664328614332510188e+04 -2.730707339310371065e-12
5.665740740736923908e+04 -2.728894333368612278e-12
