5.300000000000050204e+04 3.374936483326889711e-12
5.301412126407877076e+04 3.370108814182714160e-12
5.302824252821673872e+04 3.219676842010674507e-12
5.304236379238055815e+04 3.179242231858093232e-12
5.305648505649938306e+04 3.064233226377347005e-12
5.307060632061746583e+04 3.039623700147997922e-12
5.308472758468038228e+04 2.978590282571421528e-12
5.309884884881137259e+04 2.953173580415416640e-12
5.311297011299134465e+04 3.018065322943268732e-12
5.312709137711502262e+04 2.876493275561123165e-12
5.314121264118189720e+04 2.829562553808139378e-12
5.315533390530079487e+04 2.733134830104754961e-12
5.316945516951905302e+04 2.698700321552184775e-12
5.318357643361353985e+04 2.592138147696343638e-12
5.319769769770825224e+04 2.559820006462578244e-12
5.321181896182244964e+04 2.640950775127165704e-12
5.322594022588094231e+04 2.620419456705812611e-12
5.324006149008746434e+04 2.478860455678887790e-12
5.325418275422222359e+04 2.391242728571052780e-12
5.326830401828257891e+04 2.307727313965621436e-12
5.328242528239246167e+04 2.210324592648741738e-12
5.329654654648142605e+04 2.281111216886324778e-12
5.331066781070791330e+04 2.216371433334043581e-12
5.332478907478279143e+04 2.220811335809158888e-12
5.333891033890838298e+04 2.123787621465691122e-12
5.335303160300677700e+04 2.114531046060086719e-12
5.336715286718442076e+04 1.956758614602859362e-12
5.338127413129292108e+04 1.982642914696775407e-12
5.339539539540085389e+04 1.891300411756424067e-12
5.340951665948153823e+04 1.846856159640506774e-12
5.342363792360104708e+04 1.792099074350115009e-12
5.343775918779138010e+04 1.729099674584277914e-12
5.345188045190322009e+04 1.627921006730515973e-12
5.346600171599439636e+04 1.510157749994672614e-12
5.348012298011503299e+04 1.524039548245027863e-12
5.349424424418362469e+04 1.475844158375648062e-12
5.350836550840285054e+04 1.335690891769505701e-12
5.352248677248412423e+04 1.343336428681854583e-12
5.353660803659231897e+04 1.309184301240061817e-12
5.355072930071809242e+04 1.383700526390742794e-12
5.356485056487913971e+04 1.389627050689009058e-12
5.357897182898713072e+04 1.269521476187037773e-12
5.359309309311876132e+04 1.181783991821676720e-12
5.360721435720084992e+04 1.197758280489933053e-12
5.362133562128354242e+04 1.220905993679550914e-12
5.363545688551061176e+04 1.173713847818144179e-12
5.364957814962030534e+04 1.142172565266522153e-12
5.366369941371694586e+04 1.095749657359129703e-12
5.367782067778371129e+04 1.012174374479185618e-12
5.369194194188507390e+04 9.330369232243215831e-13
5.370606320609046816e+04 9.721585523291894876e-13
5.372018447022261535e+04 7.855073302103851551e-13
5.373430573429843935e+04 7.916411880141590163e-13
5.374842699841987633e+04 8.559742980365600886e-13
5.376254826251123450e+04 7.781141470833057010e-13
5.377666952669803868e+04 7.290388944510402736e-13
5.379079079077862116e+04 7.653611898955485381e-13
5.380491205490439461e+04 7.320221610115118948e-13
5.381903331901828642e+04 7.205310970011036314e-13
5.383315458321128972e+04 7.331546260616711754e-13
5.384727584729744558e+04 6.011088201766925600e-13
5.386139711141732550e+04 6.351227805041478558e-13
5.387551837551585777e+04 6.029154297472570914e-13
5.388963963960529509e+04 4.328561480281586207e-13
5.390376090378875233e+04 4.051959697781979469e-13
5.391788216788562568e+04 4.987678256152661291e-13
5.393200343197990151e+04 4.171744290528519970e-13
5.394612469611345296e+04 3.366031212337297794e-13
5.396024596018974989e+04 2.623393741193201420e-13
5.397436722440872836e+04 1.974791085120005822e-13
5.398848848848043417e+04 1.585573992695149749e-13
5.400260975261716521e+04 2.367039901996153246e-13
5.401673101670984033e+04 1.885785950614198487e-13
5.403085228089121665e+04 2.981926634478935843e-13
5.404497354499072389e+04 2.079431137390328247e-13
5.405909480908282421e+04 2.020238374158892525e-13
5.407321607321331248e+04 2.409633145516755097e-13
5.408733733730595122e+04 1.493384719175472184e-13
5.410145860148383508e+04 1.682874124101293595e-13
5.411557986560999416e+04 1.134445110942856739e-13
5.412970112969875481e+04 1.200515167140643788e-13
5.414382239380060491e+04 1.229587416612494200e-13
5.415794365790909069e+04 1.057189979535838348e-13
5.417206492212236481e+04 1.867423309183535381e-13
5.418618618619671179e+04 7.687810384764754292e-14
5.420030745028184174e+04 1.549659654707543312e-13
5.421442871440395538e+04 1.916977922181910754e-13
5.422854997848671337e+04 2.296869562728996992e-13
5.424267124271803914e+04 1.334231610582886482e-13
5.425679250678838434e+04 6.622440875740610135e-14
5.427091377090668539e+04 1.326175175606586226e-13
5.428503503498968348e+04 1.268441533309836408e-13
5.429915629919457569e+04 7.411873759296400828e-14
5.431327756331809360e+04 1.342059423715319301e-13
5.432739882738157030e+04 1.014296048590149730e-13
5.434152009147870558e+04 1.490269332382765474e-13
5.435564135561635339e+04 1.016436479186362008e-13
5.436976261981458083e+04 1.138863116568293781e-14
5.438388388388609746e+04 3.666095365724538015e-14
5.439800514802165708e+04 7.797399768618810986e-14
5.441212641208268178e+04 1.338491763274960739e-13
5.442624767620109196e+04 3.634262258985978707e-14
5.444036894040746120e+04 8.865229447484576893e-14
5.445449020450995886e+04 6.228482365075537690e-14
5.446861146858301800e+04 2.370659101114998401e-15
5.448273273269429046e+04 -4.835456400506494360e-14
5.449685399690294435e+04 4.445816504222945944e-15
5.451097526099054812e+04 -1.888388298647379545e-14
5.452509652508579893e+04 -1.269797697952626340e-13
5.453921778918719792e+04 -1.629368501275920385e-13
5.455333905327834509e+04 -1.270853831470494244e-13
5.456746031752177805e+04 -1.840221623503177642e-13
5.458158158159786399e+04 -2.973956518903942020e-13
5.459570284567792987e+04 -3.016105772177031735e-13
5.460982410980681016e+04 -2.997759697546649320e-13
5.462394537389309698e+04 -1.872264300265282436e-13
5.463806663808009034e+04 -2.939818970246395778e-13
5.465218790221599193e+04 -3.908128566468460186e-13
5.466630916629052081e+04 -4.651096545278148394e-13
5.468043043040241173e+04 -4.823600009876597871e-13
5.469455169459393073e+04 -4.759930483039423067e-13
5.470867295870312228e+04 -5.675975137737258698e-13
5.472279422282133601e+04 -5.870751008632517833e-13
5.473691548692191282e+04 -5.360543260400715733e-13
5.475103675099460816e+04 -6.202366164822852166e-13
5.476515801521948015e+04 -5.008680989247836254e-13
5.477927927929808357e+04 -5.060562409345577204e-13
5.479340054339071503e+04 -5.166234573273361552e-13
5.480752180748942192e+04 -4.244577086640566724e-13
5.482164307160704629e+04 -3.764819117323921139e-13
5.483576433579719014e+04 -2.879929987233181464e-13
5.484988559988282941e+04 -3.076485132478542809e-13
5.486400686398018297e+04 -2.766635438496440431e-13
5.487812812811200274e+04 -3.053334685766878454e-13
5.489224939219870430e+04 -2.840969014674031584e-13
5.490637065641832305e+04 -3.352143435702187519e-13
5.492049192050513375e+04 -3.573658122249819111e-13
5.493461318460932671e+04 -3.142616485837366448e-13
5.494873444868695515e+04 -2.778531229437696129e-13
5.496285571291366068e+04 -3.130486274672145362e-13
5.497697697700662684e+04 -2.751987902028630735e-13
5.499109824109938199e+04 -3.013110494686357199e-13
5.500521950519055099e+04 -2.826863212575386799e-13
5.501934076929407456e+04 -3.045826611879855486e-13
5.503346203349264397e+04 -2.785582059636983719e-13
5.504758329758854234e+04 -2.385765528392803949e-13
5.506170456169912359e+04 -2.760798126417683908e-13
5.507582582582285249e+04 -2.906996825531103992e-13
5.508994708991698280e+04 -2.562384186180875354e-13
5.510406835412031796e+04 -3.497190742196128184e-13
5.511818961818890966e+04 -3.623878720619461679e-13
5.513231088232233742e+04 -4.501584486108671764e-13
5.514643214639938378e+04 -3.280541724890814745e-13
5.516055341060068895e+04 -5.091259861924922852e-13
5.517467467468982068e+04 -4.610159981785574816e-13
5.518879593881453911e+04 -5.665276298116253628e-13
5.520291720290251396e+04 -5.488263350481511404e-13
5.521703846698200505e+04 -5.887927467163112042e-13
5.523115973119483533e+04 -6.174894268258077342e-13
5.524528099530911277e+04 -6.504484133114147163e-13
5.525940225939785887e+04 -8.154815763274803640e-13
5.527352352350040746e+04 -9.752875825191117448e-13
5.528764478760353086e+04 -1.068003017615690840e-12
5.530176605179205217e+04 -1.082112298742394699e-12
5.531588731588974770e+04 -1.091869481435468772e-12
5.533000858001792949e+04 -1.190248194373860456e-12
5.534412984411067009e+04 -1.292203845160767525e-12
5.535825110828574543e+04 -1.364987431504135445e-12
5.537237237239912793e+04 -1.494392365173435226e-12
5.538649363649613224e+04 -1.564737981187557053e-12
5.540061490060338838e+04 -1.609248003500586843e-12
5.541473616467805550e+04 -1.766128312762720826e-12
5.542885742888732784e+04 -1.796385916794625255e-12
5.544297869297935540e+04 -1.837468599465670652e-12
5.545709995709013310e+04 -1.875079543469980443e-12
5.547122122122260043e+04 -1.964753645371105946e-12
5.548534248531293269e+04 -1.852197478922857082e-12
5.549946374950383324e+04 -1.807236839642203385e-12
5.551358501360071386e+04 -1.780315457850741941e-12
5.552770627769432758e+04 -1.907583936955896595e-12
5.554182754178287723e+04 -1.943827788601077706e-12
5.555594880589124659e+04 -2.005259803392397510e-12
5.557007007008518849e+04 -2.042511579166630771e-12
5.558419133419326681e+04 -2.158937418824347312e-12
5.559831259830474301e+04 -2.165958760119136185e-12
5.561243386239133542e+04 -2.240105794125571128e-12
5.562655512660751992e+04 -2.225149286832533563e-12
5.564067639069590223e+04 -2.173993989591077842e-12
5.565479765481212235e+04 -2.170178324150523669e-12
5.566891891889128601e+04 -2.183642162738307392e-12
5.568304018300445023e+04 -2.339718319514836811e-12
5.569716144718151918e+04 -2.244624554570020194e-12
5.571128271128164488e+04 -2.312418220668967677e-12
5.572540397538257093e+04 -2.315316416710000172e-12
5.573952523948533781e+04 -2.138897885869314494e-12
5.575364650358025392e+04 -1.999854387796947656e-12
5.576776776782119850e+04 -2.050257883641684475e-12
5.578188903190970450e+04 -1.957687905051566062e-12
5.579601029599111644e+04 -1.909820786329740256e-12
5.581013156011806132e+04 -1.944678990799478435e-12
5.582425282427970524e+04 -1.929852367220638625e-12
5.583837408841622528e+04 -1.895814882036785247e-12
5.585249535249145265e+04 -1.862155119899322248e-12
5.586661661661657126e+04 -1.769605352805546132e-12
5.588073788067996793e+04 -1.797257330489368079e-12
5.589485914491135918e+04 -1.743806206065070657e-12
5.590898040900279739e+04 -1.638749498767699376e-12
5.592310167309977260e+04 -1.630637068006451599e-12
5.593722293718499714e+04 -1.666965078997056373e-12
5.595134420130361832e+04 -1.654874628152507735e-12
5.596546546550987114e+04 -1.605927685388413159e-12
5.597958672960819240e+04 -1.624626964200771367e-12
5.599370799369741871e+04 -1.614882703611915876e-12
5.600782925778036588e+04 -1.563666440545428502e-12
5.602195052199684869e+04 -1.572243073050529703e-12
5.603607178611538257e+04 -1.548982954121010193e-12
5.605019305021860782e+04 -1.522847501334845032e-12
5.606431431428875658e+04 -1.499445901930931863e-12
5.607843557841238362e+04 -1.407160209633623243e-12
5.609255684261839633e+04 -1.437493689610811518e-12
5.610667810671996267e+04 -1.389436384021767845e-12
5.612079937079342199e+04 -1.344718945369229016e-12
5.613492063489233260e+04 -1.199258462876298115e-12
5.614904189898997720e+04 -1.138268450316456229e-12
5.616316316321693739e+04 -1.134014096004480226e-12
5.617728442729022936e+04 -1.000339566566946478e-12
5.619140569141909509e+04 -8.006562780926628275e-13
5.620552695550460339e+04 -7.926236993087660208e-13
5.621964821958700486e+04 -7.655134559941091860e-13
5.623376948379670648e+04 -7.050800879236848084e-13
5.624789074792159226e+04 -4.536228978854794701e-13
5.626201201199045317e+04 -3.429536899891546114e-13
5.627613327610121632e+04 -3.688787444117601119e-13
5.629025454027995147e+04 -1.543681696866253122e-13
5.630437580442210310e+04 -1.340937195036179202e-13
5.631849706851573865e+04 -1.554556144570229385e-13
5.633261833261683205e+04 -6.570497393860281778e-14
5.634673959669459873e+04 2.784443388408565382e-14
5.636086086088660522e+04 4.158295002051674192e-14
5.637498212500366935e+04 9.578421916150516001e-14
5.638910338908671110e+04 2.114019303015497993e-13
5.640322465319484036e+04 2.220272133293105576e-13
5.641734591732094850e+04 3.469007957859479820e-13
5.643146718148946820e+04 3.737393435760081377e-13
5.644558844560779835e+04 3.868407005736596460e-13
5.645970970972168288e+04 4.672151948054521236e-13
5.647383097378750972e+04 5.328409294197220477e-13
5.648795223801640532e+04 6.366259691275791516e-13
5.650207350210430741e+04 7.756207608071220839e-13
5.651619476620398927e+04 8.327990839584769206e-13
5.653031603030915721e+04 7.873696042298914373e-13
5.654443729441985488e+04 9.239469684125359404e-13
5.655855855859825533e+04 8.221532580983686498e-13
5.657267982268384367e+04 9.964605159113353260e-13
5.658680108678779652e+04 1.063720399705252146e-12
5.660092235091880138e+04 1.046233810673410376e-12
5.661504361500997766e+04 1.179673422882969677e-12
5.662916487921091903e+04 1.280321041953747147e-12
5.664328614330801793e+04 1.343079394775506072e-12
5.665740740739936155e+04 1.392281466263916990e-12
