5.300000000000090222e+04 1.128280787437330734e-12
5.301412126410036581e+04 1.221074766710849836e-12
5.302824252820004767e+04 1.222072401912875800e-12
5.304236379240681708e+04 1.174235689537498105e-12
5.305648505647997808e+04 1.284905228755548105e-12
5.307060632062196237e+04 1.397532440613261042e-12
5.308472758468354004e+04 1.282008376905909533e-12
5.309884884881691687e+04 1.379643004602843369e-12
5.311297011301227030e+04 1.416690590334051066e-12
5.312709137710490177e+04 1.341827224173888666e-12
5.314121264118329418e+04 1.349857769306939323e-12
5.315533390531687473e+04 1.409300128997866828e-12
5.316945516948652948e+04 1.446425342246784893e-12
5.318357643359839130e+04 1.471777728553835811e-12
5.319769769767978869e+04 1.550592135314757632e-12
5.321181896181446791e+04 1.550326970069824410e-12
5.322594022590346140e+04 1.490054674542758518e-12
5.324006149008458306e+04 1.599035785831385269e-12
5.325418275418034318e+04 1.554138406660714529e-12
5.326830401828032336e+04 1.565010377831112108e-12
5.328242528240388492e+04 1.499398062217623788e-12
5.329654654650102020e+04 1.550052547576695334e-12
5.331066781068920682e+04 1.630832079846590367e-12
5.332478907480349881e+04 1.741613804360573536e-12
5.333891033890173276e+04 1.761797115867802427e-12
5.335303160299798765e+04 1.714925000909310990e-12
5.336715286721877055e+04 1.687255556759331092e-12
5.338127413131886715e+04 1.680898651493967012e-12
5.339539539539628458e+04 1.642721524580348984e-12
5.340951665948411392e+04 1.696991828323730513e-12
5.342363792360424850e+04 1.739451060137994679e-12
5.343775918779148924e+04 1.843729253989341675e-12
5.345188045188115939e+04 1.836690607310229126e-12
5.346600171599599707e+04 1.874614728923578288e-12
5.348012298009297228e+04 1.846009753547022344e-12
5.349424424421024014e+04 1.856051278948118404e-12
5.350836550841998542e+04 1.785912012064328213e-12
5.352248677248036984e+04 1.851249512928408001e-12
5.353660803659244266e+04 1.810889322916933626e-12
5.355072930072120653e+04 1.785845406948071252e-12
5.356485056489133422e+04 1.814631055566958959e-12
5.357897182899703330e+04 1.741487184033555125e-12
5.359309309309344098e+04 1.734240641526314813e-12
5.360721435720106092e+04 1.739278545826276454e-12
5.362133562129730126e+04 1.791762279119106946e-12
5.363545688548532780e+04 1.742279855523142140e-12
5.364957814960229734e+04 1.730256729849334495e-12
5.366369941371497407e+04 1.641463087984499355e-12
5.367782067779976933e+04 1.655067163367150958e-12
5.369194194188603433e+04 1.665831303286317614e-12
5.370606320610764669e+04 1.662674738554030989e-12
5.372018447018203733e+04 1.673159121294667681e-12
5.373430573428700882e+04 1.639792860746444209e-12
5.374842699839751731e+04 1.687127524309706557e-12
5.376254826248091558e+04 1.607956556590731343e-12
5.377666952671210311e+04 1.576466536278549551e-12
5.379079079079110670e+04 1.652583396605440149e-12
5.380491205491311121e+04 1.758898341962394398e-12
5.381903331901568890e+04 1.858300005747160694e-12
5.383315458320693142e+04 1.893488139811088891e-12
5.384727584731693787e+04 1.848534785669335342e-12
5.386139711138746497e+04 1.927619692360590869e-12
5.387551837551072094e+04 1.872515530218276188e-12
5.388963963958357635e+04 1.851828247843162899e-12
5.390376090382176335e+04 1.817569212002827343e-12
5.391788216789014405e+04 1.794804854176574821e-12
5.393200343199074268e+04 1.809173986206737579e-12
5.394612469609379332e+04 1.773529108930975069e-12
5.396024596021529578e+04 1.838856489583044037e-12
5.397436722441068559e+04 1.879121125964835116e-12
5.398848848852228548e+04 1.920163057390057354e-12
5.400260975258591498e+04 1.854511280794852828e-12
5.401673101668190066e+04 1.918541940638194330e-12
5.403085228090255987e+04 1.900664468444301083e-12
5.404497354500016809e+04 1.899108309332320536e-12
5.405909480909432750e+04 1.922876843234059398e-12
5.407321607321142801e+04 1.906773310838517526e-12
5.408733733729235973e+04 1.906628960527666319e-12
5.410145860147970234e+04 1.827709821340121602e-12
5.411557986561013968e+04 1.796673876897073781e-12
5.412970112968009926e+04 1.786718726328720812e-12
5.414382239380986721e+04 1.655495507224350498e-12
5.415794365792022290e+04 1.640916439633406441e-12
5.417206492210098077e+04 1.522565502596676929e-12
5.418618618620291818e+04 1.450323192896045928e-12
5.420030745032031700e+04 1.363669701292091067e-12
5.421442871439632290e+04 1.390202229841606210e-12
5.422854997849172651e+04 1.326453994519495418e-12
5.424267124269787746e+04 1.192187494296354167e-12
5.425679250680821133e+04 1.131918415270780180e-12
5.427091377089970774e+04 1.087533832734282614e-12
5.428503503499588987e+04 9.953460757343034878e-13
5.429915629919782805e+04 9.330846486139596834e-13
5.431327756328103715e+04 8.970544972204850998e-13
5.432739882741261681e+04 8.329196541093121637e-13
5.434152009148913930e+04 8.202538557471931031e-13
5.435564135558611451e+04 8.148457399706518409e-13
5.436976261981487914e+04 7.443525794715086005e-13
5.438388388389845204e+04 7.266072191925464550e-13
5.439800514800579549e+04 6.737360935980946032e-13
5.441212641211591836e+04 5.789685454991862674e-13
5.442624767620595958e+04 4.740569362077241135e-13
5.444036894040755578e+04 4.681495566386519273e-13
5.445449020449591626e+04 4.185702457416538558e-13
5.446861146860721783e+04 3.890710044991237534e-13
5.448273273270595382e+04 3.466743767870655798e-13
5.449685399691473867e+04 3.432780650167565074e-13
5.451097526098733215e+04 2.361914731067955424e-13
5.452509652510879823e+04 1.173880292260501374e-13
5.453921778920794168e+04 1.073409337857854104e-13
5.455333905330653215e+04 6.836446702582909408e-14
5.456746031749002577e+04 7.616001142183922145e-14
5.458158158158147126e+04 9.546906213334778612e-14
5.459570284570599324e+04 -8.262689953956116312e-14
5.460982410979414999e+04 -1.081728250949108570e-13
5.462394537391629274e+04 -2.280689380677948662e-13
5.463806663808389567e+04 -3.024739919910047247e-13
5.465218790221745439e+04 -2.931976016886757714e-13
5.466630916631572472e+04 -3.538445019626515580e-13
5.468043043038859469e+04 -5.222824864245467550e-13
5.469455169459407625e+04 -5.884812251758678000e-13
5.470867295869998634e+04 -6.849972948662167867e-13
5.472279422279689607e+04 -6.485196575091036432e-13
5.473691548690827767e+04 -7.402511420047836627e-13
5.475103675099129759e+04 -7.798354490954328000e-13
5.476515801519480010e+04 -8.661214750167643341e-13
5.477927927932049352e+04 -9.619493702903815475e-13
5.479340054340964707e+04 -1.089735169166352554e-12
5.480752180748595129e+04 -1.139077557270540575e-12
5.482164307160532917e+04 -1.197000002329712441e-12
5.483576433580316370e+04 -1.309625252906027895e-12
5.484988559988792258e+04 -1.307062407278372568e-12
5.486400686400010454e+04 -1.341967881467302300e-12
5.487812812810731702e+04 -1.460633251137668455e-12
5.489224939218321379e+04 -1.644851862625831891e-12
5.490637065641506342e+04 -1.683056055222734419e-12
5.492049192051381397e+04 -1.720206490550423581e-12
5.493461318459623726e+04 -1.792121187806427120e-12
5.494873444871140964e+04 -1.764929041097326981e-12
5.496285571287936182e+04 -1.929040281893970193e-12
5.497697697700628487e+04 -1.994438504030114492e-12
5.499109824109504552e+04 -2.014506021483638852e-12
5.500521950519645907e+04 -2.051017235978276358e-12
5.501934076931540767e+04 -2.068023271621661677e-12
5.503346203349788993e+04 -2.072855241374892634e-12
5.504758329760008201e+04 -2.082716564241192440e-12
5.506170456168629607e+04 -2.168183245245931713e-12
5.507582582581529277e+04 -2.192787755730512912e-12
5.508994708988059574e+04 -2.167834921669747507e-12
5.510406835407965264e+04 -2.134821691773062119e-12
5.511818961821975972e+04 -2.117856764587766883e-12
5.513231088232016191e+04 -2.055455066621878742e-12
5.514643214642105158e+04 -2.098827000347253227e-12
5.516055341058233898e+04 -2.095630896181994142e-12
5.517467467470894917e+04 -2.187602127715696659e-12
5.518879593881136680e+04 -2.141054800956620236e-12
5.520291720289480145e+04 -2.143356874609672614e-12
5.521703846700887516e+04 -2.192353763382888677e-12
5.523115973120465060e+04 -2.051599344297034660e-12
5.524528099529235624e+04 -2.203280140499251037e-12
5.525940225938313233e+04 -2.179095187331209033e-12
5.527352352348169370e+04 -2.113195190962345370e-12
5.528764478760879865e+04 -2.038251961423679338e-12
5.530176605179240141e+04 -2.013771717728439409e-12
5.531588731588638620e+04 -1.983444658833680407e-12
5.533000858000160224e+04 -1.868315557974144410e-12
5.534412984408167540e+04 -1.833834034372083945e-12
5.535825110829098412e+04 -1.787269134531686428e-12
5.537237237241458934e+04 -1.701970966824614562e-12
5.538649363648448343e+04 -1.750235748477796218e-12
5.540061490061963559e+04 -1.771486310870253102e-12
5.541473616470034904e+04 -1.700042007344610004e-12
5.542885742891521659e+04 -1.631635022642289744e-12
5.544297869301856554e+04 -1.764386158406517129e-12
5.545709995708866336e+04 -1.722576973698618500e-12
5.547122122118810512e+04 -1.514298931051848752e-12
5.548534248532204947e+04 -1.586842493575125776e-12
5.549946374948047014e+04 -1.622156855709792727e-12
5.551358501359079673e+04 -1.461457930739661603e-12
5.552770627771654836e+04 -1.484195928943932484e-12
5.554182754180025222e+04 -1.514717233148293525e-12
5.555594880590988032e+04 -1.401869808615276768e-12
5.557007007008702203e+04 -1.355609927257808337e-12
5.558419133418925776e+04 -1.326890491498898136e-12
5.559831259830547788e+04 -1.286269058805285708e-12
5.561243386241849657e+04 -1.120653122920530809e-12
5.562655512661349348e+04 -1.060888642372888634e-12
5.564067639071999292e+04 -1.106251355167914707e-12
5.565479765479011985e+04 -1.066034103344685416e-12
5.566891891889910767e+04 -1.114041251073500177e-12
5.568304018300052849e+04 -1.053610876265801100e-12
5.569716144721444289e+04 -1.025629823727397009e-12
5.571128271131131623e+04 -9.074012706498675385e-13
5.572540397539301193e+04 -8.628048697224470410e-13
5.573952523951399780e+04 -7.637353685551503844e-13
5.575364650359326333e+04 -7.647681008877834019e-13
5.576776776779781358e+04 -6.942460703264698797e-13
5.578188903189911798e+04 -7.421703735290569593e-13
5.579601029598102468e+04 -6.711905014383264044e-13
5.581013156011565297e+04 -5.929265871400366125e-13
5.582425282431542291e+04 -5.344716149558333686e-13
5.583837408842238074e+04 -5.551325377089654209e-13
5.585249535250129702e+04 -5.667907081403385822e-13
5.586661661660191749e+04 -7.148869095580921971e-13
5.588073788071312447e+04 -6.097198629774281845e-13
5.589485914488828712e+04 -5.858364764370556079e-13
5.590898040898158069e+04 -6.317464651932217051e-13
5.592310167311120313e+04 -5.979957934911012245e-13
5.593722293721048482e+04 -4.839850937356380723e-13
5.595134420130206126e+04 -4.709490054456834386e-13
5.596546546552202926e+04 -5.403422793371455423e-13
5.597958672960734111e+04 -6.489294868699114753e-13
5.599370799371665635e+04 -6.161177197983707479e-13
5.600782925780455116e+04 -5.377270282705507418e-13
5.602195052199962083e+04 -5.742881377639387778e-13
5.603607178609497350e+04 -5.618272540822236333e-13
5.605019305018048908e+04 -5.640850812269500756e-13
5.606431431429470831e+04 -6.748554303088281054e-13
5.607843557838920970e+04 -5.901089318332265371e-13
5.609255684257968824e+04 -6.312399838851482611e-13
5.610667810668458696e+04 -6.062975053901612284e-13
5.612079937078981311e+04 -6.108906695204406042e-13
5.613492063489201973e+04 -6.524619900204583680e-13
5.614904189901089558e+04 -5.563322143141481223e-13
5.616316316317943711e+04 -4.781840940695627600e-13
5.617728442729385279e+04 -5.519009735760408453e-13
5.619140569142136519e+04 -6.699572476956196434e-13
5.620552695552162913e+04 -7.096783737765538623e-13
5.621964821958611719e+04 -6.017200315110613140e-13
5.623376948380312388e+04 -5.636865488469914315e-13
5.624789074788163998e+04 -5.336014336254196607e-13
5.626201201202243101e+04 -5.991182740604808382e-13
5.627613327609044791e+04 -6.607188278011451242e-13
5.629025454032071138e+04 -5.773926108623095339e-13
5.630437580441673344e+04 -6.740671520895712630e-13
5.631849706848061760e+04 -6.001202535008020425e-13
5.633261833258175466e+04 -5.603385630503151145e-13
5.634673959670880140e+04 -5.986343867141057703e-13
5.636086086088637239e+04 -5.548523098229000494e-13
5.637498212498101202e+04 -6.481170456638383310e-13
5.638910338908768608e+04 -6.169634243369444474e-13
5.640322465322176868e+04 -5.694329464389621331e-13
5.641734591728026862e+04 -5.900731580605373407e-13
5.643146718148000946e+04 -5.692992654989130044e-13
5.644558844559564022e+04 -5.531182232625445394e-13
5.645970970970131020e+04 -5.774795348538438836e-13
5.647383097378772072e+04 -5.656060941762883334e-13
5.648795223801462271e+04 -6.329169579312105193e-13
5.650207350208079151e+04 -6.608264629242363186e-13
5.651619476621303329e+04 -6.770370028328221752e-13
5.653031603030511178e+04 -7.256359868361267032e-13
5.654443729439317394e+04 -7.197442975182339785e-13
5.655855855859617441e+04 -6.702939604859312578e-13
5.657267982270567882e+04 -6.956145740343436954e-13
5.658680108680420381e+04 -6.597585844289612147e-13
5.660092235089904716e+04 -6.945554820797291383e-13
5.661504361498926301e+04 -5.991201568906223696e-13
5.662916487920769578e+04 -6.507639910378156598e-13
5.664328614330797427e+04 -5.750798678384550774e-13
5.665740740739121975e+04 -4.746085996307841509e-13
