5.300000000000046566e+04 -1.538806078701284011e-12
5.301412126410637575e+04 -1.556357308862822534e-12
5.302824252817480738e+04 -1.465595651857453098e-12
5.304236379241597751e+04 -1.388316545849316045e-12
5.305648505651812593e+04 -1.255613384919399927e-12
5.307060632058462943e+04 -1.237635992759227129e-12
5.308472758468552638e+04 -1.186751004338127456e-12
5.309884884878842422e+04 -1.260907240899024832e-12
5.311297011300220038e+04 -1.166987261505481813e-12
5.312709137711494986e+04 -1.027591177074723808e-12
5.314121264120227715e+04 -1.008394214127959821e-12
5.315533390528307064e+04 -1.010140647799586224e-12
5.316945516948572913e+04 -1.018763965766592641e-12
5.318357643361647933e+04 -8.767594169320134831e-13
5.319769769770955463e+04 -8.979506207832271915e-13
5.321181896179181786e+04 -8.137721544571267226e-13
5.322594022587651125e+04 -8.064751813609004216e-13
5.324006149012209789e+04 -7.973347591514584958e-13
5.325418275419608108e+04 -7.142760451559963082e-13
5.326830401828718459e+04 -8.315477295831107336e-13
5.328242528237942315e+04 -8.338070629756269125e-13
5.329654654652102909e+04 -8.067919219840022878e-13
5.331066781068194541e+04 -7.715801441007396372e-13
5.332478907479814370e+04 -7.181490842992485534e-13
5.333891033889846585e+04 -7.635479507184406336e-13
5.335303160299148294e+04 -8.239975508560271451e-13
5.336715286717344861e+04 -7.127968840947193318e-13
5.338127413132779475e+04 -6.419308673201112470e-13
5.339539539538017561e+04 -6.323272210332256923e-13
5.340951665950303868e+04 -6.147699695815724820e-13
5.342363792362243839e+04 -5.610056625168376187e-13
5.343775918781433575e+04 -6.239227458172841926e-13
5.345188045188126125e+04 -5.789150556248531980e-13
5.346600171598923043e+04 -5.749976873285151713e-13
5.348012298008013749e+04 -5.040853689092321448e-13
5.349424424422535958e+04 -5.304972389205731774e-13
5.350836550839983829e+04 -3.651721296564640820e-13
5.352248677248977037e+04 -3.325128597050946917e-13
5.353660803658779332e+04 -3.334060869490045162e-13
5.355072930070386792e+04 -3.843023912429058916e-13
5.356485056490499846e+04 -3.578597918889106019e-13
5.357897182898374012e+04 -4.468843586038661271e-13
5.359309309308590309e+04 -4.938599725103317224e-13
5.360721435719377769e+04 -4.200981304519464331e-13
5.362133562132224324e+04 -3.667312285347807978e-13
5.363545688548275211e+04 -4.659710177446498787e-13
5.364957814961097029e+04 -4.175830998602496895e-13
5.366369941367516731e+04 -3.540194545799018750e-13
5.367782067782604281e+04 -3.224286521778490679e-13
5.369194194187501853e+04 -3.545977060616054375e-13
5.370606320610449620e+04 -3.846470581942983280e-13
5.372018447022516921e+04 -4.027827687583487072e-13
5.373430573431617813e+04 -4.099412521819372952e-13
5.374842699840250134e+04 -3.887811929347650567e-13
5.376254826250443148e+04 -3.877789595767100873e-13
5.377666952668967133e+04 -3.820570729222083995e-13
5.379079079078038922e+04 -2.984780364085597533e-13
5.380491205488661217e+04 -3.772543673483177948e-13
5.381903331898382748e+04 -3.377333182345284599e-13
5.383315458317642333e+04 -3.483868491236524685e-13
5.384727584728231159e+04 -2.927609252600111649e-13
5.386139711141223233e+04 -3.253236469388518972e-13
5.387551837552415964e+04 -2.558331835094094616e-13
5.388963963962044363e+04 -3.303352289905140584e-13
5.390376090379033121e+04 -2.388228313047246869e-13
5.391788216791245941e+04 -2.162903331727910472e-13
5.393200343198498012e+04 -2.003910128096128816e-13
5.394612469607713138e+04 -1.818070275780587134e-13
5.396024596018317970e+04 -1.122727540722645755e-13
5.397436722437613207e+04 -9.167329769783910025e-14
5.398848848852454103e+04 -1.026465798551223567e-13
5.400260975258258259e+04 -3.235694588597539543e-14
5.401673101669175958e+04 -5.719289893281729438e-14
5.403085228091980389e+04 -8.889769058566193972e-14
5.404497354501480731e+04 -1.174348683767939385e-13
5.405909480908322439e+04 -1.339207454494200503e-13
5.407321607320864860e+04 -1.159964029314645300e-13
5.408733733729551750e+04 -8.210650585906930609e-14
5.410145860151801025e+04 -7.402427347961030616e-14
5.411557986560802237e+04 -4.699781661518394772e-14
5.412970112968583999e+04 5.318399305159321433e-14
5.414382239380628016e+04 1.175972631301927637e-13
5.415794365788652794e+04 9.061025609755229042e-14
5.417206492212544254e+04 5.231360518398051419e-14
5.418618618621629867e+04 9.195404194659556193e-14
5.420030745032046252e+04 1.455613802069614240e-13
5.421442871437309805e+04 1.563453031716724443e-13
5.422854997850759537e+04 1.517666311161869182e-13
5.424267124269469787e+04 1.277259036258709470e-13
5.425679250680396217e+04 9.229829363660077287e-14
5.427091377088812442e+04 1.379226469890531767e-13
5.428503503500519582e+04 4.648956422822279466e-14
5.429915629917859042e+04 2.188648916839906018e-15
5.431327756328207761e+04 -1.367018346108432103e-14
5.432739882738997403e+04 2.247167611420390036e-14
5.434152009152791288e+04 -2.527009505168226113e-14
5.435564135562420415e+04 4.084034831648460841e-14
5.436976261980413983e+04 -4.344317914058244537e-14
5.438388388392634806e+04 6.879449911996000210e-14
5.439800514802139514e+04 -4.137941968665912836e-16
5.441212641209873982e+04 4.464206631648189487e-14
5.442624767619453633e+04 2.803327187323870405e-14
5.444036894039834442e+04 -2.589547870083528253e-14
5.445449020450837997e+04 8.652491457008386896e-14
5.446861146860627923e+04 9.837190668607760420e-14
5.448273273267532932e+04 1.470866352822197609e-13
5.449685399687563768e+04 2.789498983129451220e-14
5.451097526102875418e+04 3.958542840430636752e-14
5.452509652512345929e+04 -2.684144414092199323e-14
5.453921778922893282e+04 -6.178029147743444215e-14
5.455333905332249560e+04 -5.931446936012326911e-14
5.456746031752360432e+04 -1.761686084623882511e-13
5.458158158157209982e+04 -1.449662830880795702e-13
5.459570284568010538e+04 -1.200717781856396786e-13
5.460982410982379224e+04 -1.434526553316633955e-13
5.462394537392175698e+04 -1.012230638197328765e-13
5.463806663811146427e+04 -1.230371597517762755e-13
5.465218790222798998e+04 -1.084830786524966642e-13
5.466630916628390696e+04 -2.137826533065828021e-14
5.468043043039075565e+04 -4.379282922862151826e-14
5.469455169460140314e+04 6.546327227168274645e-14
5.470867295870074304e+04 -5.110848908727276438e-14
5.472279422281555162e+04 -3.923699654943307230e-14
5.473691548687643808e+04 -1.538462325923878066e-13
5.475103675098242820e+04 -1.377241244949662261e-13
5.476515801517336513e+04 -1.992010813045345401e-13
5.477927927930263104e+04 -2.917699039594110944e-13
5.479340054339201743e+04 -2.847989110521522973e-13
5.480752180750543630e+04 -3.400473623148107925e-13
5.482164307162474870e+04 -3.030837004542145702e-13
5.483576433582200116e+04 -2.770218957922998423e-13
5.484988559992346563e+04 -3.570344598818112427e-13
5.486400686401218263e+04 -3.464851596008793806e-13
5.487812812812820630e+04 -3.745215321590243170e-13
5.489224939217235078e+04 -4.886980658364960289e-13
5.490637065640628862e+04 -5.537338127345379991e-13
5.492049192052312719e+04 -6.207628142912350599e-13
5.493461318461623159e+04 -7.044313396338296444e-13
5.494873444871101674e+04 -8.113785878211917626e-13
5.496285571287477796e+04 -8.375043427367383829e-13
5.497697697699171840e+04 -8.500385924485809266e-13
5.499109824110715999e+04 -8.512569693586837788e-13
5.500521950518847734e+04 -8.972048113317803588e-13
5.501934076928842842e+04 -9.177369953614762387e-13
5.503346203347267874e+04 -1.041092051480667162e-12
5.504758329757209867e+04 -1.053005070157228854e-12
5.506170456170744001e+04 -1.105751571561888114e-12
5.507582582578185247e+04 -1.082308405207781457e-12
5.508994708992700907e+04 -1.057184260758209037e-12
5.510406835411991779e+04 -1.080491221377307652e-12
5.511818961819067772e+04 -9.932946352888936682e-13
5.513231088228867156e+04 -1.050089935218945847e-12
5.514643214640537190e+04 -9.971432778256467535e-13
5.516055341061740182e+04 -1.002974378224987193e-12
5.517467467468244286e+04 -9.285794701817853841e-13
5.518879593877544539e+04 -9.785918906129892752e-13
5.520291720287397766e+04 -1.038631212500002707e-12
5.521703846698036796e+04 -1.100093219899631055e-12
5.523115973118328111e+04 -1.158977284607399102e-12
5.524528099531399494e+04 -1.162252035907014309e-12
5.525940225938094954e+04 -1.211888229521397283e-12
5.527352352350077126e+04 -1.234117171579273318e-12
5.528764478757377219e+04 -1.273611021072199755e-12
5.530176605179254693e+04 -1.318074718847372804e-12
5.531588731588412338e+04 -1.316329790498275250e-12
5.533000858000029984e+04 -1.272845279074166301e-12
5.534412984411883372e+04 -1.314427893344808404e-12
5.535825110829729965e+04 -1.239601943981672368e-12
5.537237237241224648e+04 -1.315672016460918959e-12
5.538649363652426109e+04 -1.291887505246517670e-12
5.540061490061462973e+04 -1.356941523645597309e-12
5.541473616468554246e+04 -1.303509840952025507e-12
5.542885742890746042e+04 -1.234789064503794846e-12
5.544297869300105231e+04 -1.241624266937432763e-12
5.545709995712192176e+04 -1.136662798703755803e-12
5.547122122122094879e+04 -1.050863151921949133e-12
5.548534248531062622e+04 -9.527020041653836032e-13
5.549946374951324833e+04 -8.855982555589869134e-13
5.551358501358843932e+04 -8.249858729576102311e-13
5.552770627768131089e+04 -7.352644976348999005e-13
5.554182754179010226e+04 -6.698832532626909671e-13
5.555594880590648972e+04 -6.818037466442225917e-13
5.557007007008176879e+04 -5.837223290740032452e-13
5.558419133417255216e+04 -5.853551368485515074e-13
5.559831259831034549e+04 -5.957657398261518985e-13
5.561243386242110137e+04 -4.262311258797956765e-13
5.562655512661406829e+04 -4.013328836248707934e-13
5.564067639071611484e+04 -3.784860326228117616e-13
5.565479765479247726e+04 -2.850580341577774187e-13
5.566891891892295098e+04 -2.508720557162944717e-13
5.568304018302493205e+04 -1.710206130450243654e-13
5.569716144721185992e+04 -1.055936899202212844e-13
5.571128271127984044e+04 -1.255254059839973347e-13
5.572540397542205028e+04 6.683861798615473871e-14
5.573952523950244358e+04 1.103472145707222363e-13
5.575364650361321401e+04 1.752666882803427227e-13
5.576776776777976193e+04 2.520211115257275566e-13
5.578188903188463883e+04 3.960644899562090236e-13
5.579601029597343586e+04 3.744102696582452927e-13
5.581013156009092927e+04 4.563645959943964791e-13
5.582425282430185325e+04 5.878845215091031389e-13
5.583837408839641284e+04 7.327484564407309667e-13
5.585249535249257315e+04 8.592030235541305405e-13
5.586661661661872495e+04 8.820482135106407713e-13
5.588073788069767761e+04 8.804967969679875441e-13
5.589485914491039148e+04 9.608224681434626980e-13
5.590898040899925400e+04 9.943971818229581545e-13
5.592310167310225370e+04 1.109884695699882804e-12
5.593722293720842572e+04 1.065105399270422522e-12
5.595134420128408965e+04 1.130470033187142638e-12
5.596546546549416234e+04 1.168688199698529938e-12
5.597958672958592797e+04 1.297571215404390858e-12
5.599370799369712768e+04 1.305140599970633446e-12
5.600782925778001663e+04 1.465935622761561830e-12
5.602195052201196813e+04 1.394990706323381886e-12
5.603607178612049029e+04 1.421662945224509931e-12
5.605019305022479239e+04 1.480879219042053523e-12
5.606431431428140786e+04 1.511214063378460057e-12
5.607843557837766275e+04 1.567084160937786617e-12
5.609255684259674308e+04 1.560617710615999988e-12
5.610667810670167091e+04 1.600497753199040855e-12
5.612079937077462091e+04 1.662712214232311442e-12
5.613492063490414876e+04 1.662298613890640558e-12
5.614904189897672768e+04 1.586005130785069607e-12
5.616316316318315512e+04 1.544072035903614188e-12
5.617728442727356742e+04 1.538973456591329366e-12
5.619140569138767023e+04 1.595789519590742592e-12
5.620552695549640339e+04 1.624982395112294754e-12
5.621964821961041889e+04 1.658959081814618932e-12
5.623376948378972884e+04 1.632632340387657850e-12
5.624789074791163148e+04 1.700313302322290121e-12
5.626201201201348886e+04 1.690140228858179428e-12
5.627613327611191198e+04 1.697506135344684277e-12
5.629025454031693516e+04 1.787235815895138966e-12
5.630437580441645696e+04 1.792110154058325002e-12
5.631849706848969072e+04 1.810177346493484198e-12
5.633261833258436673e+04 1.675771354337599836e-12
5.634673959668772295e+04 1.699938736551017853e-12
5.636086086088400771e+04 1.772378593983188963e-12
5.637498212502140086e+04 1.779313459149759584e-12
5.638910338910372957e+04 1.821706663648254737e-12
5.640322465322312928e+04 1.871584539389999639e-12
5.641734591732293484e+04 1.910781061729676614e-12
5.643146718151654932e+04 1.972429936753553782e-12
5.644558844559620047e+04 1.978085796847487564e-12
5.645970970967740141e+04 1.983145341589373568e-12
5.647383097382696724e+04 2.081268285298314909e-12
5.648795223801997054e+04 2.088738007131624792e-12
5.650207350210657751e+04 2.124389027747219327e-12
5.651619476622604270e+04 2.116712505743074203e-12
5.653031603027279925e+04 2.138541966346444592e-12
5.654443729439952585e+04 2.166263986034464136e-12
5.655855855861407326e+04 2.091208812385582557e-12
5.657267982270204084e+04 2.102926658210151172e-12
5.658680108678992110e+04 2.120395874247713740e-12
5.660092235090715985e+04 2.273704564749843321e-12
5.661504361502384563e+04 2.249576217106824122e-12
5.662916487918015628e+04 2.180123750094312270e-12
5.664328614330150594e+04 2.239729539093068197e-12
5.665740740738646855e+04 2.146842210954193945e-12
