5.299999999999563443e+04 -3.120281538697729848e-12
5.301412126405545132e+04 -3.128161063747430045e-12
5.302824252826121665e+04 -3.000533833572522756e-12
5.304236379244425916e+04 -3.023492604531094619e-12
5.305648505651400774e+04 -3.084672975079289101e-12
5.307060632059224008e+04 -2.936542175033314184e-12
5.308472758466160303e+04 -2.932816828214443856e-12
5.309884884886483633e+04 -2.918195773434936931e-12
5.311297011291897070e+04 -2.949956651037951895e-12
5.312709137715033285e+04 -2.862432080649153998e-12
5.314121264124933805e+04 -2.833823042636957476e-12
5.315533390528518794e+04 -2.889482561231198430e-12
5.316945516955492349e+04 -2.778658203597849506e-12
5.318357643356583139e+04 -2.684155567655241617e-12
5.319769769767193065e+04 -2.646497315564122705e-12
5.321181896175439033e+04 -2.572349623844004820e-12
5.322594022591854446e+04 -2.690226650284311451e-12
5.324006149007655767e+04 -2.610478391809169005e-12
5.325418275428419292e+04 -2.717836866485955438e-12
5.326830401829480979e+04 -2.598617910861331068e-12
5.328242528239595413e+04 -2.584964417186074748e-12
5.329654654656526691e+04 -2.611695531633464366e-12
5.331066781071514561e+04 -2.547812335071864992e-12
5.332478907484219962e+04 -2.452516691049926621e-12
5.333891033893198619e+04 -2.367094529892543053e-12
5.335303160298313014e+04 -2.290692349829269952e-12
5.336715286718212155e+04 -2.236205107721360866e-12
5.338127413129308115e+04 -2.146407799495998895e-12
5.339539539531603805e+04 -2.102679140682973619e-12
5.340951665951359610e+04 -2.094587518077642966e-12
5.342363792355923215e+04 -2.099750265967645701e-12
5.343775918781285145e+04 -2.010579523682653714e-12
5.345188045191894344e+04 -2.008212158843229209e-12
5.346600171596470318e+04 -2.070814680307184359e-12
5.348012298017991998e+04 -1.983738067390857115e-12
5.349424424416774855e+04 -1.877938319121013539e-12
5.350836550833845104e+04 -1.801293319409328368e-12
5.352248677252922062e+04 -1.782339699713130376e-12
5.353660803664800187e+04 -1.819228515987238834e-12
5.355072930077823548e+04 -1.842831194129338866e-12
5.356485056484551023e+04 -1.924352357093791596e-12
5.357897182890791737e+04 -1.901791927797485268e-12
5.359309309301150643e+04 -1.946551514011319246e-12
5.360721435728368670e+04 -1.869074472581623570e-12
5.362133562134842941e+04 -1.796133444124769676e-12
5.363545688553106447e+04 -1.728284531259354626e-12
5.364957814964280260e+04 -1.742417750043756436e-12
5.366369941377736541e+04 -1.828263367038941211e-12
5.367782067774644383e+04 -1.858019503995636887e-12
5.369194194182371575e+04 -1.775294550373364007e-12
5.370606320606423833e+04 -1.756505007141054566e-12
5.372018447015667334e+04 -1.761079546822203870e-12
5.373430573437004205e+04 -1.772497646531668271e-12
5.374842699845618336e+04 -1.532849354529757463e-12
5.376254826257352397e+04 -1.466061615910708243e-12
5.377666952667450823e+04 -1.477215435919326140e-12
5.379079079088606522e+04 -1.456446836512902626e-12
5.380491205495424947e+04 -1.380172740857073065e-12
5.381903331893650466e+04 -1.295222700853248062e-12
5.383315458320503967e+04 -1.302020299194459280e-12
5.384727584731113166e+04 -1.152187226957737565e-12
5.386139711136437836e+04 -1.171262678920118711e-12
5.387551837556482496e+04 -1.158732036019878248e-12
5.388963963967708696e+04 -1.197492608205928607e-12
5.390376090375377680e+04 -1.175120081101016806e-12
5.391788216789705621e+04 -1.164878059855677735e-12
5.393200343205443642e+04 -1.112887280855381697e-12
5.394612469608926040e+04 -1.008827317623847840e-12
5.396024596011540416e+04 -1.033197150396282371e-12
5.397436722432322858e+04 -1.007724913040521212e-12
5.398848848852522497e+04 -9.073067376047957996e-13
5.400260975265876186e+04 -7.904991652736052920e-13
5.401673101669388416e+04 -6.544573027966604690e-13
5.403085228080650268e+04 -5.480762743663873183e-13
5.404497354491345322e+04 -4.279939318290549786e-13
5.405909480917290057e+04 -3.735225735394831593e-13
5.407321607318438328e+04 -4.178580280083524091e-13
5.408733733728365041e+04 -4.721381045707130553e-13
5.410145860148264910e+04 -3.883546803307272680e-13
5.411557986562195583e+04 -2.322856886054884148e-13
5.412970112972702191e+04 -2.172967713523609171e-13
5.414382239372601180e+04 -9.892785347396964685e-14
5.415794365794013720e+04 -1.068974748363265314e-13
5.417206492213041929e+04 -2.083691936321547149e-14
5.418618618621095084e+04 1.023937987407235184e-13
5.420030745036190638e+04 1.381276586495593716e-13
5.421442871441502939e+04 2.160043301895505063e-13
5.422854997843039018e+04 2.596834788028648171e-13
5.424267124266923929e+04 3.858415508310144371e-13
5.425679250672680064e+04 5.311027870152400739e-13
5.427091377084878332e+04 6.236189318049376322e-13
5.428503503500369698e+04 7.079309154466164784e-13
5.429915629926799011e+04 7.900617466723571751e-13
5.431327756324028451e+04 8.953748417846315063e-13
5.432739882740695612e+04 9.312114395822874935e-13
5.434152009144132899e+04 9.984351383216588940e-13
5.435564135556890687e+04 1.183538398153199435e-12
5.436976261973895453e+04 1.344269797490815236e-12
5.438388388384082646e+04 1.457290937893253174e-12
5.439800514806016145e+04 1.471756703001993837e-12
5.441212641203548992e+04 1.655488547199218163e-12
5.442624767611235438e+04 1.683996959532479816e-12
5.444036894037959428e+04 1.748460929324136667e-12
5.445449020457000006e+04 1.847728034860778395e-12
5.446861146852356615e+04 2.011274587533498790e-12
5.448273273274694657e+04 2.114382873479119964e-12
5.449685399694083753e+04 2.227105262915383083e-12
5.451097526106655278e+04 2.271714459785385052e-12
5.452509652504093538e+04 2.361795311065747188e-12
5.453921778927732521e+04 2.420731712076015516e-12
5.455333905335815507e+04 2.478097304838796728e-12
5.456746031746998779e+04 2.474191913249304744e-12
5.458158158166353678e+04 2.697883388940256497e-12
5.459570284576716222e+04 2.859427904595310677e-12
5.460982410986626201e+04 2.913822209468267402e-12
5.462394537386338925e+04 2.980924244918246416e-12
5.463806663804333948e+04 3.137790807096168167e-12
5.465218790210512816e+04 3.177918739473554726e-12
5.466630916622447694e+04 3.283333896567485746e-12
5.468043043030764966e+04 3.320725756747872964e-12
5.469455169452173868e+04 3.343673480848744519e-12
5.470867295862835454e+04 3.454516172463897684e-12
5.472279422271646035e+04 3.606642597705663468e-12
5.473691548680565757e+04 3.622949533927207573e-12
5.475103675092757476e+04 3.609638894160529903e-12
5.476515801513040788e+04 3.602545248481797547e-12
5.477927927938265930e+04 3.595180564030585396e-12
5.479340054338055779e+04 3.632693411593201531e-12
5.480752180752718414e+04 3.619761279837966797e-12
5.482164307161960460e+04 3.699427077639187243e-12
5.483576433576144336e+04 3.624474380487590405e-12
5.484988559997930133e+04 3.575291995750766074e-12
5.486400686393505748e+04 3.553001253412612600e-12
5.487812812803778070e+04 3.455746323501086117e-12
5.489224939226589777e+04 3.467788961429430697e-12
5.490637065630689904e+04 3.492583263900411842e-12
5.492049192043803487e+04 3.393126228450885580e-12
5.493461318464985379e+04 3.387384397098733640e-12
5.494873444877180009e+04 3.427164913194188830e-12
5.496285571294093825e+04 3.376512430377207837e-12
5.497697697697734111e+04 3.318431727835665425e-12
5.499109824102314451e+04 3.315504373911454810e-12
5.500521950524053682e+04 3.291605648431833438e-12
5.501934076938090584e+04 3.188484520250109958e-12
5.503346203354473982e+04 3.068606301676091349e-12
5.504758329768054682e+04 3.012281605944777304e-12
5.506170456174926221e+04 2.928903726002765752e-12
5.507582582588355581e+04 2.833112811006926311e-12
5.508994708986896876e+04 2.767152382755744515e-12
5.510406835410872009e+04 2.707504927409695002e-12
5.511818961819476681e+04 2.640096706014745417e-12
5.513231088234987692e+04 2.573799000089081886e-12
5.514643214648490539e+04 2.477222680969498887e-12
5.516055341054031305e+04 2.468874551595699218e-12
5.517467467462662898e+04 2.369028869527281192e-12
5.518879593878943706e+04 2.223544583979169394e-12
5.520291720283043105e+04 2.065272810808767191e-12
5.521703846704344323e+04 1.892442673248253496e-12
5.523115973123380536e+04 1.857907872647094938e-12
5.524528099533377826e+04 1.668937747934370137e-12
5.525940225930485758e+04 1.535834729803411797e-12
5.527352352351769514e+04 1.422701388811867839e-12
5.528764478766686807e+04 1.277435421277499070e-12
5.530176605185592780e+04 1.228552463414012220e-12
5.531588731594631099e+04 1.193794613448967551e-12
5.533000857994828402e+04 9.950542506908805091e-13
5.534412984418431006e+04 8.515050873512693163e-13
5.535825110822126589e+04 8.380166840006464508e-13
5.537237237242924311e+04 6.952272403125737005e-13
5.538649363646487473e+04 5.581931461199185646e-13
5.540061490065598628e+04 5.154528325564146560e-13
5.541473616472293361e+04 3.390579606167074086e-13
5.542885742895433941e+04 2.326742285577811836e-13
5.544297869301064929e+04 6.731692059460589811e-14
5.545709995701594744e+04 1.166601712362935835e-13
5.547122122114446393e+04 6.028816200354922158e-14
5.548534248521670816e+04 -1.870713589168748042e-14
5.549946374950081372e+04 -8.481896734744623940e-14
5.551358501359287766e+04 -1.800759156842862075e-13
5.552770627761754440e+04 -2.600032895577003607e-13
5.554182754186288366e+04 -2.919101631079860887e-13
5.555594880594299320e+04 -3.742113229388760260e-13
5.557007007004578190e+04 -3.492933294570128397e-13
5.558419133413997042e+04 -4.943659875426805293e-13
5.559831259825002780e+04 -5.881940681363246464e-13
5.561243386239737447e+04 -4.973048318886671137e-13
5.562655512667135190e+04 -5.879439824859071867e-13
5.564067639063592651e+04 -5.083707839660571645e-13
5.565479765475042223e+04 -6.459530388681408052e-13
5.566891891889248654e+04 -6.899221516545067105e-13
5.568304018306957005e+04 -6.827751093098742173e-13
5.569716144724651531e+04 -7.323164007504059890e-13
5.571128271123138984e+04 -8.326926699420073341e-13
5.572540397539959667e+04 -8.363912339395322601e-13
5.573952523954155913e+04 -8.331928412428422536e-13
5.575364650350835291e+04 -8.673761701190899321e-13
5.576776776777188206e+04 -8.674234836205202486e-13
5.578188903182169452e+04 -9.422193703102339249e-13
5.579601029598366586e+04 -9.084050867451426148e-13
5.581013156011872343e+04 -9.054121698260928259e-13
5.582425282433865505e+04 -9.138921010967339113e-13
5.583837408846856852e+04 -9.996349802030986289e-13
5.585249535245473089e+04 -1.017754699436587077e-12
5.586661661664827989e+04 -9.997052745480807847e-13
5.588073788074160984e+04 -9.721620576439977920e-13
5.589485914483240776e+04 -1.009597851789998681e-12
5.590898040898714680e+04 -1.008573176530450567e-12
5.592310167318312597e+04 -1.063548761563837069e-12
5.593722293714368425e+04 -1.025405968525034202e-12
5.595134420134919492e+04 -1.133057702422293114e-12
5.596546546543855220e+04 -1.238435684622243351e-12
5.597958672959070100e+04 -1.187602058685500314e-12
5.599370799372227339e+04 -1.087590779362075827e-12
5.600782925785150292e+04 -1.035129568976129699e-12
5.602195052195980679e+04 -1.002246685482052508e-12
5.603607178604894580e+04 -9.265126396496919252e-13
5.605019305027343216e+04 -8.739933012477027786e-13
5.606431431425315532e+04 -9.242294252520970869e-13
5.607843557834022067e+04 -8.200018370440671645e-13
5.609255684260278213e+04 -8.261863875881741729e-13
5.610667810674229258e+04 -8.675140551804011692e-13
5.612079937086522114e+04 -8.357464185057533165e-13
5.613492063492846501e+04 -8.347339095751442388e-13
5.614904189908456465e+04 -8.231542680536534926e-13
5.616316316323798674e+04 -7.332734852936252240e-13
5.617728442729995004e+04 -7.346739649359628976e-13
5.619140569132180099e+04 -7.693507060414126076e-13
5.620552695543989830e+04 -7.866985392944234754e-13
5.621964821961832058e+04 -7.056288823150486092e-13
5.623376948388259916e+04 -6.814165359116606105e-13
5.624789074780642113e+04 -7.309159211080683153e-13
5.626201201201376534e+04 -6.985778187876033873e-13
5.627613327609161206e+04 -6.547438874338955438e-13
5.629025454024649662e+04 -6.583086218130890462e-13
5.630437580448692461e+04 -6.525823363256928904e-13
5.631849706857000274e+04 -5.236084350552755091e-13
5.633261833266307804e+04 -4.909161573812464249e-13
5.634673959669780743e+04 -4.546253499698592471e-13
5.636086086098329542e+04 -3.833306623859898558e-13
5.637498212492151652e+04 -3.992239434235998960e-13
5.638910338903169759e+04 -3.467262340508360010e-13
5.640322465312405257e+04 -3.203820764544301264e-13
5.641734591733465641e+04 -3.152316638701573967e-13
5.643146718148183572e+04 -2.261592660774243992e-13
5.644558844566212792e+04 -2.381755436264007718e-13
5.645970970973515068e+04 -1.963896109774628471e-13
5.647383097383051063e+04 -4.037131228947077338e-14
5.648795223807451839e+04 -7.435997990269087893e-14
5.650207350212261372e+04 -5.030849940416595653e-14
5.651619476623422088e+04 6.846210323668666678e-15
5.653031603024284414e+04 6.168661392439702630e-14
5.654443729438911396e+04 8.304933572735281142e-14
5.655855855858432187e+04 1.201998970504453147e-13
5.657267982275495160e+04 2.811658361737229939e-13
5.658680108687850588e+04 2.527196072994840213e-13
5.660092235091742623e+04 2.281003647837951485e-13
5.661504361504191911e+04 3.031814842964172614e-13
5.662916487923363457e+04 3.521712354917040845e-13
5.664328614332201687e+04 4.249096607763617533e-13
5.665740740734437713e+04 4.372260411058390524e-13
