5.299999999999981083e+04 5.474475918033509705e-13
5.301412126410263591e+04 5.804753211029778465e-13
5.302824252820132824e+04 5.358447514609150448e-13
5.304236379241570830e+04 5.542688389410895420e-13
5.305648505650376319e+04 5.869360869117640020e-13
5.307060632061951037e+04 6.013242232932559085e-13
5.308472758468124812e+04 4.691519066742484003e-13
5.309884884881714970e+04 3.248323693221272098e-13
5.311297011300222948e+04 2.822836951813440085e-13
5.312709137711246149e+04 2.689807473172270001e-13
5.314121264119068655e+04 1.812952303150503034e-13
5.315533390530860197e+04 1.509031881003044843e-13
5.316945516949786543e+04 1.720056938332302319e-13
5.318357643361947703e+04 1.376040301000045490e-13
5.319769769770209678e+04 1.383307410202538221e-13
5.321181896179465548e+04 1.825969306696289433e-13
5.322594022590984241e+04 1.630938200007771566e-13
5.324006149010361696e+04 1.586147268352952397e-13
5.325418275420901045e+04 1.200560539610777912e-13
5.326830401829869515e+04 1.158705936414786186e-13
5.328242528238258819e+04 1.186460070212987876e-13
5.329654654651082092e+04 9.695002008743490907e-15
5.331066781069686840e+04 1.123995135847335270e-13
5.332478907479933696e+04 2.108885360637031905e-13
5.333891033890441031e+04 1.230260741279055228e-13
5.335303160299334559e+04 6.681129612939738590e-14
5.336715286720011500e+04 8.779270755337449838e-14
5.338127413131256617e+04 8.377360230869215294e-14
5.339539539538061217e+04 1.665540200657029403e-13
5.340951665948434675e+04 1.566202974015828678e-13
5.342363792360119987e+04 1.353986557582359917e-13
5.343775918778526830e+04 2.142355116804296495e-13
5.345188045190973207e+04 1.705801973050678347e-13
5.346600171598399174e+04 2.142359468801024147e-13
5.348012298010956147e+04 2.401026922307737497e-13
5.349424424418681883e+04 2.187559306815051473e-13
5.350836550839450501e+04 2.568460567080251689e-13
5.352248677250089531e+04 2.857369320515054977e-13
5.353660803661154932e+04 2.870655966524762381e-13
5.355072930069360882e+04 3.598864698981158612e-13
5.356485056491653813e+04 4.496892695749643373e-13
5.357897182900112966e+04 5.726822096293219930e-13
5.359309309309720993e+04 5.568934193676550338e-13
5.360721435721343732e+04 6.076824905124445844e-13
5.362133562128617632e+04 6.029924161722671356e-13
5.363545688551118656e+04 7.061402511482535149e-13
5.364957814959045936e+04 6.683627435533408993e-13
5.366369941371255845e+04 7.208352758323279588e-13
5.367782067778576311e+04 7.174467386468518630e-13
5.369194194188983238e+04 6.907472387223326074e-13
5.370606320608284295e+04 6.302466506130121724e-13
5.372018447019217274e+04 7.206027341405104950e-13
5.373430573429531796e+04 6.238030842579602955e-13
5.374842699838935368e+04 6.054315652715926078e-13
5.376254826250790939e+04 6.229431297045642438e-13
5.377666952669123566e+04 5.982176954957356336e-13
5.379079079081919917e+04 6.020684872669736830e-13
5.380491205489951972e+04 6.477762032991248731e-13
5.381903331898165925e+04 7.025396991888589182e-13
5.383315458321810002e+04 7.210143604976733842e-13
5.384727584731940442e+04 7.613857306755817403e-13
5.386139711138937855e+04 6.194248304833233903e-13
5.387551837549977790e+04 6.547538321859459797e-13
5.388963963959893590e+04 7.569369020206771613e-13
5.390376090378263325e+04 7.123541771426396962e-13
5.391788216791554441e+04 7.797766160473877846e-13
5.393200343198404153e+04 8.197293966733689065e-13
5.394612469610368862e+04 8.048868393002250229e-13
5.396024596020652825e+04 8.420224273778000068e-13
5.397436722440391168e+04 8.859414002215823796e-13
5.398848848850384093e+04 9.336857056557458327e-13
5.400260975261802378e+04 9.923216082337989043e-13
5.401673101669122843e+04 9.135143458893535108e-13
5.403085228088771692e+04 1.003780270551309521e-12
5.404497354498110508e+04 9.254364958583657850e-13
5.405909480908085243e+04 9.547160045096308854e-13
5.407321607319468603e+04 9.716047256775878676e-13
5.408733733731172106e+04 9.590070007498770451e-13
5.410145860150842054e+04 9.212041790406649479e-13
5.411557986559344135e+04 8.519016775495448209e-13
5.412970112970043556e+04 8.059569227622908252e-13
5.414382239381656109e+04 8.115624396141427031e-13
5.415794365789702715e+04 8.208134790582422940e-13
5.417206492209339194e+04 8.804773957966599211e-13
5.418618618618594337e+04 9.062075609833598428e-13
5.420030745030511025e+04 8.767769655123643865e-13
5.421442871441898751e+04 9.335515190899745273e-13
5.422854997850828659e+04 8.988307089300499596e-13
5.424267124268631596e+04 8.313776609816503112e-13
5.425679250678259996e+04 8.317870388071705799e-13
5.427091377091455070e+04 8.450285691174676835e-13
5.428503503498188365e+04 8.269038808788402216e-13
5.429915629921677464e+04 7.871746478181058797e-13
5.431327756330646662e+04 9.025461536030560973e-13
5.432739882738015149e+04 8.077545875439514310e-13
5.434152009148024808e+04 8.285667062952205762e-13
5.435564135561643343e+04 7.319139363022305676e-13
5.436976261979073752e+04 7.267511625841446982e-13
5.438388388390269392e+04 8.142586466535184856e-13
5.439800514801367535e+04 8.671634772741251876e-13
5.441212641210186121e+04 8.780127875164772777e-13
5.442624767619132035e+04 8.326599042841922028e-13
5.444036894041265623e+04 7.872751064092372722e-13
5.445449020449522504e+04 7.945712289232480906e-13
5.446861146861413727e+04 7.835212190984695981e-13
5.448273273270197387e+04 8.142022157626158845e-13
5.449685399688561301e+04 8.489539250993072900e-13
5.451097526098812523e+04 9.159124411528811581e-13
5.452509652509005537e+04 7.834304074334179363e-13
5.453921778921248188e+04 8.762570469699602293e-13
5.455333905331869028e+04 7.986494850567879083e-13
5.456746031751653209e+04 7.316526714320101933e-13
5.458158158161064785e+04 7.719112523613920404e-13
5.459570284569682553e+04 8.469660780606455430e-13
5.460982410981074645e+04 6.829242344711533878e-13
5.462394537388991012e+04 7.016869979633423882e-13
5.463806663811964972e+04 7.083970515846879234e-13
5.465218790218974027e+04 6.969640660478706580e-13
5.466630916630408319e+04 8.002800331641044362e-13
5.468043043038823089e+04 8.077403710213075642e-13
5.469455169459190074e+04 8.968842058603015172e-13
5.470867295868219662e+04 6.297402232604639399e-13
5.472279422281883308e+04 6.731814193968222975e-13
5.473691548690936906e+04 7.351666186565232933e-13
5.475103675098634267e+04 7.154011551182692191e-13
5.476515801519352681e+04 7.017798405602002878e-13
5.477927927928222198e+04 5.683554544826297836e-13
5.479340054338236951e+04 5.864243646298636913e-13
5.480752180750878324e+04 6.796725675827637810e-13
5.482164307158097654e+04 5.845003468765418576e-13
5.483576433581291349e+04 5.480903817200342336e-13
5.484988559989777423e+04 4.904007482971435337e-13
5.486400686399661936e+04 5.109452192496582121e-13
5.487812812809503521e+04 4.683197323666309342e-13
5.489224939219990483e+04 4.181721092728668529e-13
5.490637065639963839e+04 5.212492968353066633e-13
5.492049192049654812e+04 5.117777562236697502e-13
5.493461318458857568e+04 3.434435382616342443e-13
5.494873444871488027e+04 2.766126807787400009e-13
5.496285571288909705e+04 1.971043117614602201e-13
5.497697697701588186e+04 6.223129103979162530e-14
5.499109824108503381e+04 2.434208219553434452e-14
5.500521950518255471e+04 -1.170789528026512327e-13
5.501934076929618459e+04 -2.175140431516965228e-13
5.503346203348779818e+04 -1.835586041496190209e-13
5.504758329758682521e+04 -3.178961842072213338e-13
5.506170456169795943e+04 -3.255848568260718616e-13
5.507582582579759764e+04 -4.406813889511094984e-13
5.508994708991271182e+04 -5.220451592399708577e-13
5.510406835409825726e+04 -6.263094264431732454e-13
5.511818961819362448e+04 -5.765720515742749633e-13
5.513231088231756439e+04 -7.475895656520606805e-13
5.514643214640349470e+04 -7.548579804535718083e-13
5.516055341059281636e+04 -7.914144628332457531e-13
5.517467467471460259e+04 -9.352420069552990110e-13
5.518879593879608728e+04 -9.462296381603135754e-13
5.520291720290766534e+04 -1.117606917300923515e-12
5.521703846701155271e+04 -1.202233669669666630e-12
5.523115973120789567e+04 -1.250672118581900150e-12
5.524528099528846360e+04 -1.321612131375101049e-12
5.525940225939952506e+04 -1.404118881071217552e-12
5.527352352348150453e+04 -1.598627312952737284e-12
5.528764478761637292e+04 -1.741207139612955299e-12
5.530176605180266779e+04 -1.763542167085808751e-12
5.531588731591581018e+04 -1.831510781579884702e-12
5.533000858000618609e+04 -1.904926210111808682e-12
5.534412984411580692e+04 -1.944013378588647804e-12
5.535825110831482016e+04 -2.064456338693680771e-12
5.537237237241731782e+04 -2.126122101393567730e-12
5.538649363648150029e+04 -2.288489876908466025e-12
5.540061490060750657e+04 -2.360411264963766298e-12
5.541473616471661080e+04 -2.408106537901464058e-12
5.542885742888654204e+04 -2.470427421175429195e-12
5.544297869300388993e+04 -2.571937744849334903e-12
5.545709995710888325e+04 -2.791430119545309339e-12
5.547122122121358552e+04 -2.771344784247568362e-12
5.548534248528294847e+04 -2.808494298714672339e-12
5.549946374951503094e+04 -2.929615880176113211e-12
5.551358501358194189e+04 -2.988283117130605986e-12
5.552770627770035208e+04 -2.915061932719295320e-12
5.554182754180611664e+04 -2.982767976744132803e-12
5.555594880591621768e+04 -3.008575897605701227e-12
5.557007007009399968e+04 -3.067203386323413968e-12
5.558419133420958678e+04 -3.075839778763002752e-12
5.559831259828213661e+04 -3.115046337016738757e-12
5.561243386239281972e+04 -3.097207792562958285e-12
5.562655512658330554e+04 -3.101137935741198612e-12
5.564067639068892458e+04 -3.002610180491352361e-12
5.565479765481926734e+04 -3.012369388086690842e-12
5.566891891890615807e+04 -3.071818823919711268e-12
5.568304018301789620e+04 -3.023590721515983577e-12
5.569716144719431031e+04 -2.998915190202966089e-12
5.571128271129740460e+04 -3.007558690903877109e-12
5.572540397540559934e+04 -2.971329768811242152e-12
5.573952523950416798e+04 -2.935189917584968099e-12
5.575364650358447398e+04 -2.843417041522762609e-12
5.576776776778963540e+04 -2.864498403804919794e-12
5.578188903191692225e+04 -2.756110184502536328e-12
5.579601029601950722e+04 -2.668675378778515449e-12
5.581013156010050443e+04 -2.657953944706679265e-12
5.582425282428587525e+04 -2.569592889012443417e-12
5.583837408839873387e+04 -2.490258889997387211e-12
5.585249535250871850e+04 -2.489103870065852077e-12
5.586661661661251128e+04 -2.377194305144518906e-12
5.588073788071122544e+04 -2.190451576223929960e-12
5.589485914489989955e+04 -2.153206317828816820e-12
5.590898040899742045e+04 -2.060673002871722345e-12
5.592310167310310499e+04 -1.933187351528788756e-12
5.593722293719611480e+04 -1.926081701404894357e-12
5.595134420131089428e+04 -1.847774483484463507e-12
5.596546546550922358e+04 -1.833250129605394057e-12
5.597958672960611148e+04 -1.686585518816544644e-12
5.599370799371457542e+04 -1.654711784915889732e-12
5.600782925781849190e+04 -1.561468224092832673e-12
5.602195052201231010e+04 -1.444579394648765202e-12
5.603607178608623508e+04 -1.254089886678730918e-12
5.605019305021582841e+04 -1.161100482464571998e-12
5.606431431429465738e+04 -1.047229617684615962e-12
5.607843557838541165e+04 -8.635283542104683803e-13
5.609255684259860573e+04 -6.878571049651815166e-13
5.610667810669728351e+04 -4.900280995804167711e-13
5.612079937080632953e+04 -3.401737653232689648e-13
5.613492063489586872e+04 -1.712527531357801579e-13
5.614904189898517507e+04 8.278086760282639959e-16
5.616316316321614431e+04 6.926788948227318083e-14
5.617728442728683876e+04 1.680422578800232115e-13
5.619140569139386935e+04 2.059809344204188304e-13
5.620552695551562647e+04 3.764149908035758559e-13
5.621964821958007815e+04 4.662114800851691854e-13
5.623376948380917020e+04 6.668507148235758248e-13
5.624789074789695587e+04 7.245381722481025975e-13
5.626201201199681964e+04 9.231667844983059064e-13
5.627613327610981651e+04 9.384179218309032216e-13
5.629025454030417313e+04 1.099866555636908784e-12
5.630437580440995225e+04 1.327995903038702559e-12
5.631849706849257200e+04 1.413307224492714906e-12
5.633261833259275591e+04 1.497592054985217275e-12
5.634673959669141914e+04 1.510268551053699618e-12
5.636086086088878801e+04 1.628613558602859815e-12
5.637498212501598027e+04 1.694750562740798966e-12
5.638910338910088467e+04 1.898317820877610808e-12
5.640322465320958145e+04 1.934614634119197952e-12
5.641734591729048407e+04 2.002947075539710702e-12
5.643146718148142099e+04 2.111006864155709549e-12
5.644558844558564306e+04 2.269431440502184962e-12
5.645970970968234906e+04 2.407267010462965144e-12
5.647383097381753032e+04 2.469780542125410526e-12
5.648795223799237283e+04 2.641948434004888446e-12
5.650207350210389268e+04 2.693728781204332983e-12
5.651619476619164197e+04 2.800771072985392131e-12
5.653031603028545942e+04 2.805066493755644536e-12
5.654443729439550953e+04 3.007313646218383607e-12
5.655855855858407449e+04 3.027474125992956596e-12
5.657267982271305664e+04 3.093744011097648554e-12
5.658680108679203113e+04 3.188967150165585022e-12
5.660092235088485177e+04 3.289796531418161006e-12
5.661504361499592051e+04 3.334659234752347752e-12
5.662916487921327644e+04 3.474027868093744137e-12
5.664328614329414268e+04 3.530174138410430260e-12
5.665740740738590102e+04 3.514237706659775367e-12
