5.299999999999991269e+04 -1.415537283041866966e-12
5.301412126411795180e+04 -1.426393563753682469e-12
5.302824252818315290e+04 -1.346121306832123378e-12
5.304236379239800590e+04 -1.181975019551357401e-12
5.305648505650545849e+04 -1.090454138063151295e-12
5.307060632059638738e+04 -1.023782878693346238e-12
5.308472758470467670e+04 -1.007018495175445073e-12
5.309884884880176105e+04 -9.042933425933789450e-13
5.311297011302177998e+04 -8.300965383304822542e-13
5.312709137707517220e+04 -7.737695485091545565e-13
5.314121264122009597e+04 -6.768524729452381257e-13
5.315533390529081953e+04 -5.521940671217136635e-13
5.316945516949576268e+04 -6.248457725774100208e-13
5.318357643357764027e+04 -5.025963339508049833e-13
5.319769769770983112e+04 -4.875104169573524418e-13
5.321181896178273018e+04 -4.472057094484457694e-13
5.322594022590144596e+04 -4.557667491600198254e-13
5.324006149011624802e+04 -3.835554030103533481e-13
5.325418275421376893e+04 -3.443193273833160131e-13
5.326830401827664900e+04 -3.453174853869465774e-13
5.328242528242697881e+04 -1.589725666669791773e-13
5.329654654649870645e+04 -2.197812802907952538e-13
5.331066781071545120e+04 -7.030014100154079751e-14
5.332478907479166082e+04 -6.401546901685702655e-14
5.333891033892775886e+04 4.494923382988669533e-14
5.335303160301641037e+04 5.068168971342905079e-14
5.336715286720981385e+04 3.408867654188458693e-14
5.338127413132166839e+04 1.079525736764730855e-13
5.339539539538793179e+04 4.231260937368562795e-14
5.340951665948342998e+04 -2.564561773767768186e-14
5.342363792357265629e+04 5.159631363609491466e-14
5.343775918777679180e+04 1.392031291920593207e-13
5.345188045187939133e+04 1.728980424931283236e-13
5.346600171600055910e+04 2.327928492250164228e-13
5.348012298012716928e+04 1.856725596864962749e-13
5.349424424418930721e+04 1.371192330018124423e-13
5.350836550840040582e+04 1.776943635318679719e-13
5.352248677250606124e+04 1.702111234523120623e-13
5.353660803660684178e+04 2.806454320128520817e-13
5.355072930072533200e+04 3.877614247513783767e-13
5.356485056491679279e+04 3.847003180983436892e-13
5.357897182900810003e+04 4.175983029507240791e-13
5.359309309312676487e+04 3.963588281646599575e-13
5.360721435717952409e+04 4.661488639454188936e-13
5.362133562131667713e+04 4.751021194706213081e-13
5.363545688551383500e+04 4.685685353869255800e-13
5.364957814959961979e+04 5.491226366049585630e-13
5.366369941372304311e+04 5.838615466604020482e-13
5.367782067780998477e+04 6.932314743070188485e-13
5.369194194189764676e+04 7.410168610714174941e-13
5.370606320607659291e+04 6.983672581836703037e-13
5.372018447021563043e+04 7.706222407753858005e-13
5.373430573429578362e+04 7.664226941764995743e-13
5.374842699837745022e+04 7.204917537662214795e-13
5.376254826252080238e+04 7.520673290719991357e-13
5.377666952669351303e+04 7.852801928512778297e-13
5.379079079078432551e+04 8.101611594562210340e-13
5.380491205492076551e+04 7.898532100316446335e-13
5.381903331902249920e+04 8.661819515442271203e-13
5.383315458318839956e+04 8.825980629894367583e-13
5.384727584731307434e+04 1.010123208919545263e-12
5.386139711141192674e+04 1.143796586128212318e-12
5.387551837551375502e+04 1.163995751746553956e-12
5.388963963961192349e+04 1.187034973684733637e-12
5.390376090382370603e+04 1.234386454419743471e-12
5.391788216791509331e+04 1.242357172968105096e-12
5.393200343202138174e+04 1.297380268000812083e-12
5.394612469611367851e+04 1.388256743721575887e-12
5.396024596018154261e+04 1.302316512466403719e-12
5.397436722440491576e+04 1.366454502239227064e-12
5.398848848852264928e+04 1.368224134100351059e-12
5.400260975261411659e+04 1.372871722477458773e-12
5.401673101667385345e+04 1.386623757432502295e-12
5.403085228087192081e+04 1.495798652718411727e-12
5.404497354497464403e+04 1.430842018708837813e-12
5.405909480907776742e+04 1.453218704245202781e-12
5.407321607319463510e+04 1.393426535341796189e-12
5.408733733729730011e+04 1.611018117124772718e-12
5.410145860152268142e+04 1.523442236323500266e-12
5.411557986557944969e+04 1.438667077584444333e-12
5.412970112967426394e+04 1.407245561454351364e-12
5.414382239378700615e+04 1.330534130393658391e-12
5.415794365787292190e+04 1.275124658226188792e-12
5.417206492208834970e+04 1.243936894116649496e-12
5.418618618622283975e+04 1.243813564829731744e-12
5.420030745029730315e+04 1.225137167632753187e-12
5.421442871438954899e+04 1.217335258606684244e-12
5.422854997850386280e+04 1.041596351262766368e-12
5.424267124268499174e+04 1.039757884450804656e-12
5.425679250679995312e+04 9.591775603943571892e-13
5.427091377091142203e+04 9.047532884607548693e-13
5.428503503500817169e+04 8.779414605116239395e-13
5.429915629920908395e+04 7.822950914564600021e-13
5.431327756332750869e+04 7.318415308833929013e-13
5.432739882739337918e+04 6.922700385204646702e-13
5.434152009152591927e+04 6.258295606152991857e-13
5.435564135559711576e+04 5.275451330424583067e-13
5.436976261982486176e+04 4.787067354229800990e-13
5.438388388387186569e+04 4.513223072131590865e-13
5.439800514799988741e+04 4.075195140329522608e-13
5.441212641208489367e+04 4.009101295569647796e-13
5.442624767619105114e+04 3.470467805263210990e-13
5.444036894040151674e+04 3.018111550658756701e-13
5.445449020449336240e+04 1.489946960828231168e-13
5.446861146859770088e+04 1.012265180561339003e-13
5.448273273271162179e+04 1.528691204585553938e-13
5.449685399688305188e+04 1.087631257091816696e-13
5.451097526099667448e+04 4.727876426434375208e-14
5.452509652507778083e+04 -5.349724268971832169e-14
5.453921778921267833e+04 5.574511149806754840e-16
5.455333905327425600e+04 -4.375013170470400410e-14
5.456746031752308045e+04 -1.143744880037071722e-14
5.458158158160618041e+04 -8.487204938888545390e-14
5.459570284568728675e+04 -1.152212972669381613e-13
5.460982410977318068e+04 -1.396429544677786230e-13
5.462394537389266043e+04 -9.289091142964862627e-14
5.463806663810444297e+04 -1.376472570965153402e-14
5.465218790222459938e+04 4.050589678011630288e-14
5.466630916631071159e+04 -8.255880983369741808e-15
5.468043043040232442e+04 -1.202904997179279994e-13
5.469455169462208141e+04 -1.629013829458288860e-13
5.470867295872118848e+04 -1.955246425926330992e-13
5.472279422278762650e+04 -2.219326798033667553e-13
5.473691548688057810e+04 -1.791009511081943314e-13
5.475103675100305554e+04 -1.564272099804158334e-13
5.476515801517646469e+04 -8.348223895292056231e-14
5.477927927932484454e+04 -1.910147241172010709e-13
5.479340054340964707e+04 -1.551644164180208569e-13
5.480752180751288688e+04 -2.231192632416197903e-13
5.482164307162098703e+04 -1.822993179310545412e-13
5.483576433578548313e+04 -1.720752790723777562e-13
5.484988559992224327e+04 -1.143399640571031059e-13
5.486400686402153951e+04 -1.289182232881262511e-13
5.487812812810513424e+04 -1.111293052787361322e-13
5.489224939218475629e+04 -1.567783501760590836e-13
5.490637065638505737e+04 -2.205498348088557109e-13
5.492049192052047147e+04 -1.975946078999723085e-13
5.493461318460897746e+04 -1.236306337609662335e-13
5.494873444869348896e+04 -3.129100560304712396e-14
5.496285571287188941e+04 3.002741444244946768e-14
5.497697697698903357e+04 3.838471499149891261e-14
5.499109824109864712e+04 -4.486419260546712807e-14
5.500521950522423867e+04 4.577709703326730610e-14
5.501934076929747243e+04 3.010690242139321330e-14
5.503346203351864824e+04 8.142049014808365197e-14
5.504758329757368483e+04 5.128184444104684314e-14
5.506170456167258817e+04 7.550273303527681242e-14
5.507582582580800954e+04 6.405144081398953150e-15
5.508994708990996878e+04 -1.915638712676883459e-14
5.510406835412079090e+04 2.676553918280429719e-14
5.511818961822632991e+04 1.403680952369904086e-14
5.513231088228302542e+04 1.858934011155452617e-14
5.514643214640504448e+04 -1.366229274709516100e-14
5.516055341060259525e+04 -2.591942104659087137e-14
5.517467467467537062e+04 3.988638222257535228e-14
5.518879593877676234e+04 7.198928241959317903e-14
5.520291720287883800e+04 8.197239895033738827e-14
5.521703846699353744e+04 7.635620447929651684e-14
5.523115973118736292e+04 1.361598458745094586e-13
5.524528099530284817e+04 1.214369513003567176e-13
5.525940225937966170e+04 1.371157502810855250e-13
5.527352352350749425e+04 2.005819846854641726e-13
5.528764478759961639e+04 1.579452883509990666e-13
5.530176605177334568e+04 1.892676493733373200e-13
5.531588731592091062e+04 1.577199358333750526e-13
5.533000857998287393e+04 2.868349397370984034e-14
5.534412984409688943e+04 2.278955292851961982e-13
5.535825110830149060e+04 2.700098175106237610e-13
5.537237237241301045e+04 2.136380900928996070e-13
5.538649363651160820e+04 1.825332966830310804e-13
5.540061490060954384e+04 1.251442050811969899e-13
5.541473616471939749e+04 9.487567437763871340e-14
5.542885742887184460e+04 3.691869443139208585e-14
5.544297869302016625e+04 4.379686300112748747e-14
5.545709995709597570e+04 -1.648739385439995529e-14
5.547122122117310209e+04 -3.947949662980365892e-14
5.548534248527268210e+04 -4.972852913134421075e-14
5.549946374951853795e+04 -9.528128704386417589e-14
5.551358501362022798e+04 -1.513809525130386179e-13
5.552770627771472209e+04 -2.503582366446107796e-13
5.554182754182762437e+04 -2.503340624654474654e-13
5.555594880588579690e+04 -2.036701117751159604e-13
5.557007007007543871e+04 -1.534320701552674676e-13
5.558419133419883292e+04 -2.112890755300590658e-13
5.559831259828247858e+04 -3.103692023560377905e-13
5.561243386237740924e+04 -3.454992014625215971e-13
5.562655512661071407e+04 -5.162815826142616549e-13
5.564067639070139558e+04 -6.191291938030639063e-13
5.565479765479626803e+04 -5.797506851415918741e-13
5.566891891889311955e+04 -6.793261777744932310e-13
5.568304018297324365e+04 -7.306131329309189977e-13
5.569716144719059230e+04 -7.547487973003021035e-13
5.571128271129878704e+04 -8.549540477870000688e-13
5.572540397537710669e+04 -9.200407716590205640e-13
5.573952523950555769e+04 -1.031591497078462404e-12
5.575364650357556093e+04 -1.053758809639362324e-12
5.576776776780655200e+04 -1.155147775441361753e-12
5.578188903187599499e+04 -1.124698143260003714e-12
5.579601029601839400e+04 -1.224547746500705902e-12
5.581013156008002989e+04 -1.216469063609809840e-12
5.582425282430561492e+04 -1.243941993899279634e-12
5.583837408841544675e+04 -1.319692808637119058e-12
5.585249535251379712e+04 -1.309016835547643528e-12
5.586661661659048696e+04 -1.254269285184213221e-12
5.588073788068671274e+04 -1.243591673167336836e-12
5.589485914490724826e+04 -1.297717250582124797e-12
5.590898040901625063e+04 -1.246889195097951484e-12
5.592310167307851953e+04 -1.331484891286608774e-12
5.593722293717817229e+04 -1.283693768276306935e-12
5.595134420129708451e+04 -1.311519477688820808e-12
5.596546546550441417e+04 -1.266260497512912644e-12
5.597958672958224633e+04 -1.173627501350232086e-12
5.599370799371965404e+04 -1.229178945603804664e-12
5.600782925780597725e+04 -1.299207035589544769e-12
5.602195052201113140e+04 -1.156024601600844281e-12
5.603607178609843686e+04 -1.053744059292754227e-12
5.605019305018760497e+04 -9.774216686238501536e-13
5.606431431429751683e+04 -1.015194847896138623e-12
5.607843557838879497e+04 -8.504629769766784252e-13
5.609255684260284033e+04 -7.851722066432456587e-13
5.610667810667995218e+04 -7.012001223306315697e-13
5.612079937079983210e+04 -6.725188928148468857e-13
5.613492063490391592e+04 -6.072649983479343605e-13
5.614904189902466896e+04 -5.285710797299252229e-13
5.616316316321404884e+04 -4.879838621102879857e-13
5.617728442731624818e+04 -3.551045452273579219e-13
5.619140569138885621e+04 -2.996366862712311566e-13
5.620552695550816861e+04 -1.668343989761434365e-13
5.621964821961738198e+04 -1.948379320116551733e-13
5.623376948378135421e+04 -1.323759503721792204e-13
5.624789074791339226e+04 -2.102766281281518701e-13
5.626201201200246578e+04 -9.350223135018507600e-14
5.627613327609874977e+04 -7.919931192251345319e-14
5.629025454032223934e+04 1.902242667724287351e-14
5.630437580441534374e+04 1.160436509558385150e-13
5.631849706847944617e+04 1.496605103394395390e-13
5.633261833259285777e+04 1.434940459935458239e-13
5.634673959671068587e+04 1.748278795076904138e-13
5.636086086089357559e+04 1.768593300211084008e-13
5.637498212499557121e+04 1.840148870534464753e-13
5.638910338908930862e+04 1.439324590732871132e-13
5.640322465321483469e+04 1.496982056696602835e-13
5.641734591728019586e+04 1.260509416657460258e-13
5.643146718147382489e+04 1.115783932520810530e-13
5.644558844557673001e+04 1.190060122329688520e-13
5.645970970968651091e+04 4.041042925901376287e-14
5.647383097382113920e+04 -6.149479867426977663e-14
5.648795223798386724e+04 -1.177558984924330677e-13
5.650207350210323057e+04 -1.128792700110492274e-13
5.651619476620183559e+04 -1.996014745023767929e-13
5.653031603031788109e+04 -2.344483489003547394e-13
5.654443729441676987e+04 -3.249384474863559822e-13
5.655855855861165037e+04 -3.423323839921287497e-13
5.657267982269170898e+04 -4.374450773123740152e-13
5.658680108677641692e+04 -4.298937193127181115e-13
5.660092235091540351e+04 -3.832916381317706652e-13
5.661504361501557287e+04 -3.174714942478465713e-13
5.662916487917376799e+04 -3.108903812695246422e-13
5.664328614330856362e+04 -3.399960929821429716e-13
5.665740740741670015e+04 -3.429969690531944804e-13
