5.300000000000045111e+04 -3.436427265479362157e-12
5.301412126408862241e+04 -3.429819570915277301e-12
5.302824252820205584e+04 -3.406557451289762911e-12
5.304236379241290706e+04 -3.346181648214878331e-12
5.305648505649637809e+04 -3.346117945155786694e-12
5.307060632060692296e+04 -3.380328370857372326e-12
5.308472758471302222e+04 -3.425041902618795255e-12
5.309884884880983009e+04 -3.395047029909352132e-12
5.311297011300539452e+04 -3.418128714593789375e-12
5.312709137710068899e+04 -3.461167210486274328e-12
5.314121264120068372e+04 -3.449661288669346620e-12
5.315533390529221651e+04 -3.449048883406841227e-12
5.316945516949650482e+04 -3.324924658793482636e-12
5.318357643359663052e+04 -3.268937519634083192e-12
5.319769769770085259e+04 -3.247647590473495007e-12
5.321181896179555770e+04 -3.172130829641275487e-12
5.322594022588732332e+04 -3.069263080912175633e-12
5.324006149011031812e+04 -3.113120766354181828e-12
5.325418275418957637e+04 -3.129335579172507363e-12
5.326830401830485789e+04 -3.156140994997092194e-12
5.328242528240782121e+04 -3.159473068481037075e-12
5.329654654649511940e+04 -3.043170992624518404e-12
5.331066781071067817e+04 -2.985665495331151059e-12
5.332478907481044735e+04 -2.931202778934761512e-12
5.333891033889207756e+04 -2.942007209023053639e-12
5.335303160298953298e+04 -2.913201443780550320e-12
5.336715286720911536e+04 -2.819359183590159734e-12
5.338127413131144567e+04 -2.751689808196923103e-12
5.339539539540050464e+04 -2.698072520652321209e-12
5.340951665949791641e+04 -2.553999676970951313e-12
5.342363792359564104e+04 -2.466258971588198899e-12
5.343775918778746563e+04 -2.327030739437193232e-12
5.345188045189550030e+04 -2.238632315253165097e-12
5.346600171598776069e+04 -2.173993346957327617e-12
5.348012298010239465e+04 -2.135798704516576492e-12
5.349424424419961724e+04 -2.046917751057311548e-12
5.350836550840068958e+04 -2.016864970922176078e-12
5.352248677250085166e+04 -1.867983707851500226e-12
5.353660803660021338e+04 -1.911477466642681662e-12
5.355072930070506118e+04 -1.899393008560116700e-12
5.356485056488800910e+04 -1.832332394761129846e-12
5.357897182899552718e+04 -1.677210432772938993e-12
5.359309309310126991e+04 -1.533797068591598863e-12
5.360721435719638976e+04 -1.331822325855683006e-12
5.362133562131250073e+04 -1.163089917956358167e-12
5.363545688549443730e+04 -1.076966707829091749e-12
5.364957814958969539e+04 -1.074543399443785790e-12
5.366369941369026492e+04 -8.971207204852240159e-13
5.367782067780209036e+04 -9.749645381708555046e-13
5.369194194189721020e+04 -8.750085939147429554e-13
5.370606320609527029e+04 -8.456901718849874612e-13
5.372018447019396262e+04 -8.301440333268521437e-13
5.373430573431213998e+04 -7.811073014077893546e-13
5.374842699839186389e+04 -5.465164946004766452e-13
5.376254826249556208e+04 -5.560520477866056514e-13
5.377666952669840248e+04 -5.766802965737214664e-13
5.379079079080588417e+04 -5.218592779808603927e-13
5.380491205489416461e+04 -3.872507280943750889e-13
5.381903331900149351e+04 -3.228158052208249860e-13
5.383315458320816833e+04 -2.792767573450226875e-13
5.384727584729843511e+04 -2.546209101577708479e-13
5.386139711140201689e+04 -1.310953720291243831e-13
5.387551837548730691e+04 -5.849413270059532106e-14
5.388963963961052650e+04 -6.857520905072093610e-14
5.390376090379655943e+04 -7.147116723492076624e-14
5.391788216790697334e+04 -9.104622471725781743e-14
5.393200343200318457e+04 -8.542010748154134901e-14
5.394612469609714026e+04 -6.280813809807438756e-14
5.396024596019060118e+04 -2.696843024100939116e-14
5.397436722441054008e+04 1.939683258500862028e-14
5.398848848849926435e+04 5.355810544637392800e-14
5.400260975260809937e+04 1.074196410348163884e-13
5.401673101669124298e+04 1.321319283987987424e-13
5.403085228089195152e+04 1.505605753589841381e-13
5.404497354499054927e+04 1.442032790573049040e-13
5.405909480909522244e+04 1.350066603813512325e-13
5.407321607321092597e+04 1.557218681236029259e-13
5.408733733731145185e+04 1.674971279416182146e-13
5.410145860150740918e+04 1.823613380906085044e-13
5.411557986561354483e+04 1.519071186395250752e-13
5.412970112971019262e+04 1.875149033440284837e-13
5.414382239381091495e+04 2.347196282093899626e-13
5.415794365790176380e+04 2.515247152850469118e-13
5.417206492209128191e+04 2.502516322691933469e-13
5.418618618620383495e+04 1.051740654070829754e-13
5.420030745031168044e+04 1.356694656456942181e-13
5.421442871439977898e+04 1.079001161615065769e-13
5.422854997848906351e+04 9.228699463149645056e-15
5.424267124271088687e+04 6.861667717450375745e-14
5.425679250680694531e+04 7.221339346285840943e-14
5.427091377088848822e+04 4.493860469539422389e-14
5.428503503500863008e+04 9.280417849314962805e-14
5.429915629919536877e+04 1.775842689207859142e-13
5.431327756331265118e+04 1.940201961576544505e-13
5.432739882739862514e+04 1.669839820713786478e-13
5.434152009149723744e+04 2.593694107675997555e-13
5.435564135560774594e+04 3.061977373659612528e-13
5.436976261980023992e+04 2.501879536642513269e-13
5.438388388390792534e+04 3.518630246206040564e-13
5.439800514799769007e+04 4.379522923885541918e-13
5.441212641211257869e+04 3.504845931292934055e-13
5.442624767620697094e+04 3.540771033039575626e-13
5.444036894039771141e+04 2.929420233454916247e-13
5.445449020449559612e+04 3.237865310204133488e-13
5.446861146860419831e+04 4.335019306542253093e-13
5.448273273269184574e+04 4.717828473339302069e-13
5.449685399688916368e+04 4.926524096669630539e-13
5.451097526100296091e+04 4.401454383200526817e-13
5.452509652510969318e+04 4.673658410593329091e-13
5.453921778920359793e+04 3.911346277993150684e-13
5.455333905330599373e+04 4.856765212029896836e-13
5.456746031750774273e+04 4.432918069937327148e-13
5.458158158159249433e+04 5.205898080655753089e-13
5.459570284569974319e+04 4.677876262275510855e-13
5.460982410979946872e+04 5.167411162221812007e-13
5.462394537389674224e+04 4.943597005589114141e-13
5.463806663810397004e+04 5.576636679327074533e-13
5.465218790219446964e+04 5.866553336186704352e-13
5.466630916628855630e+04 5.943464570432217394e-13
5.468043043040012708e+04 6.141527529619381214e-13
5.469455169460816251e+04 5.858952986564590295e-13
5.470867295870203088e+04 5.299661158310504603e-13
5.472279422279578284e+04 6.784513194986384966e-13
5.473691548688786861e+04 6.382357861545040033e-13
5.475103675099787506e+04 7.113752124022206348e-13
5.476515801519216620e+04 5.690917766463613084e-13
5.477927927930144506e+04 6.227977838448531248e-13
5.479340054339507333e+04 5.563893133010869841e-13
5.480752180750419939e+04 5.136833693857937322e-13
5.482164307160985481e+04 6.302118906654169196e-13
5.483576433579887816e+04 6.819341772675576147e-13
5.484988559989663918e+04 7.567607441881472547e-13
5.486400686399902770e+04 8.027269152965561745e-13
5.487812812808885064e+04 8.619816668021789664e-13
5.489224939220379747e+04 7.767155257017977102e-13
5.490637065641042136e+04 8.337138439373698244e-13
5.492049192048946861e+04 8.829617618903339749e-13
5.493461318460838811e+04 8.728559379410527189e-13
5.494873444869791274e+04 1.012073018999948772e-12
5.496285571290435473e+04 1.043094965982650693e-12
5.497697697698884440e+04 1.122175381093285554e-12
5.499109824109556939e+04 1.164173524109407483e-12
5.500521950520847167e+04 1.250612486213252785e-12
5.501934076930961601e+04 1.318965941980778672e-12
5.503346203350567521e+04 1.335534117257403900e-12
5.504758329760908236e+04 1.382354422894774239e-12
5.506170456168967212e+04 1.425068583404253666e-12
5.507582582579026348e+04 1.391783747256069138e-12
5.508994708991068183e+04 1.509602078189710361e-12
5.510406835410439089e+04 1.500562846419059043e-12
5.511818961819342803e+04 1.515105044329233385e-12
5.513231088229586749e+04 1.430436758272485938e-12
5.514643214640380756e+04 1.462778642421221565e-12
5.516055341060351930e+04 1.522577645475074074e-12
5.517467467470578413e+04 1.598269498016734849e-12
5.518879593879187451e+04 1.542848765864888263e-12
5.520291720290817466e+04 1.491071701968173676e-12
5.521703846699869609e+04 1.482198758413192790e-12
5.523115973119094997e+04 1.467867648720322452e-12
5.524528099530727195e+04 1.483740543622250282e-12
5.525940225940999517e+04 1.445144266232356333e-12
5.527352352350152069e+04 1.470095323910721973e-12
5.528764478761166538e+04 1.413122437990487543e-12
5.530176605179965554e+04 1.382874807193225299e-12
5.531588731590026146e+04 1.460343791677416161e-12
5.533000858000307926e+04 1.433230595928944672e-12
5.534412984408852935e+04 1.408994968844351781e-12
5.535825110831359780e+04 1.372388672313045966e-12
5.537237237238782836e+04 1.276768253105852185e-12
5.538649363648922736e+04 1.335967249150926808e-12
5.540061490059062635e+04 1.406715646490497026e-12
5.541473616469332046e+04 1.356901566071473562e-12
5.542885742888796813e+04 1.360349209865309695e-12
5.544297869299669401e+04 1.377966174699828199e-12
5.545709995710069779e+04 1.481960477181796655e-12
5.547122122120299900e+04 1.474959743302070249e-12
5.548534248531245976e+04 1.387932120914751389e-12
5.549946374950430618e+04 1.371935194567252992e-12
5.551358501361151866e+04 1.420070546540784337e-12
5.552770627771075669e+04 1.507334102561160137e-12
5.554182754179542826e+04 1.583768187444295959e-12
5.555594880590972025e+04 1.554861817831312270e-12
5.557007007009194058e+04 1.416014287877594412e-12
5.558419133420645812e+04 1.526652880558169854e-12
5.559831259828798648e+04 1.528447423855046467e-12
5.561243386239029496e+04 1.536029188323645107e-12
5.562655512660429667e+04 1.570326621888665245e-12
5.564067639068801509e+04 1.545692881252437817e-12
5.565479765479090565e+04 1.525897149526246402e-12
5.566891891890478291e+04 1.607912845093257292e-12
5.568304018301203905e+04 1.656510282673157718e-12
5.569716144719584554e+04 1.648797443963971733e-12
5.571128271130245412e+04 1.587172009402472898e-12
5.572540397539280821e+04 1.544881003493576060e-12
5.573952523949224269e+04 1.472710939726620796e-12
5.575364650359275402e+04 1.393130877436194773e-12
5.576776776779675856e+04 1.369587791861570655e-12
5.578188903190189740e+04 1.363509468495827966e-12
5.579601029600126640e+04 1.297850664354943382e-12
5.581013156011226238e+04 1.206445749231593179e-12
5.582425282430194784e+04 1.278829835713776190e-12
5.583837408840384887e+04 1.152116454674129568e-12
5.585249535248750180e+04 1.112814723983402986e-12
5.586661661660406389e+04 1.089136260237903570e-12
5.588073788069827424e+04 1.029455224000579632e-12
5.589485914490990399e+04 9.278691661479093999e-13
5.590898040899424814e+04 8.147849628978086703e-13
5.592310167309607641e+04 6.917753095041304719e-13
5.593722293719272420e+04 6.592692891048684904e-13
5.595134420129411592e+04 6.388850927283984322e-13
5.596546546549637424e+04 5.716880247759644434e-13
5.597958672959935939e+04 6.134549293557069153e-13
5.599370799369385350e+04 6.022901429223971473e-13
5.600782925780629739e+04 5.527073009397531398e-13
5.602195052200034115e+04 5.033028764308638593e-13
5.603607178610928531e+04 5.166877083599717221e-13
5.605019305021021137e+04 4.731342814443437948e-13
5.606431431429400254e+04 4.038185059910732185e-13
5.607843557841142319e+04 3.483633423969230093e-13
5.609255684260856651e+04 3.600410790672774280e-13
5.610667810669768369e+04 2.639350982703259419e-13
5.612079937080205127e+04 1.996465090265658098e-13
5.613492063490074361e+04 1.982880321211355945e-13
5.614904189900804340e+04 1.495066993380232183e-13
5.616316316318985628e+04 9.616672184720128293e-14
5.617728442729877861e+04 4.217939411443398530e-14
5.619140569140787557e+04 1.072931641743093952e-13
5.620552695550247154e+04 3.227839812021973288e-14
5.621964821960526024e+04 1.703700717144985065e-14
5.623376948379235546e+04 9.669297514149957422e-14
5.624789074789117149e+04 1.123189809514554895e-13
5.626201201200078503e+04 1.567065878101644264e-13
5.627613327609802946e+04 8.050784966050108575e-14
5.629025454029732646e+04 9.749311490866685563e-14
5.630437580440941383e+04 1.557534628845803160e-13
5.631849706848719507e+04 1.794994200823223898e-13
5.633261833259192645e+04 6.649073124545561388e-14
5.634673959668969474e+04 1.616741058952284293e-13
5.636086086090165190e+04 2.713304243041786464e-13
5.637498212500008958e+04 1.445933716479483079e-13
5.638910338909295388e+04 8.976208231235469275e-14
5.640322465319279581e+04 1.707264450899385979e-13
5.641734591730950342e+04 2.296895075019559531e-13
5.643146718148978107e+04 2.308942167161897128e-13
5.644558844561222941e+04 1.345652140770448937e-13
5.645970970968742040e+04 1.308474008410431644e-13
5.647383097379976243e+04 1.297608540765328663e-13
5.648795223801060638e+04 1.541946575875659283e-13
5.650207350210098230e+04 2.169604380421743981e-13
5.651619476620620117e+04 2.587441670766787990e-13
5.653031603029188409e+04 2.246609518600811465e-13
5.654443729440860625e+04 1.592525582086766653e-13
5.655855855859764415e+04 7.200054454680022304e-14
5.657267982270214270e+04 1.326730498159099276e-13
5.658680108680115518e+04 1.330103214439286014e-13
5.660092235088955204e+04 1.134822159283690993e-13
5.661504361499294464e+04 1.159659749709010882e-13
5.662916487918742496e+04 9.322400732941881982e-14
5.664328614329612174e+04 -1.088337113920554190e-14
5.665740740740338515e+04 4.910559174690111312e-14
