5.300000000000106229e+04 -2.436320493044558770e-13
5.301412126409382472e+04 -2.285876461939854360e-13
5.302824252822953713e+04 -2.807435335457693527e-13
5.304236379236953508e+04 -4.414566115556803158e-13
5.305648505652941094e+04 -5.182643720959809718e-13
5.307060632061582146e+04 -5.302599066409201359e-13
5.308472758468243410e+04 -5.181778871076740633e-13
5.309884884878115554e+04 -4.915782683459552104e-13
5.311297011301723978e+04 -4.556343314467845960e-13
5.312709137710359937e+04 -5.111578151521207419e-13
5.314121264117622923e+04 -5.181552204043616815e-13
5.315533390529594180e+04 -5.734180976277640501e-13
5.316945516948220029e+04 -6.098068231248212226e-13
5.318357643362768431e+04 -5.524662455726617030e-13
5.319769769771301071e+04 -5.618882001992662271e-13
5.321181896178673924e+04 -6.107370064468492647e-13
5.322594022587880318e+04 -5.584980129000998073e-13
5.324006149009535875e+04 -5.144856387140987545e-13
5.325418275420967984e+04 -4.827519510459659997e-13
5.326830401827172318e+04 -4.095629842350304076e-13
5.328242528238834348e+04 -4.280579232270825071e-13
5.329654654653235775e+04 -3.344354688354585981e-13
5.331066781070955767e+04 -2.763924659052494441e-13
5.332478907477987377e+04 -2.116136945094292301e-13
5.333891033888318634e+04 -2.221612267133536167e-13
5.335303160296990973e+04 -2.280163876946626557e-13
5.336715286716958508e+04 -1.512775969628366086e-13
5.338127413128796616e+04 -1.466588016167486068e-13
5.339539539543350111e+04 -2.023833765562839501e-13
5.340951665953126940e+04 -2.593357110565206894e-13
5.342363792360985099e+04 -2.629974139461669845e-13
5.343775918779319181e+04 -2.509663641922945147e-13
5.345188045192584104e+04 -3.276222456991704394e-13
5.346600171597472217e+04 -3.208322953277805961e-13
5.348012298009020014e+04 -3.179856240588427342e-13
5.349424424421676667e+04 -3.644512749383786855e-13
5.350836550840818381e+04 -3.390355974847010971e-13
5.352248677250537003e+04 -3.678836441239232262e-13
5.353660803662270337e+04 -4.786101261679754795e-13
5.355072930067444395e+04 -5.863567246065107938e-13
5.356485056488245027e+04 -6.027710541741932509e-13
5.357897182901921042e+04 -6.214539934701893211e-13
5.359309309310732351e+04 -6.877064642182660595e-13
5.360721435718660359e+04 -7.070871016119416738e-13
5.362133562126797187e+04 -7.888835974903591894e-13
5.363545688553427317e+04 -9.205010224001317039e-13
5.364957814962421253e+04 -8.738784015698495527e-13
5.366369941369965090e+04 -8.344734893782802603e-13
5.367782067778878991e+04 -8.235365019992612515e-13
5.369194194192170835e+04 -8.322928797922384908e-13
5.370606320608071110e+04 -8.949024355598316640e-13
5.372018447023423505e+04 -9.513876177896623797e-13
5.373430573433275276e+04 -1.020812942152204370e-12
5.374842699842849834e+04 -1.019545546163785613e-12
5.376254826252403291e+04 -1.064789982947747958e-12
5.377666952671108447e+04 -1.026669678893636806e-12
5.379079079077129427e+04 -1.066190227635794313e-12
5.380491205493368034e+04 -1.009166620293056659e-12
5.381903331900625926e+04 -1.115637822730239256e-12
5.383315458320717880e+04 -1.220945629347142556e-12
5.384727584727973590e+04 -1.165681297575933967e-12
5.386139711143404566e+04 -1.172527369250177647e-12
5.387551837548836193e+04 -1.203174691525597732e-12
5.388963963963359856e+04 -1.256927263276955656e-12
5.390376090382369148e+04 -1.385903714220042217e-12
5.391788216790627484e+04 -1.524435574550946733e-12
5.393200343200011412e+04 -1.480769322136649054e-12
5.394612469613122812e+04 -1.481256838076341205e-12
5.396024596019901946e+04 -1.531446252551918791e-12
5.397436722441517486e+04 -1.582953729764495871e-12
5.398848848849950446e+04 -1.616110874279414784e-12
5.400260975263164437e+04 -1.522641632256704448e-12
5.401673101668091113e+04 -1.554029319365451258e-12
5.403085228089459270e+04 -1.478328833342576466e-12
5.404497354497673950e+04 -1.486075270108822234e-12
5.405909480909058038e+04 -1.440706227062800504e-12
5.407321607321939518e+04 -1.364171557873102968e-12
5.408733733729398955e+04 -1.302284912365162683e-12
5.410145860152663954e+04 -1.360653491579313344e-12
5.411557986563184386e+04 -1.336225330873689148e-12
5.412970112969175534e+04 -1.341319642140068613e-12
5.414382239378615486e+04 -1.300221393877515348e-12
5.415794365791055316e+04 -1.281640515352583509e-12
5.417206492212060402e+04 -1.336132239814096088e-12
5.418618618622502254e+04 -1.329438410810228872e-12
5.420030745032725099e+04 -1.303400550532473886e-12
5.421442871441299940e+04 -1.205282088872063711e-12
5.422854997847950290e+04 -1.227230730417483740e-12
5.424267124268422049e+04 -1.175193312954202186e-12
5.425679250678875542e+04 -1.180619745969650847e-12
5.427091377090933383e+04 -1.179355259076844328e-12
5.428503503497281781e+04 -1.087633413818579849e-12
5.429915629922398512e+04 -1.008341164413070835e-12
5.431327756328137184e+04 -1.054432875294110999e-12
5.432739882737596054e+04 -9.980022386070106719e-13
5.434152009151769016e+04 -9.175007751253286885e-13
5.435564135557168629e+04 -9.671250977782198736e-13
5.436976261976941896e+04 -1.044648617051459744e-12
5.438388388391689659e+04 -9.527221654017978948e-13
5.439800514798388758e+04 -9.905195598429454754e-13
5.441212641208815330e+04 -1.019253182054750954e-12
5.442624767617626640e+04 -1.191676733542676631e-12
5.444036894040354673e+04 -1.198821957215716657e-12
5.445449020447240036e+04 -1.190318670741008346e-12
5.446861146862400346e+04 -1.153068671124239076e-12
5.448273273269488709e+04 -1.025701192479380346e-12
5.449685399689793121e+04 -9.654528526504249367e-13
5.451097526102604752e+04 -9.462712458815564667e-13
5.452509652507564897e+04 -8.586032253590107651e-13
5.453921778919898497e+04 -8.107806025886611692e-13
5.455333905330471316e+04 -7.480202586984978543e-13
5.456746031752877025e+04 -7.161903890566838592e-13
5.458158158161710162e+04 -7.218834891699252296e-13
5.459570284572009405e+04 -7.048575222497597410e-13
5.460982410978317785e+04 -6.682092205754647168e-13
5.462394537392716302e+04 -6.317902526052714973e-13
5.463806663808452140e+04 -5.693460304383097616e-13
5.465218790222497046e+04 -4.976019144481423295e-13
5.466630916630532010e+04 -4.331242344481936168e-13
5.468043043041080091e+04 -3.715566197590670987e-13
5.469455169459250465e+04 -2.619031091466791702e-13
5.470867295867011126e+04 -2.950027990232555057e-13
5.472279422279491700e+04 -3.165873187678712050e-13
5.473691548693152436e+04 -1.282505294314791808e-13
5.475103675100524561e+04 -1.723495098181042683e-13
5.476515801521049434e+04 -1.854801977134203743e-13
5.477927927927087148e+04 -8.017675473993564729e-14
5.479340054340996721e+04 -2.525157503219271315e-14
5.480752180751432024e+04 9.265552468151587279e-14
5.482164307162442128e+04 2.835258255148197149e-15
5.483576433578077558e+04 5.894540957562846138e-14
5.484988559991386137e+04 4.995727383220589750e-14
5.486400686401881103e+04 1.107690085114070955e-13
5.487812812810358446e+04 1.021959037420038251e-13
5.489224939219201769e+04 1.997824857546344480e-13
5.490637065637148771e+04 2.615139794965863598e-13
5.492049192049079284e+04 2.642000444452626220e-13
5.493461318462534109e+04 2.811508597287773930e-13
5.494873444869186642e+04 2.994723438949469690e-13
5.496285571288502979e+04 3.379301030400831387e-13
5.497697697698466072e+04 3.973280172517139348e-13
5.499109824109703186e+04 3.930264345396822027e-13
5.500521950520061364e+04 3.709013078604502349e-13
5.501934076928873401e+04 3.911534618146394973e-13
5.503346203350010910e+04 3.247325059456845274e-13
5.504758329758615582e+04 3.609308674986128103e-13
5.506170456171579281e+04 3.411708355521684101e-13
5.507582582579882001e+04 2.794553418360840902e-13
5.508994708986947080e+04 3.020638632362240015e-13
5.510406835407451581e+04 3.869546671475751062e-13
5.511818961818649404e+04 4.090293695028607913e-13
5.513231088229280431e+04 5.008210330558201664e-13
5.514643214641919621e+04 5.060481930218271279e-13
5.516055341057147598e+04 6.164362502763170006e-13
5.517467467473092984e+04 7.282851583774425494e-13
5.518879593877640582e+04 7.342740165445994225e-13
5.520291720290339435e+04 7.931541117372436094e-13
5.521703846696998517e+04 8.320201139666370555e-13
5.523115973121948628e+04 8.312884764201474512e-13
5.524528099528316670e+04 8.126479614351639057e-13
5.525940225940047821e+04 8.960963387720904837e-13
5.527352352348824934e+04 9.429463539093996137e-13
5.528764478759792837e+04 9.834312678470294751e-13
5.530176605178998580e+04 9.613706261205366316e-13
5.531588731592626573e+04 9.127955172851426485e-13
5.533000858001973393e+04 9.648469953772168922e-13
5.534412984408699413e+04 9.712285814520322825e-13
5.535825110827104800e+04 9.154554003733082553e-13
5.537237237236823421e+04 8.319604775065852485e-13
5.538649363651488966e+04 8.141791154257631336e-13
5.540061490059689822e+04 9.552974041806234156e-13
5.541473616467844840e+04 8.574848824087718828e-13
5.542885742888710229e+04 8.548899691226138543e-13
5.544297869299833837e+04 8.451764988731949588e-13
5.545709995708287897e+04 7.794939684404915851e-13
5.547122122117096296e+04 6.918787964882357997e-13
5.548534248528660828e+04 7.031806329419621976e-13
5.549946374949215533e+04 7.523986519076710838e-13
5.551358501357205387e+04 7.401697836521633369e-13
5.552770627771248110e+04 7.234046656385660797e-13
5.554182754178788309e+04 7.598197548146096473e-13
5.555594880590492539e+04 7.383370534164239264e-13
5.557007007009629160e+04 7.977146039587686460e-13
5.558419133419417631e+04 8.198654276492425122e-13
5.559831259828413022e+04 8.051551008364557720e-13
5.561243386239536630e+04 8.195551241172654109e-13
5.562655512663410627e+04 7.805751823097241222e-13
5.564067639067537675e+04 8.021655202455644003e-13
5.565479765479636990e+04 7.848641589407693845e-13
5.566891891887810198e+04 8.303759900964273979e-13
5.568304018300132157e+04 9.302374848778647678e-13
5.569716144718744908e+04 8.586688843229718114e-13
5.571128271129058703e+04 8.385680033406213972e-13
5.572540397538523393e+04 9.193749218615933159e-13
5.573952523951028707e+04 9.548241912943584094e-13
5.575364650362946122e+04 8.493975966066202019e-13
5.576776776780993532e+04 7.436800923576536576e-13
5.578188903189210396e+04 9.465429657847209013e-13
5.579601029599484173e+04 9.630239621268518135e-13
5.581013156011263345e+04 1.000308870890968354e-12
5.582425282430597872e+04 9.752470121911350826e-13
5.583837408839636191e+04 1.006907669438167685e-12
5.585249535251994530e+04 9.896897022075915994e-13
5.586661661657180957e+04 9.573764378448695599e-13
5.588073788067782152e+04 9.243320207849266226e-13
5.589485914492653683e+04 9.340988244539040398e-13
5.590898040902146749e+04 9.599335328880677754e-13
5.592310167312745762e+04 9.550026158252452250e-13
5.593722293720886228e+04 9.576964383622208920e-13
5.595134420133147796e+04 1.033866258477210836e-12
5.596546546550100174e+04 1.152954935858775793e-12
5.597958672958814714e+04 1.077619056485974138e-12
5.599370799373355112e+04 1.167482959346526066e-12
5.600782925782292295e+04 1.205219747629084325e-12
5.602195052199504426e+04 1.161578464952125333e-12
5.603607178609052062e+04 1.047512825994438776e-12
5.605019305018609157e+04 9.963631675421727396e-13
5.606431431426908966e+04 9.368168894543154352e-13
5.607843557840659923e+04 9.612513532004328156e-13
5.609255684260211274e+04 9.498874560403109772e-13
5.610667810672469204e+04 1.034062137581771489e-12
5.612079937080818490e+04 9.704857923723622270e-13
5.613492063487949781e+04 1.114879722786655153e-12
5.614904189901200152e+04 1.163191073619868564e-12
5.616316316317559540e+04 1.036247838085134677e-12
5.617728442731307587e+04 1.027062853538614135e-12
5.619140569141304877e+04 1.032325407501237377e-12
5.620552695550723729e+04 9.801439898051477748e-13
5.621964821956783999e+04 9.781978048405292282e-13
5.623376948377014196e+04 9.730215540477371549e-13
5.624789074792198517e+04 9.834894497592752636e-13
5.626201201202821539e+04 9.605774127169202933e-13
5.627613327611239947e+04 9.391994387607766889e-13
5.629025454030716355e+04 9.509298819680464902e-13
5.630437580436933786e+04 9.213598947677089875e-13
5.631849706846941262e+04 9.396590758675177115e-13
5.633261833259473497e+04 8.626805271723125186e-13
5.634673959668111638e+04 8.121970516152598019e-13
5.636086086089441960e+04 9.349686440419772151e-13
5.637498212498730572e+04 9.227339575952447884e-13
5.638910338912426232e+04 8.908240878240930108e-13
5.640322465318836475e+04 9.195388009144187348e-13
5.641734591731494584e+04 8.672827164309471212e-13
5.643146718151742243e+04 7.406245722662171936e-13
5.644558844557825796e+04 7.415079676338143526e-13
5.645970970969420887e+04 7.437082136152390379e-13
5.647383097382678534e+04 8.158819060574871853e-13
5.648795223801193788e+04 7.469964613556582521e-13
5.650207350210494769e+04 7.788636643911632527e-13
5.651619476620665955e+04 8.288952604297744527e-13
5.653031603028844256e+04 8.966674912106357155e-13
5.654443729440909374e+04 9.695480938866691333e-13
5.655855855857987626e+04 8.867368084888328794e-13
5.657267982268173364e+04 9.405550773161014412e-13
5.658680108678249235e+04 8.970592494197567188e-13
5.660092235093157069e+04 8.349306641267279566e-13
5.661504361498865910e+04 7.196887808431409761e-13
5.662916487916887854e+04 7.626813351985603851e-13
5.664328614331048448e+04 7.397295405161708768e-13
5.665740740739286412e+04 7.617203639479689760e-13
