5.300000000000086584e+04 -1.464090902921192361e-13
5.301412126411413919e+04 -1.136888392582479244e-13
5.302824252820404217e+04 -1.162398172467942318e-13
5.304236379240965471e+04 -9.399764847267140405e-14
5.305648505649892468e+04 -1.009770095081023600e-13
5.307060632060930220e+04 -6.589265398614389093e-14
5.308472758469183464e+04 -6.547571786990731050e-14
5.309884884878539015e+04 -3.757967490174418510e-14
5.311297011301389284e+04 -4.661625597637957951e-14
5.312709137709909555e+04 -6.358912706689306627e-14
5.314121264118821273e+04 -2.363429633367463771e-14
5.315533390529535245e+04 -1.033703633410785494e-13
5.316945516950883029e+04 -7.410561218552343089e-14
5.318357643361150258e+04 -3.300298602364050828e-16
5.319769769770108542e+04 1.565754924872541291e-14
5.321181896180064359e+04 -6.470198809204897310e-14
5.322594022588897496e+04 -1.457608667941484543e-13
5.324006149008383363e+04 -1.428281002492570210e-13
5.325418275418553822e+04 -1.716074250870447204e-13
5.326830401830680057e+04 -2.322789141338422326e-13
5.328242528240805404e+04 -3.453610392330107813e-13
5.329654654650746670e+04 -4.244094968477282514e-13
5.331066781070292927e+04 -5.152822962388257253e-13
5.332478907481314673e+04 -5.618810310580478663e-13
5.333891033891848201e+04 -5.866593355911617562e-13
5.335303160299370938e+04 -6.565739399297284935e-13
5.336715286721314624e+04 -7.814239386485324727e-13
5.338127413130244531e+04 -7.767833004382684347e-13
5.339539539539413818e+04 -7.322819450893601012e-13
5.340951665949113521e+04 -7.969645426446334246e-13
5.342363792358544742e+04 -8.761212953544772930e-13
5.343775918779976200e+04 -1.039807268874292195e-12
5.345188045191421406e+04 -9.949172759488856263e-13
5.346600171601309557e+04 -1.010702962059075998e-12
5.348012298010987433e+04 -1.168452881754543602e-12
5.349424424420507421e+04 -1.068362493772671059e-12
5.350836550841348799e+04 -1.046438151764334317e-12
5.352248677250573382e+04 -1.037573940382774964e-12
5.353660803660691454e+04 -9.972726942678845242e-13
5.355072930070754956e+04 -9.862914426993366897e-13
5.356485056488322880e+04 -9.754126847029619824e-13
5.357897182900734333e+04 -9.972384008210944787e-13
5.359309309308979573e+04 -9.719705766734627925e-13
5.360721435721046873e+04 -1.048641956950156267e-12
5.362133562130631617e+04 -9.595991512825962328e-13
5.363545688549512852e+04 -9.599860484022085319e-13
5.364957814961016993e+04 -8.534865890912043702e-13
5.366369941368729633e+04 -8.896513493404639394e-13
5.367782067780456418e+04 -9.035875099331745162e-13
5.369194194189642440e+04 -8.862974244598532792e-13
5.370606320608556416e+04 -8.075529666478834702e-13
5.372018447018723964e+04 -7.811312840462266642e-13
5.373430573429521610e+04 -7.941252773113376819e-13
5.374842699841368449e+04 -8.441100387715115498e-13
5.376254826250158658e+04 -7.029774212708925156e-13
5.377666952669616148e+04 -6.738782713649680925e-13
5.379079079079967050e+04 -6.326133278261850125e-13
5.380491205489513959e+04 -6.023528419477624476e-13
5.381903331899998739e+04 -7.082150361930407465e-13
5.383315458321361803e+04 -7.007312005061460512e-13
5.384727584730675881e+04 -6.881981060089836349e-13
5.386139711139753490e+04 -5.832669917363277322e-13
5.387551837550688651e+04 -5.121826069862975099e-13
5.388963963961090485e+04 -6.054783157467493317e-13
5.390376090378668596e+04 -7.378575954155814501e-13
5.391788216788783029e+04 -7.515107706109081182e-13
5.393200343200652424e+04 -8.057769270878106997e-13
5.394612469611186680e+04 -8.628202081410436001e-13
5.396024596018665034e+04 -8.638673185727299044e-13
5.397436722441732854e+04 -8.475453138961991642e-13
5.398848848850135255e+04 -9.279618995460134544e-13
5.400260975260556006e+04 -9.290739870347756077e-13
5.401673101670966571e+04 -9.986391463074612905e-13
5.403085228090914461e+04 -9.665337761299213259e-13
5.404497354501228256e+04 -1.045068605579182284e-12
5.405909480908712430e+04 -9.879368835315963155e-13
5.407321607320513431e+04 -9.889566623440364189e-13
5.408733733728617517e+04 -9.811726945363628930e-13
5.410145860149904911e+04 -9.202742370193629267e-13
5.411557986560483550e+04 -9.084858002239267362e-13
5.412970112970589980e+04 -7.769957006397216775e-13
5.414382239378664963e+04 -7.029852855575623449e-13
5.415794365791848395e+04 -6.919585242645150329e-13
5.417206492209876160e+04 -6.297392533551701479e-13
5.418618618619737390e+04 -5.304184696237224470e-13
5.420030745030417165e+04 -5.334248188180702576e-13
5.421442871439015289e+04 -3.646363413995505970e-13
5.422854997849224310e+04 -3.720576495612830107e-13
5.424267124271099601e+04 -3.491467908054378556e-13
5.425679250679016695e+04 -4.128036791025855353e-13
5.427091377091527102e+04 -3.889055300628381509e-13
5.428503503500790976e+04 -3.413797118756947133e-13
5.429915629918689956e+04 -2.594815461863657841e-13
5.431327756328757096e+04 -3.504563879200733422e-13
5.432739882738837332e+04 -2.944193487923898149e-13
5.434152009150369122e+04 -2.395204395453916477e-13
5.435564135559675924e+04 -2.151981347163992495e-13
5.436976261978988623e+04 -1.053982534586862561e-13
5.438388388388344902e+04 -4.028582751394703690e-14
5.439800514801818645e+04 4.113661329321959171e-14
5.441212641211273876e+04 1.014190779953220300e-13
5.442624767620910279e+04 2.902560716673106915e-13
5.444036894039537583e+04 3.702185914539878547e-13
5.445449020449002273e+04 3.474162856387336361e-13
5.446861146860079316e+04 3.334227544301525013e-13
5.448273273270988284e+04 4.157167129076219641e-13
5.449685399688936013e+04 4.938384739226150965e-13
5.451097526099131937e+04 5.254560004811570661e-13
5.452509652509304578e+04 6.630619366398925217e-13
5.453921778918664495e+04 7.795725039589371093e-13
5.455333905331228016e+04 6.977926893378534875e-13
5.456746031751586270e+04 8.127964077618537934e-13
5.458158158160719904e+04 8.671907134346559016e-13
5.459570284570955846e+04 8.677360565922567237e-13
5.460982410981256544e+04 9.947992073949737793e-13
5.462394537389867764e+04 1.104239909920517734e-12
5.463806663810581813e+04 1.135274190038164594e-12
5.465218790221777454e+04 1.251937917563173763e-12
5.466630916629217973e+04 1.223770363320801014e-12
5.468043043038757605e+04 1.248426578026433136e-12
5.469455169459078024e+04 1.233496809935937932e-12
5.470867295870886301e+04 1.359637389666364170e-12
5.472279422280122526e+04 1.422937419840523858e-12
5.473691548689889896e+04 1.233428996578751658e-12
5.475103675100392866e+04 1.228436592693425216e-12
5.476515801520044624e+04 1.251613032277794618e-12
5.477927927931158774e+04 1.279536922556133110e-12
5.479340054341831274e+04 1.348042079123903255e-12
5.480752180749340187e+04 1.260965345123816302e-12
5.482164307158968586e+04 1.299316248144573723e-12
5.483576433578460274e+04 1.431777393748411973e-12
5.484988559989732312e+04 1.445830229413847904e-12
5.486400686401673011e+04 1.357898479853191871e-12
5.487812812811558979e+04 1.433702210141551266e-12
5.489224939221508976e+04 1.345125073383034699e-12
5.490637065641857043e+04 1.398030837188778273e-12
5.492049192050976126e+04 1.397875098528167906e-12
5.493461318460918847e+04 1.360353684366985840e-12
5.494873444868479419e+04 1.332261163154807648e-12
5.496285571289001382e+04 1.280889322017889917e-12
5.497697697699192940e+04 1.302757969405876105e-12
5.499109824110510817e+04 1.151439553594958983e-12
5.500521950519483653e+04 1.166192439696747648e-12
5.501934076929395815e+04 1.223087846376040111e-12
5.503346203350165160e+04 1.160610858924840910e-12
5.504758329758699256e+04 1.128534883130263957e-12
5.506170456169868703e+04 1.082258068373578064e-12
5.507582582578768779e+04 1.098957945578460549e-12
5.508994708990262006e+04 1.026794477559135326e-12
5.510406835409341147e+04 1.120489588944231873e-12
5.511818961820572440e+04 1.156265131464697895e-12
5.513231088231216563e+04 1.139037702439271057e-12
5.514643214640919177e+04 1.046074614328136041e-12
5.516055341059660714e+04 1.091011664050829720e-12
5.517467467471592681e+04 1.134068762491222238e-12
5.518879593879060849e+04 1.145184222624087257e-12
5.520291720288998476e+04 1.230075716311802444e-12
5.521703846698711277e+04 1.201284949581523690e-12
5.523115973118375405e+04 1.238508552231108173e-12
5.524528099528498569e+04 1.189533126842058793e-12
5.525940225939156517e+04 1.233373044112936363e-12
5.527352352350562433e+04 1.129401243891274941e-12
5.528764478760735074e+04 1.001233740963733293e-12
5.530176605178840691e+04 9.960948808545216777e-13
5.531588731588453811e+04 9.750593321626149857e-13
5.533000858001456072e+04 9.749899717326412801e-13
5.534412984409354976e+04 9.530068409583787166e-13
5.535825110829128971e+04 9.630759641959513490e-13
5.537237237240340619e+04 8.916112573856558648e-13
5.538649363650957093e+04 9.275260364569986776e-13
5.540061490059502830e+04 9.056638352056272580e-13
5.541473616471228161e+04 8.523047790731404745e-13
5.542885742890154506e+04 8.513744726369119958e-13
5.544297869300339516e+04 7.875938185167626964e-13
5.545709995711045485e+04 6.840634497304736055e-13
5.547122122119524283e+04 6.132325270721321122e-13
5.548534248528579337e+04 5.975364422608854328e-13
5.549946374949098390e+04 5.644925145922502520e-13
5.551358501358419016e+04 5.487799276712700973e-13
5.552770627769090061e+04 4.874235366091643249e-13
5.554182754179018957e+04 4.270717114770880737e-13
5.555594880590080720e+04 4.385633681427850868e-13
5.557007007009157678e+04 3.218723089985297680e-13
5.558419133419665741e+04 3.205547186744920820e-13
5.559831259830652562e+04 3.691735437860182096e-13
5.561243386238659150e+04 4.119392768514278125e-13
5.562655512659776286e+04 4.535973058009732196e-13
5.564067639071401936e+04 3.283741402335462773e-13
5.565479765480368224e+04 3.731768524691902503e-13
5.566891891889507679e+04 4.062182016831796450e-13
5.568304018300342432e+04 3.322015983098702340e-13
5.569716144718656869e+04 3.748977130998414416e-13
5.571128271131368092e+04 3.242382989815767019e-13
5.572540397540180857e+04 3.935151870248546345e-13
5.573952523951566400e+04 3.332309174045000690e-13
5.575364650359645748e+04 1.938860714325924399e-13
5.576776776780205546e+04 3.139641885996577646e-13
5.578188903189001576e+04 2.728703255266279028e-13
5.579601029598982132e+04 4.121311138770802448e-13
5.581013156009685190e+04 4.938877224063511860e-13
5.582425282430279185e+04 5.515930216899102630e-13
5.583837408839335694e+04 5.149588537723707156e-13
5.585249535251684574e+04 3.970724230542917982e-13
5.586661661660053505e+04 3.916040364413384928e-13
5.588073788071176386e+04 4.433242268009126372e-13
5.589485914491310541e+04 4.466885944228390137e-13
5.590898040900528576e+04 4.587686544387227589e-13
5.592310167309186363e+04 3.558001309197679653e-13
5.593722293720329617e+04 3.441465473023105574e-13
5.595134420129241335e+04 2.978658648636559853e-13
5.596546546549091727e+04 1.951041334072996932e-13
5.597958672958621173e+04 2.134864522686098541e-13
5.599370799368341977e+04 9.695010040310652210e-14
5.600782925779565267e+04 1.280756578152172036e-13
5.602195052199231577e+04 9.275495469428202393e-14
5.603607178610807023e+04 3.286828278032006887e-14
5.605019305020887987e+04 -4.501961239829300661e-14
5.606431431429479562e+04 -5.254663720050596942e-14
5.607843557840152789e+04 -1.842314101104739236e-13
5.609255684259458940e+04 -1.897792131265198942e-13
5.610667810669208848e+04 -2.287783396452479954e-13
5.612079937078659714e+04 -3.566774254441550224e-13
5.613492063491589215e+04 -4.034903009217163926e-13
5.614904189898842742e+04 -4.379162802805359312e-13
5.616316316321162594e+04 -5.532562291903572845e-13
5.617728442728316440e+04 -5.381593772388100123e-13
5.619140569139523723e+04 -5.355860795022354248e-13
5.620552695550046337e+04 -5.671345034762682270e-13
5.621964821961118287e+04 -6.366083854544903155e-13
5.623376948379749228e+04 -7.386166924633244416e-13
5.624789074789646838e+04 -7.453954497273069998e-13
5.626201201199870411e+04 -8.035334137004423915e-13
5.627613327609705448e+04 -8.322733848741976247e-13
5.629025454029582761e+04 -8.640899681314004598e-13
5.630437580440498277e+04 -9.929353467853404148e-13
5.631849706849853101e+04 -9.323287703342526424e-13
5.633261833258967818e+04 -9.523257174948043061e-13
5.634673959670034674e+04 -8.882903120556433845e-13
5.636086086090580648e+04 -9.289473849116635123e-13
5.637498212498480279e+04 -9.439318162406509164e-13
5.638910338910589780e+04 -1.049936212259648801e-12
5.640322465321730851e+04 -1.060886909140643000e-12
5.641734591730807006e+04 -1.086405359079852889e-12
5.643146718149201479e+04 -1.084671606175972364e-12
5.644558844559643330e+04 -1.097348320596909528e-12
5.645970970968664187e+04 -1.026142232787594446e-12
5.647383097381590778e+04 -9.444536954609744186e-13
5.648795223799314408e+04 -1.029993412646660261e-12
5.650207350209377182e+04 -1.061653741552323653e-12
5.651619476618387853e+04 -1.067378942248005240e-12
5.653031603028548125e+04 -1.024110410526651800e-12
5.654443729439529852e+04 -1.016628766526206083e-12
5.655855855860965676e+04 -9.401389094565816443e-13
5.657267982270618813e+04 -9.138149502860033016e-13
5.658680108681089041e+04 -9.320642208875867504e-13
5.660092235088973393e+04 -9.182184351302137830e-13
5.661504361501358653e+04 -9.345735729489438437e-13
5.662916487919692008e+04 -8.266853579656761189e-13
5.664328614330084383e+04 -8.466230006693727840e-13
5.665740740739763714e+04 -8.771194151478921470e-13
