5.300000000000363798e+04 2.651978224316695459e-12
5.301412126408812765e+04 2.618248268238639698e-12
5.302824252830808109e+04 2.602881409698948664e-12
5.304236379238138761e+04 2.529883858025989213e-12
5.305648505648967694e+04 2.425180723211557954e-12
5.307060632061310025e+04 2.393970298956787032e-12
5.308472758458586031e+04 2.337097113115917712e-12
5.309884884887064254e+04 2.139188917288600744e-12
5.311297011304274201e+04 2.088134019215652205e-12
5.312709137704114983e+04 2.176739896267699901e-12
5.314121264121354761e+04 2.065430972870444690e-12
5.315533390517955559e+04 2.002249579749769661e-12
5.316945516946294083e+04 1.992513758278014123e-12
5.318357643369497237e+04 2.021779539212983642e-12
5.319769769769883715e+04 1.973913522079448645e-12
5.321181896168100502e+04 1.884715064142288395e-12
5.322594022603717167e+04 1.822709113371887855e-12
5.324006149012567766e+04 1.714189967232324688e-12
5.325418275431881921e+04 1.727538983070711311e-12
5.326830401825607987e+04 1.564460176770392168e-12
5.328242528234847850e+04 1.467143269587629438e-12
5.329654654652834870e+04 1.366507787955487666e-12
5.331066781082039233e+04 1.278905441013338218e-12
5.332478907479447662e+04 1.238211444607717287e-12
5.333891033900883485e+04 1.299192300305204357e-12
5.335303160313368426e+04 1.189819060137483250e-12
5.336715286723992176e+04 1.220095660747313881e-12
5.338127413127820910e+04 1.211048095700809635e-12
5.339539539541086560e+04 1.262096311672542048e-12
5.340951665954747295e+04 1.246574398011451874e-12
5.342363792357669445e+04 1.239380812320522386e-12
5.343775918793944584e+04 1.186871038573720384e-12
5.345188045204910304e+04 1.150182050651488969e-12
5.346600171612566191e+04 1.221856698149611227e-12
5.348012298003683100e+04 1.242771674955784129e-12
5.349424424409540370e+04 1.194963063146332334e-12
5.350836550828556210e+04 1.242486774458482502e-12
5.352248677248979220e+04 1.294478381629168837e-12
5.353660803647908324e+04 1.277794389820236427e-12
5.355072930085330881e+04 1.234542363576370043e-12
5.356485056484067900e+04 1.222258839150066812e-12
5.357897182908914692e+04 1.213851540892807502e-12
5.359309309311723337e+04 1.161951053284157965e-12
5.360721435729112272e+04 1.156510607966816020e-12
5.362133562141658331e+04 1.147899201890594323e-12
5.363545688536793023e+04 1.212787264408218189e-12
5.364957814955354115e+04 1.213080061934229618e-12
5.366369941379414377e+04 1.302007894772140599e-12
5.367782067791433656e+04 1.318343809854092361e-12
5.369194194193316071e+04 1.297734994776362937e-12
5.370606320615747245e+04 1.344384565756706988e-12
5.372018447022383771e+04 1.370495787453963500e-12
5.373430573444179026e+04 1.352433460403288295e-12
5.374842699857040861e+04 1.357170462701706484e-12
5.376254826261862763e+04 1.324507137030259500e-12
5.377666952678271628e+04 1.319597615027718334e-12
5.379079079069638829e+04 1.373472359813831282e-12
5.380491205478885240e+04 1.436627935725262518e-12
5.381903331904188963e+04 1.466961030463555843e-12
5.383315458329399553e+04 1.489157755775712696e-12
5.384727584715693229e+04 1.537751210746174627e-12
5.386139711142281885e+04 1.532237869779203244e-12
5.387551837562124274e+04 1.503527918172657989e-12
5.388963963945869182e+04 1.547292036355171257e-12
5.390376090375120111e+04 1.573592786741464025e-12
5.391788216779844515e+04 1.565735850638906932e-12
5.393200343207709375e+04 1.577667653555748286e-12
5.394612469597507879e+04 1.569048957914563927e-12
5.396024596023718914e+04 1.438666584059898425e-12
5.397436722456951247e+04 1.466236933677236972e-12
5.398848848855248070e+04 1.456652370678462760e-12
5.400260975258929830e+04 1.438711536377169885e-12
5.401673101673930069e+04 1.374382340506705180e-12
5.403085228091345198e+04 1.411164270382214007e-12
5.404497354512540187e+04 1.345984625266072792e-12
5.405909480897420144e+04 1.330047206402094983e-12
5.407321607319072064e+04 1.261764636466728144e-12
5.408733733746065263e+04 1.214003406829535565e-12
5.410145860154336697e+04 1.193760284927447008e-12
5.411557986566374893e+04 1.176449997995448652e-12
5.412970112966929446e+04 1.187901904552229672e-12
5.414382239389915776e+04 1.232969639935615480e-12
5.415794365787595598e+04 1.143757514064149812e-12
5.417206492210922443e+04 1.092706260773682906e-12
5.418618618619304470e+04 1.164355394794434739e-12
5.420030745018054586e+04 1.194286348532272679e-12
5.421442871437942813e+04 1.092550750054473411e-12
5.422854997848808125e+04 1.181123824064187820e-12
5.424267124283737940e+04 1.177352689123359484e-12
5.425679250684703584e+04 1.173605852732407494e-12
5.427091377092061884e+04 1.097648585818557158e-12
5.428503503497370548e+04 1.010261281042814593e-12
5.429915629924880341e+04 1.072783879729963756e-12
5.431327756336250604e+04 1.099125937651046755e-12
5.432739882748615491e+04 1.057208509259145382e-12
5.434152009165210620e+04 1.078610671990341682e-12
5.435564135573167005e+04 1.083494680515512424e-12
5.436976261974113004e+04 1.041251651555266537e-12
5.438388388401132397e+04 1.038627408168607571e-12
5.439800514802258840e+04 1.089936226087765064e-12
5.441212641213550523e+04 1.051789932636692228e-12
5.442624767627541587e+04 1.054567256887572934e-12
5.444036894027834205e+04 1.090674902004009862e-12
5.445449020441215544e+04 9.488685649249213177e-13
5.446861146845088660e+04 9.517382236653326988e-13
5.448273273260562564e+04 9.847356543975811402e-13
5.449685399695957312e+04 9.382573881938661882e-13
5.451097526104032295e+04 8.133968597986290114e-13
5.452509652510087471e+04 7.920360046022227392e-13
5.453921778917565825e+04 7.696594700209800459e-13
5.455333905316850723e+04 7.437353471577724389e-13
5.456746031757454330e+04 7.670473759092592521e-13
5.458158158161706524e+04 7.705439372364836197e-13
5.459570284582789463e+04 7.537706482567552290e-13
5.460982410984172748e+04 8.265083573119730218e-13
5.462394537383702118e+04 6.889445470413165066e-13
5.463806663814964850e+04 6.827970139225691734e-13
5.465218790211031592e+04 6.323119168442239886e-13
5.466630916623568919e+04 6.391738273293395735e-13
5.468043043040901830e+04 6.223203531350188816e-13
5.469455169455684518e+04 5.228955467504722376e-13
5.470867295864746120e+04 6.131014833118855364e-13
5.472279422296492703e+04 5.020668297963607227e-13
5.473691548694776429e+04 6.406681881467426520e-13
5.475103675087774172e+04 7.674458721272334064e-13
5.476515801513847691e+04 7.849092399234536030e-13
5.477927927932586317e+04 6.820802067012132670e-13
5.479340054341092036e+04 5.598317724176967830e-13
5.480752180762914213e+04 5.104376802288052132e-13
5.482164307151243702e+04 4.848537370638682503e-13
5.483576433581730089e+04 4.623678590081812987e-13
5.484988560003794555e+04 4.969568447573387026e-13
5.486400686387591850e+04 4.992992249654306358e-13
5.487812812808842864e+04 5.484819197703968552e-13
5.489224939214717597e+04 4.770223144386813801e-13
5.490637065642505331e+04 3.860849915259862469e-13
5.492049192055716412e+04 3.737680565936027894e-13
5.493461318463615316e+04 4.934578535751267813e-13
5.494873444864686462e+04 3.352013982296670088e-13
5.496285571296337730e+04 3.192226718308992215e-13
5.497697697700059507e+04 3.625567056805987739e-13
5.499109824106380256e+04 3.616600891901569772e-13
5.500521950533206837e+04 2.715683558131630440e-13
5.501934076930837182e+04 2.839606162501635944e-13
5.503346203334509482e+04 2.469782233381737617e-13
5.504758329759664048e+04 2.487228592193044130e-13
5.506170456156510772e+04 2.673452678446322524e-13
5.507582582566753263e+04 1.815373688108603009e-13
5.508994708977233677e+04 1.441394706959828070e-13
5.510406835401080752e+04 7.473795253880448905e-14
5.511818961806775042e+04 9.613768541501307190e-14
5.513231088231750618e+04 4.998258992465517503e-14
5.514643214638275094e+04 2.625505597028061541e-14
5.516055341056820180e+04 -6.882273984136528731e-14
5.517467467484668305e+04 -1.199906261712392636e-13
5.518879593882089102e+04 -1.564967675056502702e-13
5.520291720288513898e+04 -1.977119678061214627e-13
5.521703846695961693e+04 -1.737949051627104289e-13
5.523115973112615757e+04 -2.240297271773279147e-13
5.524528099529133033e+04 -1.371964293387688477e-13
5.525940225925017876e+04 -1.350289986897875712e-13
5.527352352338565834e+04 -2.008343314652480713e-13
5.528764478775544558e+04 -2.545171177073368818e-13
5.530176605181270133e+04 -4.452510148176887128e-13
5.531588731582058972e+04 -5.761667418421426483e-13
5.533000858014779078e+04 -5.246708250889362507e-13
5.534412984415802202e+04 -5.356489099231261247e-13
5.535825110840131674e+04 -6.559631796364755494e-13
5.537237237241191906e+04 -6.773361841078199940e-13
5.538649363646841084e+04 -7.734904056789935489e-13
5.540061490056307957e+04 -9.157000986860315567e-13
5.541473616483781370e+04 -1.010469302914246190e-12
5.542885742896953161e+04 -1.077557599123184444e-12
5.544297869294245902e+04 -1.109937846688570618e-12
5.545709995709452051e+04 -1.159837348714892643e-12
5.547122122121766733e+04 -1.093959120289802781e-12
5.548534248523555289e+04 -1.111998363718095317e-12
5.549946374947893491e+04 -1.199920236591120293e-12
5.551358501355674525e+04 -1.336434349507113323e-12
5.552770627759213676e+04 -1.441510998592927363e-12
5.554182754168887186e+04 -1.358191271066505994e-12
5.555594880584201746e+04 -1.322166241019649123e-12
5.557007007014561532e+04 -1.247404462759721250e-12
5.558419133406019682e+04 -1.294587386909853835e-12
5.559831259833087825e+04 -1.350799652194083306e-12
5.561243386240849941e+04 -1.396626717261108826e-12
5.562655512662715046e+04 -1.440451581818313158e-12
5.564067639055481413e+04 -1.381031907950389417e-12
5.565479765465612581e+04 -1.427247749815438472e-12
5.566891891887788370e+04 -1.459010814213962178e-12
5.568304018285102939e+04 -1.395902620474789956e-12
5.569716144707574131e+04 -1.421926367392491101e-12
5.571128271116664109e+04 -1.417727577973836957e-12
5.572540397525305161e+04 -1.460619378215784723e-12
5.573952523943945562e+04 -1.517925078244455363e-12
5.575364650346879353e+04 -1.375273151629665619e-12
5.576776776791074371e+04 -1.301045941467019956e-12
5.578188903174470033e+04 -1.300341283520602323e-12
5.579601029604786891e+04 -1.371380523939454954e-12
5.581013156004130724e+04 -1.319585735022767941e-12
5.582425282446575875e+04 -1.400446449301690255e-12
5.583837408840878197e+04 -1.405690076365032878e-12
5.585249535253466456e+04 -1.394017053004375788e-12
5.586661661673273193e+04 -1.516802485240162339e-12
5.588073788080690429e+04 -1.531435071975773528e-12
5.589485914475877507e+04 -1.553546752363362771e-12
5.590898040906053211e+04 -1.583881062029149973e-12
5.592310167322408961e+04 -1.422373460710218349e-12
5.593722293715875276e+04 -1.489549231698711767e-12
5.595134420136643894e+04 -1.440495319208090740e-12
5.596546546533798391e+04 -1.539604244444243287e-12
5.597958672972139902e+04 -1.637347591177338149e-12
5.599370799386163708e+04 -1.644821825119340894e-12
5.600782925794723269e+04 -1.681877113680960114e-12
5.602195052192240109e+04 -1.718086812706878134e-12
5.603607178617078898e+04 -1.629270753198399066e-12
5.605019305006819923e+04 -1.555262229984641718e-12
5.606431431423831964e+04 -1.480140833186541963e-12
5.607843557825937023e+04 -1.476048957387344221e-12
5.609255684252506035e+04 -1.557147797455055885e-12
5.610667810679546528e+04 -1.650823566938829350e-12
5.612079937076401256e+04 -1.598746914843575405e-12
5.613492063482807862e+04 -1.618627988352504527e-12
5.614904189887890971e+04 -1.715491727580071024e-12
5.616316316309341346e+04 -1.714257361246346289e-12
5.617728442731872201e+04 -1.617383902598829173e-12
5.619140569137395505e+04 -1.624328428153524612e-12
5.620552695541003777e+04 -1.603732977278227239e-12
5.621964821946348093e+04 -1.541514110464534001e-12
5.623376948396940134e+04 -1.633834020865200401e-12
5.624789074775568588e+04 -1.738998144730569605e-12
5.626201201198274066e+04 -1.711939279588130801e-12
5.627613327620006748e+04 -1.760798803679740060e-12
5.629025454017864831e+04 -1.783785231862882157e-12
5.630437580451656686e+04 -1.953578638689690762e-12
5.631849706840219733e+04 -2.022085970211415102e-12
5.633261833248059702e+04 -2.159163809484542198e-12
5.634673959671866760e+04 -2.216299419664077415e-12
5.636086086100245302e+04 -2.232176092153363959e-12
5.637498212492821767e+04 -2.255220836856209768e-12
5.638910338904325181e+04 -2.308701945134323670e-12
5.640322465307755192e+04 -2.427215692301826840e-12
5.641734591722847108e+04 -2.502614092568518016e-12
5.643146718155733834e+04 -2.543416217521089227e-12
5.644558844575277908e+04 -2.574124724854974239e-12
5.645970970968149777e+04 -2.704525322622046899e-12
5.647383097369363531e+04 -2.715911623094161748e-12
5.648795223805666319e+04 -2.865284528604783510e-12
5.650207350215372571e+04 -3.063740504865877751e-12
5.651619476623318042e+04 -3.149402612600391154e-12
5.653031603023967909e+04 -3.234316324998708938e-12
5.654443729449130478e+04 -3.303324206647888323e-12
5.655855855852871173e+04 -3.372400124236722038e-12
5.657267982256180403e+04 -3.489300447692426950e-12
5.658680108692242356e+04 -3.533591844407259363e-12
5.660092235086921573e+04 -3.621654648869567907e-12
5.661504361501574022e+04 -3.702243219389873706e-12
5.662916487910430442e+04 -3.783181689028400971e-12
5.664328614343370282e+04 -3.840424212827392589e-12
5.665740740747993550e+04 -3.882280894844602898e-12
