5.300000000000061846e+04 -1.142093878281217835e-13
5.301412126412891666e+04 -2.300870725872288193e-13
5.302824252817196248e+04 -2.454834757252751486e-13
5.304236379237082292e+04 -4.007315997835743973e-13
5.305648505647766433e+04 -5.807544773259124125e-13
5.307060632060206262e+04 -5.841702855200715003e-13
5.308472758472862915e+04 -6.499330322043706089e-13
5.309884884880379104e+04 -7.230204378500244580e-13
5.311297011297539575e+04 -7.698099468271874037e-13
5.312709137710204959e+04 -8.038423549335584967e-13
5.314121264117157261e+04 -8.593257853308465016e-13
5.315533390527543816e+04 -8.996532286454486260e-13
5.316945516946890712e+04 -1.002175882811946735e-12
5.318357643357335473e+04 -1.031959815895726735e-12
5.319769769769777486e+04 -1.044606964804671187e-12
5.321181896181820775e+04 -1.076156198383541013e-12
5.322594022591617977e+04 -1.189540672915645598e-12
5.324006149009106593e+04 -1.218543728871514556e-12
5.325418275423065643e+04 -1.191930108663214631e-12
5.326830401832472126e+04 -1.349018125413614509e-12
5.328242528241143737e+04 -1.360515988038739995e-12
5.329654654647249117e+04 -1.347038874498349734e-12
5.331066781068423006e+04 -1.395081856070925707e-12
5.332478907481297210e+04 -1.400662196302022498e-12
5.333891033888147649e+04 -1.466906540960359315e-12
5.335303160299328010e+04 -1.407448727906405203e-12
5.336715286721095617e+04 -1.471973348162130849e-12
5.338127413130671630e+04 -1.452810494257943451e-12
5.339539539542559942e+04 -1.423362385013476773e-12
5.340951665947181755e+04 -1.355490132849043106e-12
5.342363792362681124e+04 -1.380265955651675406e-12
5.343775918782831286e+04 -1.343076615602491977e-12
5.345188045189891272e+04 -1.227265423674563899e-12
5.346600171600120666e+04 -1.258588192915665930e-12
5.348012298008710786e+04 -1.187320738615371929e-12
5.349424424420650757e+04 -1.077287653057303370e-12
5.350836550839124538e+04 -1.020572613294760682e-12
5.352248677246966690e+04 -1.081247888917984525e-12
5.353660803658924851e+04 -1.069395446027408427e-12
5.355072930070993607e+04 -1.142617817019843086e-12
5.356485056487343536e+04 -1.006116697534932579e-12
5.357897182902067289e+04 -1.011857840162065379e-12
5.359309309311794641e+04 -9.915808429851267105e-13
5.360721435720704176e+04 -9.996075529537622232e-13
5.362133562131255894e+04 -1.057220357926669269e-12
5.363545688552924548e+04 -9.556475187755786356e-13
5.364957814961754775e+04 -9.536082415165741867e-13
5.366369941369703884e+04 -9.165261801327550056e-13
5.367782067779054341e+04 -9.479149003206136183e-13
5.369194194192077703e+04 -9.097877389645697331e-13
5.370606320607641828e+04 -9.439601266549093333e-13
5.372018447019375162e+04 -9.501360195414908311e-13
5.373430573428710341e+04 -9.266296224116642645e-13
5.374842699840541900e+04 -1.046024187647377709e-12
5.376254826250537735e+04 -1.070907404717384216e-12
5.377666952669769671e+04 -1.010038726931278592e-12
5.379079079079671646e+04 -9.725248342387658611e-13
5.380491205490419088e+04 -9.896820221683824805e-13
5.381903331901086494e+04 -1.046732134357173050e-12
5.383315458318354649e+04 -1.066004376663408718e-12
5.384727584727135400e+04 -1.067059013801465836e-12
5.386139711138876737e+04 -1.021691409548418100e-12
5.387551837546972820e+04 -1.039443138615931124e-12
5.388963963959093962e+04 -9.989909896329437057e-13
5.390376090377846413e+04 -1.080771782039426024e-12
5.391788216791313607e+04 -1.035871498912169814e-12
5.393200343201859505e+04 -1.073704395351527962e-12
5.394612469610464177e+04 -1.058675498228685529e-12
5.396024596018814918e+04 -1.040376567046408295e-12
5.397436722437934077e+04 -1.030156597941327574e-12
5.398848848850186914e+04 -9.833463384033532755e-13
5.400260975260045961e+04 -9.967065783115419960e-13
5.401673101668659365e+04 -8.993266818674449581e-13
5.403085228088097210e+04 -8.623603958967315970e-13
5.404497354499616631e+04 -7.789417542112846534e-13
5.405909480912106665e+04 -7.488540768459912804e-13
5.407321607319130999e+04 -7.331778084666411420e-13
5.408733733727307845e+04 -6.965412772297112920e-13
5.410145860147019266e+04 -6.212660457420864631e-13
5.411557986561895814e+04 -5.604770755419384841e-13
5.412970112967196474e+04 -4.703929375566736429e-13
5.414382239383132401e+04 -4.710251649498595658e-13
5.415794365790134907e+04 -5.602634430272908716e-13
5.417206492207332485e+04 -5.825913354652480866e-13
5.418618618620833877e+04 -6.610236000474441422e-13
5.420030745027775265e+04 -6.891014208653011320e-13
5.421442871437927533e+04 -7.672420215760383536e-13
5.422854997849982465e+04 -7.465041769858732292e-13
5.424267124267674080e+04 -7.378518289386270244e-13
5.425679250680374389e+04 -8.699214609687219062e-13
5.427091377087940054e+04 -7.583452908794604287e-13
5.428503503499030921e+04 -8.048812846484946011e-13
5.429915629917156912e+04 -8.387546966402371360e-13
5.431327756329348631e+04 -8.126522251698045163e-13
5.432739882741138717e+04 -8.619250387267301607e-13
5.434152009152812388e+04 -8.241195977647685549e-13
5.435564135561428702e+04 -8.680995732896929753e-13
5.436976261977418471e+04 -1.009859890621668395e-12
5.438388388388738531e+04 -1.048142999089324562e-12
5.439800514797235519e+04 -1.005148646302433234e-12
5.441212641210338188e+04 -1.139290675567423556e-12
5.442624767623166554e+04 -1.154463323789813772e-12
5.444036894038883474e+04 -1.250037170030264324e-12
5.445449020452085824e+04 -1.282953917587501593e-12
5.446861146862228634e+04 -1.299882907149199218e-12
5.448273273270187929e+04 -1.338688305498445077e-12
5.449685399689297628e+04 -1.307261552249266565e-12
5.451097526100267714e+04 -1.277991816906369642e-12
5.452509652509114676e+04 -1.382905496348075587e-12
5.453921778922063822e+04 -1.395428546499187686e-12
5.455333905330020934e+04 -1.378978727269315805e-12
5.456746031749378744e+04 -1.280264783628772293e-12
5.458158158157165599e+04 -1.182798648085147763e-12
5.459570284572239325e+04 -1.184425283969133449e-12
5.460982410977220570e+04 -1.262724606239725198e-12
5.462394537392276834e+04 -1.271253028932154291e-12
5.463806663808035955e+04 -1.237012869563399086e-12
5.465218790216933849e+04 -1.066454935497737017e-12
5.466630916627968691e+04 -1.048751874876472229e-12
5.468043043041337660e+04 -1.119647582012817032e-12
5.469455169462694175e+04 -1.077316206753795734e-12
5.470867295867657231e+04 -1.026663567604427785e-12
5.472279422279823484e+04 -9.288768676868218770e-13
5.473691548692763172e+04 -9.836937224436758161e-13
5.475103675102704437e+04 -9.662552748235084785e-13
5.476515801521516551e+04 -8.534191584262688033e-13
5.477927927928591089e+04 -7.819485624937430263e-13
5.479340054339892959e+04 -5.919990848474317854e-13
5.480752180750970001e+04 -5.495240162898677843e-13
5.482164307159221062e+04 -5.070289485845580719e-13
5.483576433577905846e+04 -4.554007440720349667e-13
5.484988559991310467e+04 -4.221766107699666302e-13
5.486400686398656399e+04 -4.369019948153160620e-13
5.487812812811727781e+04 -3.463527899434564682e-13
5.489224939218399231e+04 -2.895769435236060753e-13
5.490637065641661320e+04 -2.338565434558834217e-13
5.492049192047543329e+04 -1.353913753410552178e-13
5.493461318462277268e+04 -2.061807286281167316e-13
5.494873444870651292e+04 -1.248870830921565105e-13
5.496285571292879467e+04 -1.209281766545914486e-13
5.497697697700049321e+04 -3.217704544768216429e-14
5.499109824112497881e+04 3.093012228970851408e-15
5.500521950517069490e+04 3.061915288256461525e-15
5.501934076927496790e+04 8.455555230167355019e-14
5.503346203352355224e+04 7.397022304370126931e-14
5.504758329762759240e+04 1.288552829865087272e-13
5.506170456171172555e+04 7.495815782193612696e-14
5.507582582580931194e+04 5.845608648350321955e-14
5.508994708988164348e+04 1.431084328206377499e-13
5.510406835407067410e+04 2.059089935983734900e-13
5.511818961818988464e+04 2.029826443149383029e-13
5.513231088231899776e+04 1.928006504701723511e-13
5.514643214640941005e+04 2.161853186833734233e-13
5.516055341059367493e+04 1.303584559237176929e-13
5.517467467469872645e+04 1.719547180005724587e-13
5.518879593882952759e+04 2.577957998074693412e-13
5.520291720293235267e+04 2.099832708420090361e-13
5.521703846698562120e+04 2.095275677182316078e-13
5.523115973121021671e+04 1.719562208267036411e-13
5.524528099532845226e+04 3.660378923237057774e-13
5.525940225937721698e+04 4.314699016571354114e-13
5.527352352349071589e+04 4.732108974506237729e-13
5.528764478761159990e+04 5.058135543464446333e-13
5.530176605177430611e+04 5.405617845495484288e-13
5.531588731590245879e+04 5.600330935171601246e-13
5.533000858002741006e+04 5.661039330770715575e-13
5.534412984412275546e+04 6.522031541725009466e-13
5.535825110831452912e+04 6.760341617466620975e-13
5.537237237238922535e+04 6.804397543512174428e-13
5.538649363647827704e+04 6.189977483960673094e-13
5.540061490060259530e+04 6.579031424840415234e-13
5.541473616471760761e+04 7.230025648344403208e-13
5.542885742887978995e+04 7.417816489656291617e-13
5.544297869302449544e+04 8.201022420060775833e-13
5.545709995709551004e+04 8.629421505074877111e-13
5.547122122122038854e+04 9.412300281790805021e-13
5.548534248532773199e+04 1.106663787545463447e-12
5.549946374951762846e+04 1.127513650483406486e-12
5.551358501362075185e+04 1.070405101478515146e-12
5.552770627770498686e+04 1.036128411874571123e-12
5.554182754177758034e+04 1.088186309058601215e-12
5.555594880589605600e+04 1.155131433102107641e-12
5.557007007008122309e+04 1.245551741732716185e-12
5.558419133416903060e+04 1.274454787499605417e-12
5.559831259831689385e+04 1.294659822425262573e-12
5.561243386238664971e+04 1.288514535170852785e-12
5.562655512657949293e+04 1.288229576215979140e-12
5.564067639072907332e+04 1.359872534745550146e-12
5.565479765478646004e+04 1.313333708727268951e-12
5.566891891891908017e+04 1.322242924440936473e-12
5.568304018296934373e+04 1.341715851836689613e-12
5.569716144717779389e+04 1.405420535935344443e-12
5.571128271127602056e+04 1.222752250894594117e-12
5.572540397540818958e+04 1.294365037299531314e-12
5.573952523952756019e+04 1.255688766395556776e-12
5.575364650357224309e+04 1.320230987057318507e-12
5.576776776782210072e+04 1.232369066512026700e-12
5.578188903192558791e+04 1.128958444405519611e-12
5.579601029602913331e+04 1.197777361430585789e-12
5.581013156007796351e+04 1.148701186892824209e-12
5.582425282431653613e+04 1.078333318534553386e-12
5.583837408839092677e+04 1.154810059514055541e-12
5.585249535252087662e+04 1.150145518406897093e-12
5.586661661661432299e+04 1.186854705507168815e-12
5.588073788068677823e+04 1.150899474716708385e-12
5.589485914487787522e+04 1.151359108308829060e-12
5.590898040901828790e+04 1.064433564045271507e-12
5.592310167309264943e+04 1.036100551790139320e-12
5.593722293723043549e+04 1.074912539453960309e-12
5.595134420130015496e+04 1.049282764602788363e-12
5.596546546550391213e+04 1.104447812614035565e-12
5.597958672959297110e+04 1.097971094396695741e-12
5.599370799370395252e+04 1.046427626157569047e-12
5.600782925776889897e+04 9.854047930910076245e-13
5.602195052198654594e+04 1.092486472629953978e-12
5.603607178612919961e+04 1.063215465664946094e-12
5.605019305018568411e+04 1.146268920600516630e-12
5.606431431427518692e+04 1.098389804877244111e-12
5.607843557842914743e+04 1.110445013693519163e-12
5.609255684257681423e+04 1.174478354306861784e-12
5.610667810672645282e+04 1.211270312446358596e-12
5.612079937082906690e+04 1.269997289592519250e-12
5.613492063489260909e+04 1.202768478216250344e-12
5.614904189900881465e+04 1.190779856157787354e-12
5.616316316318889585e+04 1.269168885588209604e-12
5.617728442732018448e+04 1.326038138432213171e-12
5.619140569142856839e+04 1.323292590692559906e-12
5.620552695547050826e+04 1.261137320335150162e-12
5.621964821957652748e+04 1.243028959066507384e-12
5.623376948381400143e+04 1.321204587186302140e-12
5.624789074790760060e+04 1.370717621720196238e-12
5.626201201202911034e+04 1.356686427745441235e-12
5.627613327612479043e+04 1.335738071894901124e-12
5.629025454029240063e+04 1.317821841167028964e-12
5.630437580439265002e+04 1.423386591129565641e-12
5.631849706850602524e+04 1.419646634899112309e-12
5.633261833258993283e+04 1.461203476690526204e-12
5.634673959670183831e+04 1.594807494200554449e-12
5.636086086087970034e+04 1.692076875123004755e-12
5.637498212497253553e+04 1.618268922148455706e-12
5.638910338907657570e+04 1.513958453995402979e-12
5.640322465322560311e+04 1.553598152051473054e-12
5.641734591731314868e+04 1.588287772035460838e-12
5.643146718150964443e+04 1.625042737531728592e-12
5.644558844559791032e+04 1.737024555074398038e-12
5.645970970972509531e+04 1.740315050689618992e-12
5.647383097377215745e+04 1.799167340414717881e-12
5.648795223798778170e+04 1.929216364910437882e-12
5.650207350211487210e+04 2.021523876355776760e-12
5.651619476622089132e+04 2.063866580611786956e-12
5.653031603028431709e+04 2.049684757217883637e-12
5.654443729443228221e+04 2.042257559273578416e-12
5.655855855861774035e+04 2.051696232193461565e-12
5.657267982269768254e+04 2.119139369696438443e-12
5.658680108682470018e+04 2.136799426369949645e-12
5.660092235087938752e+04 2.116119613988849829e-12
5.661504361500863888e+04 2.236917472025054096e-12
5.662916487921649968e+04 2.260949049086722559e-12
5.664328614328924596e+04 2.290796794480072779e-12
5.665740740738890599e+04 2.275429588074699778e-12
