5.299999999999893771e+04 1.216966184527909138e-14
5.301412126410529891e+04 -1.697883613780109629e-14
5.302824252819033427e+04 -8.005990792851122788e-15
5.304236379241899704e+04 6.903280350260006075e-14
5.305648505651504820e+04 1.691916402588687492e-13
5.307060632060767239e+04 2.346097531443044041e-13
5.308472758470643748e+04 1.968389498520640153e-13
5.309884884879775200e+04 2.519769108746406214e-13
5.311297011298150028e+04 2.965397500695332281e-13
5.312709137710795039e+04 3.782466683526940793e-13
5.314121264120705746e+04 2.961453581985010271e-13
5.315533390529641474e+04 2.690486958257988954e-13
5.316945516948983277e+04 2.693358658399711123e-13
5.318357643358779751e+04 3.463325843452815039e-13
5.319769769769636332e+04 2.856378359431406664e-13
5.321181896180754848e+04 2.525119948133148697e-13
5.322594022590450186e+04 2.987493698929391444e-13
5.324006149009246292e+04 3.304954620054250678e-13
5.325418275419200654e+04 3.491145667447536217e-13
5.326830401830450865e+04 2.501557505654324108e-13
5.328242528239436797e+04 2.351033105851374378e-13
5.329654654648902942e+04 1.727704993069510008e-13
5.331066781071738660e+04 2.607722524130111001e-13
5.332478907478280598e+04 2.713415883618071286e-13
5.333891033890531253e+04 2.664169997994666350e-13
5.335303160298885632e+04 2.460229485430601222e-13
5.336715286720159929e+04 2.933793418952007378e-13
5.338127413128060289e+04 2.597359209413109781e-13
5.339539539540277474e+04 2.224857002710383554e-13
5.340951665947959555e+04 1.445347511830578870e-13
5.342363792361324158e+04 2.410114985584273095e-13
5.343775918781311339e+04 1.915524142838477378e-13
5.345188045191241690e+04 2.994309317781434613e-13
5.346600171599585155e+04 2.871302997403354454e-13
5.348012298010228551e+04 2.576732184982747041e-13
5.349424424420763535e+04 2.950001936125290505e-13
5.350836550838554103e+04 3.819828264056063147e-13
5.352248677250682522e+04 3.462452102501763490e-13
5.353660803658626537e+04 4.573473411527322892e-13
5.355072930070817529e+04 4.066924841616546277e-13
5.356485056490173884e+04 3.605424099381622961e-13
5.357897182900737971e+04 4.765475239059456066e-13
5.359309309309233504e+04 4.557135261371360521e-13
5.360721435721860325e+04 4.946694824947511752e-13
5.362133562130865175e+04 5.867452267276516984e-13
5.363545688549838815e+04 6.520234165546646102e-13
5.364957814961774420e+04 6.027725506810774369e-13
5.366369941370689048e+04 7.104272498730752953e-13
5.367782067781093065e+04 7.198371396361127021e-13
5.369194194191871793e+04 6.689369320845971882e-13
5.370606320610774856e+04 8.709013106720254644e-13
5.372018447019746236e+04 8.434714109709674895e-13
5.373430573430228105e+04 7.585824607066175956e-13
5.374842699839256966e+04 8.627580157126335020e-13
5.376254826250210317e+04 8.659110999896394637e-13
5.377666952669673628e+04 7.464445656674044248e-13
5.379079079079244548e+04 7.857413762065950191e-13
5.380491205491885921e+04 8.368835653257781196e-13
5.381903331899670593e+04 7.813260914643394495e-13
5.383315458319884056e+04 8.703709140276401015e-13
5.384727584731399838e+04 9.602062780683635505e-13
5.386139711140414875e+04 9.637491401610859890e-13
5.387551837549969059e+04 9.569713126192471538e-13
5.388963963961815898e+04 9.878500355713553953e-13
5.390376090378721710e+04 1.025435690739181779e-12
5.391788216791796003e+04 9.642196273253405028e-13
5.393200343201769283e+04 1.080221518778300123e-12
5.394612469610084372e+04 1.115398637071332928e-12
5.396024596019365708e+04 1.153409810673829083e-12
5.397436722437898425e+04 1.076537891378962273e-12
5.398848848848577472e+04 1.064344920631853765e-12
5.400260975258002873e+04 1.048226633873632869e-12
5.401673101668649906e+04 9.476217717701801697e-13
5.403085228089171142e+04 8.885464835448756620e-13
5.404497354499503126e+04 7.727001516711309338e-13
5.405909480908935802e+04 7.568491871653273757e-13
5.407321607318936731e+04 7.022413298312430835e-13
5.408733733729591768e+04 6.934523600835466231e-13
5.410145860148299107e+04 6.184059954362839112e-13
5.411557986559933488e+04 5.376781906769598597e-13
5.412970112969732145e+04 6.233860991403593164e-13
5.414382239378232043e+04 5.884577004005346294e-13
5.415794365790445590e+04 5.605760627123778845e-13
5.417206492209562566e+04 5.880206102080889167e-13
5.418618618621089990e+04 5.369188490021480970e-13
5.420030745029144600e+04 5.552444119366304155e-13
5.421442871439003648e+04 5.702439001392547568e-13
5.422854997850749351e+04 5.374980228027279409e-13
5.424267124269491615e+04 6.330053058889881312e-13
5.425679250681645499e+04 6.674507668391032158e-13
5.427091377091341565e+04 6.366297561979278547e-13
5.428503503499129147e+04 6.461357354938889784e-13
5.429915629921325308e+04 6.042549074999616709e-13
5.431327756329542899e+04 6.704276381464335215e-13
5.432739882739904715e+04 6.345304342682590382e-13
5.434152009148887009e+04 7.051962294465939042e-13
5.435564135560853902e+04 6.497981235909799650e-13
5.436976261979064293e+04 6.010007534398499569e-13
5.438388388389760075e+04 5.493250916394042768e-13
5.439800514801222744e+04 5.621698892485715154e-13
5.441212641211006121e+04 6.477984066649516557e-13
5.442624767620591592e+04 6.773170818835282780e-13
5.444036894040648622e+04 6.816040519446234248e-13
5.445449020450506214e+04 6.428752828820764073e-13
5.446861146859869768e+04 5.585403122115032319e-13
5.448273273271430662e+04 5.754684755360887663e-13
5.449685399688073812e+04 5.435796406647093008e-13
5.451097526100583491e+04 5.765075900887730560e-13
5.452509652511245804e+04 6.723302401939124422e-13
5.453921778918294149e+04 6.167433242652212339e-13
5.455333905330559355e+04 6.207459806321015936e-13
5.456746031747880625e+04 5.699705722910296113e-13
5.458158158161363099e+04 5.893047823653179088e-13
5.459570284570503281e+04 5.002139657268068425e-13
5.460982410978089320e+04 5.300236926251386824e-13
5.462394537391050835e+04 5.254984029450391630e-13
5.463806663811847829e+04 5.539272822414320949e-13
5.465218790219251969e+04 5.555322411015619928e-13
5.466630916630782303e+04 4.584038865810536021e-13
5.468043043040401972e+04 4.110584058359295172e-13
5.469455169457982265e+04 4.073545644799704773e-13
5.470867295868511428e+04 4.944644133696090791e-13
5.472279422281685402e+04 4.020643669630909607e-13
5.473691548688666808e+04 2.804955811522565141e-13
5.475103675100791588e+04 3.145159631015413506e-13
5.476515801521118556e+04 2.596916113624856463e-13
5.477927927929651923e+04 2.806572928052256876e-13
5.479340054338738992e+04 2.653878457471464667e-13
5.480752180751693959e+04 1.786535663124109336e-13
5.482164307158577867e+04 2.388847120137841367e-13
5.483576433580519370e+04 2.961549525039987363e-13
5.484988559990452632e+04 1.864898434958759004e-13
5.486400686398970720e+04 2.642139714836545744e-13
5.487812812811620097e+04 3.484071515019867181e-13
5.489224939220033411e+04 2.581506633649894353e-13
5.490637065640609944e+04 2.271840536449632031e-13
5.492049192049373232e+04 2.203470490127262677e-13
5.493461318458502501e+04 2.411867594214505056e-13
5.494873444869320520e+04 2.073878521273190914e-13
5.496285571291705855e+04 1.351144614858168862e-13
5.497697697700521530e+04 3.645541242406942973e-14
5.499109824109876354e+04 1.213578386595000839e-13
5.500521950519986422e+04 1.524345997953169166e-13
5.501934076930439915e+04 1.755180593889885449e-13
5.503346203350030555e+04 1.519746590432125213e-13
5.504758329759030312e+04 2.014654557932158369e-13
5.506170456168706005e+04 1.431019039101008828e-13
5.507582582578916481e+04 1.892172628602655664e-13
5.508994708991194784e+04 2.386046461800186616e-13
5.510406835411853535e+04 2.537346462330012935e-13
5.511818961820097320e+04 2.866204100084643224e-13
5.513231088228179578e+04 2.948243468377197059e-13
5.514643214640826773e+04 3.195134976812538294e-13
5.516055341060907085e+04 2.691098503684752028e-13
5.517467467471439159e+04 2.141340404327073944e-13
5.518879593881039909e+04 1.244400276103855297e-13
5.520291720288150100e+04 1.332705970948965175e-13
5.521703846700317808e+04 1.653158704131700974e-13
5.523115973120950366e+04 1.695921475841685758e-13
5.524528099531668704e+04 1.210074634114001911e-13
5.525940225940649543e+04 9.166060682410332513e-14
5.527352352351599984e+04 4.510229856363174000e-14
5.528764478760919883e+04 1.776131097611747798e-14
5.530176605179387843e+04 4.758539271320926311e-14
5.531588731590298994e+04 7.381590729104598669e-15
5.533000857999257278e+04 -2.952675041396684498e-14
5.534412984411292564e+04 -2.394271813634802505e-14
5.535825110829986079e+04 -1.506458489289540036e-13
5.537237237241482944e+04 -1.175746440731839210e-13
5.538649363649018778e+04 -1.361925769889402535e-13
5.540061490057995252e+04 -8.827993363485176403e-14
5.541473616469437547e+04 -5.755413365892096018e-14
5.542885742889442918e+04 -1.201965993160719476e-13
5.544297869299375452e+04 -8.118981511101091191e-14
5.545709995711818920e+04 -1.107350028379094686e-13
5.547122122120414861e+04 -9.880027271053349945e-14
5.548534248528542230e+04 -6.057392300458460226e-14
5.549946374947924778e+04 -2.257489005415238738e-13
5.551358501361605886e+04 -2.748635419248379722e-13
5.552770627770199644e+04 -2.317837919385622220e-13
5.554182754181084601e+04 -2.532305069577069967e-13
5.555594880588783417e+04 -2.260603126558467563e-13
5.557007007009683002e+04 -3.321030220462813129e-13
5.558419133417974081e+04 -4.224128281558155386e-13
5.559831259830491763e+04 -5.581009161885751941e-13
5.561243386238227686e+04 -6.492459395492238096e-13
5.562655512660522800e+04 -6.405264003481825946e-13
5.564067639070739824e+04 -6.747395472751010136e-13
5.565479765481444338e+04 -6.478760777932747450e-13
5.566891891889847466e+04 -6.595389448518908391e-13
5.568304018300389725e+04 -6.844542576448674472e-13
5.569716144718629221e+04 -7.275322498957848527e-13
5.571128271128670895e+04 -8.641091661080888899e-13
5.572540397540968115e+04 -9.473364705470018792e-13
5.573952523948746966e+04 -8.714002523745690129e-13
5.575364650361677923e+04 -8.964055026267150054e-13
5.576776776781513763e+04 -8.908586757475147439e-13
5.578188903189604025e+04 -9.757991862490432866e-13
5.579601029601311166e+04 -1.110249535633623837e-12
5.581013156011578394e+04 -1.183854117853191221e-12
5.582425282429980871e+04 -1.287155931908155478e-12
5.583837408841178694e+04 -1.211194812484812434e-12
5.585249535249947075e+04 -1.141278544958871885e-12
5.586661661658365483e+04 -1.166317192182826780e-12
5.588073788068202703e+04 -1.139118288203446750e-12
5.589485914490181312e+04 -1.059371592729980958e-12
5.590898040898038744e+04 -1.089062086579837299e-12
5.592310167309240933e+04 -1.150578429784065342e-12
5.593722293721376627e+04 -1.235792561089711777e-12
5.595134420128152851e+04 -1.213138574835266258e-12
5.596546546549497725e+04 -1.294206501386433259e-12
5.597958672961453703e+04 -1.167234437083998028e-12
5.599370799370775785e+04 -1.171256135583927181e-12
5.600782925780200458e+04 -1.152218103917522762e-12
5.602195052198416670e+04 -1.118070579110649850e-12
5.603607178608764661e+04 -1.064038380106428511e-12
5.605019305021174659e+04 -9.969658354344225357e-13
5.606431431430672092e+04 -9.890167702321294515e-13
5.607843557841127767e+04 -9.349043013132098505e-13
5.609255684258205292e+04 -9.407373460999296167e-13
5.610667810670117615e+04 -8.630231786125150388e-13
5.612079937078525836e+04 -8.607715196184549712e-13
5.613492063491155568e+04 -7.437016574573447225e-13
5.614904189901061909e+04 -6.659095637023760734e-13
5.616316316321289924e+04 -6.356492706405177605e-13
5.617728442728103255e+04 -6.243030889022995829e-13
5.619140569138860155e+04 -6.702710910382550255e-13
5.620552695548547490e+04 -6.244908736297511804e-13
5.621964821959350957e+04 -6.048581415004346122e-13
5.623376948377890221e+04 -6.249976873247451876e-13
5.624789074789790902e+04 -6.742418152127918293e-13
5.626201201198792842e+04 -6.785342049579085850e-13
5.627613327611456043e+04 -6.096699420439469882e-13
5.629025454028855893e+04 -6.205828420163291915e-13
5.630437580437882571e+04 -7.200478127398850998e-13
5.631849706851204246e+04 -7.078608475885842979e-13
5.633261833261026914e+04 -8.183040474486748675e-13
5.634673959671017656e+04 -8.248135273924705927e-13
5.636086086090376193e+04 -8.624595314742673993e-13
5.637498212498483917e+04 -8.788832247510034197e-13
5.638910338911601866e+04 -8.955102294175232421e-13
5.640322465319759067e+04 -8.129681488124779856e-13
5.641734591731656838e+04 -8.700488468398826431e-13
5.643146718150235392e+04 -9.445721387400866217e-13
5.644558844559791032e+04 -9.151997949900934426e-13
5.645970970969148038e+04 -1.104436997759418109e-12
5.647383097380321851e+04 -1.136936938623721075e-12
5.648795223801709653e+04 -1.230949414265642044e-12
5.650207350209682045e+04 -1.251226063447904816e-12
5.651619476618724730e+04 -1.370035497702005939e-12
5.653031603030100814e+04 -1.332921501522006265e-12
5.654443729438054288e+04 -1.292030132056889619e-12
5.655855855860563315e+04 -1.179820408161646654e-12
5.657267982271876826e+04 -1.223951869804008156e-12
5.658680108679371187e+04 -1.278133476313689953e-12
5.660092235089177848e+04 -1.196295661675561223e-12
5.661504361501697713e+04 -1.135556530455621740e-12
5.662916487920612417e+04 -1.186648038205305642e-12
5.664328614329412085e+04 -1.153846352771150866e-12
5.665740740738649038e+04 -1.068595601978871687e-12
