5.299999999999783176e+04 -1.648097140176039877e-13
5.301412126409617485e+04 -1.839077668058621393e-13
5.302824252819159301e+04 -1.309218107402107817e-13
5.304236379239740927e+04 -7.060858656520792445e-14
5.305648505654244946e+04 -7.206304868921858872e-14
5.307060632058098417e+04 -4.525034290893743538e-14
5.308472758470373810e+04 -3.966662106500298964e-14
5.309884884884407802e+04 1.014333376086527392e-13
5.311297011297326389e+04 1.053287045692277137e-13
5.312709137711198127e+04 1.681185314631905102e-13
5.314121264124441223e+04 1.813795053850983292e-13
5.315533390526763833e+04 2.415699797163354414e-13
5.316945516950923775e+04 2.214894969381762078e-13
5.318357643361215742e+04 1.727460704703120400e-13
5.319769769771414576e+04 1.572604986593451938e-13
5.321181896173657879e+04 1.870757442645770111e-13
5.322594022592358669e+04 3.138084893560923083e-13
5.324006149009387445e+04 2.904434797949924454e-13
5.325418275422258012e+04 1.869284502993770868e-13
5.326830401835871453e+04 2.427523953246284852e-13
5.328242528236434009e+04 3.042504032721128113e-13
5.329654654649455188e+04 4.067127984042787732e-13
5.331066781068442651e+04 4.082098290104909247e-13
5.332478907482109935e+04 3.407648637638034701e-13
5.333891033885142679e+04 3.342376770018457129e-13
5.335303160295380076e+04 2.702082696473752250e-13
5.336715286722803285e+04 2.482346369476004613e-13
5.338127413125732710e+04 2.346754059026305297e-13
5.339539539545837033e+04 2.288564464159809637e-13
5.340951665955558565e+04 1.409142014939746742e-13
5.342363792361149535e+04 1.357769809276371304e-13
5.343775918783140514e+04 1.550768173848747271e-13
5.345188045186193631e+04 1.580823393425071059e-13
5.346600171595646680e+04 1.580878285132030904e-13
5.348012298008000653e+04 1.762682761516434235e-13
5.349424424423536402e+04 7.953729152264319171e-14
5.350836550845196325e+04 -2.630763145863055089e-14
5.352248677253806090e+04 -9.820752285604014532e-14
5.353660803654361371e+04 -2.011741323041723738e-13
5.355072930073662428e+04 -1.651516652317719585e-13
5.356485056487844849e+04 -1.729248571959707315e-13
5.357897182895153674e+04 -2.183979951026196685e-13
5.359309309309067612e+04 -1.796853227487840311e-13
5.360721435723484319e+04 -2.725589041357110835e-13
5.362133562133389933e+04 -2.487942887952638088e-13
5.363545688544732548e+04 -2.775974804307932779e-13
5.364957814957572555e+04 -3.172752235462970771e-13
5.366369941375875351e+04 -3.817532006674548772e-13
5.367782067779228237e+04 -5.599153966751961685e-13
5.369194194187158428e+04 -5.234537374739285563e-13
5.370606320606128429e+04 -3.973461000183679520e-13
5.372018447013845434e+04 -5.411066180662115006e-13
5.373430573435725819e+04 -6.553456598145652598e-13
5.374842699835656822e+04 -7.667625222920212056e-13
5.376254826253932697e+04 -8.494101368206482266e-13
5.377666952672434127e+04 -8.264282435993617867e-13
5.379079079074754554e+04 -8.311169163264581799e-13
5.380491205486434774e+04 -8.415628593249257203e-13
5.381903331893700670e+04 -8.352469215795523711e-13
5.383315458318171295e+04 -8.017352932787615908e-13
5.384727584731165553e+04 -6.626402487199465189e-13
5.386139711134415120e+04 -6.384359149919234158e-13
5.387551837550177152e+04 -6.899157405611942214e-13
5.388963963962827984e+04 -6.409328663809466643e-13
5.390376090376589127e+04 -6.192348105157259152e-13
5.391788216796199413e+04 -6.481651228659615307e-13
5.393200343205131503e+04 -6.227805443468180910e-13
5.394612469605015212e+04 -6.691032465377604259e-13
5.396024596022642072e+04 -6.540579924645652610e-13
5.397436722442385508e+04 -6.978724506316970278e-13
5.398848848853083473e+04 -6.531933494064424573e-13
5.400260975255487574e+04 -6.977171750760843238e-13
5.401673101665954891e+04 -6.769788981488514574e-13
5.403085228085477866e+04 -7.286427096099450042e-13
5.404497354502401868e+04 -7.154212197094747742e-13
5.405909480904463999e+04 -5.417478350659662717e-13
5.407321607325618970e+04 -6.504248192872203088e-13
5.408733733730770473e+04 -6.077118790702417792e-13
5.410145860148184147e+04 -7.340383232021732367e-13
5.411557986556550168e+04 -7.330732816770999483e-13
5.412970112971233902e+04 -7.649557884358363150e-13
5.414382239385792491e+04 -8.195593395159954758e-13
5.415794365784745605e+04 -8.126431890952406123e-13
5.417206492214983155e+04 -8.165985056936961177e-13
5.418618618620281632e+04 -7.565392452004537251e-13
5.420030745031026891e+04 -7.376806474337277002e-13
5.421442871441411262e+04 -8.222435512954723442e-13
5.422854997850948712e+04 -8.762086336157989307e-13
5.424267124264777522e+04 -9.049868571992679743e-13
5.425679250685181614e+04 -8.768492658836554243e-13
5.427091377094722702e+04 -1.029717421797567539e-12
5.428503503505189292e+04 -1.045701345987219469e-12
5.429915629915252066e+04 -1.108338455527624765e-12
5.431327756329435942e+04 -1.221322721095262059e-12
5.432739882736716390e+04 -1.239860476469351458e-12
5.434152009154455300e+04 -1.298767361955579670e-12
5.435564135556222027e+04 -1.351619757946494032e-12
5.436976261984917801e+04 -1.352175019357188084e-12
5.438388388386700535e+04 -1.407590938463755482e-12
5.439800514804230625e+04 -1.470268862290667269e-12
5.441212641203689418e+04 -1.486628447488428448e-12
5.442624767623637308e+04 -1.450991318737055122e-12
5.444036894044794462e+04 -1.462584330300559316e-12
5.445449020447314979e+04 -1.467076416163422984e-12
5.446861146862772148e+04 -1.405316565271847647e-12
5.448273273268724006e+04 -1.419727750692745551e-12
5.449685399687380414e+04 -1.518506100972408294e-12
5.451097526103928976e+04 -1.518114038234549903e-12
5.452509652508026193e+04 -1.530472960875136502e-12
5.453921778923348757e+04 -1.504479025935550875e-12
5.455333905328881519e+04 -1.570036067301964393e-12
5.456746031752283307e+04 -1.645119736176225073e-12
5.458158158156402351e+04 -1.701545955056799886e-12
5.459570284572585660e+04 -1.648878158926201391e-12
5.460982410982363945e+04 -1.591365625124831180e-12
5.462394537389809557e+04 -1.642822383020711189e-12
5.463806663815426145e+04 -1.577841682649927891e-12
5.465218790222278039e+04 -1.476136778455507998e-12
5.466630916630574939e+04 -1.498727486036783715e-12
5.468043043038183532e+04 -1.511490721548499703e-12
5.469455169457176817e+04 -1.443028030432695710e-12
5.470867295871431270e+04 -1.398919949142796358e-12
5.472279422273969976e+04 -1.374502831476955528e-12
5.473691548688827606e+04 -1.255500417501488491e-12
5.475103675104606373e+04 -1.302790595164031012e-12
5.476515801520165405e+04 -1.226906209046437239e-12
5.477927927932667808e+04 -1.282101918120077585e-12
5.479340054344163218e+04 -1.264249000745361644e-12
5.480752180753526045e+04 -1.148804855791058031e-12
5.482164307163163903e+04 -1.129679620278674272e-12
5.483576433583419566e+04 -1.102277387798454410e-12
5.484988559985181928e+04 -1.110805468643451422e-12
5.486400686406117893e+04 -1.139171236964106304e-12
5.487812812807994487e+04 -1.050032937562277450e-12
5.489224939218630607e+04 -1.013057883754239136e-12
5.490637065642697416e+04 -9.046981165878518594e-13
5.492049192055397725e+04 -8.001085252825981656e-13
5.493461318458471214e+04 -9.048700277659731973e-13
5.494873444873064727e+04 -8.968797833210987821e-13
5.496285571283533500e+04 -9.384622905955494938e-13
5.497697697704546590e+04 -9.018411165324059845e-13
5.499109824111871421e+04 -9.218397076081981228e-13
5.500521950524144631e+04 -8.874979354312885628e-13
5.501934076931545133e+04 -8.243612748118064770e-13
5.503346203352260636e+04 -8.154831734524438165e-13
5.504758329762415815e+04 -8.529517994558979653e-13
5.506170456173100683e+04 -8.800883882346874587e-13
5.507582582578907022e+04 -8.704890785518726868e-13
5.508994708995141991e+04 -9.186907509158951526e-13
5.510406835407634208e+04 -8.423240340736316031e-13
5.511818961824530561e+04 -8.959877748101321913e-13
5.513231088228045701e+04 -9.393770451773628437e-13
5.514643214641700615e+04 -9.141698377704418529e-13
5.516055341063904780e+04 -9.314804747826074604e-13
5.517467467470052361e+04 -8.805170551893839955e-13
5.518879593882863264e+04 -7.502321807616381725e-13
5.520291720289811929e+04 -7.193434843373749289e-13
5.521703846702641022e+04 -6.646186013883035581e-13
5.523115973117893009e+04 -6.147997944861434364e-13
5.524528099526293227e+04 -4.509862175861743145e-13
5.525940225943149562e+04 -4.689241549789135593e-13
5.527352352352386515e+04 -3.734614684557797682e-13
5.528764478763871011e+04 -3.372994843524278161e-13
5.530176605179971375e+04 -2.759839712304254370e-13
5.531588731583663321e+04 -1.865192891012226857e-13
5.533000857996564446e+04 -1.469415643769354353e-13
5.534412984412419610e+04 -1.063719004602498297e-13
5.535825110834142833e+04 -6.786543381037509915e-14
5.537237237236279907e+04 4.636936098522145495e-15
5.538649363654714398e+04 -5.872742676868016671e-15
5.540061490061240329e+04 3.130994942828221355e-14
5.541473616475916788e+04 2.633353013399698480e-14
5.542885742892491544e+04 5.889654787605877844e-14
5.544297869303814514e+04 1.258929068103152219e-13
5.545709995708696079e+04 2.592403145557847392e-13
5.547122122123881854e+04 2.786019571746802487e-13
5.548534248527085583e+04 3.489753767147946845e-13
5.549946374950069003e+04 4.028394758362724583e-13
5.551358501363001415e+04 3.938828449829584540e-13
5.552770627765681274e+04 5.182283051529901189e-13
5.554182754183767975e+04 4.982119382274874382e-13
5.555594880591228139e+04 4.892198141479422978e-13
5.557007007011521637e+04 5.278755043782815182e-13
5.558419133418725687e+04 4.349917194197278936e-13
5.559831259827114263e+04 4.484181578505775394e-13
5.561243386234583159e+04 4.669163853483368499e-13
5.562655512657613872e+04 4.819337038550874249e-13
5.564067639074530598e+04 4.341656101937078140e-13
5.565479765482814400e+04 5.027873483858691223e-13
5.566891891886956728e+04 4.958974524273511875e-13
5.568304018293444824e+04 4.775661074133871503e-13
5.569716144726202037e+04 3.904259977095676271e-13
5.571128271128219058e+04 3.710990004556506353e-13
5.572540397538863908e+04 4.244028679452981409e-13
5.573952523955782817e+04 3.900251932298285092e-13
5.575364650364346016e+04 4.132443706554743686e-13
5.576776776779356442e+04 4.167484935028485458e-13
5.578188903186200332e+04 4.071438042865688236e-13
5.579601029594585270e+04 4.106229006086927274e-13
5.581013156007791986e+04 4.448077599806741946e-13
5.582425282425060141e+04 4.745346818326569305e-13
5.583837408842846344e+04 5.822653944227754852e-13
5.585249535250083864e+04 5.346185156839283886e-13
5.586661661658167577e+04 5.948230381990238809e-13
5.588073788069068542e+04 5.664672249389389066e-13
5.589485914491870062e+04 5.170635776846228205e-13
5.590898040905946254e+04 5.111034054445164809e-13
5.592310167311337864e+04 4.803067458210570317e-13
5.593722293719057052e+04 5.636939000181500349e-13
5.595134420128836791e+04 6.727779161138609100e-13
5.596546546550518542e+04 7.311688926461555142e-13
5.597958672953916539e+04 8.318057547916038808e-13
5.599370799364355480e+04 9.648778122861299623e-13
5.600782925780690857e+04 9.716443298140913625e-13
5.602195052200446662e+04 1.029867371345173582e-12
5.603607178606811794e+04 1.142628912532720817e-12
5.605019305020805768e+04 1.181393801445081148e-12
5.606431431430929661e+04 1.214640604669099228e-12
5.607843557834792591e+04 1.217139631856361750e-12
5.609255684265732270e+04 1.359324092781928121e-12
5.610667810670540348e+04 1.443056940477338631e-12
5.612079937075614725e+04 1.478360713573449993e-12
5.613492063493922615e+04 1.626886708883241092e-12
5.614904189893599687e+04 1.690609446284461490e-12
5.616316316323041974e+04 1.846363195643649719e-12
5.617728442734048440e+04 1.771604637704884010e-12
5.619140569138493447e+04 1.870885389631627961e-12
5.620552695555172977e+04 1.895866071901119533e-12
5.621964821958998800e+04 2.125969359236162714e-12
5.623376948375611391e+04 2.203784837066427801e-12
5.624789074785164848e+04 2.215423457718004906e-12
5.626201201199016941e+04 2.181713693013450506e-12
5.627613327604492224e+04 2.133704485153777167e-12
5.629025454031446134e+04 2.138378773476173492e-12
5.630437580437479482e+04 2.080679651726032887e-12
5.631849706843696185e+04 2.154010352842164138e-12
5.633261833260695857e+04 2.022278091546377976e-12
5.634673959667304734e+04 2.035653599828879205e-12
5.636086086093537597e+04 2.014966253049994756e-12
5.637498212496621272e+04 2.051997207227517401e-12
5.638910338914615568e+04 1.908031126680801260e-12
5.640322465316883608e+04 1.956239289568895585e-12
5.641734591730051761e+04 2.077117698893909497e-12
5.643146718144398619e+04 2.003479311852855034e-12
5.644558844558184501e+04 2.068758547094352134e-12
5.645970970970453345e+04 2.137089381167073509e-12
5.647383097373665805e+04 2.145482856729065302e-12
5.648795223798404186e+04 2.185563655542116885e-12
5.650207350204270188e+04 2.251112627608333104e-12
5.651619476617752662e+04 2.299766648568936029e-12
5.653031603025448567e+04 2.402758518435077948e-12
5.654443729434782290e+04 2.440476415646807971e-12
5.655855855863136821e+04 2.432561133831305084e-12
5.657267982264917373e+04 2.418675797806613020e-12
5.658680108676245436e+04 2.398294265810577053e-12
5.660092235090976465e+04 2.380078814658870124e-12
5.661504361496645288e+04 2.341389970129893332e-12
5.662916487921187945e+04 2.312025962130635065e-12
5.664328614330059645e+04 2.258141514339093894e-12
5.665740740738694876e+04 2.186277671663218962e-12
