5.300000000000034925e+04 9.992982726098046775e-13
5.301412126411062491e+04 1.000762973083245381e-12
5.302824252819814865e+04 9.289013360494018494e-13
5.304236379241975374e+04 8.722306863522838742e-13
5.305648505650561128e+04 8.354030226815458109e-13
5.307060632060504577e+04 7.338707238975178838e-13
5.308472758469760447e+04 6.837101337807327266e-13
5.309884884877561126e+04 7.055499356804116911e-13
5.311297011302063038e+04 7.197376326533680171e-13
5.312709137711533549e+04 7.010154748538265116e-13
5.314121264121773856e+04 7.165560329073336623e-13
5.315533390530521865e+04 5.572420487160654685e-13
5.316945516950161254e+04 6.080367181214529238e-13
5.318357643357280904e+04 5.278336272440396803e-13
5.319769769770286803e+04 5.087025903778882984e-13
5.321181896177458111e+04 5.909695786343532380e-13
5.322594022589566157e+04 6.924625413766572781e-13
5.324006149007054773e+04 7.077891025111945679e-13
5.325418275420312420e+04 6.108422464981238455e-13
5.326830401829870971e+04 5.931438492950348545e-13
5.328242528237102670e+04 5.494606493737190965e-13
5.329654654649066651e+04 5.051979758926073985e-13
5.331066781067931879e+04 6.241320194806765861e-13
5.332478907482149953e+04 6.107772396781161656e-13
5.333891033890777180e+04 5.585914243245647827e-13
5.335303160301612661e+04 5.104443858794211081e-13
5.336715286722641758e+04 4.287580330067692113e-13
5.338127413131030335e+04 4.362982708781254667e-13
5.339539539540950500e+04 3.914884889348386949e-13
5.340951665947143192e+04 3.588550652909947041e-13
5.342363792357388593e+04 3.432108282751944535e-13
5.343775918780021311e+04 3.369141847018229954e-13
5.345188045188531396e+04 3.038515500710688691e-13
5.346600171598727320e+04 3.025971120822572736e-13
5.348012298008010112e+04 2.362951902451877971e-13
5.349424424422689481e+04 2.060980009154180060e-13
5.350836550840577547e+04 1.914971925169321628e-13
5.352248677247182786e+04 1.798788416954444637e-13
5.353660803660059173e+04 6.746926983801615439e-14
5.355072930070163420e+04 5.067726134317008723e-14
5.356485056492278090e+04 -2.684738257506816306e-14
5.357897182902065833e+04 -6.613385314078520239e-14
5.359309309311359539e+04 -8.353808756772041150e-14
5.360721435718679277e+04 -1.224267717199437662e-13
5.362133562127521873e+04 -2.004991326748422909e-13
5.363545688552813226e+04 -2.026241641271777131e-13
5.364957814959387179e+04 -2.432081154952944079e-13
5.366369941370315792e+04 -2.946822306509066038e-13
5.367782067780515354e+04 -3.313034769212628825e-13
5.369194194187610265e+04 -4.287083682218599366e-13
5.370606320608815440e+04 -3.756940063692152126e-13
5.372018447019995074e+04 -4.461370562781086639e-13
5.373430573427466879e+04 -4.456079284257229375e-13
5.374842699840237765e+04 -4.544708752781371398e-13
5.376254826251766644e+04 -3.847186127348739639e-13
5.377666952672351908e+04 -4.555627685544529810e-13
5.379079079079610528e+04 -4.596834817185469325e-13
5.380491205488806736e+04 -4.060942936021748820e-13
5.381903331899374461e+04 -4.994487344292394342e-13
5.383315458317689627e+04 -4.711900761345746177e-13
5.384727584728737565e+04 -4.341843214394921788e-13
5.386139711142401939e+04 -5.101671695620084495e-13
5.387551837551667268e+04 -4.342124265157167991e-13
5.388963963960668480e+04 -4.794867167660540859e-13
5.390376090380884852e+04 -4.514822213063808110e-13
5.391788216792925959e+04 -4.003544403577881426e-13
5.393200343198147311e+04 -4.109019213851752308e-13
5.394612469610373955e+04 -3.981712070546884068e-13
5.396024596019235469e+04 -4.238719714631966014e-13
5.397436722438916331e+04 -4.259066019420064733e-13
5.398848848851035291e+04 -2.681274702648339629e-13
5.400260975258138205e+04 -3.080055858800504725e-13
5.401673101670193864e+04 -2.016871807198162644e-13
5.403085228089965676e+04 -2.152949062083978885e-13
5.404497354498931236e+04 -1.515475034353399683e-13
5.405909480909085687e+04 -2.195013730499487012e-13
5.407321607321700139e+04 -2.141581997199916525e-13
5.408733733727825165e+04 -3.667186392119026303e-13
5.410145860150639055e+04 -3.843881014644691066e-13
5.411557986562458245e+04 -3.933786276589578921e-13
5.412970112970998889e+04 -3.419890490318322446e-13
5.414382239381284307e+04 -4.264866287513344103e-13
5.415794365790813754e+04 -4.122156677238150582e-13
5.417206492211674049e+04 -4.093236111203424897e-13
5.418618618621359929e+04 -5.156829567459432145e-13
5.420030745028774982e+04 -7.247942397488218697e-13
5.421442871438102884e+04 -7.408509796156664812e-13
5.422854997847083723e+04 -7.505352807232582654e-13
5.424267124269815395e+04 -7.139586263651795424e-13
5.425679250682393467e+04 -6.469054469886343548e-13
5.427091377088159788e+04 -7.481111625739344115e-13
5.428503503499167709e+04 -8.218407360026022350e-13
5.429915629920153151e+04 -9.398755278013910038e-13
5.431327756331668206e+04 -9.217697729679051029e-13
5.432739882738197775e+04 -8.797163908428493519e-13
5.434152009151793754e+04 -9.265004990659602398e-13
5.435564135558240378e+04 -9.452534452019564350e-13
5.436976261980725394e+04 -9.751552546066020936e-13
5.438388388390495675e+04 -9.484523339958652167e-13
5.439800514801710233e+04 -1.014075473982148268e-12
5.441212641210707807e+04 -8.521342460758897625e-13
5.442624767620136117e+04 -9.489093181092806127e-13
5.444036894042521453e+04 -9.603078075667595754e-13
5.445449020452846889e+04 -9.500678226292470161e-13
5.446861146862438909e+04 -9.116594697206886447e-13
5.448273273267389595e+04 -9.769026379284079822e-13
5.449685399688017787e+04 -9.979637411118248298e-13
5.451097526099575043e+04 -1.019165590976177719e-12
5.452509652507970895e+04 -9.788967705414768643e-13
5.453921778920706129e+04 -1.035684294202225599e-12
5.455333905332144059e+04 -1.047610805013026193e-12
5.456746031747296365e+04 -1.097462571241059988e-12
5.458158158159854793e+04 -1.183145875357501871e-12
5.459570284568072384e+04 -1.255124745967172126e-12
5.460982410977852123e+04 -1.374188692545350052e-12
5.462394537388009485e+04 -1.423897499094320424e-12
5.463806663808631856e+04 -1.418657119527405270e-12
5.465218790218706999e+04 -1.411990683966858277e-12
5.466630916631534637e+04 -1.445500786819077784e-12
5.468043043040841440e+04 -1.536255397445461825e-12
5.469455169462173217e+04 -1.680607273631384528e-12
5.470867295869886584e+04 -1.574071773354801367e-12
5.472279422282089945e+04 -1.535015454594387966e-12
5.473691548690782656e+04 -1.508536931993822171e-12
5.475103675101038243e+04 -1.512716400258212408e-12
5.476515801519752131e+04 -1.602896295270775441e-12
5.477927927928134886e+04 -1.544369355081481413e-12
5.479340054340979259e+04 -1.476960104306153692e-12
5.480752180748138198e+04 -1.522827367404867181e-12
5.482164307160833414e+04 -1.554079105667544151e-12
5.483576433581003948e+04 -1.516083255610030191e-12
5.484988559989943315e+04 -1.589787822159852537e-12
5.486400686400372797e+04 -1.595776195094004832e-12
5.487812812809659226e+04 -1.528647773781110272e-12
5.489224939219227963e+04 -1.487275995079453939e-12
5.490637065638097556e+04 -1.621081386087147229e-12
5.492049192048497207e+04 -1.511320883638745916e-12
5.493461318460724578e+04 -1.515208236150250616e-12
5.494873444872885739e+04 -1.562287558323626082e-12
5.496285571289435029e+04 -1.593743113713884532e-12
5.497697697697379044e+04 -1.569549069080770644e-12
5.499109824109234614e+04 -1.485678874330533956e-12
5.500521950521149120e+04 -1.477124972666683753e-12
5.501934076933019969e+04 -1.423413959003369777e-12
5.503346203352823795e+04 -1.391536163570304213e-12
5.504758329758661421e+04 -1.435424563743031292e-12
5.506170456167673547e+04 -1.347644001300759474e-12
5.507582582579890004e+04 -1.442441316907228211e-12
5.508994708987938066e+04 -1.390204159997109040e-12
5.510406835410745407e+04 -1.430040339297801357e-12
5.511818961820545519e+04 -1.315041891580425515e-12
5.513231088227924192e+04 -1.302155603481545907e-12
5.514643214639825601e+04 -1.276549002143380746e-12
5.516055341059700731e+04 -1.220712182478386638e-12
5.517467467469147959e+04 -1.213933769212566843e-12
5.518879593881126493e+04 -1.142806681582333298e-12
5.520291720290022204e+04 -1.177808566472583950e-12
5.521703846700536087e+04 -1.213142843681648188e-12
5.523115973118149122e+04 -1.141973487787171243e-12
5.524528099531171029e+04 -1.227179890807046241e-12
5.525940225937987998e+04 -1.242152150941303610e-12
5.527352352352077287e+04 -1.171751811896278884e-12
5.528764478759167105e+04 -1.168596961765115813e-12
5.530176605183056381e+04 -1.155078641400902164e-12
5.531588731592446857e+04 -1.133353860078921935e-12
5.533000858001767483e+04 -1.173965031324011919e-12
5.534412984410828358e+04 -1.220865543248651485e-12
5.535825110829158803e+04 -1.085524552839994381e-12
5.537237237243058189e+04 -1.059077233513032248e-12
5.538649363651976455e+04 -1.084283060890231051e-12
5.540061490059903008e+04 -1.173227439047976201e-12
5.541473616469319677e+04 -1.131640556928286013e-12
5.542885742892423150e+04 -1.111506257360842005e-12
5.544297869300391903e+04 -1.115848159687821476e-12
5.545709995708410133e+04 -9.947117403628461524e-13
5.547122122122537257e+04 -9.746261267542162662e-13
5.548534248532668425e+04 -1.010385520903654125e-12
5.549946374951600592e+04 -9.157212064846734716e-13
5.551358501360860100e+04 -9.625692703536812553e-13
5.552770627770120336e+04 -8.407587717989413303e-13
5.554182754178011965e+04 -7.503170791078453685e-13
5.555594880589166132e+04 -8.319444002554349309e-13
5.557007007012807298e+04 -8.618406771647608214e-13
5.558419133418047568e+04 -7.801567032650964410e-13
5.559831259828081238e+04 -7.655425062279366538e-13
5.561243386237890081e+04 -6.937501913604502574e-13
5.562655512657788495e+04 -6.777329535101890613e-13
5.564067639071379381e+04 -4.956049779808547659e-13
5.565479765478015906e+04 -4.765886850676360707e-13
5.566891891887321253e+04 -3.367263181838250776e-13
5.568304018302407349e+04 -3.780491896268543491e-13
5.569716144722318859e+04 -3.432579821583816772e-13
5.571128271131920337e+04 -2.674028240278465103e-13
5.572540397541080165e+04 -2.189638358046768777e-13
5.573952523950781324e+04 -1.478513539620875642e-13
5.575364650359880761e+04 -7.863629671437705395e-14
5.576776776777587656e+04 2.922478944083036430e-14
5.578188903188848781e+04 1.458666095679997556e-13
5.579601029599877802e+04 2.792466623355067630e-13
5.581013156010927923e+04 3.217769455571292975e-13
5.582425282428864011e+04 4.558470111409217694e-13
5.583837408840571152e+04 5.207644260242111815e-13
5.585249535247562744e+04 6.237082303391797991e-13
5.586661661657844525e+04 6.697416895973000818e-13
5.588073788068022986e+04 7.536944291777083208e-13
5.589485914487092668e+04 8.547377107004190428e-13
5.590898040902442153e+04 7.513667977467617571e-13
5.592310167311840632e+04 8.069431475320997698e-13
5.593722293720894231e+04 8.641549029339708684e-13
5.595134420129463251e+04 9.682574330687184257e-13
5.596546546551930805e+04 1.064346696982266923e-12
5.597958672960608965e+04 1.108435816085196540e-12
5.599370799372415786e+04 1.174929328235190756e-12
5.600782925780415826e+04 1.135938071619738144e-12
5.602195052198375197e+04 1.278756561402825021e-12
5.603607178607551032e+04 1.357402088872854906e-12
5.605019305021953915e+04 1.419965316347662706e-12
5.606431431427945063e+04 1.444620771090447764e-12
5.607843557837134722e+04 1.390789591628787753e-12
5.609255684260719136e+04 1.486493351268452566e-12
5.610667810669047321e+04 1.575205364622766039e-12
5.612079937082159449e+04 1.547696470093840471e-12
5.613492063487288397e+04 1.543478053062399017e-12
5.614904189898994082e+04 1.556693192683087592e-12
5.616316316321727936e+04 1.668382765599596999e-12
5.617728442731982068e+04 1.779836432915670110e-12
5.619140569137517014e+04 1.768041152893855087e-12
5.620552695549347118e+04 1.853746144391950567e-12
5.621964821961434791e+04 1.904164438140732137e-12
5.623376948378902307e+04 1.907541473283938504e-12
5.624789074789621372e+04 2.073338407828472470e-12
5.626201201197249611e+04 2.179844253930141642e-12
5.627613327612379362e+04 2.227718485031065860e-12
5.629025454031380650e+04 2.221991245876008077e-12
5.630437580438224541e+04 2.248240059270895861e-12
5.631849706852194504e+04 2.382029516692067960e-12
5.633261833262094297e+04 2.447852047809676919e-12
5.634673959671638295e+04 2.452745429270134331e-12
5.636086086090899335e+04 2.492693586276099451e-12
5.637498212503056857e+04 2.546233977783750758e-12
5.638910338907306868e+04 2.540516033220830202e-12
5.640322465317859314e+04 2.676926565624711538e-12
5.641734591730437387e+04 2.697934556853058288e-12
5.643146718151043751e+04 2.652953156904951273e-12
5.644558844558319834e+04 2.676402527668019801e-12
5.645970970971287898e+04 2.819398057301340269e-12
5.647383097379134415e+04 2.733488584776224995e-12
5.648795223801846441e+04 2.641097240734431438e-12
5.650207350207732088e+04 2.688378388337073034e-12
5.651619476618546469e+04 2.717766118276602699e-12
5.653031603029261896e+04 2.662101691165773569e-12
5.654443729438830633e+04 2.775091621782249011e-12
5.655855855862514727e+04 2.883551102631246176e-12
5.657267982270113134e+04 2.889365533912543618e-12
5.658680108679604746e+04 2.987711170717319504e-12
5.660092235091849579e+04 2.897237610853181665e-12
5.661504361497609352e+04 2.873530647108023246e-12
5.662916487920026702e+04 2.957815779007244970e-12
5.664328614331132849e+04 3.032545184990107119e-12
5.665740740737347369e+04 3.031964494281341068e-12
