5.299999999999959982e+04 -1.014921938052039650e-12
5.301412126407793403e+04 -9.919345035428611811e-13
5.302824252822110429e+04 -8.897155039408703905e-13
5.304236379241239047e+04 -8.595143058922931574e-13
5.305648505648030550e+04 -8.037571862315359914e-13
5.307060632062092918e+04 -7.959435470659983126e-13
5.308472758469989640e+04 -7.594728696209058060e-13
5.309884884880184836e+04 -5.956615718401452293e-13
5.311297011297404970e+04 -5.215562487535792793e-13
5.312709137711652147e+04 -4.512204002630243997e-13
5.314121264122150751e+04 -4.169774557861315135e-13
5.315533390532364137e+04 -3.439524712482234058e-13
5.316945516951008176e+04 -2.236458161433743030e-13
5.318357643358171481e+04 -1.086109805796970150e-13
5.319769769769140112e+04 -3.874093672870223009e-14
5.321181896180368494e+04 -1.475601169154027607e-13
5.322594022587732616e+04 -1.227697679425651527e-13
5.324006149008719512e+04 -2.193990895589810608e-14
5.325418275420881400e+04 7.338408702452646947e-14
5.326830401832569623e+04 1.453160173948246909e-13
5.328242528240618412e+04 1.946585963565344087e-13
5.329654654647886491e+04 1.397066905489039280e-13
5.331066781069334684e+04 2.093967594855002971e-13
5.332478907480718044e+04 1.948594379276746598e-13
5.333891033888037055e+04 1.859419852246445669e-13
5.335303160297571594e+04 1.015438576586525547e-13
5.336715286720653967e+04 1.543215013059844472e-13
5.338127413127946784e+04 1.548236052338350498e-13
5.339539539537340170e+04 2.401702962375500481e-13
5.340951665948596201e+04 2.106794067921005213e-13
5.342363792361003289e+04 2.195929469969915063e-13
5.343775918777882907e+04 1.724293034572465341e-13
5.345188045188405522e+04 1.690895515735128851e-13
5.346600171598640009e+04 7.784053108546036753e-14
5.348012298008208018e+04 1.425966138271454391e-13
5.349424424418573471e+04 1.192760599885614666e-13
5.350836550840986456e+04 1.438698059299095132e-13
5.352248677251881600e+04 2.573442068191107595e-13
5.353660803659966041e+04 3.358563069763448351e-13
5.355072930072162853e+04 2.665357517528852958e-13
5.356485056492329750e+04 2.963844174170543538e-13
5.357897182899210748e+04 3.470075787557908685e-13
5.359309309307825606e+04 3.078134765643761668e-13
5.360721435718432622e+04 2.683396307560161441e-13
5.362133562130967766e+04 2.996259221252951650e-13
5.363545688550412888e+04 3.281571627216276213e-13
5.364957814957950177e+04 3.635748347647840226e-13
5.366369941367490537e+04 4.298186449238602718e-13
5.367782067780125362e+04 5.226463584110378415e-13
5.369194194190135022e+04 3.423136677939146485e-13
5.370606320609326212e+04 3.798645207669091182e-13
5.372018447017970902e+04 3.709820631861231744e-13
5.373430573427390482e+04 4.615985631416885412e-13
5.374842699839416309e+04 4.390467065069329805e-13
5.376254826247255551e+04 4.489292420842733761e-13
5.377666952671698527e+04 5.382170141996002849e-13
5.379079079080431256e+04 5.475852736326573117e-13
5.380491205492021254e+04 4.630850950735371386e-13
5.381903331900086050e+04 5.386789063410213284e-13
5.383315458320220205e+04 5.800131450145213287e-13
5.384727584732334071e+04 6.511632278400236266e-13
5.386139711142645683e+04 6.369254297508464954e-13
5.387551837547778996e+04 6.209989539926341883e-13
5.388963963962883281e+04 6.381080909938920617e-13
5.390376090377235960e+04 6.748425360218619010e-13
5.391788216791961895e+04 7.942719764397746368e-13
5.393200343200920906e+04 8.332382842950908500e-13
5.394612469609287655e+04 8.220750576602197968e-13
5.396024596022182232e+04 7.621523229668681760e-13
5.397436722440684389e+04 6.667067135026200609e-13
5.398848848852208903e+04 7.921574885566010465e-13
5.400260975261875137e+04 7.224272078335750677e-13
5.401673101670755568e+04 6.225367831223065051e-13
5.403085228092284524e+04 6.368882610185251089e-13
5.404497354501828522e+04 6.063212172238165118e-13
5.405909480909961712e+04 5.793995348897064403e-13
5.407321607318464521e+04 5.290902428461285362e-13
5.408733733730890526e+04 4.964782666907192552e-13
5.410145860151867964e+04 4.386906691762752947e-13
5.411557986560410791e+04 4.568568327581122420e-13
5.412970112970531045e+04 4.600850784448816053e-13
5.414382239382310217e+04 5.318598568065928255e-13
5.415794365791077144e+04 4.073276493712684161e-13
5.417206492212000740e+04 3.969560515265410689e-13
5.418618618620737834e+04 4.158364633797707514e-13
5.420030745027258672e+04 3.632364036757522593e-13
5.421442871440450836e+04 3.036803570024370169e-13
5.422854997848540370e+04 2.565230169319161111e-13
5.424267124268018961e+04 2.251204374235028621e-13
5.425679250682931888e+04 3.730067809731051803e-13
5.427091377089155867e+04 3.190186538737386245e-13
5.428503503501880186e+04 2.770471127255814175e-13
5.429915629921377695e+04 2.469352228810543046e-13
5.431327756327421230e+04 1.969100216745762717e-13
5.432739882740985195e+04 1.911269147029773304e-13
5.434152009149385412e+04 1.789664357646523273e-13
5.435564135557602276e+04 2.110576149455464265e-13
5.436976261977710237e+04 1.907717468163505294e-13
5.438388388392840716e+04 1.576924444943269981e-13
5.439800514802402904e+04 4.452517470904475257e-14
5.441212641209091817e+04 1.082132541392605516e-13
5.442624767622249055e+04 2.039529530469640543e-13
5.444036894038385799e+04 2.000343687996519449e-13
5.445449020447497605e+04 2.730633201759510782e-13
5.446861146858741995e+04 2.394640903234433005e-13
5.448273273268537741e+04 3.054974950270392627e-13
5.449685399689163751e+04 3.084879477713547600e-13
5.451097526101948461e+04 3.677427320879596257e-13
5.452509652509744774e+04 4.293710986089492319e-13
5.453921778917404299e+04 5.186595228072993548e-13
5.455333905332012364e+04 4.066733927380085514e-13
5.456746031750632392e+04 4.815872987733208654e-13
5.458158158161166648e+04 5.956574861847033311e-13
5.459570284568308125e+04 5.326084481172065715e-13
5.460982410979541601e+04 4.348972848694142352e-13
5.462394537387839227e+04 4.796006191626911814e-13
5.463806663811438921e+04 5.261884733929659164e-13
5.465218790220810479e+04 6.279038611251149406e-13
5.466630916632292065e+04 4.966773693737976358e-13
5.468043043042758654e+04 4.531738678431767865e-13
5.469455169457648299e+04 3.909212405079936500e-13
5.470867295868096699e+04 4.624043203973345295e-13
5.472279422281535517e+04 4.764997470264500801e-13
5.473691548687549221e+04 4.864983533819169825e-13
5.475103675100153487e+04 3.819168434018725755e-13
5.476515801521420508e+04 4.740939953929216924e-13
5.477927927930200531e+04 5.508459061095780939e-13
5.479340054337723996e+04 5.006363827685471012e-13
5.480752180748892715e+04 4.541298215551624703e-13
5.482164307157584699e+04 3.973168707993688232e-13
5.483576433578788419e+04 4.173788570906053650e-13
5.484988559992142109e+04 4.373152087193754144e-13
5.486400686402756401e+04 5.121939022714359337e-13
5.487812812808541639e+04 4.953123422452686762e-13
5.489224939218386135e+04 4.705071040434017364e-13
5.490637065637132764e+04 4.617300665513636575e-13
5.492049192047757970e+04 4.824502219739991971e-13
5.493461318459944596e+04 4.047966977972889280e-13
5.494873444871561514e+04 3.542893898756711988e-13
5.496285571291403903e+04 3.258790019996352673e-13
5.497697697700472781e+04 2.394006209091868403e-13
5.499109824107641180e+04 2.620909365058647978e-13
5.500521950519534585e+04 2.528778728323252562e-13
5.501934076928083232e+04 2.672976020849703382e-13
5.503346203351290023e+04 3.883872458799059641e-13
5.504758329762140056e+04 4.021857573724657136e-13
5.506170456170921534e+04 3.675349349645720940e-13
5.507582582578468282e+04 3.527404753346047471e-13
5.508994708988376078e+04 3.838978716263013566e-13
5.510406835412946384e+04 4.093960567208036970e-13
5.511818961818987736e+04 4.422819077459497253e-13
5.513231088228830049e+04 4.279812923255393480e-13
5.514643214641261875e+04 3.313069410846074077e-13
5.516055341060015780e+04 3.042724483874867990e-13
5.517467467470036354e+04 2.366444833312016191e-13
5.518879593878086598e+04 2.968752185725031760e-13
5.520291720291729143e+04 2.168107260980789831e-13
5.521703846697781410e+04 2.435452606045355676e-13
5.523115973121934076e+04 1.942764757049493955e-13
5.524528099531454791e+04 2.523344703130064379e-13
5.525940225938022195e+04 1.690582515884001226e-13
5.527352352348966087e+04 1.479933616075086776e-13
5.528764478759184567e+04 7.557736827300121853e-14
5.530176605181920604e+04 9.443821763553538657e-14
5.531588731589380768e+04 1.063843786202410198e-13
5.533000857999968139e+04 9.098130816863657422e-14
5.534412984412591322e+04 1.638363707387536685e-13
5.535825110830316407e+04 1.599769086855434691e-13
5.537237237239473325e+04 2.340083290294819875e-13
5.538649363650559826e+04 2.011624724297578728e-13
5.540061490058941126e+04 2.355072505387711481e-13
5.541473616470743582e+04 3.295541419182925575e-13
5.542885742891704285e+04 2.852011935694723943e-13
5.544297869299227750e+04 3.058313615349087291e-13
5.545709995708201313e+04 3.924558092225500982e-13
5.547122122117706022e+04 4.642953611645641564e-13
5.548534248530826881e+04 4.789915736190385898e-13
5.549946374952464248e+04 3.981880537183408132e-13
5.551358501362324023e+04 4.167645948827673130e-13
5.552770627770109422e+04 3.872521866975527556e-13
5.554182754182173812e+04 3.645970835841266433e-13
5.555594880590704997e+04 3.649874639540053399e-13
5.557007007007970969e+04 3.206692933664215795e-13
5.558419133418159618e+04 3.208214460718308668e-13
5.559831259830830095e+04 2.776370305005539876e-13
5.561243386239822576e+04 2.143128133972740776e-13
5.562655512659395754e+04 2.700893868682228470e-13
5.564067639069307916e+04 2.509277098709937951e-13
5.565479765477246110e+04 2.904926299415916286e-13
5.566891891891609703e+04 3.508494345673751707e-13
5.568304018302923942e+04 4.613192542467586626e-13
5.569716144719740259e+04 4.585805055493915924e-13
5.571128271132235386e+04 4.921323507022148344e-13
5.572540397540809499e+04 4.795323678062647031e-13
5.573952523949128226e+04 4.874060529501871953e-13
5.575364650358187646e+04 3.745939510515317255e-13
5.576776776781487570e+04 2.600725221881068584e-13
5.578188903188054246e+04 2.056288064165433761e-13
5.579601029598538298e+04 1.332510686193959600e-13
5.581013156010442617e+04 8.906853130063422082e-14
5.582425282432333915e+04 1.866497126658054387e-13
5.583837408838868578e+04 2.178062395134711129e-13
5.585249535252534406e+04 1.518884708659862151e-13
5.586661661658929370e+04 7.061110396844236259e-14
5.588073788072639582e+04 1.571755600179509243e-13
5.589485914492304437e+04 1.967994208175593700e-14
5.590898040897023748e+04 7.065196783789514845e-14
5.592310167309007375e+04 5.764073791532455464e-14
5.593722293722606992e+04 3.511779029459679169e-14
5.595134420130291255e+04 2.856044341347233938e-14
5.596546546547902835e+04 5.106252437745826699e-14
5.597958672957140516e+04 -2.333754023558619004e-14
5.599370799368104053e+04 -1.304680068573350298e-14
5.600782925780685036e+04 -5.316729549208296669e-14
5.602195052199916245e+04 -4.490409942231278261e-14
5.603607178607855894e+04 -1.072562780990351157e-13
5.605019305020063621e+04 -2.359679029909446931e-13
5.606431431428831274e+04 -1.997199118982691256e-13
5.607843557837647677e+04 -2.621946821833497721e-13
5.609255684259702684e+04 -3.767039388303418477e-13
5.610667810669463506e+04 -3.973332373517472978e-13
5.612079937077053910e+04 -5.145482038229318610e-13
5.613492063491467707e+04 -5.345714998547929173e-13
5.614904189902012877e+04 -6.354383102127736135e-13
5.616316316320338956e+04 -6.465976243495055839e-13
5.617728442732278199e+04 -6.665896203962537768e-13
5.619140569142411550e+04 -7.176112044621549253e-13
5.620552695549610507e+04 -7.658740426179780467e-13
5.621964821962218411e+04 -7.939831681373036519e-13
5.623376948378308589e+04 -8.403245349848152687e-13
5.624789074789984443e+04 -9.592175284356565173e-13
5.626201201201386721e+04 -9.865285043346065279e-13
5.627613327612367721e+04 -1.005150256588640351e-12
5.629025454032199923e+04 -1.122897322806741776e-12
5.630437580441339378e+04 -1.247401708033077164e-12
5.631849706851700466e+04 -1.353295643777780433e-12
5.633261833262467553e+04 -1.442377140296773910e-12
5.634673959667423333e+04 -1.460052937445177578e-12
5.636086086092354526e+04 -1.520163689410213444e-12
5.637498212501721719e+04 -1.505525729705810011e-12
5.638910338908068661e+04 -1.528139968949783274e-12
5.640322465322282369e+04 -1.612764695366331283e-12
5.641734591731325054e+04 -1.571000081897530673e-12
5.643146718147388310e+04 -1.589474898110340720e-12
5.644558844560913712e+04 -1.611847431913721135e-12
5.645970970971507631e+04 -1.580631782871953475e-12
5.647383097377828381e+04 -1.609971171695016954e-12
5.648795223799612722e+04 -1.650951546647936632e-12
5.650207350208026764e+04 -1.797543288035513732e-12
5.651619476617829059e+04 -1.773879629846231788e-12
5.653031603031718259e+04 -1.816545856775086216e-12
5.654443729437202273e+04 -1.867939562886216975e-12
5.655855855862604949e+04 -2.017770852732965041e-12
5.657267982268892229e+04 -2.166777909638410867e-12
5.658680108680890407e+04 -2.242941206746140975e-12
5.660092235087561130e+04 -2.113161904584273871e-12
5.661504361499290826e+04 -2.174475097644058590e-12
5.662916487919192878e+04 -2.118427257635465854e-12
5.664328614329347329e+04 -2.126113142868711468e-12
5.665740740742560592e+04 -2.251877352495835723e-12
