5.300000000000405271e+04 3.144773809927864031e-13
5.301412126418174012e+04 3.952449282991177905e-13
5.302824252818215609e+04 4.337407603526868033e-13
5.304236379246626166e+04 4.256296246979904822e-13
5.305648505644713441e+04 5.496494829094005331e-13
5.307060632056785107e+04 5.451193669708088626e-13
5.308472758463480568e+04 6.497802601346030587e-13
5.309884884873500414e+04 6.668835629191402706e-13
5.311297011307239882e+04 6.796537565083483208e-13
5.312709137701117288e+04 7.441789637963854586e-13
5.314121264112705103e+04 8.875439316361050495e-13
5.315533390527740994e+04 9.258626524625717851e-13
5.316945516945832060e+04 1.085144206423237150e-12
5.318357643357845518e+04 1.178102292862638474e-12
5.319769769778401678e+04 1.146479376608721515e-12
5.321181896183826757e+04 1.364080122357354692e-12
5.322594022591297835e+04 1.442399265528600009e-12
5.324006149002345046e+04 1.483870094247268300e-12
5.325418275425834145e+04 1.524253618935868414e-12
5.326830401839427941e+04 1.556281806204497131e-12
5.328242528246867005e+04 1.569958836987307804e-12
5.329654654643092363e+04 1.552356912300482154e-12
5.331066781072693266e+04 1.653799364752145546e-12
5.332478907485637319e+04 1.653958009303203625e-12
5.333891033881394105e+04 1.633039097234430636e-12
5.335303160303752520e+04 1.593026378205017565e-12
5.336715286711895897e+04 1.635957048540354326e-12
5.338127413128771877e+04 1.634960151121260303e-12
5.339539539541417616e+04 1.679291604348472043e-12
5.340951665948078880e+04 1.611296134102410768e-12
5.342363792366528651e+04 1.717517320672844749e-12
5.343775918781702785e+04 1.663349558894550866e-12
5.345188045191374840e+04 1.598087762877638272e-12
5.346600171595298889e+04 1.526521404690840121e-12
5.348012298016126442e+04 1.513450548502683632e-12
5.349424424413991801e+04 1.439933000892064429e-12
5.350836550832588546e+04 1.481305282940915882e-12
5.352248677241962287e+04 1.526499582405432546e-12
5.353660803657868382e+04 1.424059539763709829e-12
5.355072930073647876e+04 1.415625746031916119e-12
5.356485056487812108e+04 1.454718118833902902e-12
5.357897182895517471e+04 1.386362407685875620e-12
5.359309309310531535e+04 1.221072104757515729e-12
5.360721435720369482e+04 1.191649429089451851e-12
5.362133562127881305e+04 1.161504886075525558e-12
5.363545688549913757e+04 1.185171327792753847e-12
5.364957814957264782e+04 1.176105726940589022e-12
5.366369941361846577e+04 1.165892204598890805e-12
5.367782067784575338e+04 1.152698381564390227e-12
5.369194194189288100e+04 1.190777923215080467e-12
5.370606320617185702e+04 1.192023525410724072e-12
5.372018447011795797e+04 1.213781383118498508e-12
5.373430573439348518e+04 1.168111150000807607e-12
5.374842699831078062e+04 1.112758057100853089e-12
5.376254826247251913e+04 1.038580298760284842e-12
5.377666952660921379e+04 1.029534095495149040e-12
5.379079079079340590e+04 9.690572685356949427e-13
5.380491205491521396e+04 8.863286381701941540e-13
5.381903331898374017e+04 9.246070050879311197e-13
5.383315458328111708e+04 7.674013393248441452e-13
5.384727584729270166e+04 7.244779430846432421e-13
5.386139711144532339e+04 7.509923662402979415e-13
5.387551837543769216e+04 7.416600485664855182e-13
5.388963963959190005e+04 6.654947303264170301e-13
5.390376090379820380e+04 5.694288733365945009e-13
5.391788216797570931e+04 6.515811182589498395e-13
5.393200343193827575e+04 6.242956410188951715e-13
5.394612469609088294e+04 5.413965889959257894e-13
5.396024596013651899e+04 4.803509970739448515e-13
5.397436722446017666e+04 4.513703092817544712e-13
5.398848848849703791e+04 4.632513313369755687e-13
5.400260975253298966e+04 4.344750109795543191e-13
5.401673101667377341e+04 3.522999046153433538e-13
5.403085228097344952e+04 3.216572592773526997e-13
5.404497354498811910e+04 2.651174497138065419e-13
5.405909480915171298e+04 2.878791325503281092e-13
5.407321607314173161e+04 2.748952191183191683e-13
5.408733733723702608e+04 2.427270921146959935e-13
5.410145860148737847e+04 1.603524677124731533e-13
5.411557986559342680e+04 1.463086624147957028e-14
5.412970112974855147e+04 -2.299352488499615081e-14
5.414382239387781010e+04 -1.469828534626626227e-14
5.415794365786888375e+04 -3.357906523507070327e-14
5.417206492205562972e+04 -1.124053167529295358e-13
5.418618618626070383e+04 -2.414976439724054951e-13
5.420030745029624086e+04 -2.087531315256369206e-13
5.421442871432745596e+04 -2.064226499983037425e-13
5.422854997855545662e+04 -2.219296352860045790e-13
5.424267124278965639e+04 -2.657889651003514372e-13
5.425679250672846683e+04 -3.205525099088195915e-13
5.427091377090761671e+04 -3.635043097585985262e-13
5.428503503503218963e+04 -3.420907592205877793e-13
5.429915629927611008e+04 -4.179062281231701730e-13
5.431327756322026107e+04 -4.414271879376813967e-13
5.432739882734238927e+04 -5.223483788546649480e-13
5.434152009146310593e+04 -5.470276517231894770e-13
5.435564135568773054e+04 -6.507701037797120632e-13
5.436976261989343766e+04 -6.391800455299248932e-13
5.438388388393684727e+04 -6.887879888144889337e-13
5.439800514807704894e+04 -7.102306357330431138e-13
5.441212641219926445e+04 -6.444063096922915870e-13
5.442624767624952801e+04 -5.575743968992061701e-13
5.444036894040203333e+04 -4.908591673970544391e-13
5.445449020451903198e+04 -5.113984409768326003e-13
5.446861146858221764e+04 -5.399655445027275142e-13
5.448273273268665071e+04 -6.244378793879362693e-13
5.449685399689058249e+04 -5.647251788032291346e-13
5.451097526093023043e+04 -5.761558997309928239e-13
5.452509652502821700e+04 -5.131650069383960924e-13
5.453921778921316582e+04 -5.198751865084760590e-13
5.455333905338206387e+04 -5.053353094883605630e-13
5.456746031741274783e+04 -5.290931969730108536e-13
5.458158158156571881e+04 -4.129002651277749781e-13
5.459570284573921526e+04 -4.806366390328070113e-13
5.460982410984148009e+04 -2.688426995154776810e-13
5.462394537387671880e+04 -2.792273362856096910e-13
5.463806663805293647e+04 -2.697834824863808918e-13
5.465218790228279249e+04 -2.544621598173855142e-13
5.466630916634598543e+04 -2.440886073826986168e-13
5.468043043031057459e+04 -1.918259657590320824e-13
5.469455169458084129e+04 -2.345436090225332031e-13
5.470867295876677963e+04 -1.750803059853408491e-13
5.472279422278871061e+04 -8.064315353498333163e-14
5.473691548691276694e+04 -7.563996162344940225e-14
5.475103675103901332e+04 -4.371841337221020736e-15
5.476515801516201464e+04 9.117513019957757019e-14
5.477927927935692423e+04 -3.343721513417995022e-16
5.479340054332063301e+04 4.399881300328326531e-14
5.480752180743333884e+04 2.526351501719581649e-14
5.482164307160711178e+04 -3.110864397274309877e-14
5.483576433576449199e+04 -1.707448975731048557e-14
5.484988559995215473e+04 3.610399508250776895e-14
5.486400686409045738e+04 -2.853846369140955048e-14
5.487812812814553035e+04 -8.985695966245662636e-15
5.489224939214161714e+04 -4.146556990426237782e-14
5.490637065642126981e+04 -3.200231851800462525e-14
5.492049192058943299e+04 1.553701066411684210e-14
5.493461318462969211e+04 -4.128544945327943093e-14
5.494873444865789497e+04 -9.400531991405649956e-14
5.496285571281394368e+04 -1.630135736001446374e-14
5.497697697691967915e+04 -9.930086117295504604e-14
5.499109824102035782e+04 -1.289098922306897598e-13
5.500521950515083881e+04 -1.222454355443208447e-13
5.501934076932142489e+04 -1.240410978864277195e-13
5.503346203358267667e+04 -6.195773505839884840e-14
5.504758329762769426e+04 -3.667713699197734058e-14
5.506170456167314842e+04 -1.612927782335618015e-13
5.507582582589267258e+04 -2.195437320814458885e-13
5.508994708985810576e+04 -2.005036148706180678e-13
5.510406835419114213e+04 -1.404126613388466809e-13
5.511818961824573489e+04 -1.666354279181020512e-13
5.513231088222139078e+04 -1.866260268933475688e-13
5.514643214643820829e+04 -1.965077119426579868e-13
5.516055341050963034e+04 -2.098477096508409548e-13
5.517467467462943023e+04 -1.826439793846938533e-13
5.518879593882360496e+04 -1.837274731744528001e-13
5.520291720290992816e+04 -2.309966216800998535e-13
5.521703846697726112e+04 -3.009470915902914836e-13
5.523115973121476418e+04 -3.076420301991344331e-13
5.524528099521885451e+04 -2.291649352477963880e-13
5.525940225933220063e+04 -2.318667420125405346e-13
5.527352352351005538e+04 -2.059210838194127769e-13
5.528764478763369698e+04 -2.430979449022923994e-13
5.530176605185287917e+04 -2.937782976411702996e-13
5.531588731589296367e+04 -3.597162381202341546e-13
5.533000857996704144e+04 -3.400969643823996812e-13
5.534412984415757091e+04 -3.156033541325805607e-13
5.535825110835473606e+04 -3.583750335313765422e-13
5.537237237246154109e+04 -3.618056353516363108e-13
5.538649363650115993e+04 -3.616421414038210265e-13
5.540061490068620333e+04 -3.783600903388995288e-13
5.541473616464887891e+04 -4.309580331097804411e-13
5.542885742892058624e+04 -3.990323759440189400e-13
5.544297869306357461e+04 -3.234288949568241350e-13
5.545709995712027012e+04 -3.265602197200661164e-13
5.547122122119709820e+04 -2.610296285686098205e-13
5.548534248521478730e+04 -2.776810714910176473e-13
5.549946374955950159e+04 -3.115825114498689764e-13
5.551358501352103485e+04 -3.544428655322258081e-13
5.552770627761032665e+04 -4.211179143183891448e-13
5.554182754175388982e+04 -3.851326192958582158e-13
5.555594880599154567e+04 -4.189426134872874419e-13
5.557007007007321954e+04 -4.372677910619060061e-13
5.558419133426083135e+04 -4.891203122741036780e-13
5.559831259823039727e+04 -4.748824833948672221e-13
5.561243386234453646e+04 -4.634960998088839831e-13
5.562655512660393288e+04 -5.343887382319094253e-13
5.564067639063763636e+04 -5.348431959851586372e-13
5.565479765474386659e+04 -5.420757248630891933e-13
5.566891891899055918e+04 -7.058218413097529426e-13
5.568304018299010204e+04 -7.926870071091735963e-13
5.569716144717295538e+04 -6.907637716075788627e-13
5.571128271126028267e+04 -7.421562928988046150e-13
5.572540397533110081e+04 -7.526864115716536897e-13
5.573952523956886580e+04 -7.937871274021002372e-13
5.575364650368506409e+04 -8.328954339362892374e-13
5.576776776789888390e+04 -8.102390522864961891e-13
5.578188903183602088e+04 -8.198519422012628290e-13
5.579601029608408862e+04 -8.143291720657397018e-13
5.581013156002759933e+04 -8.761769927655600442e-13
5.582425282421184238e+04 -9.478289081665752437e-13
5.583837408830961795e+04 -8.231467609123200442e-13
5.585249535249597102e+04 -7.667884573416875922e-13
5.586661661656042997e+04 -7.276081026271053098e-13
5.588073788072711613e+04 -6.814944960916104099e-13
5.589485914491743461e+04 -6.806770263525339882e-13
5.590898040907893301e+04 -5.588934328171736584e-13
5.592310167317368177e+04 -5.600794567097997956e-13
5.593722293720118614e+04 -5.230051257297873887e-13
5.595134420139235590e+04 -4.464345364750072433e-13
5.596546546544670855e+04 -4.552936915795068336e-13
5.597958672956401278e+04 -3.763704521265032849e-13
5.599370799367606378e+04 -4.204085168499024446e-13
5.600782925774717296e+04 -3.856729806488070249e-13
5.602195052208648849e+04 -4.210569504734410761e-13
5.603607178601705527e+04 -5.026986231943563898e-13
5.605019305017547595e+04 -3.825305715501199815e-13
5.606431431432724639e+04 -4.006673154221717833e-13
5.607843557843794406e+04 -3.523119020429045554e-13
5.609255684255540837e+04 -3.539579258565025114e-13
5.610667810660913528e+04 -3.779471988435693629e-13
5.612079937089641317e+04 -3.435885300476075185e-13
5.613492063492675516e+04 -3.213782928994798729e-13
5.614904189899876656e+04 -4.020362308496421772e-13
5.616316316321793420e+04 -3.747299704806278853e-13
5.617728442721165629e+04 -3.071931146136077270e-13
5.619140569142012828e+04 -3.987552675578913274e-13
5.620552695549639611e+04 -3.325984114537866251e-13
5.621964821951711201e+04 -4.603952569681159856e-13
5.623376948388350138e+04 -4.655799548725635325e-13
5.624789074785841512e+04 -5.607168059978933146e-13
5.626201201201946242e+04 -6.705404015879861576e-13
5.627613327606976964e+04 -7.572836396975106738e-13
5.629025454026578518e+04 -6.985948545995449933e-13
5.630437580440982856e+04 -7.392438837606035313e-13
5.631849706856380362e+04 -6.870782300720816057e-13
5.633261833260309504e+04 -8.021613428308764803e-13
5.634673959671593911e+04 -7.808794187762762812e-13
5.636086086087970762e+04 -6.947485902000937554e-13
5.637498212507397693e+04 -7.075703952262181142e-13
5.638910338918226626e+04 -8.621220554211678954e-13
5.640322465317259775e+04 -8.923767490185799121e-13
5.641734591738618474e+04 -9.280655380679543572e-13
5.643146718151346431e+04 -8.447196487723541709e-13
5.644558844553283416e+04 -9.135699983896192106e-13
5.645970970972087525e+04 -9.092083123919706921e-13
5.647383097381613334e+04 -9.793776979272032200e-13
5.648795223800808890e+04 -9.213983102977240378e-13
5.650207350219464570e+04 -9.744451686541316561e-13
5.651619476621191279e+04 -1.019272992277994608e-12
5.653031603028054087e+04 -1.045598288960117092e-12
5.654443729441213509e+04 -1.020708413718135626e-12
5.655855855867526407e+04 -1.066422984177606776e-12
5.657267982275698159e+04 -1.086651896364921987e-12
5.658680108681930142e+04 -1.066453466100080811e-12
5.660092235096876539e+04 -1.080835391340103629e-12
5.661504361497270293e+04 -1.071252983347811024e-12
5.662916487913262245e+04 -1.040222386269241631e-12
5.664328614325349190e+04 -1.038185639631203735e-12
5.665740740736747102e+04 -1.140785019594949831e-12
