5.300000000000095315e+04 3.882284816344533382e-12
5.301412126411805366e+04 3.827586096777761970e-12
5.302824252820687252e+04 3.868534364752560200e-12
5.304236379240800306e+04 3.741825159857568762e-12
5.305648505646152626e+04 3.741827441515621142e-12
5.307060632063080266e+04 3.791347997140774333e-12
5.308472758472016721e+04 3.707336796904814552e-12
5.309884884880390746e+04 3.652845452517757979e-12
5.311297011298379221e+04 3.612414393150623095e-12
5.312709137710756477e+04 3.618195799944055116e-12
5.314121264121064451e+04 3.588236292191806748e-12
5.315533390533528291e+04 3.535285932446650697e-12
5.316945516950437741e+04 3.436794700786984226e-12
5.318357643359722715e+04 3.368484061677061236e-12
5.319769769770039420e+04 3.252116511243695298e-12
5.321181896183581557e+04 3.213817700665499132e-12
5.322594022588108783e+04 3.237044035504991436e-12
5.324006149008305511e+04 3.214650741888232187e-12
5.325418275421651924e+04 3.198645146683943526e-12
5.326830401826614252e+04 3.123828477654278351e-12
5.328242528237711667e+04 3.021203117637178406e-12
5.329654654647110874e+04 2.932238752480823426e-12
5.331066781074128085e+04 2.778029667214116281e-12
5.332478907482477371e+04 2.796787414096833360e-12
5.333891033888649690e+04 2.673040037387503547e-12
5.335303160303060577e+04 2.630337941479550073e-12
5.336715286716576520e+04 2.571358339669747971e-12
5.338127413127713226e+04 2.490092131426604438e-12
5.339539539537359087e+04 2.516538751234595119e-12
5.340951665952929761e+04 2.512207062760965968e-12
5.342363792355848273e+04 2.405802490230383383e-12
5.343775918780711072e+04 2.442326013488051767e-12
5.345188045190378034e+04 2.328869386662418643e-12
5.346600171595995926e+04 2.352571250511185356e-12
5.348012298011613166e+04 2.231253446238387058e-12
5.349424424417918635e+04 2.178088925347756996e-12
5.350836550840978452e+04 2.087031571656537927e-12
5.352248677250408218e+04 1.966306683765918535e-12
5.353660803657241922e+04 1.909107876727115674e-12
5.355072930073088355e+04 1.755231913536065202e-12
5.356485056487747352e+04 1.702657476624514963e-12
5.357897182901525957e+04 1.671399390728971593e-12
5.359309309305797069e+04 1.712385837137216433e-12
5.360721435717851273e+04 1.712057278377664722e-12
5.362133562131466169e+04 1.698540736074998603e-12
5.363545688550449995e+04 1.620379313696181335e-12
5.364957814959988900e+04 1.621846498501765278e-12
5.366369941365830891e+04 1.540414594677296046e-12
5.367782067780821671e+04 1.480921226416375158e-12
5.369194194187136600e+04 1.290689166461987276e-12
5.370606320610013063e+04 1.284999498057835853e-12
5.372018447016448772e+04 1.247777315368936836e-12
5.373430573428370553e+04 1.261141222615680880e-12
5.374842699843547598e+04 1.179208927576951917e-12
5.376254826249615144e+04 1.131398907390355898e-12
5.377666952668516751e+04 1.126269740088466298e-12
5.379079079078274663e+04 1.148889940664647953e-12
5.380491205488834385e+04 1.103941591742997453e-12
5.381903331898226315e+04 1.053449600532551733e-12
5.383315458317828598e+04 1.104859290347262289e-12
5.384727584728852526e+04 1.064957969037613260e-12
5.386139711137658742e+04 1.027424536719215690e-12
5.387551837547208561e+04 9.610553525783293283e-13
5.388963963958743261e+04 8.894065690598199149e-13
5.390376090381965332e+04 8.368906684789943093e-13
5.391788216791962623e+04 7.923155673435777495e-13
5.393200343196850736e+04 7.762690596500729405e-13
5.394612469608174433e+04 8.451335909216921842e-13
5.396024596023937193e+04 7.857399861921678112e-13
5.397436722443532199e+04 7.124015168690293967e-13
5.398848848848155467e+04 6.174052346006566958e-13
5.400260975259422412e+04 5.650246599457000092e-13
5.401673101669782773e+04 5.864678396782771372e-13
5.403085228093234764e+04 6.098817425452529576e-13
5.404497354500735673e+04 6.138489951534023612e-13
5.405909480910434650e+04 5.641031848039689894e-13
5.407321607318267343e+04 4.190608574576071287e-13
5.408733733732845576e+04 3.551247075792625291e-13
5.410145860154173715e+04 3.127488100949444257e-13
5.411557986562445149e+04 1.658610147734764200e-13
5.412970112970016635e+04 9.248478007567690182e-14
5.414382239383997512e+04 -5.087824694408771009e-14
5.415794365786642447e+04 -9.824106215240511635e-14
5.417206492210629949e+04 -1.575742422824716882e-13
5.418618618617488391e+04 -2.723526572212437434e-13
5.420030745030467369e+04 -3.292965479810842120e-13
5.421442871444029151e+04 -3.753514223803052430e-13
5.422854997848389030e+04 -3.330315435350677688e-13
5.424267124271759531e+04 -5.342605658793149333e-13
5.425679250677012169e+04 -6.030766315867856626e-13
5.427091377092365292e+04 -7.206364663693483761e-13
5.428503503501250088e+04 -7.538712549169452455e-13
5.429915629919408821e+04 -8.928686046258858117e-13
5.431327756327935640e+04 -9.144370395177556385e-13
5.432739882737211883e+04 -9.082252648089142824e-13
5.434152009147567151e+04 -9.929632124735080852e-13
5.435564135559862189e+04 -1.082793820911152387e-12
5.436976261976175010e+04 -1.070450837626080245e-12
5.438388388386428414e+04 -1.082794450334063451e-12
5.439800514796513744e+04 -1.204169217380308924e-12
5.441212641206279659e+04 -1.368867792814866402e-12
5.442624767622739455e+04 -1.414599773260734947e-12
5.444036894038307946e+04 -1.542470184748691156e-12
5.445449020448263764e+04 -1.573332048921748558e-12
5.446861146862572059e+04 -1.708415017547065180e-12
5.448273273267661716e+04 -1.760046578937909830e-12
5.449685399693677027e+04 -1.962158681626315922e-12
5.451097526103586279e+04 -1.956955242420926394e-12
5.452509652505947452e+04 -1.989734958203856827e-12
5.453921778921003715e+04 -2.006974222313741760e-12
5.455333905327237153e+04 -2.002886749929587768e-12
5.456746031749460235e+04 -2.005388076577974953e-12
5.458158158161444589e+04 -2.033678118736611022e-12
5.459570284567899216e+04 -1.985514048162566907e-12
5.460982410976399842e+04 -2.103077030059684740e-12
5.462394537391823542e+04 -2.091439000434953266e-12
5.463806663808135636e+04 -2.101174914022587103e-12
5.465218790221118252e+04 -2.131078167102163118e-12
5.466630916629147396e+04 -2.054386132509118417e-12
5.468043043038369797e+04 -2.018155290905073706e-12
5.469455169460656907e+04 -1.915074071344668847e-12
5.470867295868656220e+04 -1.989213796033533592e-12
5.472279422284024622e+04 -1.938861221997878406e-12
5.473691548693369259e+04 -1.952996172310620220e-12
5.475103675096339430e+04 -2.019101942963245276e-12
5.476515801518370426e+04 -1.962151128551383555e-12
5.477927927930314036e+04 -2.016413677710285539e-12
5.479340054340909410e+04 -2.004851178834876121e-12
5.480752180749585386e+04 -1.993041946178347691e-12
5.482164307156547875e+04 -1.957528646692864126e-12
5.483576433582526806e+04 -2.014176708684525953e-12
5.484988559993545641e+04 -1.958066173858873820e-12
5.486400686400481936e+04 -1.871521153016745813e-12
5.487812812813006167e+04 -1.795904172755720702e-12
5.489224939223385445e+04 -1.717568085519095725e-12
5.490637065642302332e+04 -1.710757100198965023e-12
5.492049192050630518e+04 -1.636548138989888057e-12
5.493461318461288465e+04 -1.656084167302079035e-12
5.494873444872617983e+04 -1.626782013102525559e-12
5.496285571289553627e+04 -1.509771035098370889e-12
5.497697697697509284e+04 -1.456187003837547097e-12
5.499109824111957278e+04 -1.426476983591653470e-12
5.500521950516045763e+04 -1.365022648251454577e-12
5.501934076929719595e+04 -1.394572795077949597e-12
5.503346203353953024e+04 -1.318435282069511912e-12
5.504758329755774321e+04 -1.260892180698381946e-12
5.506170456172207923e+04 -1.239026028769600537e-12
5.507582582578642177e+04 -1.212030080116018667e-12
5.508994708986831392e+04 -1.267997106517958449e-12
5.510406835412237706e+04 -1.329455218395623323e-12
5.511818961818959360e+04 -1.284514422548904989e-12
5.513231088232484035e+04 -1.291117068885488569e-12
5.514643214642789826e+04 -1.259504932602497306e-12
5.516055341060132196e+04 -1.275571581829154555e-12
5.517467467469467374e+04 -1.253116290055659819e-12
5.518879593879680760e+04 -1.264954476166095185e-12
5.520291720294219704e+04 -1.227477377198233725e-12
5.521703846699652786e+04 -1.240250885754442515e-12
5.523115973122358992e+04 -1.261498944384603659e-12
5.524528099529188330e+04 -1.232150212889634862e-12
5.525940225943805126e+04 -1.353836544276834522e-12
5.527352352349096327e+04 -1.301737951086014123e-12
5.528764478763511579e+04 -1.263520650774795022e-12
5.530176605183263746e+04 -1.220090469914521035e-12
5.531588731592657132e+04 -1.202605101446428154e-12
5.533000858000053267e+04 -1.058810919732615780e-12
5.534412984406464966e+04 -1.080188639482446871e-12
5.535825110828610923e+04 -1.097973613256184727e-12
5.537237237235981593e+04 -9.645611330367110605e-13
5.538649363649134466e+04 -9.442458791606790831e-13
5.540061490058399067e+04 -9.308907838346893328e-13
5.541473616469997796e+04 -9.932388997085342352e-13
5.542885742890832626e+04 -9.257169275061174015e-13
5.544297869299306331e+04 -9.364032696893889927e-13
5.545709995712697128e+04 -9.291875654374732581e-13
5.547122122120019776e+04 -9.307774877107058452e-13
5.548534248534378276e+04 -1.088882228729434035e-12
5.549946374945999560e+04 -9.981635045643426957e-13
5.551358501359205547e+04 -9.026611662755110898e-13
5.552770627768613485e+04 -9.723634594416958660e-13
5.554182754183699581e+04 -1.056607939544051241e-12
5.555594880590627872e+04 -1.083193504459649107e-12
5.557007007007032371e+04 -1.021822252943704840e-12
5.558419133423020685e+04 -1.029778158538978216e-12
5.559831259834015509e+04 -1.062291628430547857e-12
5.561243386243260466e+04 -1.123893248731925081e-12
5.562655512661441753e+04 -1.245037017569826937e-12
5.564067639071848680e+04 -1.213584754706234079e-12
5.565479765476196917e+04 -1.184083702866798840e-12
5.566891891891795240e+04 -1.221384563419575031e-12
5.568304018300947791e+04 -1.251653511210452922e-12
5.569716144715817791e+04 -1.112022332630116798e-12
5.571128271133392991e+04 -1.221803759078313330e-12
5.572540397539571859e+04 -1.214430699098643043e-12
5.573952523949310125e+04 -1.206410592366445758e-12
5.575364650359182269e+04 -1.329190860772995522e-12
5.576776776784136746e+04 -1.385091168346367341e-12
5.578188903190213023e+04 -1.239505649027796561e-12
5.579601029595822911e+04 -1.252802837445972641e-12
5.581013156007161160e+04 -1.308208418611283904e-12
5.582425282431860251e+04 -1.363946335073613060e-12
5.583837408839640557e+04 -1.283795621584521916e-12
5.585249535252161149e+04 -1.206934272228413048e-12
5.586661661658946105e+04 -1.140716464297626633e-12
5.588073788071842864e+04 -1.138984292446503824e-12
5.589485914494108147e+04 -1.084244640721049872e-12
5.590898040899559419e+04 -1.081499097983187326e-12
5.592310167308017844e+04 -1.086769885440056084e-12
5.593722293718232686e+04 -1.104736133012167117e-12
5.595134420130590297e+04 -1.074308570647712546e-12
5.596546546554381348e+04 -1.087263353002294512e-12
5.597958672960850527e+04 -9.715880104153210497e-13
5.599370799369084125e+04 -9.136773260641562168e-13
5.600782925778182835e+04 -7.825748279281203380e-13
5.602195052202002989e+04 -7.488755252721917751e-13
5.603607178609676339e+04 -8.064626862470931089e-13
5.605019305018760497e+04 -7.292098358403308511e-13
5.606431431431585952e+04 -6.794401074202788552e-13
5.607843557843338931e+04 -6.169044235189503359e-13
5.609255684256376117e+04 -5.830893070473943312e-13
5.610667810666077276e+04 -4.429621432131756741e-13
5.612079937079378578e+04 -4.019225105689497421e-13
5.613492063486530242e+04 -5.296034657606892924e-13
5.614904189903828956e+04 -3.852075557439434163e-13
5.616316316319373436e+04 -3.291599632093932150e-13
5.617728442729761446e+04 -2.738362070225142972e-13
5.619140569137090642e+04 -2.923248756107706434e-13
5.620552695551706711e+04 -2.575668836185089995e-13
5.621964821963098075e+04 -1.772814736264597984e-13
5.623376948382038245e+04 -1.450575382739585094e-13
5.624789074788244034e+04 -1.039637752593850023e-13
5.626201201200431387e+04 -3.397320639995379439e-14
5.627613327607094106e+04 5.743662412143575340e-14
5.629025454030110996e+04 2.212817020886522150e-13
5.630437580442307080e+04 3.193772627708798737e-13
5.631849706853944372e+04 3.020517677221856510e-13
5.633261833263967856e+04 4.006080659752788196e-13
5.634673959668252792e+04 4.163360856758081891e-13
5.636086086088901357e+04 4.689268875830449377e-13
5.637498212500627415e+04 4.469046387723309544e-13
5.638910338909384154e+04 5.516091400202525334e-13
5.640322465315907175e+04 5.488182788327965929e-13
5.641734591734372952e+04 6.063613802039266602e-13
5.643146718153925758e+04 6.876941499199106440e-13
5.644558844556730037e+04 7.923495561807726948e-13
5.645970970970569761e+04 8.821342167459125375e-13
5.647383097379548417e+04 9.709734840987026353e-13
5.648795223800476379e+04 1.068896582903311361e-12
5.650207350209786091e+04 9.699878078200477065e-13
5.651619476623189985e+04 1.030091401593201060e-12
5.653031603031676059e+04 1.103314686523623097e-12
5.654443729437588627e+04 1.062251135808778440e-12
5.655855855860168231e+04 9.606446541288896905e-13
5.657267982266259787e+04 9.624699805708433447e-13
5.658680108682454011e+04 1.036903016336242827e-12
5.660092235087886365e+04 9.886174671403723985e-13
5.661504361496501224e+04 9.418513448517004096e-13
5.662916487917925406e+04 8.857685046341331849e-13
5.664328614327804826e+04 9.157995305646462560e-13
5.665740740741979243e+04 9.329840348812722339e-13
