5.300000000000141881e+04 -8.204438482069370317e-12
5.301412126407053438e+04 -8.138490653201909483e-12
5.302824252820480615e+04 -8.074502109959629772e-12
5.304236379243250849e+04 -7.937364097281209960e-12
5.305648505647784623e+04 -7.767921382037716336e-12
5.307060632060934586e+04 -7.657015385803336832e-12
5.308472758471335692e+04 -7.659608470785432629e-12
5.309884884880304162e+04 -7.567162424699359051e-12
5.311297011300090526e+04 -7.546311974990041835e-12
5.312709137707380432e+04 -7.535277564549799990e-12
5.314121264118846739e+04 -7.426645620145283815e-12
5.315533390529689495e+04 -7.356876865864111903e-12
5.316945516948846489e+04 -7.183513141114514065e-12
5.318357643360455404e+04 -7.140951873729932077e-12
5.319769769772794098e+04 -7.012987840321372465e-12
5.321181896182490163e+04 -6.980011440338145825e-12
5.322594022590948589e+04 -6.828544807594757023e-12
5.324006149007067870e+04 -6.668099382157580384e-12
5.325418275418254780e+04 -6.574020629579691772e-12
5.326830401827202877e+04 -6.504154092835469487e-12
5.328242528242199478e+04 -6.471996484353892737e-12
5.329654654645649134e+04 -6.368258035146690793e-12
5.331066781073957100e+04 -6.164413465166263187e-12
5.332478907477193570e+04 -6.022917112387105898e-12
5.333891033887110825e+04 -6.000389058649198696e-12
5.335303160301055323e+04 -5.856642910480925673e-12
5.336715286717026174e+04 -5.626750580520579941e-12
5.338127413134460221e+04 -5.491211643220286465e-12
5.339539539539351244e+04 -5.283738696461740501e-12
5.340951665945563582e+04 -5.241269914639802640e-12
5.342363792362780077e+04 -5.181670032049195706e-12
5.343775918777902552e+04 -5.055889078307971251e-12
5.345188045190848061e+04 -4.746290630554745532e-12
5.346600171595947177e+04 -4.576960327308757321e-12
5.348012298010329687e+04 -4.503934820055730375e-12
5.349424424421610456e+04 -4.349161660292226843e-12
5.350836550837095274e+04 -4.238891796573274817e-12
5.352248677248114109e+04 -4.010317091608371192e-12
5.353660803657612996e+04 -3.911331223232124751e-12
5.355072930072318559e+04 -3.791250743261180537e-12
5.356485056493081356e+04 -3.664659531913404293e-12
5.357897182902086206e+04 -3.503666718062047534e-12
5.359309309306728392e+04 -3.343845612211614088e-12
5.360721435719831061e+04 -3.227803388216872337e-12
5.362133562126602192e+04 -3.115546430145607402e-12
5.363545688551927742e+04 -2.949141865634990649e-12
5.364957814956991206e+04 -2.858568147725766010e-12
5.366369941365922568e+04 -2.818734784050280397e-12
5.367782067781653313e+04 -2.679448836218330082e-12
5.369194194194299780e+04 -2.634095261541937388e-12
5.370606320612392301e+04 -2.563992382146265365e-12
5.372018447021293105e+04 -2.564469691727296119e-12
5.373430573426972114e+04 -2.455258787700625516e-12
5.374842699838929548e+04 -2.409150867144189173e-12
5.376254826250613405e+04 -2.368335474948985612e-12
5.377666952671582840e+04 -2.136504773712284526e-12
5.379079079084059777e+04 -2.050298812615630377e-12
5.380491205493050802e+04 -1.955898966979796115e-12
5.381903331898021861e+04 -1.786593550757937349e-12
5.383315458316750301e+04 -1.662368036024827575e-12
5.384727584733087133e+04 -1.551902523301989977e-12
5.386139711143374734e+04 -1.291831103278389992e-12
5.387551837546887691e+04 -1.135724890246040033e-12
5.388963963959343528e+04 -9.722067160677786916e-13
5.390376090375801141e+04 -1.027095720408404119e-12
5.391788216792610183e+04 -9.468007638537226743e-13
5.393200343198007613e+04 -8.861691627729218117e-13
5.394612469606973900e+04 -7.998479310340986778e-13
5.396024596018560987e+04 -7.914058488758942478e-13
5.397436722441425809e+04 -6.614010794886881255e-13
5.398848848851641378e+04 -5.635106605630761877e-13
5.400260975263422006e+04 -4.084207797864067858e-13
5.401673101671040058e+04 -3.897238984421626937e-13
5.403085228090288001e+04 -3.145425527238885900e-13
5.404497354495916079e+04 -3.510756952130761049e-13
5.405909480910729326e+04 -2.948744048163071300e-13
5.407321607321896590e+04 -1.979122046285106700e-13
5.408733733734253474e+04 -4.023710014257039496e-14
5.410145860151799570e+04 4.100928061837197445e-14
5.411557986560279824e+04 1.622497817782334197e-13
5.412970112967801106e+04 1.284004021614254315e-13
5.414382239375996869e+04 1.633582632854217537e-13
5.415794365787426796e+04 2.169928270854487766e-13
5.417206492214361788e+04 2.669030813555596514e-13
5.418618618622355280e+04 3.433533289933184580e-13
5.420030745030056278e+04 4.105970592587227166e-13
5.421442871435690176e+04 5.228906752439084130e-13
5.422854997849908978e+04 5.269607126225471466e-13
5.424267124273937952e+04 5.344651593311031609e-13
5.425679250681578560e+04 5.927620044218315256e-13
5.427091377085544809e+04 5.970042331025578193e-13
5.428503503500056831e+04 7.732252152322787304e-13
5.429915629918755440e+04 8.401740006306307359e-13
5.431327756333084835e+04 9.948260043070696992e-13
5.432739882740506437e+04 1.064696324551582276e-12
5.434152009154309053e+04 1.047987714648629866e-12
5.435564135564453318e+04 1.261078823026701723e-12
5.436976261979161791e+04 1.310195719324889883e-12
5.438388388392029447e+04 1.378256013030662360e-12
5.439800514804630075e+04 1.400886053120831124e-12
5.441212641211441951e+04 1.557304699199351494e-12
5.442624767616060126e+04 1.749664916477270629e-12
5.444036894041717460e+04 1.773621367691332057e-12
5.445449020451683464e+04 1.859729798558288491e-12
5.446861146862994065e+04 1.819571222013430462e-12
5.448273273273466475e+04 1.912570668075255668e-12
5.449685399690752820e+04 2.012006436674875616e-12
5.451097526098755043e+04 2.145910061072043649e-12
5.452509652510852175e+04 2.231673436712551407e-12
5.453921778923931561e+04 2.244047668683269771e-12
5.455333905331716960e+04 2.378035034553523079e-12
5.456746031751028931e+04 2.276340264047415539e-12
5.458158158156016725e+04 2.407402059337865829e-12
5.459570284574443940e+04 2.532542424441099563e-12
5.460982410979952692e+04 2.652997639096323634e-12
5.462394537388985191e+04 2.612756666322927846e-12
5.463806663814700732e+04 2.806272784978336581e-12
5.465218790217723290e+04 2.889284126585675691e-12
5.466630916628083651e+04 2.798969788640777401e-12
5.468043043042747013e+04 2.840176310688183665e-12
5.469455169456301519e+04 2.922256406757475564e-12
5.470867295866594941e+04 2.965287753033645409e-12
5.472279422280331346e+04 3.017494676057575629e-12
5.473691548693637014e+04 3.164845364952140109e-12
5.475103675101196859e+04 3.185380186659486362e-12
5.476515801523031405e+04 3.196320387942506971e-12
5.477927927933137107e+04 3.214745866199281192e-12
5.479340054340180359e+04 3.339774239693931015e-12
5.480752180746919475e+04 3.310917062593113267e-12
5.482164307160934550e+04 3.352870867986688320e-12
5.483576433578448632e+04 3.336476372685590918e-12
5.484988559992951195e+04 3.347507377975571662e-12
5.486400686398061225e+04 3.464194562653083962e-12
5.487812812807843875e+04 3.469725535610371572e-12
5.489224939220598026e+04 3.435440296760154394e-12
5.490637065638125205e+04 3.435126854780573548e-12
5.492049192051983846e+04 3.343363688457954426e-12
5.493461318463452335e+04 3.395762981452185445e-12
5.494873444866123464e+04 3.444703987025780276e-12
5.496285571288056963e+04 3.415294923349326854e-12
5.497697697701333527e+04 3.585988968255402702e-12
5.499109824108222529e+04 3.610969823192430437e-12
5.500521950519739039e+04 3.547580891178055588e-12
5.501934076929586445e+04 3.478751117591079506e-12
5.503346203348317795e+04 3.382671734137618608e-12
5.504758329757222964e+04 3.331670486539437683e-12
5.506170456167408702e+04 3.339406315310173765e-12
5.507582582579965674e+04 3.286098645935203300e-12
5.508994708989645733e+04 3.359242955097336764e-12
5.510406835406754544e+04 3.255563612572442906e-12
5.511818961824494181e+04 3.377556105434389791e-12
5.513231088231533067e+04 3.322800952926246415e-12
5.514643214644034742e+04 3.366507948276427414e-12
5.516055341056759062e+04 3.405805231999711067e-12
5.517467467466121161e+04 3.341943446526869110e-12
5.518879593880422908e+04 3.418725296945601284e-12
5.520291720287661155e+04 3.332482341623889243e-12
5.521703846701233851e+04 3.245959239125147773e-12
5.523115973116688110e+04 3.261294690656179935e-12
5.524528099532659689e+04 3.298410324034460166e-12
5.525940225940891833e+04 3.242753521368315730e-12
5.527352352350192086e+04 3.223253192718042152e-12
5.528764478760858037e+04 3.197926609932291983e-12
5.530176605179398030e+04 3.231819709996895821e-12
5.531588731591058604e+04 3.116869236030281593e-12
5.533000857997631101e+04 3.025064030815551395e-12
5.534412984412926744e+04 2.793919404298105518e-12
5.535825110830575431e+04 2.938155852065071445e-12
5.537237237237244699e+04 2.781955808225529239e-12
5.538649363646606071e+04 2.824516991532327007e-12
5.540061490056809998e+04 2.796443083069325302e-12
5.541473616465907253e+04 2.626893168650947888e-12
5.542885742892108829e+04 2.615284380827790581e-12
5.544297869301588798e+04 2.599046942827620481e-12
5.545709995714194520e+04 2.620511328517329551e-12
5.547122122117239633e+04 2.599382245031099265e-12
5.548534248529392062e+04 2.483294030488387707e-12
5.549946374954582279e+04 2.405320629711655556e-12
5.551358501359714865e+04 2.323610812204079060e-12
5.552770627770479041e+04 2.262222931454197999e-12
5.554182754177043535e+04 2.212854474425616330e-12
5.555594880593523703e+04 2.193633620330098019e-12
5.557007007008003711e+04 2.091321046265524113e-12
5.558419133417338890e+04 2.053047493642932202e-12
5.559831259827727627e+04 2.055304477682598925e-12
5.561243386244009162e+04 1.939776557493945418e-12
5.562655512660094246e+04 1.841124057532141515e-12
5.564067639072470774e+04 1.791912657804487349e-12
5.565479765480691276e+04 1.720636220696638977e-12
5.566891891892279091e+04 1.589457389130551188e-12
5.568304018296686991e+04 1.587500394624990153e-12
5.569716144716891722e+04 1.652711124067896470e-12
5.571128271127009066e+04 1.679534627723942368e-12
5.572540397543310974e+04 1.645289746210152073e-12
5.573952523947185546e+04 1.453166964594877129e-12
5.575364650355965568e+04 1.359923692958806628e-12
5.576776776784092363e+04 1.260410236486565227e-12
5.578188903186078096e+04 1.176962363023542942e-12
5.579601029600438051e+04 1.148674560677479378e-12
5.581013156013555999e+04 1.114898160577376564e-12
5.582425282426866761e+04 1.026857285917852266e-12
5.583837408843787125e+04 1.068364133810501100e-12
5.585249535250815825e+04 1.027026114108570936e-12
5.586661661660186655e+04 1.111305012390847284e-12
5.588073788074462209e+04 1.148330514384441339e-12
5.589485914491605217e+04 1.137555105558496449e-12
5.590898040903053334e+04 1.053885939367400969e-12
5.592310167307271331e+04 9.898472542365552476e-13
5.593722293721765891e+04 9.242722998323975504e-13
5.595134420133537787e+04 9.150220620122472284e-13
5.596546546547843172e+04 9.544901917930708247e-13
5.597958672957860108e+04 9.001315501153203154e-13
5.599370799373259797e+04 9.442569165197921202e-13
5.600782925775558397e+04 9.730663374391714469e-13
5.602195052197583573e+04 1.059938867209141019e-12
5.603607178613270662e+04 9.845099964941161553e-13
5.605019305020623869e+04 1.007653920001452265e-12
5.606431431425676419e+04 9.896656462226347748e-13
5.607843557838673587e+04 8.869262933253475862e-13
5.609255684263305739e+04 8.802706959263011258e-13
5.610667810674385692e+04 9.029121705951240758e-13
5.612079937084209087e+04 9.016906885459408656e-13
5.613492063488047279e+04 8.876446539137439795e-13
5.614904189902513463e+04 8.523948747229273649e-13
5.616316316324526269e+04 7.775599294756496551e-13
5.617728442731654650e+04 7.883434097688798407e-13
5.619140569138642604e+04 6.593129337452431480e-13
5.620552695548109477e+04 6.774226158444778662e-13
5.621964821957035019e+04 6.402545179288426058e-13
5.623376948376070504e+04 5.660464566407271941e-13
5.624789074785626872e+04 6.476883392986518256e-13
5.626201201203182427e+04 6.346754524789799976e-13
5.627613327607069368e+04 6.330554417325824446e-13
5.629025454033687129e+04 5.207022986761673114e-13
5.630437580440879537e+04 4.302346028528471852e-13
5.631849706849501672e+04 4.421958447474650594e-13
5.633261833263313747e+04 3.137320529894873692e-13
5.634673959665629081e+04 2.755482954404453605e-13
5.636086086093061022e+04 2.241845044366973744e-13
5.637498212502077513e+04 2.497199364384559407e-13
5.638910338910364953e+04 3.105239810546968712e-13
5.640322465318994364e+04 2.137800467947417970e-13
5.641734591732885019e+04 2.455093210045973256e-13
5.643146718151351524e+04 2.540778561502722177e-13
5.644558844557769044e+04 2.315292033552307777e-13
5.645970970970112103e+04 2.480841190686246242e-13
5.647383097378120874e+04 2.483968884259319649e-13
5.648795223796635401e+04 1.787656853997479989e-13
5.650207350205691182e+04 1.488878039984700907e-13
5.651619476615837630e+04 9.130662900704283555e-14
5.653031603030779661e+04 4.283679533623041541e-14
5.654443729438912123e+04 -1.243728525613372630e-14
5.655855855855948175e+04 -4.783941339196129226e-14
5.657267982269595086e+04 -1.353973452589120259e-13
5.658680108681397542e+04 -1.405032209391709245e-13
5.660092235089417954e+04 -8.127815711062699363e-14
5.661504361498355138e+04 -1.083212719390619189e-13
5.662916487921293447e+04 -9.823866405510972858e-14
5.664328614328416006e+04 -1.232413792160350477e-13
5.665740740737562737e+04 -1.073415975973023130e-13
