5.299999999999941792e+04 -3.796391212608268204e-12
5.301412126410898054e+04 -3.684762993956218847e-12
5.302824252819347748e+04 -3.730090537186589646e-12
5.304236379239275266e+04 -3.756658558651738340e-12
5.305648505651109735e+04 -3.809207140954133417e-12
5.307060632059745694e+04 -3.750414758497350456e-12
5.308472758467982203e+04 -3.651150917721424913e-12
5.309884884879994934e+04 -3.794959203947254750e-12
5.311297011301335442e+04 -3.897776744079512240e-12
5.312709137708794151e+04 -3.868406060860462414e-12
5.314121264119051193e+04 -3.821866839844122362e-12
5.315533390530191537e+04 -3.894438319444925977e-12
5.316945516951136233e+04 -3.899310103049356828e-12
5.318357643360429938e+04 -3.944055961407467026e-12
5.319769769771906431e+04 -3.901484589832309524e-12
5.321181896178235183e+04 -3.979931319566863211e-12
5.322594022591313842e+04 -3.919212637387577073e-12
5.324006149010884110e+04 -3.998431386813908159e-12
5.325418275420065038e+04 -3.937741640223540914e-12
5.326830401831454947e+04 -3.991057810982237585e-12
5.328242528239969397e+04 -3.914632860838856831e-12
5.329654654649313306e+04 -3.965271126165507953e-12
5.331066781071719743e+04 -3.811232291314172028e-12
5.332478907481546776e+04 -3.755175420350620073e-12
5.333891033891836560e+04 -3.767070522815098461e-12
5.335303160301604657e+04 -3.877594701042051002e-12
5.336715286719473806e+04 -3.791310592829363798e-12
5.338127413131038338e+04 -3.749915202976621042e-12
5.339539539538416284e+04 -3.699775432704090016e-12
5.340951665949239396e+04 -3.630207611153511898e-12
5.342363792361266678e+04 -3.624820137786363199e-12
5.343775918781471410e+04 -3.554747534129622874e-12
5.345188045189765398e+04 -3.555449563025167915e-12
5.346600171598164161e+04 -3.466321283365575252e-12
5.348012298011874373e+04 -3.460293894147156975e-12
5.349424424420153809e+04 -3.395811767465686441e-12
5.350836550841855205e+04 -3.264944431024230133e-12
5.352248677251449408e+04 -3.234113333788552216e-12
5.353660803658608347e+04 -3.245026141182095693e-12
5.355072930067910056e+04 -3.236071561130764919e-12
5.356485056490903662e+04 -3.099783119381113289e-12
5.357897182899252221e+04 -3.014257093299049100e-12
5.359309309309069067e+04 -2.946343599659422724e-12
5.360721435719530564e+04 -2.907135422188947307e-12
5.362133562131978397e+04 -2.871302255451089722e-12
5.363545688549106853e+04 -2.792124788474917532e-12
5.364957814958053496e+04 -2.771593851922903016e-12
5.366369941369006847e+04 -2.664031935674594360e-12
5.367782067779066711e+04 -2.568225140298298974e-12
5.369194194189901464e+04 -2.519779086696503765e-12
5.370606320611651608e+04 -2.352563196744932061e-12
5.372018447020305030e+04 -2.285909840427951795e-12
5.373430573429806100e+04 -2.326508138128362102e-12
5.374842699838792032e+04 -2.327915225824050928e-12
5.376254826250788756e+04 -2.149134493009271193e-12
5.377666952669018065e+04 -2.215805725763383886e-12
5.379079079079099756e+04 -2.192205192862312679e-12
5.380491205490306311e+04 -2.108890391156461561e-12
5.381903331900635385e+04 -2.025181095871845585e-12
5.383315458319256868e+04 -2.003253070309318583e-12
5.384727584731033858e+04 -1.897064306825191690e-12
5.386139711141088628e+04 -1.857510417239991756e-12
5.387551837548201001e+04 -1.914346276675899109e-12
5.388963963958727254e+04 -1.915007401859360299e-12
5.390376090381018003e+04 -1.959360660329079247e-12
5.391788216789654689e+04 -1.898464425740302920e-12
5.393200343199168856e+04 -1.769919208183376901e-12
5.394612469610964763e+04 -1.735677953321735358e-12
5.396024596021576872e+04 -1.734478414091065337e-12
5.397436722440546873e+04 -1.744164413112549695e-12
5.398848848849216301e+04 -1.826276039702211976e-12
5.400260975260956911e+04 -1.767832815876634624e-12
5.401673101669670723e+04 -1.671860890699703857e-12
5.403085228091295721e+04 -1.616868728212173981e-12
5.404497354499853100e+04 -1.656524119601433855e-12
5.405909480909899867e+04 -1.622760377704565219e-12
5.407321607318871975e+04 -1.603287483838456232e-12
5.408733733731042594e+04 -1.551621550619502836e-12
5.410145860150195222e+04 -1.578306223411705796e-12
5.411557986560006248e+04 -1.467874078536941717e-12
5.412970112970341142e+04 -1.518848890516905711e-12
5.414382239377879159e+04 -1.545913816336259514e-12
5.415794365791147720e+04 -1.466191269522761136e-12
5.417206492211015575e+04 -1.358305153482379207e-12
5.418618618621956557e+04 -1.335602078323476063e-12
5.420030745029595710e+04 -1.319447232983526826e-12
5.421442871439368173e+04 -1.202097815909673267e-12
5.422854997849832580e+04 -1.177327133852540381e-12
5.424267124270437489e+04 -1.153443607861939787e-12
5.425679250680500991e+04 -1.142896509953473102e-12
5.427091377088317677e+04 -1.074619730752449211e-12
5.428503503499136423e+04 -9.597596832969801599e-13
5.429915629920693027e+04 -7.838579658319921448e-13
5.431327756329801196e+04 -8.105338519008584038e-13
5.432739882738918095e+04 -7.745543407708779741e-13
5.434152009150958474e+04 -7.165489381598290134e-13
5.435564135559619172e+04 -6.080798684746355877e-13
5.436976261982003052e+04 -5.594477787304734225e-13
5.438388388387975283e+04 -3.920328240467595781e-13
5.439800514798044605e+04 -3.532661036763313681e-13
5.441212641209744470e+04 -3.317292387975112025e-13
5.442624767619158956e+04 -2.823799706348100749e-13
5.444036894041975756e+04 -1.733873334349418307e-13
5.445449020448592637e+04 -1.163648318757476517e-13
5.446861146860106237e+04 2.591009538023799810e-14
5.448273273271600192e+04 1.038413625949184893e-13
5.449685399690701161e+04 3.059796299619450503e-13
5.451097526101542462e+04 4.197531536282797839e-13
5.452509652509211446e+04 5.635081892807854145e-13
5.453921778920168435e+04 6.127035382898668373e-13
5.455333905330423295e+04 6.817150693561027887e-13
5.456746031752014824e+04 7.258644152463216465e-13
5.458158158160048333e+04 8.284660746759143912e-13
5.459570284570109652e+04 8.542523807545692815e-13
5.460982410979229462e+04 9.548312758739946838e-13
5.462394537390999903e+04 9.692960404287263137e-13
5.463806663810867758e+04 1.001592399528390071e-12
5.465218790218140202e+04 8.706738576992141419e-13
5.466630916631213768e+04 1.051112554310464233e-12
5.468043043040354678e+04 1.126768060180976480e-12
5.469455169460399338e+04 1.145678300763086080e-12
5.470867295871754322e+04 1.176286397020291436e-12
5.472279422281266307e+04 1.267513794585941424e-12
5.473691548689731280e+04 1.355642205727925975e-12
5.475103675100832334e+04 1.361332972545415766e-12
5.476515801518480293e+04 1.315994692090622996e-12
5.477927927927907876e+04 1.418525451752603477e-12
5.479340054338577465e+04 1.463069291221587699e-12
5.480752180749322724e+04 1.480229458907423068e-12
5.482164307160262979e+04 1.606241373229281782e-12
5.483576433581436140e+04 1.706120966367301155e-12
5.484988559991648071e+04 1.796359403071898872e-12
5.486400686399574624e+04 1.782701805102290838e-12
5.487812812809216121e+04 1.792713215877687602e-12
5.489224939220657689e+04 1.812593631912336936e-12
5.490637065637968044e+04 1.830528243213628982e-12
5.492049192050947750e+04 1.821424591856036453e-12
5.493461318461581686e+04 1.834122922029660191e-12
5.494873444870042294e+04 1.787459967284266369e-12
5.496285571290014195e+04 1.761623970770190726e-12
5.497697697700633580e+04 1.786368595647774051e-12
5.499109824108897737e+04 1.792106628977005418e-12
5.500521950519612437e+04 1.896721963002968971e-12
5.501934076931342861e+04 1.878972781863124415e-12
5.503346203350435826e+04 1.954935520059956203e-12
5.504758329760241759e+04 2.084291843077984669e-12
5.506170456169867248e+04 2.105827798985425080e-12
5.507582582580434973e+04 2.083922800697849097e-12
5.508994708987949707e+04 2.027845932363944463e-12
5.510406835411993234e+04 1.978248212024140679e-12
5.511818961819755350e+04 2.013369048190817655e-12
5.513231088230381283e+04 1.942111145855022133e-12
5.514643214641649683e+04 2.072623074487037217e-12
5.516055341058972408e+04 2.077591512048170261e-12
5.517467467470404517e+04 2.177224470951846386e-12
5.518879593877975276e+04 2.179527198446943866e-12
5.520291720289250225e+04 2.103195417869976507e-12
5.521703846699430142e+04 2.109587304611631836e-12
5.523115973121298885e+04 2.171003470829564091e-12
5.524528099529610336e+04 2.202020604207609166e-12
5.525940225940768141e+04 2.313621686276595184e-12
5.527352352348338172e+04 2.352312356041593347e-12
5.528764478760957718e+04 2.310851141511440899e-12
5.530176605178181489e+04 2.258253815618812783e-12
5.531588731591578107e+04 2.281764663343759393e-12
5.533000858000423614e+04 2.214132344850902995e-12
5.534412984408812918e+04 2.273395460860919192e-12
5.535825110830641643e+04 2.224770945878254089e-12
5.537237237241023104e+04 2.229845430100345190e-12
5.538649363651617750e+04 2.228883132399762553e-12
5.540061490061865334e+04 2.226744625733920548e-12
5.541473616470095294e+04 2.199961481042256189e-12
5.542885742889314133e+04 2.150981255259690634e-12
5.544297869299669401e+04 2.280596332130457323e-12
5.545709995708295173e+04 2.186227529476758273e-12
5.547122122120224958e+04 2.213535453644936711e-12
5.548534248529688921e+04 2.200458385396461501e-12
5.549946374949625169e+04 2.235506503852767007e-12
5.551358501358921785e+04 2.168911018713624123e-12
5.552770627771192812e+04 2.288618307546273635e-12
5.554182754180672055e+04 2.309120460004599276e-12
5.555594880590527464e+04 2.356418482753904323e-12
5.557007007009548397e+04 2.368536889187315309e-12
5.558419133417974081e+04 2.225999875183532248e-12
5.559831259828016482e+04 2.290497454378457345e-12
5.561243386238374660e+04 2.333568154231498832e-12
5.562655512661496323e+04 2.372872076687296334e-12
5.564067639070744190e+04 2.462405757582210303e-12
5.565479765479362686e+04 2.398743826075637842e-12
5.566891891888906684e+04 2.419605325219382752e-12
5.568304018298049050e+04 2.412451114480666327e-12
5.569716144717869611e+04 2.467218458046964032e-12
5.571128271128487540e+04 2.493956760150566092e-12
5.572540397541157290e+04 2.531748154230636380e-12
5.573952523948310409e+04 2.606819494494497593e-12
5.575364650360438100e+04 2.562575009599876218e-12
5.576776776781908120e+04 2.514054723335410167e-12
5.578188903191917780e+04 2.513602055588347486e-12
5.579601029598688910e+04 2.421151788526616625e-12
5.581013156010174862e+04 2.364504086166295873e-12
5.582425282428442733e+04 2.336471408818081008e-12
5.583837408837997646e+04 2.201349783329432076e-12
5.585249535249245673e+04 2.200598972969846288e-12
5.586661661660003301e+04 2.224299492722678872e-12
5.588073788071552553e+04 2.125207674780350690e-12
5.589485914490502910e+04 2.090126833354377861e-12
5.590898040900332126e+04 2.043056053449983858e-12
5.592310167310506222e+04 1.943157674903451950e-12
5.593722293719713343e+04 1.922180433404032277e-12
5.595134420129133650e+04 1.908561618213289457e-12
5.596546546549221966e+04 1.766467576261852774e-12
5.597958672960359399e+04 1.699338221932399176e-12
5.599370799370205350e+04 1.697155478659414540e-12
5.600782925780145160e+04 1.743771166893066987e-12
5.602195052201912040e+04 1.553075031252996350e-12
5.603607178608604590e+04 1.570707258075326806e-12
5.605019305020867614e+04 1.578265052106605129e-12
5.606431431430953671e+04 1.424407708540738245e-12
5.607843557840163703e+04 1.306319600725694278e-12
5.609255684258938709e+04 1.287955954933210643e-12
5.610667810671660118e+04 1.256441311220040588e-12
5.612079937080428499e+04 1.222350036636040100e-12
5.613492063488181157e+04 1.324071205789217910e-12
5.614904189899679477e+04 1.295964598768792239e-12
5.616316316321839986e+04 1.168279571127469046e-12
5.617728442730351526e+04 1.265695851826653875e-12
5.619140569137888815e+04 1.342057325468689612e-12
5.620552695548488555e+04 1.299265982819658495e-12
5.621964821959842084e+04 1.242320743827734103e-12
5.623376948382015689e+04 1.094723183163014123e-12
5.624789074789721053e+04 9.814192947094954507e-13
5.626201201199499337e+04 9.902623742715901456e-13
5.627613327609108819e+04 1.146972070026779015e-12
5.629025454028990498e+04 1.112043329811666887e-12
5.630437580441630416e+04 1.284555190011503285e-12
5.631849706849915674e+04 1.227832951998051454e-12
5.633261833260209096e+04 1.141037092898624851e-12
5.634673959668375755e+04 1.217470678270112187e-12
5.636086086088185402e+04 1.198030810364130357e-12
5.637498212499395595e+04 1.133222362957367308e-12
5.638910338908255653e+04 1.053068054738537824e-12
5.640322465320487390e+04 1.044574626167146296e-12
5.641734591730433749e+04 9.309580515590300617e-13
5.643146718151649111e+04 9.448010796900853840e-13
5.644558844561180740e+04 9.950490175567943140e-13
5.645970970969718473e+04 1.000653129102758252e-12
5.647383097381336120e+04 9.973008426546318059e-13
5.648795223800805252e+04 1.064100543363734513e-12
5.650207350208970456e+04 9.519201435354556116e-13
5.651619476618922636e+04 8.998688064515332860e-13
5.653031603030728002e+04 9.625357172878554843e-13
5.654443729440111201e+04 8.565363228411543273e-13
5.655855855860743759e+04 8.609611955172602527e-13
5.657267982267874322e+04 8.198914446612746275e-13
5.658680108677886892e+04 8.367558936582657644e-13
5.660092235088513553e+04 7.357000915549873257e-13
5.661504361498904473e+04 7.533729190989416970e-13
5.662916487921593216e+04 7.979634190987477263e-13
5.664328614328343974e+04 7.555108197838639336e-13
5.665740740741702757e+04 7.717595921663763518e-13
