5.300000000000622094e+04 -2.156910359724953390e-12
5.301412126412423095e+04 -2.168845205747574466e-12
5.302824252819591493e+04 -2.230600677213713229e-12
5.304236379241851682e+04 -2.298110936279209376e-12
5.305648505649096478e+04 -2.335756348630826304e-12
5.307060632054166490e+04 -2.382983985996952535e-12
5.308472758468133543e+04 -2.418521206511655815e-12
5.309884884884674830e+04 -2.443876612333508037e-12
5.311297011300206941e+04 -2.449427943308901313e-12
5.312709137707028276e+04 -2.491368833145734838e-12
5.314121264117742248e+04 -2.530948782477258691e-12
5.315533390523163689e+04 -2.604177465518209658e-12
5.316945516944075644e+04 -2.666078977360044939e-12
5.318357643359491340e+04 -2.575909610738297404e-12
5.319769769767133403e+04 -2.633078070789238328e-12
5.321181896176368900e+04 -2.708588795817470675e-12
5.322594022599164600e+04 -2.747250631998119627e-12
5.324006149008221109e+04 -2.798951580984404147e-12
5.325418275417597033e+04 -2.645901501606482818e-12
5.326830401831151539e+04 -2.611872336428940041e-12
5.328242528232793120e+04 -2.752895703787011422e-12
5.329654654653396574e+04 -2.761695153950134638e-12
5.331066781066956173e+04 -2.762202604220540815e-12
5.332478907476654422e+04 -2.784855696741259223e-12
5.333891033893640270e+04 -2.866476135523959131e-12
5.335303160300460149e+04 -2.840384317494729923e-12
5.336715286722104793e+04 -2.813968781189551876e-12
5.338127413123624137e+04 -2.809786691029996487e-12
5.339539539533383504e+04 -2.759474434078350323e-12
5.340951665942749241e+04 -2.779626209225545138e-12
5.342363792361184460e+04 -2.712483726618342012e-12
5.343775918774968159e+04 -2.659301125957365867e-12
5.345188045184303337e+04 -2.629108147337568176e-12
5.346600171605530340e+04 -2.746657877587429354e-12
5.348012298002568423e+04 -2.666852260954064649e-12
5.349424424415495014e+04 -2.683488443125679394e-12
5.350836550839887059e+04 -2.693263735157324251e-12
5.352248677244799183e+04 -2.618299206602410856e-12
5.353660803652596223e+04 -2.572421202598632267e-12
5.355072930068688584e+04 -2.661006271354907117e-12
5.356485056485157111e+04 -2.695100117693763831e-12
5.357897182894578873e+04 -2.664260327460825552e-12
5.359309309316639701e+04 -2.685117033525530523e-12
5.360721435719918372e+04 -2.617654269805539915e-12
5.362133562124894524e+04 -2.593558193695698172e-12
5.363545688550197519e+04 -2.653636993536395623e-12
5.364957814962173143e+04 -2.691850748628520523e-12
5.366369941378883959e+04 -2.586450140277469972e-12
5.367782067782014201e+04 -2.564855069071773480e-12
5.369194194197498291e+04 -2.627076471439673012e-12
5.370606320613861317e+04 -2.579869535169861020e-12
5.372018447022204782e+04 -2.692699727929440621e-12
5.373430573422703310e+04 -2.622592223391273162e-12
5.374842699838197586e+04 -2.429073063065792770e-12
5.376254826243578282e+04 -2.440451010538887191e-12
5.377666952672566549e+04 -2.527423424833605942e-12
5.379079079087365972e+04 -2.560803278642980992e-12
5.380491205485213140e+04 -2.556628375279127062e-12
5.381903331895119481e+04 -2.468898222741960402e-12
5.383315458324913197e+04 -2.462401671897121775e-12
5.384727584738155565e+04 -2.428031915097200507e-12
5.386139711137193808e+04 -2.422707436890474132e-12
5.387551837547749892e+04 -2.388598592021457412e-12
5.388963963964583672e+04 -2.374420918918535444e-12
5.390376090386319265e+04 -2.356327692035771981e-12
5.391788216798255598e+04 -2.314742392351477356e-12
5.393200343201605574e+04 -2.238228953088187178e-12
5.394612469606397644e+04 -2.153208222530511307e-12
5.396024596017202566e+04 -2.174575503559405469e-12
5.397436722444787301e+04 -2.088070230985288411e-12
5.398848848843062297e+04 -2.116198099483709570e-12
5.400260975268878246e+04 -2.139705795754157825e-12
5.401673101663889247e+04 -2.193590515108239451e-12
5.403085228089270095e+04 -2.239384777318626057e-12
5.404497354504490067e+04 -2.107789548512875864e-12
5.405909480916256871e+04 -2.089770064403398253e-12
5.407321607316365407e+04 -2.054027317155099399e-12
5.408733733724906051e+04 -2.019490076768393761e-12
5.410145860145848565e+04 -1.912214339677990451e-12
5.411557986563318264e+04 -1.891576362178115896e-12
5.412970112965528097e+04 -1.900544858274915192e-12
5.414382239376976941e+04 -1.937776834580330360e-12
5.415794365785455011e+04 -1.923000782617907965e-12
5.417206492205845279e+04 -1.954932653328106210e-12
5.418618618621811765e+04 -1.853709448095936324e-12
5.420030745030734397e+04 -1.772131817618067635e-12
5.421442871435132110e+04 -1.706700729795972595e-12
5.422854997847526101e+04 -1.783023250269103773e-12
5.424267124262507423e+04 -1.629810139993039141e-12
5.425679250674814102e+04 -1.582624764110331728e-12
5.427091377096269571e+04 -1.639042360245148061e-12
5.428503503506792185e+04 -1.671915388722873618e-12
5.429915629921987420e+04 -1.687683843430868763e-12
5.431327756328018586e+04 -1.628387779382885561e-12
5.432739882747140655e+04 -1.581154283215915319e-12
5.434152009150783852e+04 -1.504868009190670384e-12
5.435564135565641482e+04 -1.489946346497946741e-12
5.436976261987684848e+04 -1.544359764040160782e-12
5.438388388398071402e+04 -1.519790296822150711e-12
5.439800514808797743e+04 -1.546709533765195035e-12
5.441212641213666211e+04 -1.526230915648268164e-12
5.442624767622494983e+04 -1.508917612333814277e-12
5.444036894032386772e+04 -1.493139783544469078e-12
5.445449020455421851e+04 -1.578283314567828453e-12
5.446861146858132270e+04 -1.600747988053414394e-12
5.448273273263578449e+04 -1.639615429085003606e-12
5.449685399690352642e+04 -1.594441106121221602e-12
5.451097526103269774e+04 -1.656734376446136733e-12
5.452509652518959047e+04 -1.612533083126471496e-12
5.453921778918899508e+04 -1.562439242270277405e-12
5.455333905325225351e+04 -1.624510034397822421e-12
5.456746031745565415e+04 -1.643894384751841134e-12
5.458158158167583315e+04 -1.717417179595144360e-12
5.459570284566657210e+04 -1.708309947094366933e-12
5.460982410980510758e+04 -1.665337283370291199e-12
5.462394537385881995e+04 -1.756388360460338626e-12
5.463806663814593048e+04 -1.574579302557116319e-12
5.465218790217497735e+04 -1.631961804132212733e-12
5.466630916625294049e+04 -1.647557775743370442e-12
5.468043043039727490e+04 -1.597895142629270548e-12
5.469455169457828015e+04 -1.517578638562337906e-12
5.470867295865443884e+04 -1.494414033669294876e-12
5.472279422277398407e+04 -1.517018068497615632e-12
5.473691548695978418e+04 -1.573445663652538703e-12
5.475103675109108735e+04 -1.605588138723730880e-12
5.476515801524026028e+04 -1.557179132755486828e-12
5.477927927925359108e+04 -1.489549510387468735e-12
5.479340054340456118e+04 -1.477976269552918933e-12
5.480752180745907390e+04 -1.431445829487188996e-12
5.482164307161101169e+04 -1.297575823607203567e-12
5.483576433575169358e+04 -1.142521018815267948e-12
5.484988559983193409e+04 -1.183781350346100570e-12
5.486400686407558533e+04 -1.226185319801617545e-12
5.487812812803974521e+04 -1.073672765871766687e-12
5.489224939225264825e+04 -9.488087524139799613e-13
5.490637065646747942e+04 -8.987261604554059757e-13
5.492049192056356696e+04 -7.948657136701389373e-13
5.493461318464190845e+04 -8.084537570561543527e-13
5.494873444875735731e+04 -7.067712218378405115e-13
5.496285571287007770e+04 -5.427585449079686139e-13
5.497697697697846888e+04 -6.511066769047969597e-13
5.499109824105218286e+04 -6.360793995621981099e-13
5.500521950514807395e+04 -5.549279773163703499e-13
5.501934076925796398e+04 -5.454882773970509168e-13
5.503346203344182140e+04 -5.092343302458055821e-13
5.504758329766882525e+04 -4.856441420594784084e-13
5.506170456176053995e+04 -3.639973133209673447e-13
5.507582582577861467e+04 -2.379296678178574051e-13
5.508994708982431621e+04 -2.418005384765972263e-13
5.510406835407790641e+04 -1.573700625745848176e-13
5.511818961827106978e+04 -1.085460972719199921e-13
5.513231088226233987e+04 -9.910202278130392448e-14
5.514643214644577529e+04 -2.611042588115999561e-14
5.516055341053094890e+04 5.586529058469969735e-14
5.517467467463034700e+04 1.472550844808558795e-13
5.518879593875072896e+04 1.740349600811655398e-13
5.520291720295404957e+04 2.081503668071270856e-13
5.521703846701834846e+04 2.849578397554249119e-13
5.523115973115270026e+04 2.786334595380457330e-13
5.524528099536575610e+04 3.375489358832243020e-13
5.525940225944737904e+04 3.572095091676857578e-13
5.527352352351159789e+04 3.523837320887724928e-13
5.528764478758491168e+04 3.890063931064460252e-13
5.530176605181774357e+04 4.711670914442764913e-13
5.531588731595577701e+04 5.966310461084548482e-13
5.533000857994626131e+04 6.198100245929008964e-13
5.534412984411252546e+04 6.713874700574010469e-13
5.535825110825775482e+04 7.014445244976253804e-13
5.537237237236272631e+04 7.584539376349969619e-13
5.538649363656913192e+04 7.973326275642059757e-13
5.540061490064961254e+04 8.295444708373872185e-13
5.541473616477297037e+04 8.356338740822629619e-13
5.542885742899149045e+04 8.557818995969176753e-13
5.544297869303836342e+04 8.573967413441220656e-13
5.545709995709348004e+04 8.981589966858983617e-13
5.547122122123737790e+04 1.006019676452533399e-12
5.548534248522391863e+04 1.058418291443282131e-12
5.549946374946153082e+04 1.065873810810212342e-12
5.551358501352123130e+04 1.165150331815392820e-12
5.552770627774947934e+04 1.220073699383039975e-12
5.554182754183355428e+04 1.342191731944071125e-12
5.555594880586364161e+04 1.392751777112731883e-12
5.557007007018182048e+04 1.358731361077782476e-12
5.558419133420635626e+04 1.437587383270405246e-12
5.559831259829728515e+04 1.474595006562180046e-12
5.561243386249136529e+04 1.517509550981886617e-12
5.562655512654181803e+04 1.600847633937260843e-12
5.564067639078385400e+04 1.615141233179543198e-12
5.565479765479634079e+04 1.782066124715441472e-12
5.566891891887739621e+04 1.824974419747581408e-12
5.568304018293611443e+04 1.930086618862434540e-12
5.569716144727043866e+04 2.058412793032106696e-12
5.571128271136006515e+04 1.997117549901574065e-12
5.572540397541203129e+04 2.157524330205529134e-12
5.573952523952744377e+04 2.153799695215847244e-12
5.575364650356026686e+04 2.240432455296322934e-12
5.576776776781698572e+04 2.383322202251153503e-12
5.578188903183243383e+04 2.403785196899163886e-12
5.579601029592264240e+04 2.439162979913574391e-12
5.581013156014933338e+04 2.505865193166712013e-12
5.582425282429703657e+04 2.527340588600508419e-12
5.583837408838998817e+04 2.611013638729451185e-12
5.585249535243832361e+04 2.700178650651905100e-12
5.586661661667114822e+04 2.649516115527152251e-12
5.588073788071986928e+04 2.683827753022704356e-12
5.589485914487252739e+04 2.771926619426299467e-12
5.590898040902845241e+04 2.909473140011703956e-12
5.592310167303433263e+04 2.970147194018118011e-12
5.593722293713873660e+04 2.991706331245306805e-12
5.595134420133956883e+04 3.156085222286580014e-12
5.596546546552266955e+04 3.105742655805236304e-12
5.597958672954300710e+04 3.225848385569828880e-12
5.599370799362077378e+04 3.220060202805662168e-12
5.600782925785388943e+04 3.100743145751972135e-12
5.602195052192987350e+04 3.058969739501923384e-12
5.603607178607604146e+04 3.099913227083130487e-12
5.605019305018184241e+04 3.216161834841629475e-12
5.606431431436001003e+04 3.284498887882184255e-12
5.607843557843400049e+04 3.362051287828418707e-12
5.609255684252481296e+04 3.377207302554889051e-12
5.610667810671428742e+04 3.482137019552797807e-12
5.612079937077480281e+04 3.461980244895549926e-12
5.613492063492690795e+04 3.514042642835216548e-12
5.614904189907311229e+04 3.439277469743677182e-12
5.616316316326380183e+04 3.498805386070380552e-12
5.617728442729629023e+04 3.580287400918480671e-12
5.619140569140211301e+04 3.741141637372203106e-12
5.620552695554440288e+04 3.765742976466802229e-12
5.621964821954596846e+04 3.811062285222129403e-12
5.623376948383523995e+04 3.946492763177490061e-12
5.624789074792015163e+04 4.021160445822990403e-12
5.626201201200915966e+04 4.022945270912005596e-12
5.627613327614375885e+04 4.117717233359194810e-12
5.629025454025271756e+04 4.232309753412550605e-12
5.630437580435397831e+04 4.252530271822977803e-12
5.631849706845410401e+04 4.402388085914545073e-12
5.633261833260321146e+04 4.489544544673099909e-12
5.634673959662452398e+04 4.484205067936213932e-12
5.636086086086556315e+04 4.514944555498708513e-12
5.637498212505762785e+04 4.520312779418401133e-12
5.638910338904598757e+04 4.535196320846968281e-12
5.640322465316415037e+04 4.661346458265956988e-12
5.641734591736613947e+04 4.788767721115988681e-12
5.643146718153676193e+04 4.764222626509487862e-12
5.644558844558655983e+04 4.770138296780012801e-12
5.645970970975010277e+04 4.895222288680142704e-12
5.647383097377369995e+04 4.921809683143401907e-12
5.648795223792499746e+04 4.998279689163104586e-12
5.650207350212283927e+04 5.036018490800169247e-12
5.651619476626648975e+04 5.070652596694156823e-12
5.653031603039151378e+04 5.101498323845283597e-12
5.654443729432867258e+04 5.188809767415489533e-12
5.655855855858717405e+04 5.101892035261978184e-12
5.657267982271884102e+04 5.219916718966899601e-12
5.658680108684966399e+04 5.298957723031493279e-12
5.660092235092314513e+04 5.309117977337239556e-12
5.661504361495035846e+04 5.324308988634082977e-12
5.662916487926370610e+04 5.362721474250824415e-12
5.664328614335963357e+04 5.388271470378031457e-12
5.665740740735697909e+04 5.333348102810383898e-12
