5.300000000000042928e+04 -1.401903684703158786e-12
5.301412126411983627e+04 -1.351790687166274054e-12
5.302824252822616836e+04 -1.334040971925819600e-12
5.304236379241424584e+04 -1.453723116884171114e-12
5.305648505647884303e+04 -1.544573700743019293e-12
5.307060632061680371e+04 -1.522686462553790999e-12
5.308472758471097040e+04 -1.391249338407956915e-12
5.309884884879974561e+04 -1.522053769523795067e-12
5.311297011297702556e+04 -1.435003479093484440e-12
5.312709137712320808e+04 -1.461540998890686601e-12
5.314121264121029526e+04 -1.580465566312467863e-12
5.315533390529108874e+04 -1.486881680454061190e-12
5.316945516947784199e+04 -1.548884818993929337e-12
5.318357643360082147e+04 -1.583449756274786079e-12
5.319769769769169943e+04 -1.553523205681039549e-12
5.321181896180939657e+04 -1.640588383006173764e-12
5.322594022589033557e+04 -1.576420904018904036e-12
5.324006149010177614e+04 -1.505384047420298631e-12
5.325418275417877885e+04 -1.487077788535869129e-12
5.326830401830348274e+04 -1.443943789184702123e-12
5.328242528237440274e+04 -1.355586468308880355e-12
5.329654654649725126e+04 -1.375273948863022591e-12
5.331066781067532429e+04 -1.477574549490396900e-12
5.332478907478357723e+04 -1.483524247821529337e-12
5.333891033890859399e+04 -1.452511635005435292e-12
5.335303160300604213e+04 -1.432477669271775310e-12
5.336715286717764684e+04 -1.484151832603301550e-12
5.338127413129070192e+04 -1.483648986378154334e-12
5.339539539539485122e+04 -1.484674333421614115e-12
5.340951665952248732e+04 -1.473740347023650412e-12
5.342363792358847422e+04 -1.355631518193215378e-12
5.343775918777786865e+04 -1.415867592047538635e-12
5.345188045192348363e+04 -1.392661550116893516e-12
5.346600171601006150e+04 -1.321074656809550532e-12
5.348012298008675134e+04 -1.183592334415791599e-12
5.349424424419632123e+04 -1.078229314653301533e-12
5.350836550841524149e+04 -1.065737361197084263e-12
5.352248677250347828e+04 -1.055905783415783894e-12
5.353660803660994861e+04 -1.009275261130450437e-12
5.355072930067856942e+04 -9.480905126060062905e-13
5.356485056490312854e+04 -8.374420613814004802e-13
5.357897182902436907e+04 -7.586318131858090702e-13
5.359309309310362005e+04 -6.995981723133679831e-13
5.360721435721694434e+04 -6.907237342992448609e-13
5.362133562132689985e+04 -6.446856715078974846e-13
5.363545688552126376e+04 -6.036566109747874351e-13
5.364957814962267003e+04 -5.134994353248229214e-13
5.366369941368851869e+04 -4.918489279532771803e-13
5.367782067782219383e+04 -3.882252423859744580e-13
5.369194194187904213e+04 -3.230506114489181169e-13
5.370606320610846160e+04 -3.229856150715190971e-13
5.372018447019949963e+04 -3.209499051793892885e-13
5.373430573431395896e+04 -1.869631813701183599e-13
5.374842699837691907e+04 -8.532762601149018111e-14
5.376254826249928738e+04 -9.123694485666365691e-14
5.377666952672624757e+04 -1.910458793899274085e-14
5.379079079078926588e+04 4.454554712817115098e-14
5.380491205491832807e+04 1.353610543492163689e-13
5.381903331898679608e+04 2.168318728196571133e-13
5.383315458320998732e+04 2.594714423927505797e-13
5.384727584728926740e+04 2.855806234138974708e-13
5.386139711138549319e+04 3.509762225741173371e-13
5.387551837550491473e+04 3.199927997478732222e-13
5.388963963958771637e+04 2.894246531772266338e-13
5.390376090380745882e+04 4.009397552004750328e-13
5.391788216792329331e+04 3.894898843818980757e-13
5.393200343198251358e+04 4.206238302558013217e-13
5.394612469609746768e+04 3.766016281634857711e-13
5.396024596021626348e+04 3.566262370094578296e-13
5.397436722441753955e+04 4.819194034417086845e-13
5.398848848849580827e+04 3.932849722622455921e-13
5.400260975261549174e+04 3.899682110155712596e-13
5.401673101669876633e+04 3.886694510671844464e-13
5.403085228092452599e+04 3.010087979491129671e-13
5.404497354502457165e+04 2.103182238846251906e-13
5.405909480908716068e+04 1.589138733592780075e-13
5.407321607319534814e+04 2.306515816141787205e-13
5.408733733731883694e+04 3.291288773710173397e-13
5.410145860148705833e+04 2.900559353577130887e-13
5.411557986557738332e+04 2.709606223976586887e-13
5.412970112971127674e+04 3.775083665481888365e-13
5.414382239379964449e+04 4.028048009519492811e-13
5.415794365789298899e+04 3.116853286366007447e-13
5.417206492208500276e+04 2.795129002238053625e-13
5.418618618618125765e+04 3.163027958309852527e-13
5.420030745030947583e+04 2.212317772896939171e-13
5.421442871442389151e+04 2.494417618803358528e-13
5.422854997851372900e+04 1.886557486172410311e-13
5.424267124271204375e+04 2.064110464432541794e-13
5.425679250678222161e+04 2.706519869049794092e-13
5.427091377092704352e+04 2.397759832413828155e-13
5.428503503500814986e+04 2.475323473442897913e-13
5.429915629920548236e+04 2.639931664204274882e-13
5.431327756329951080e+04 2.919544522975485533e-13
5.432739882741992915e+04 2.921953670137761259e-13
5.434152009149369405e+04 3.227576755864527788e-13
5.435564135558753333e+04 3.428399994032974134e-13
5.436976261980973504e+04 3.764330073221196882e-13
5.438388388391077751e+04 3.605143436574602585e-13
5.439800514797991491e+04 4.016624993491577507e-13
5.441212641208944842e+04 3.787063237316274393e-13
5.442624767622249783e+04 3.414307066933457801e-13
5.444036894040492189e+04 3.017739648830441863e-13
5.445449020451475371e+04 2.950018872378747581e-13
5.446861146857528365e+04 3.585282567480752051e-13
5.448273273271127982e+04 2.705613033365124709e-13
5.449685399688024336e+04 3.744947919960884598e-13
5.451097526098108938e+04 3.206828511079241495e-13
5.452509652508458385e+04 2.899485161950655675e-13
5.453921778922638623e+04 1.795317361899015733e-13
5.455333905331078131e+04 1.952199935346793901e-13
5.456746031752399722e+04 2.036220402130654296e-13
5.458158158160431049e+04 1.489328428299464051e-13
5.459570284567559429e+04 4.496821818119724353e-14
5.460982410979636188e+04 1.389876186881639933e-13
5.462394537389230391e+04 1.332076114980254358e-13
5.463806663810343161e+04 1.102253594895625436e-13
5.465218790222331882e+04 1.327386256611041993e-13
5.466630916631143918e+04 4.701852306825198570e-14
5.468043043038315227e+04 8.491138831060181797e-17
5.469455169459034369e+04 4.485145822179776867e-14
5.470867295867897337e+04 4.009621427532191048e-14
5.472279422279492428e+04 1.096577200474746466e-14
5.473691548689373303e+04 3.216024299539795271e-15
5.475103675097951054e+04 -3.521979753530796474e-14
5.476515801518203079e+04 -9.537024741940499497e-14
5.477927927932018792e+04 -1.209360081295135420e-13
5.479340054337766196e+04 -2.068339750605176329e-13
5.480752180751314881e+04 -2.329617403752023037e-13
5.482164307157919393e+04 -1.846667075686630716e-13
5.483576433581268793e+04 -1.488821152119126737e-13
5.484988559990130307e+04 -2.114775186458346712e-13
5.486400686400414997e+04 -2.536582215784881985e-13
5.487812812812034099e+04 -2.183114790694857951e-13
5.489224939218680083e+04 -1.564738477720663812e-13
5.490637065640155924e+04 -1.829777661954238289e-14
5.492049192049723206e+04 -7.738999207161551963e-14
5.493461318458717142e+04 3.550793707078730115e-14
5.494873444869794184e+04 7.365146980727170809e-14
5.496285571288398933e+04 6.391641359240833963e-14
5.497697697701932339e+04 -1.348415269336678727e-14
5.499109824108519388e+04 -3.745108035943188947e-14
5.500521950517559162e+04 6.520855714309584205e-14
5.501934076927503338e+04 1.519102217946329541e-13
5.503346203349525604e+04 1.455390200100683931e-13
5.504758329759479966e+04 1.898887337884994492e-13
5.506170456171625847e+04 1.939562615741124175e-13
5.507582582581279712e+04 2.639048180511485241e-13
5.508994708987611375e+04 3.548094520412020182e-13
5.510406835409255291e+04 3.018284528640972716e-13
5.511818961819536344e+04 2.844969936907041967e-13
5.513231088227769942e+04 2.760338426335657612e-13
5.514643214639837970e+04 2.223487809012821915e-13
5.516055341057493206e+04 2.162971122056075322e-13
5.517467467468680115e+04 2.889373749466661648e-13
5.518879593879542517e+04 2.348409289574317934e-13
5.520291720289772638e+04 2.958188177538064261e-13
5.521703846700128634e+04 1.959458512822794322e-13
5.523115973118372494e+04 1.777694392026988472e-13
5.524528099527770246e+04 2.707280840390472670e-14
5.525940225938427466e+04 8.176395178634707562e-14
5.527352352349476860e+04 1.324492641222517180e-14
5.528764478762174986e+04 -7.479792097294722952e-14
5.530176605178383033e+04 -1.746747794431208470e-13
5.531588731592646946e+04 -1.479748903273787551e-13
5.533000857998555875e+04 -2.683575220671524435e-13
5.534412984411607613e+04 -2.310449310417276067e-13
5.535825110829430196e+04 -2.070760573763391926e-13
5.537237237241400726e+04 -3.120090112883746626e-13
5.538649363652566535e+04 -4.038792501426617591e-13
5.540061490057920309e+04 -3.899704145791319388e-13
5.541473616471074638e+04 -3.949673516415646817e-13
5.542885742892220151e+04 -3.330114035852871498e-13
5.544297869301565515e+04 -4.219937794437606232e-13
5.545709995709280338e+04 -4.514853991887441268e-13
5.547122122117373510e+04 -3.277393022185362932e-13
5.548534248530241166e+04 -2.335494321708463206e-13
5.549946374949499295e+04 -2.212752360389090853e-13
5.551358501361800882e+04 -2.133129852075943774e-13
5.552770627770184365e+04 -2.766319111899284176e-13
5.554182754182444478e+04 -2.518379338114503753e-13
5.555594880590338289e+04 -1.973698019514610416e-13
5.557007007008319488e+04 -1.471455054157778408e-13
5.558419133419120044e+04 -6.309078904382676660e-14
5.559831259829947521e+04 -3.573198455720698318e-14
5.561243386241621920e+04 -2.178773180599262211e-14
5.562655512661654939e+04 2.533230660912325117e-14
5.564067639067838172e+04 -2.989165138804536068e-14
5.565479765479736670e+04 -9.659428099377612811e-14
5.566891891888686223e+04 6.846460321088246602e-14
5.568304018298218580e+04 2.078606298997244926e-14
5.569716144721895398e+04 1.565251677504229909e-14
5.571128271128272900e+04 1.750645001432777249e-13
5.572540397540216509e+04 2.426988742250163043e-13
5.573952523949040915e+04 1.625345997002556458e-13
5.575364650360681117e+04 2.111744635868880104e-13
5.576776776779093052e+04 2.614594753014588945e-13
5.578188903188129188e+04 2.570556788327754921e-13
5.579601029601426853e+04 2.307554979780442299e-13
5.581013156010848616e+04 2.281716000765338874e-13
5.582425282427683123e+04 2.516691527058131412e-13
5.583837408840822172e+04 3.043387919911859211e-13
5.585249535247371387e+04 3.721619280072869621e-13
5.586661661659251695e+04 4.814052704204863606e-13
5.588073788070985756e+04 3.983449597027540935e-13
5.589485914490173309e+04 3.250274891971785180e-13
5.590898040901063359e+04 3.488908896992427228e-13
5.592310167307646770e+04 3.210876189671756404e-13
5.593722293721627648e+04 2.787527928881148046e-13
5.595134420132361993e+04 3.205618099500133443e-13
5.596546546549817140e+04 2.714401166309258597e-13
5.597958672958749230e+04 2.930889699030467353e-13
5.599370799369527958e+04 3.668228842638137738e-13
5.600782925780717778e+04 2.572825823538751184e-13
5.602195052202459919e+04 3.147459963723256216e-13
5.603607178609356197e+04 4.172884847155892096e-13
5.605019305020204047e+04 3.871725883876832243e-13
5.606431431431169040e+04 4.395764041654898884e-13
5.607843557842043811e+04 5.076400656979538397e-13
5.609255684262541035e+04 5.122910040806994630e-13
5.610667810668195307e+04 5.195733227484446420e-13
5.612079937081078242e+04 5.383039554353080781e-13
5.613492063488074200e+04 5.603852097570716749e-13
5.614904189901302743e+04 5.507910438932169682e-13
5.616316316321727936e+04 5.215753668522809031e-13
5.617728442731407995e+04 5.900192766525225150e-13
5.619140569140420848e+04 5.812015645186742867e-13
5.620552695552047226e+04 5.623160302856742173e-13
5.621964821959393885e+04 6.358837563042293633e-13
5.623376948377479857e+04 7.539954068336833506e-13
5.624789074790956511e+04 7.859331477280857076e-13
5.626201201197778573e+04 8.620980044435498176e-13
5.627613327607790416e+04 8.433883885493782505e-13
5.629025454028430249e+04 8.574552392579621040e-13
5.630437580439572776e+04 9.050399823114878394e-13
5.631849706850898656e+04 8.983827186263945679e-13
5.633261833257808030e+04 9.921658748155096871e-13
5.634673959670997283e+04 9.833936990658273602e-13
5.636086086092003097e+04 9.672243906883237480e-13
5.637498212498859357e+04 9.742977090287437193e-13
5.638910338909059647e+04 1.037430208275903323e-12
5.640322465319059847e+04 1.017005777778018142e-12
5.641734591728663509e+04 1.060573978228202058e-12
5.643146718149129447e+04 1.048582730397876259e-12
5.644558844562221202e+04 1.130665371055570290e-12
5.645970970969584596e+04 1.170540064790084275e-12
5.647383097378374077e+04 1.177154905689928944e-12
5.648795223798637744e+04 1.242027517532005317e-12
5.650207350211908488e+04 1.207294154009714975e-12
5.651619476618611952e+04 1.240269501743314079e-12
5.653031603028122481e+04 1.255988895077264961e-12
5.654443729439724120e+04 1.366657487394867200e-12
5.655855855861655436e+04 1.347110313391936860e-12
5.657267982271144137e+04 1.372505604561322152e-12
5.658680108681396086e+04 1.398494425524321398e-12
5.660092235090507165e+04 1.362277042918063742e-12
5.661504361502663960e+04 1.354567382798916554e-12
5.662916487922302622e+04 1.445749127092611322e-12
5.664328614328712138e+04 1.491904339043222981e-12
5.665740740740730689e+04 1.617300643439609919e-12
