5.300000000000044383e+04 -2.835116752361783899e-12
5.301412126410812925e+04 -2.714376014351908063e-12
5.302824252818395325e+04 -2.610551132571366165e-12
5.304236379238877998e+04 -2.642715306158096708e-12
5.305648505649899744e+04 -2.606443089057406321e-12
5.307060632059810450e+04 -2.424356355423093733e-12
5.308472758469205291e+04 -2.471529810707006822e-12
5.309884884878739103e+04 -2.385306283220866190e-12
5.311297011300684972e+04 -2.440655667142196711e-12
5.312709137708941125e+04 -2.352863023804620882e-12
5.314121264118872205e+04 -2.259800274339704975e-12
5.315533390531376790e+04 -2.156881095795365239e-12
5.316945516951502213e+04 -2.072721063583698575e-12
5.318357643358566565e+04 -2.058332072515264309e-12
5.319769769769969571e+04 -2.036990984754784600e-12
5.321181896179285832e+04 -2.079870089563827495e-12
5.322594022588408552e+04 -2.066289494221940451e-12
5.324006149011015077e+04 -2.060182555166154971e-12
5.325418275420979626e+04 -1.846106233717418114e-12
5.326830401830245683e+04 -1.753748229042038520e-12
5.328242528238670639e+04 -1.788097971418649510e-12
5.329654654649738222e+04 -1.669847328335252278e-12
5.331066781068927230e+04 -1.510011140140846398e-12
5.332478907481818896e+04 -1.419848227721088212e-12
5.333891033889236860e+04 -1.442027380466769384e-12
5.335303160301042954e+04 -1.334153968508441041e-12
5.336715286718674179e+04 -1.323973699970286906e-12
5.338127413131292997e+04 -1.245708126972122454e-12
5.339539539540874830e+04 -1.141156789564061117e-12
5.340951665950562165e+04 -1.114656247692524826e-12
5.342363792359663785e+04 -9.324704833340387798e-13
5.343775918779624044e+04 -9.477574439851149124e-13
5.345188045190760749e+04 -9.009263672842373714e-13
5.346600171598971792e+04 -8.111147242354616232e-13
5.348012298010555241e+04 -7.098918381038545374e-13
5.349424424418916169e+04 -5.518521218560326327e-13
5.350836550841505959e+04 -6.259459839748646849e-13
5.352248677250745823e+04 -4.769270876100702577e-13
5.353660803659851808e+04 -3.363363585295024940e-13
5.355072930068421556e+04 -2.153930054561050240e-13
5.356485056491747673e+04 -1.937133351793534223e-13
5.357897182900437474e+04 -5.792363159013839005e-14
5.359309309310321260e+04 2.367062577629897012e-14
5.360721435719909641e+04 1.722818778487842014e-13
5.362133562130392238e+04 1.657983956090885701e-13
5.363545688549667830e+04 2.867904648726222824e-13
5.364957814959015377e+04 3.314940126465092447e-13
5.366369941370753077e+04 4.150671529571837035e-13
5.367782067781590740e+04 5.114957066625218345e-13
5.369194194188550318e+04 5.525956549172369487e-13
5.370606320610723196e+04 6.740682596147124172e-13
5.372018447019394080e+04 7.893082554672199621e-13
5.373430573430316872e+04 9.142831313403369762e-13
5.374842699839241686e+04 1.066343676147925932e-12
5.376254826248598692e+04 1.137265325106585117e-12
5.377666952671591571e+04 1.336315349155364833e-12
5.379079079079930671e+04 1.399606970516315959e-12
5.380491205488928244e+04 1.427566001197127305e-12
5.381903331900441117e+04 1.392074908080180473e-12
5.383315458321256301e+04 1.559002215587150719e-12
5.384727584730902890e+04 1.564826813852665358e-12
5.386139711140590953e+04 1.625752719746608819e-12
5.387551837550039636e+04 1.638077616161606523e-12
5.388963963961523405e+04 1.685423892379769588e-12
5.390376090381851827e+04 1.615778321232731966e-12
5.391788216788323189e+04 1.704628527126480350e-12
5.393200343199488998e+04 1.717530092701273224e-12
5.394612469609750406e+04 1.770059431901857609e-12
5.396024596018836019e+04 1.873212584684059223e-12
5.397436722441216261e+04 1.915672590402838832e-12
5.398848848851283401e+04 1.893935845929304390e-12
5.400260975259655970e+04 1.917476654482950676e-12
5.401673101669848984e+04 1.942853161006407622e-12
5.403085228089468001e+04 2.034792832464642710e-12
5.404497354500727670e+04 2.073412816962290595e-12
5.405909480911847641e+04 2.140220961398663230e-12
5.407321607321238116e+04 2.189589309145210062e-12
5.408733733728684456e+04 2.242620561629406453e-12
5.410145860149871442e+04 2.426503101233678070e-12
5.411557986559064739e+04 2.434567545384030062e-12
5.412970112970892660e+04 2.326486065678560920e-12
5.414382239380659303e+04 2.347252815197434087e-12
5.415794365789808217e+04 2.391651612067611463e-12
5.417206492209974385e+04 2.477539420736968844e-12
5.418618618618304026e+04 2.542280740015741363e-12
5.420030745030652906e+04 2.624394459149865649e-12
5.421442871438603470e+04 2.698124864525473099e-12
5.422854997849677602e+04 2.707290834013971655e-12
5.424267124269078340e+04 2.729593059239997231e-12
5.425679250680394034e+04 2.759182800285370408e-12
5.427091377091237518e+04 2.717003570311791793e-12
5.428503503499135695e+04 2.633115189965560087e-12
5.429915629918329796e+04 2.605426645691089993e-12
5.431327756330314878e+04 2.654308730604718041e-12
5.432739882741012843e+04 2.656668085994954503e-12
5.434152009148566867e+04 2.632126980550198424e-12
5.435564135560375871e+04 2.591138383587223335e-12
5.436976261980080744e+04 2.619955325356668126e-12
5.438388388390289765e+04 2.630596033484097351e-12
5.439800514799141092e+04 2.659969898206398961e-12
5.441212641208215064e+04 2.675523948783027641e-12
5.442624767619417253e+04 2.670731048206502867e-12
5.444036894040389598e+04 2.539108160568424845e-12
5.445449020449557429e+04 2.571698192908165209e-12
5.446861146858745633e+04 2.571739416861267542e-12
5.448273273270270147e+04 2.485094259573687330e-12
5.449685399690780469e+04 2.507765169459445674e-12
5.451097526100583491e+04 2.492975426956773621e-12
5.452509652509049192e+04 2.474217329537285593e-12
5.453921778920717043e+04 2.443977462110353909e-12
5.455333905330004200e+04 2.360709139301051541e-12
5.456746031749946269e+04 2.226615211992683952e-12
5.458158158159771119e+04 2.274536492429078910e-12
5.459570284568305942e+04 2.190465135005062598e-12
5.460982410981247085e+04 2.228409552814067168e-12
5.462394537389085599e+04 2.216953156516044554e-12
5.463806663811204635e+04 2.153641822246986556e-12
5.465218790220882511e+04 2.113039025543012865e-12
5.466630916630270076e+04 1.976634492333376661e-12
5.468043043040001066e+04 1.896975230051572948e-12
5.469455169459767058e+04 1.952682776201957349e-12
5.470867295870324597e+04 1.831978708530008546e-12
5.472279422281520237e+04 1.681726123765788899e-12
5.473691548691081698e+04 1.623459828823571226e-12
5.475103675098778331e+04 1.555657947365847060e-12
5.476515801520938112e+04 1.459650091094672886e-12
5.477927927928911959e+04 1.478959483964534033e-12
5.479340054340650386e+04 1.516813595343156252e-12
5.480752180750028492e+04 1.453198509135326190e-12
5.482164307160535827e+04 1.358204535678417027e-12
5.483576433578941214e+04 1.290931572856458109e-12
5.484988559991586226e+04 1.134517372355521349e-12
5.486400686398411199e+04 1.171818789732856990e-12
5.487812812808297167e+04 1.166284390781790474e-12
5.489224939221181558e+04 1.042475473485311765e-12
5.490637065640313813e+04 1.033933191106350194e-12
5.492049192049470730e+04 9.953743432628995824e-13
5.493461318461439805e+04 8.540618287158969987e-13
5.494873444870483218e+04 8.426989355360579755e-13
5.496285571288620122e+04 7.714655429191241316e-13
5.497697697698275442e+04 6.241248743511023128e-13
5.499109824110864429e+04 5.397736069514978218e-13
5.500521950521090912e+04 4.720630974867566897e-13
5.501934076930917217e+04 4.693015588125379045e-13
5.503346203351677104e+04 3.480815590490159245e-13
5.504758329758781474e+04 3.133729884667257542e-13
5.506170456171568367e+04 2.759072746559433773e-13
5.507582582578376605e+04 2.233614525338843601e-13
5.508994708989359788e+04 8.916396586029228041e-14
5.510406835409641644e+04 8.870663971174021036e-14
5.511818961820263212e+04 4.527903655414993421e-14
5.513231088229931629e+04 1.104783479580999439e-13
5.514643214638438803e+04 -5.154837055204420070e-14
5.516055341059300554e+04 1.683117903041274156e-14
5.517467467470272095e+04 -1.069682813979875063e-13
5.518879593881666369e+04 -8.031722880914691078e-14
5.520291720290589001e+04 -1.067263986877004704e-13
5.521703846701527800e+04 -2.236333340331828928e-13
5.523115973119851697e+04 -2.121003504232576516e-13
5.524528099528540042e+04 -1.716499957688012582e-13
5.525940225939638185e+04 -1.842745816651568204e-13
5.527352352350849833e+04 -2.530633072861610233e-13
5.528764478761748614e+04 -2.706416271140366844e-13
5.530176605180580373e+04 -3.029159199357508898e-13
5.531588731589059898e+04 -3.905208827356262149e-13
5.533000857999408618e+04 -3.861121174765397141e-13
5.534412984409921773e+04 -3.847235562129150391e-13
5.535825110831490747e+04 -3.873512335854606149e-13
5.537237237240618560e+04 -5.199984598708197785e-13
5.538649363650425948e+04 -6.023989485397723067e-13
5.540061490059952484e+04 -6.563398584963833622e-13
5.541473616471805144e+04 -7.079834154865677410e-13
5.542885742889565154e+04 -7.818953660902155662e-13
5.544297869301481842e+04 -8.132178451191372023e-13
5.545709995711323427e+04 -8.981474466200998365e-13
5.547122122120772110e+04 -8.776370981019440423e-13
5.548534248530488549e+04 -9.310616097833441849e-13
5.549946374949486199e+04 -9.366028016959883103e-13
5.551358501360620721e+04 -1.087342348568583168e-12
5.552770627768785198e+04 -1.103467773790836095e-12
5.554182754179025505e+04 -1.109303593762486048e-12
5.555594880588806700e+04 -1.164913973923247934e-12
5.557007007008352230e+04 -1.262846702434352284e-12
5.558419133418436104e+04 -1.266002499270712948e-12
5.559831259830678027e+04 -1.207353201171319988e-12
5.561243386240439577e+04 -1.159699376947621429e-12
5.562655512661506509e+04 -1.195686622650371657e-12
5.564067639071634767e+04 -1.196514298400219545e-12
5.565479765478855552e+04 -1.243015983062253556e-12
5.566891891889041290e+04 -1.253292801561651772e-12
5.568304018298294250e+04 -1.261821298224470863e-12
5.569716144719738804e+04 -1.247590842891674927e-12
5.571128271129111090e+04 -1.333403129811730161e-12
5.572540397538313118e+04 -1.387044616677633428e-12
5.573952523949247552e+04 -1.428373794086756082e-12
5.575364650358955987e+04 -1.457700474365159489e-12
5.576776776781384979e+04 -1.513553802798808739e-12
5.578188903190389101e+04 -1.605084298218496834e-12
5.579601029600941547e+04 -1.461926295845292812e-12
5.581013156010121747e+04 -1.573459199411066372e-12
5.582425282429833169e+04 -1.614787044866938526e-12
5.583837408841647266e+04 -1.647749158347200160e-12
5.585249535250449117e+04 -1.751354609154433319e-12
5.586661661661014659e+04 -1.807318756098522456e-12
5.588073788069769216e+04 -1.692190577721392722e-12
5.589485914489144488e+04 -1.687246100864963415e-12
5.590898040900065826e+04 -1.637446499954742612e-12
5.592310167311741679e+04 -1.668280684922038538e-12
5.593722293721656752e+04 -1.602591947296199876e-12
5.595134420130342914e+04 -1.521118498089580965e-12
5.596546546548749029e+04 -1.525237696712013365e-12
5.597958672959754040e+04 -1.588733506506262857e-12
5.599370799371083558e+04 -1.553453261588866891e-12
5.600782925778651406e+04 -1.585421471553621011e-12
5.602195052200146893e+04 -1.649997229043359052e-12
5.603607178608929098e+04 -1.640011575524515607e-12
5.605019305020173488e+04 -1.597784128843269788e-12
5.606431431428906217e+04 -1.524704915411821729e-12
5.607843557838855486e+04 -1.452452312167620874e-12
5.609255684259158443e+04 -1.410517362420180326e-12
5.610667810669299797e+04 -1.403952697629868076e-12
5.612079937078222429e+04 -1.447578428833467046e-12
5.613492063491018780e+04 -1.339762407410818656e-12
5.614904189900781785e+04 -1.306009912871722523e-12
5.616316316319665202e+04 -1.221213506695807747e-12
5.617728442731148971e+04 -1.240369391953551267e-12
5.619140569139151194e+04 -1.267401649562678915e-12
5.620552695551718352e+04 -1.135168527542893815e-12
5.621964821958721586e+04 -1.146478408983363674e-12
5.623376948381105467e+04 -1.213443157823161545e-12
5.624789074789212464e+04 -1.226440357641338769e-12
5.626201201201383083e+04 -1.204611774991183608e-12
5.627613327611093700e+04 -1.189719205697574264e-12
5.629025454028598324e+04 -1.127507398836786778e-12
5.630437580441871978e+04 -9.730850012266167480e-13
5.631849706849710492e+04 -1.069727000440344037e-12
5.633261833259886043e+04 -1.118555074649665399e-12
5.634673959668981843e+04 -1.086282912953151953e-12
5.636086086090028402e+04 -1.031206646045832204e-12
5.637498212499668443e+04 -1.046422347198007708e-12
5.638910338908960694e+04 -9.475194905369167701e-13
5.640322465320226183e+04 -8.733414156738231461e-13
5.641734591731146065e+04 -8.151888695391964791e-13
5.643146718151406822e+04 -8.411614251422428920e-13
5.644558844559224235e+04 -8.298819122358839035e-13
5.645970970968629263e+04 -9.351933287663311218e-13
5.647383097378948878e+04 -9.107160238822727106e-13
5.648795223800913664e+04 -9.483519613184664161e-13
5.650207350209232391e+04 -1.008576493929538709e-12
5.651619476621384092e+04 -1.031363550138738736e-12
5.653031603030749102e+04 -9.722480018040155643e-13
5.654443729441137111e+04 -1.016681163068055108e-12
5.655855855858902942e+04 -9.737432525230035660e-13
5.657267982271489018e+04 -9.779322454957609841e-13
5.658680108679406112e+04 -9.767185696939242354e-13
5.660092235088531743e+04 -9.714157974131159374e-13
5.661504361499815423e+04 -9.082644307294405009e-13
5.662916487918479106e+04 -1.021794265205995225e-12
5.664328614328570256e+04 -1.086374018555484765e-12
5.665740740740407637e+04 -1.087622058751183883e-12
