5.299999999999882129e+04 -2.227808548255675459e-13
5.301412126408071344e+04 -1.595081245233825316e-13
5.302824252820738911e+04 -1.303695951847386349e-13
5.304236379241240502e+04 -5.822851433240876707e-14
5.305648505650453444e+04 -9.025835929734557825e-14
5.307060632059298950e+04 -2.932538854843526451e-14
5.308472758470129338e+04 3.390714365180526314e-15
5.309884884882078040e+04 -5.361637021759611672e-14
5.311297011302210740e+04 -5.880749185868647507e-14
5.312709137710330833e+04 1.645482388395479117e-14
5.314121264120790147e+04 1.238419494138737173e-13
5.315533390532485646e+04 1.787185795096367892e-13
5.316945516951691388e+04 2.030874958354299760e-13
5.318357643359576468e+04 1.953346331661478436e-13
5.319769769769592676e+04 1.982079203896179128e-13
5.321181896181065531e+04 2.402848415054037370e-13
5.322594022591089742e+04 3.428207751990248761e-13
5.324006149010442459e+04 2.536285055239868951e-13
5.325418275420029386e+04 2.665863448844273572e-13
5.326830401832278585e+04 2.352996213028234596e-13
5.328242528239253443e+04 2.504652244053442421e-13
5.329654654649333679e+04 2.283441937374532109e-13
5.331066781069309218e+04 1.754202116528314648e-13
5.332478907481134229e+04 1.788218188757682372e-13
5.333891033891595725e+04 6.347294655366748487e-14
5.335303160298853618e+04 1.766228107556058819e-13
5.336715286717423442e+04 1.574102822301076665e-13
5.338127413131100911e+04 1.631826424646743221e-13
5.339539539540332771e+04 1.587379616459956916e-13
5.340951665949879680e+04 1.797310565364785727e-13
5.342363792358198407e+04 2.144171743816333875e-13
5.343775918780379288e+04 1.226876986628989818e-13
5.345188045191594574e+04 1.831805791409003885e-13
5.346600171598794986e+04 1.804457462024845137e-13
5.348012298007308709e+04 2.511259371054603829e-13
5.349424424422236916e+04 2.054248620250210450e-13
5.350836550842085126e+04 2.906103281929034284e-13
5.352248677251784829e+04 3.620148303244324548e-13
5.353660803660963575e+04 4.497186442734187283e-13
5.355072930069200811e+04 5.774756760876384077e-13
5.356485056488765986e+04 5.676428240269027964e-13
5.357897182897251332e+04 5.925397717052862946e-13
5.359309309307264630e+04 6.193194667429056435e-13
5.360721435718300199e+04 7.327336352680156133e-13
5.362133562129647180e+04 8.310202058626662613e-13
5.363545688551661442e+04 8.947803765504455141e-13
5.364957814960846008e+04 9.445829313135049697e-13
5.366369941371300229e+04 1.017376402214347550e-12
5.367782067779327190e+04 1.079035800935571377e-12
5.369194194190950657e+04 1.207424776977891282e-12
5.370606320609560498e+04 1.305756953779015561e-12
5.372018447018586448e+04 1.244793386461205268e-12
5.373430573431027005e+04 1.401642559655638023e-12
5.374842699840850401e+04 1.462674824930035611e-12
5.376254826249253529e+04 1.422506148314235763e-12
5.377666952670937462e+04 1.444910918861643609e-12
5.379079079078159702e+04 1.566544210977072963e-12
5.380491205489694403e+04 1.522327358135164534e-12
5.381903331898374017e+04 1.547289540007618120e-12
5.383315458317979210e+04 1.652212487153573798e-12
5.384727584729940281e+04 1.554521683711845695e-12
5.386139711138504936e+04 1.519181492044732280e-12
5.387551837548343610e+04 1.547233350082342414e-12
5.388963963961813715e+04 1.574470069340953798e-12
5.390376090379938978e+04 1.560097764070449555e-12
5.391788216787769488e+04 1.480328852754138397e-12
5.393200343199043709e+04 1.525532108188385752e-12
5.394612469611798588e+04 1.474274965599440681e-12
5.396024596018131706e+04 1.515974817679001850e-12
5.397436722438610741e+04 1.571575903326756149e-12
5.398848848852205992e+04 1.626214062994787007e-12
5.400260975261113344e+04 1.612893971804444460e-12
5.401673101671022596e+04 1.480121796728122617e-12
5.403085228091601311e+04 1.497455234088152846e-12
5.404497354501351219e+04 1.599500756738743212e-12
5.405909480907329998e+04 1.762489256563293112e-12
5.407321607321861666e+04 1.799994107372275312e-12
5.408733733729524829e+04 1.825559753647689196e-12
5.410145860150636145e+04 1.898063230653359370e-12
5.411557986561362486e+04 1.854138103587881899e-12
5.412970112967470777e+04 1.836431349601020310e-12
5.414382239378373197e+04 1.881240890695836406e-12
5.415794365789737640e+04 1.952415052619985382e-12
5.417206492212142621e+04 1.959397228129236702e-12
5.418618618621261703e+04 1.889924928188436439e-12
5.420030745030617982e+04 1.976280376362058246e-12
5.421442871439376177e+04 2.044768967748033045e-12
5.422854997851228836e+04 1.972528736693654358e-12
5.424267124269397027e+04 1.896880933047559421e-12
5.425679250677550590e+04 1.860181214592526782e-12
5.427091377092457697e+04 1.901175998568629277e-12
5.428503503501939849e+04 1.870509384693192331e-12
5.429915629921968502e+04 1.909174980807868610e-12
5.431327756332002173e+04 1.910219497637992655e-12
5.432739882738419692e+04 1.891358925870470993e-12
5.434152009151191305e+04 1.872432157752624637e-12
5.435564135559040005e+04 1.802101614432613885e-12
5.436976261980705021e+04 1.750397646478977031e-12
5.438388388387823943e+04 1.689411564704806162e-12
5.439800514797467622e+04 1.712622622193669338e-12
5.441212641208004061e+04 1.672570751347192511e-12
5.442624767619679915e+04 1.576731521402047426e-12
5.444036894039162871e+04 1.637602914150655749e-12
5.445449020451272372e+04 1.576252752449698863e-12
5.446861146861314046e+04 1.632538123625810015e-12
5.448273273267854529e+04 1.553431175812746197e-12
5.449685399689202313e+04 1.453538573997717075e-12
5.451097526101731637e+04 1.472860211042500458e-12
5.452509652509712032e+04 1.360958359718559300e-12
5.453921778918736527e+04 1.376649973645535551e-12
5.455333905332435825e+04 1.345643911043433438e-12
5.456746031748886890e+04 1.251663566982407302e-12
5.458158158161640313e+04 1.077207704051603641e-12
5.459570284570202057e+04 1.134703082933650571e-12
5.460982410979380802e+04 1.103381433080000495e-12
5.462394537391621998e+04 1.110379772814331167e-12
5.463806663811745966e+04 1.099321903410086095e-12
5.465218790221840754e+04 1.032314262931376212e-12
5.466630916629824060e+04 8.895972408062693696e-13
5.468043043039875920e+04 9.004064890342947165e-13
5.469455169462039339e+04 9.069214414662542551e-13
5.470867295868248766e+04 8.199394371395588919e-13
5.472279422279002029e+04 7.839878913881963632e-13
5.473691548690779018e+04 7.142946803713122028e-13
5.475103675100050896e+04 7.123495852867703833e-13
5.476515801520795503e+04 7.173812776364536698e-13
5.477927927931486192e+04 6.533778738474812089e-13
5.479340054338255868e+04 6.465003809387432444e-13
5.480752180747616512e+04 5.475668564784189398e-13
5.482164307161906618e+04 5.859468846166944213e-13
5.483576433581462334e+04 4.576752916374505231e-13
5.484988559988274937e+04 4.659321317529549266e-13
5.486400686400343693e+04 3.597093115068725839e-13
5.487812812810782634e+04 3.675312569952436051e-13
5.489224939221521345e+04 2.911352806454786083e-13
5.490637065639899083e+04 3.501077618097716288e-13
5.492049192048743862e+04 1.741393892465482960e-13
5.493461318460063922e+04 1.689714555711966955e-13
5.494873444868366641e+04 9.116688246452173886e-14
5.496285571291461383e+04 1.976257276424365188e-14
5.497697697697574768e+04 -5.089510368237178363e-14
5.499109824112410570e+04 -6.728793708778780714e-14
5.500521950519651728e+04 -1.515828314263014155e-13
5.501934076931079471e+04 -2.007112995173040428e-13
5.503346203349361167e+04 -2.404314188871534295e-13
5.504758329760863126e+04 -3.050128861539616954e-13
5.506170456169034151e+04 -3.632056358894296481e-13
5.507582582578109577e+04 -4.096400664672165254e-13
5.508994708988174534e+04 -4.584398619816067934e-13
5.510406835408049665e+04 -5.819591727875381421e-13
5.511818961820282129e+04 -6.402211977733459703e-13
5.513231088231301692e+04 -6.228161759879646307e-13
5.514643214638232894e+04 -7.009117051460668524e-13
5.516055341059376951e+04 -7.149076148897246536e-13
5.517467467468528775e+04 -7.849025581080889631e-13
5.518879593881430628e+04 -7.994326570043672879e-13
5.520291720291000820e+04 -8.863446163557190307e-13
5.521703846701094881e+04 -9.144649799186650935e-13
5.523115973118012334e+04 -8.607735820052788304e-13
5.524528099529743486e+04 -8.738750712945489171e-13
5.525940225937651849e+04 -9.979331896031234612e-13
5.527352352352121670e+04 -1.148720008667817204e-12
5.528764478761145438e+04 -1.137485102512703718e-12
5.530176605179288163e+04 -1.176052943551900447e-12
5.531588731589380041e+04 -1.193131601935680889e-12
5.533000858000011067e+04 -1.181243968977365406e-12
5.534412984408713965e+04 -1.325705187961028449e-12
5.535825110831904749e+04 -1.359563081702120319e-12
5.537237237242237461e+04 -1.411962111334166860e-12
5.538649363648854342e+04 -1.448089924111394057e-12
5.540061490062285156e+04 -1.437369194258802816e-12
5.541473616470046545e+04 -1.442709546335000360e-12
5.542885742887967353e+04 -1.493442121333872074e-12
5.544297869298337173e+04 -1.511462923122274136e-12
5.545709995707646158e+04 -1.493428266283804058e-12
5.547122122119659616e+04 -1.535596111165660956e-12
5.548534248530444893e+04 -1.486677008275685319e-12
5.549946374947571894e+04 -1.481602981050794443e-12
5.551358501361784147e+04 -1.490394780043923014e-12
5.552770627772287844e+04 -1.543303367628469331e-12
5.554182754180581833e+04 -1.561476574967618957e-12
5.555594880592383561e+04 -1.446345727252837856e-12
5.557007007008029177e+04 -1.344347927552481497e-12
5.558419133420511207e+04 -1.488991571362039471e-12
5.559831259830434283e+04 -1.410140172250229286e-12
5.561243386241850385e+04 -1.367029414238746922e-12
5.562655512661982357e+04 -1.238485338608166396e-12
5.564067639071274607e+04 -1.283382628353412651e-12
5.565479765479653724e+04 -1.297982002500030649e-12
5.566891891892175772e+04 -1.267258428974314354e-12
5.568304018302426994e+04 -1.315975863913300728e-12
5.569716144718795840e+04 -1.308044617474393578e-12
5.571128271129698987e+04 -1.237846466855032213e-12
5.572540397537660465e+04 -1.357581039817397327e-12
5.573952523951049807e+04 -1.308483360726545786e-12
5.575364650359019288e+04 -1.278902059106432883e-12
5.576776776777541818e+04 -1.355998485209634034e-12
5.578188903189193661e+04 -1.435188563323105743e-12
5.579601029597524757e+04 -1.323493768025180164e-12
5.581013156010675448e+04 -1.496209282722446449e-12
5.582425282431250525e+04 -1.468946392813706726e-12
5.583837408837754629e+04 -1.424751861996907810e-12
5.585249535251675843e+04 -1.435096966047656354e-12
5.586661661658839876e+04 -1.431071304277908147e-12
5.588073788067646819e+04 -1.408507585517220651e-12
5.589485914488483832e+04 -1.342734583944567193e-12
5.590898040899643092e+04 -1.285159153662127554e-12
5.592310167312113481e+04 -1.276222646368288869e-12
5.593722293720790185e+04 -1.334962670581441615e-12
5.595134420128822967e+04 -1.264805315387280451e-12
5.596546546549299819e+04 -1.266732706796735429e-12
5.597958672961028060e+04 -1.279401610633883469e-12
5.599370799369379529e+04 -1.177429981583655651e-12
5.600782925778948265e+04 -1.085968177734984265e-12
5.602195052202389343e+04 -1.028527449328205349e-12
5.603607178612258576e+04 -9.658741431958558063e-13
5.605019305020295724e+04 -9.954015640657043390e-13
5.606431431427614007e+04 -1.071778297290374954e-12
5.607843557837730623e+04 -1.072939042596069034e-12
5.609255684258795372e+04 -1.042494879246723374e-12
5.610667810669055325e+04 -9.739678016105597107e-13
5.612079937079474621e+04 -9.284878300374551807e-13
5.613492063487438281e+04 -9.621509833525917953e-13
5.614904189900209894e+04 -9.884509472816076732e-13
5.616316316318502504e+04 -1.014834041511031644e-12
5.617728442729543895e+04 -9.447128633920480080e-13
5.619140569139787112e+04 -9.146620295196318863e-13
5.620552695551629586e+04 -9.955916861416371241e-13
5.621964821959944675e+04 -1.136683049058769137e-12
5.623376948382292176e+04 -1.076850785065258340e-12
5.624789074790151062e+04 -1.125354236453194926e-12
5.626201201198691706e+04 -1.125539740179105039e-12
5.627613327610443230e+04 -1.088039507720145310e-12
5.629025454030297260e+04 -1.067556355644664001e-12
5.630437580437243014e+04 -1.009722297760955547e-12
5.631849706850245275e+04 -1.018708067455035931e-12
5.633261833259477862e+04 -1.066575725989853517e-12
5.634673959671427292e+04 -1.046342734540599323e-12
5.636086086090194294e+04 -1.094793074903275385e-12
5.637498212500654336e+04 -1.041933749718970767e-12
5.638910338911527651e+04 -1.145370165451384352e-12
5.640322465318880859e+04 -1.159413028420272415e-12
5.641734591731537512e+04 -1.269723858161408782e-12
5.643146718150779634e+04 -1.193685034213395845e-12
5.644558844562317972e+04 -1.197073363680017360e-12
5.645970970971640054e+04 -1.265422634840308764e-12
5.647383097379677201e+04 -1.373334231744675599e-12
5.648795223797699146e+04 -1.344802835029713056e-12
5.650207350212427991e+04 -1.359424531201440770e-12
5.651619476622180809e+04 -1.235236329367228074e-12
5.653031603029592952e+04 -1.369802733427351661e-12
5.654443729440321476e+04 -1.370525505205897177e-12
5.655855855857921415e+04 -1.278266266253314084e-12
5.657267982267941261e+04 -1.247864437779176115e-12
5.658680108680249396e+04 -1.235241717442254591e-12
5.660092235091698240e+04 -1.201606274227253806e-12
5.661504361497850186e+04 -1.105680835081685850e-12
5.662916487919097563e+04 -1.131325763032488598e-12
5.664328614330265555e+04 -1.154113471769275071e-12
5.665740740738503519e+04 -1.067883488771268845e-12
