5.299999999999970169e+04 -2.190349733691354914e-13
5.301412126411360077e+04 -2.865549107149751203e-13
5.302824252821828122e+04 -2.929146837721820201e-13
5.304236379241639952e+04 -3.058586763461391722e-13
5.305648505650163861e+04 -3.239867753723503465e-13
5.307060632061594515e+04 -4.203955752712498361e-13
5.308472758467351377e+04 -3.175559802636621579e-13
5.309884884879458696e+04 -3.031291087699394273e-13
5.311297011299697624e+04 -3.123648834520103612e-13
5.312709137709374772e+04 -3.464658977792281055e-13
5.314121264121210697e+04 -4.251247491338976473e-13
5.315533390529575991e+04 -3.798945513781316823e-13
5.316945516947869328e+04 -2.569042667561849211e-13
5.318357643358600035e+04 -3.150505795326298041e-13
5.319769769767284743e+04 -2.690715744781757399e-13
5.321181896182786295e+04 -2.948364174549390289e-13
5.322594022592863621e+04 -1.997261467177674456e-13
5.324006149012695823e+04 -1.392758394452585015e-13
5.325418275418675330e+04 -1.343017513507507445e-13
5.326830401829328912e+04 -9.679170651387097892e-14
5.328242528240951651e+04 -1.196396123211369717e-13
5.329654654647428833e+04 -8.316017015098776598e-14
5.331066781068697310e+04 -6.942047894750240929e-14
5.332478907481400529e+04 -4.732870633557332413e-14
5.333891033888718812e+04 -1.078220462605349068e-13
5.335303160301389289e+04 -9.461530005753477393e-14
5.336715286718808056e+04 -1.858803940174595972e-14
5.338127413127620093e+04 -9.136444740032525276e-14
5.339539539538127428e+04 -3.328658422310327373e-14
5.340951665947283618e+04 -7.051318020308299391e-15
5.342363792360349180e+04 -1.144411578873590428e-14
5.343775918777735205e+04 8.359054722118951345e-14
5.345188045192329446e+04 8.919290085693034155e-14
5.346600171600536851e+04 1.519612951900493311e-13
5.348012298012771498e+04 8.216714227918002192e-14
5.349424424418588023e+04 4.302129742034921850e-14
5.350836550841978169e+04 2.117759868272784419e-14
5.352248677251840127e+04 5.694665256943907696e-14
5.353660803658929217e+04 9.852486288431447712e-14
5.355072930067023117e+04 1.585627669137932003e-13
5.356485056487310794e+04 1.645565806758085975e-13
5.357897182901424094e+04 2.268906779602635209e-13
5.359309309308739466e+04 2.489420742563111471e-13
5.360721435719946749e+04 1.997529843206553225e-13
5.362133562130010250e+04 1.991267599643663915e-13
5.363545688547973987e+04 2.436145256292150429e-13
5.364957814956896618e+04 1.303440840969153864e-13
5.366369941371108871e+04 1.100892660889672728e-13
5.367782067778336204e+04 1.590112683727534838e-13
5.369194194187609537e+04 1.504438838948587461e-13
5.370606320610611874e+04 1.131277795891104399e-13
5.372018447020657914e+04 7.810384209132523336e-14
5.373430573428897333e+04 2.283727777238162768e-14
5.374842699841786089e+04 -2.399388005409695315e-14
5.376254826250944461e+04 -4.986669665983802332e-16
5.377666952670247701e+04 -1.366375380013558945e-13
5.379079079079603252e+04 -1.568713290082355299e-13
5.380491205489711865e+04 -6.814006879733348675e-14
5.381903331898339820e+04 -6.137742734731485986e-14
5.383315458319999016e+04 -1.556575789252836420e-13
5.384727584727983049e+04 -1.361865759358875792e-13
5.386139711142754823e+04 -1.179181384544069903e-13
5.387551837549465563e+04 -1.570138204941994693e-13
5.388963963957133092e+04 -1.182572547695111141e-13
5.390376090378731897e+04 -1.131906422780146323e-13
5.391788216787866986e+04 -1.330493026381728824e-13
5.393200343199844065e+04 -1.242519632975294366e-13
5.394612469612888526e+04 -1.277520642094254733e-13
5.396024596019679302e+04 -2.839724724593397365e-14
5.397436722439590085e+04 -1.585617656792394680e-13
5.398848848849865317e+04 -1.317353387628947050e-13
5.400260975259139377e+04 -2.214906586641310086e-13
5.401673101670193864e+04 -3.547273561684392370e-13
5.403085228089593147e+04 -4.361736552751220468e-13
5.404497354501179507e+04 -4.652674192428490117e-13
5.405909480908351543e+04 -5.515731925113538481e-13
5.407321607322942145e+04 -7.127952625972803009e-13
5.408733733730338281e+04 -7.953255707164925296e-13
5.410145860149317014e+04 -6.790057666462643573e-13
5.411557986562934821e+04 -7.381659052268851537e-13
5.412970112972815696e+04 -8.279122774680923311e-13
5.414382239380453393e+04 -8.491410482702115100e-13
5.415794365789260337e+04 -8.788262525658642361e-13
5.417206492212318699e+04 -9.148971781328082901e-13
5.418618618620396592e+04 -8.693808789476108025e-13
5.420030745028707315e+04 -8.865997559076741906e-13
5.421442871440071031e+04 -9.719443267975493689e-13
5.422854997850927612e+04 -8.686277096646586131e-13
5.424267124267519830e+04 -9.272628442930699769e-13
5.425679250682450220e+04 -9.019897311577827136e-13
5.427091377088458830e+04 -9.549842609038286620e-13
5.428503503501922387e+04 -9.334025049135603462e-13
5.429915629922900553e+04 -8.258708688324456233e-13
5.431327756328716350e+04 -9.007122289971232981e-13
5.432739882741642941e+04 -7.887347243390332272e-13
5.434152009147575154e+04 -8.699750035735452889e-13
5.435564135558128328e+04 -8.150697010282779008e-13
5.436976261982291908e+04 -7.432425838359144688e-13
5.438388388388860767e+04 -7.249206840857597150e-13
5.439800514796961943e+04 -7.033979826516835565e-13
5.441212641210539005e+04 -7.240393395728902135e-13
5.442624767619628255e+04 -7.358258684377662224e-13
5.444036894037498132e+04 -6.291789322420321348e-13
5.445449020450653916e+04 -6.122888817880394574e-13
5.446861146857219865e+04 -5.002972845654035538e-13
5.448273273268483899e+04 -5.651993602782196232e-13
5.449685399688473990e+04 -5.508168915473913952e-13
5.451097526102909615e+04 -4.964808838714776588e-13
5.452509652508590807e+04 -4.282216461157309041e-13
5.453921778917209303e+04 -4.280480615111657290e-13
5.455333905326987588e+04 -3.969195996528139200e-13
5.456746031750804104e+04 -3.995902524800093621e-13
5.458158158159942104e+04 -3.496799811460053829e-13
5.459570284567482304e+04 -3.280431970465577451e-13
5.460982410980557324e+04 -2.932126408511521885e-13
5.462394537388717436e+04 -3.407631905439730325e-13
5.463806663810741156e+04 -3.366839523366913683e-13
5.465218790218689537e+04 -3.091815297051456202e-13
5.466630916632960725e+04 -2.854599408189099808e-13
5.468043043042403588e+04 -3.028906536301630050e-13
5.469455169459111494e+04 -1.693723285264378046e-13
5.470867295870286762e+04 -4.565213853761455068e-14
5.472279422282114683e+04 -6.163869902016553506e-14
5.473691548687074828e+04 -3.365466858755172374e-14
5.475103675097627274e+04 4.295049906036870515e-14
5.476515801519659726e+04 1.291316761629678610e-13
5.477927927929448197e+04 2.327652641523907322e-13
5.479340054341515497e+04 1.963983947299830284e-13
5.480752180752778077e+04 1.544457248428884368e-13
5.482164307160651515e+04 1.421194283867549812e-13
5.483576433581718447e+04 1.731018196951312257e-13
5.484988559990909562e+04 3.146551435050177367e-13
5.486400686397233221e+04 3.896289290381265301e-13
5.487812812811549520e+04 4.542151523519142291e-13
5.489224939220646775e+04 4.446145368321553608e-13
5.490637065640307992e+04 5.724582559454045420e-13
5.492049192048041732e+04 5.701862213725069195e-13
5.493461318462870986e+04 5.054628751687728074e-13
5.494873444870607636e+04 5.481756487753422463e-13
5.496285571289838845e+04 5.531398105595051634e-13
5.497697697699464334e+04 5.909298053095464099e-13
5.499109824109146575e+04 5.762921045763872016e-13
5.500521950520578685e+04 6.247405519531315883e-13
5.501934076930914307e+04 6.012041796294989502e-13
5.503346203349145071e+04 6.756672774664450138e-13
5.504758329757760657e+04 6.254717994690124373e-13
5.506170456168673991e+04 6.904145870349611257e-13
5.507582582582782197e+04 7.084582145582097131e-13
5.508994708992238156e+04 6.654239962650936335e-13
5.510406835412701912e+04 7.492208456614297085e-13
5.511818961820197001e+04 9.075402948339054418e-13
5.513231088231845206e+04 9.430287277329529871e-13
5.514643214640472434e+04 8.725925242921181424e-13
5.516055341060458886e+04 8.434057046600881637e-13
5.517467467472660064e+04 9.397035535746264376e-13
5.518879593881947221e+04 9.791213513754676123e-13
5.520291720291109232e+04 8.426350874400791088e-13
5.521703846697114204e+04 7.814619490444041403e-13
5.523115973117520480e+04 7.487508698183994968e-13
5.524528099529931933e+04 6.925707494104814184e-13
5.525940225937023206e+04 7.258942959654802887e-13
5.527352352352931484e+04 5.337578367873989508e-13
5.528764478758096811e+04 6.192616760257928031e-13
5.530176605180210754e+04 6.120420328397861533e-13
5.531588731591639225e+04 5.447238652276034660e-13
5.533000858000191511e+04 5.667172135792121437e-13
5.534412984408888587e+04 5.847628543259673507e-13
5.535825110828669858e+04 5.121304477309819018e-13
5.537237237237799854e+04 4.965239391081682970e-13
5.538649363650472515e+04 4.513183474174824480e-13
5.540061490057286574e+04 3.654120871692784069e-13
5.541473616470889101e+04 4.233828580405266875e-13
5.542885742892503185e+04 4.169121339989585215e-13
5.544297869302916661e+04 3.895819538229735858e-13
5.545709995712451928e+04 4.202370844657843019e-13
5.547122122120389395e+04 4.416720988315749981e-13
5.548534248532146739e+04 4.072661091045517903e-13
5.549946374952179758e+04 4.230023587977877885e-13
5.551358501361185336e+04 4.665450278720593605e-13
5.552770627772601438e+04 4.994243231066117285e-13
5.554182754177552124e+04 5.248374671213549499e-13
5.555594880591971014e+04 6.332719220994090771e-13
5.557007007012936083e+04 5.474589412070086675e-13
5.558419133422795858e+04 4.815205027713183300e-13
5.559831259827580652e+04 5.076669075254489191e-13
5.561243386241232656e+04 5.448209473389196181e-13
5.562655512658906810e+04 5.798689316730331314e-13
5.564067639070055884e+04 6.178041022070470171e-13
5.565479765482177754e+04 6.433463162177105263e-13
5.566891891887001839e+04 6.294497054264641933e-13
5.568304018300709868e+04 6.657848106557684800e-13
5.569716144718145370e+04 7.792979574663583401e-13
5.571128271130646317e+04 7.263703114790301575e-13
5.572540397538330581e+04 7.511398950461778911e-13
5.573952523951636977e+04 7.491962395963495419e-13
5.575364650358204381e+04 7.585248462512227709e-13
5.576776776778774365e+04 7.691454950143027866e-13
5.578188903187845426e+04 8.012219614527411948e-13
5.579601029598557943e+04 7.482900653268991047e-13
5.581013156012438412e+04 6.570742636174075964e-13
5.582425282427900675e+04 6.853372373514296041e-13
5.583837408839955606e+04 5.767967526020302742e-13
5.585249535249990731e+04 6.324898966128628137e-13
5.586661661657488003e+04 6.657230718015674964e-13
5.588073788072026946e+04 6.826345966396300767e-13
5.589485914491763833e+04 6.926170535511321561e-13
5.590898040901304194e+04 5.790144301402508823e-13
5.592310167310034740e+04 5.538795583524137265e-13
5.593722293719382287e+04 4.471310662153490121e-13
5.595134420132658852e+04 4.609339502677901248e-13
5.596546546549181221e+04 3.905887892677517751e-13
5.597958672961736011e+04 3.939092659045629797e-13
5.599370799368697772e+04 3.019814541482532375e-13
5.600782925777763739e+04 1.656643009874152323e-13
5.602195052198391204e+04 8.861600047655200199e-14
5.603607178608483810e+04 1.416085169990914822e-13
5.605019305017402803e+04 5.338347065433764355e-14
5.606431431432667887e+04 -3.514400659940089517e-14
5.607843557842099835e+04 -9.062486737604222864e-14
5.609255684261715214e+04 -8.747573842878891121e-14
5.610667810669613391e+04 -9.349438194738514317e-14
5.612079937079337833e+04 -1.812736111311874488e-13
5.613492063492228044e+04 -2.503477570240874775e-13
5.614904189899049379e+04 -3.620572792643048959e-13
5.616316316321802879e+04 -2.822654024970088005e-13
5.617728442731033283e+04 -3.200075272658942279e-13
5.619140569139732543e+04 -3.257085288534562137e-13
5.620552695549625787e+04 -3.707769976541956496e-13
5.621964821957386448e+04 -4.259446903298173189e-13
5.623376948377304507e+04 -4.116217235381828876e-13
5.624789074789189908e+04 -3.494301177396918531e-13
5.626201201202315133e+04 -4.869388755249096114e-13
5.627613327608344116e+04 -4.935688679149963505e-13
5.629025454029626417e+04 -4.182313600017033172e-13
5.630437580441030877e+04 -4.576261175779696086e-13
5.631849706847341440e+04 -4.443397372007101639e-13
5.633261833257006219e+04 -4.391917010029485577e-13
5.634673959671502234e+04 -4.987535895188773869e-13
5.636086086087299918e+04 -4.956035658056211947e-13
5.637498212501493254e+04 -5.687184749676776068e-13
5.638910338906927063e+04 -4.576905407301793174e-13
5.640322465318706236e+04 -5.027536409349012523e-13
5.641734591730901593e+04 -4.305079969446750781e-13
5.643146718148397485e+04 -3.990708408153181995e-13
5.644558844562721060e+04 -3.816859847617144252e-13
5.645970970973033400e+04 -3.562714985979668917e-13
5.647383097381109837e+04 -3.985979569827784934e-13
5.648795223800008534e+04 -3.179334596711412283e-13
5.650207350210082950e+04 -3.305366862051763111e-13
5.651619476618809131e+04 -3.269039362333483866e-13
5.653031603030177212e+04 -3.946650130169731630e-13
5.654443729442588665e+04 -3.453540112134204021e-13
5.655855855861365853e+04 -2.768140406242596258e-13
5.657267982269646018e+04 -2.689870750137756325e-13
5.658680108681874117e+04 -2.006864543303941533e-13
5.660092235091107432e+04 -1.234153570848054905e-13
5.661504361502979009e+04 -2.293829421928276612e-13
5.662916487920889631e+04 -2.609270228595327180e-13
5.664328614329965785e+04 -1.319429244755705849e-13
5.665740740739170724e+04 -1.127591413731097012e-13
