5.299999999999657302e+04 8.923567432443879556e-13
5.301412126412248472e+04 8.823297508448994581e-13
5.302824252822332346e+04 8.059337953951056768e-13
5.304236379243126430e+04 6.846771326826439303e-13
5.305648505653409666e+04 6.861853573986002315e-13
5.307060632056281611e+04 6.665005836843502040e-13
5.308472758465506195e+04 6.535615649741218370e-13
5.309884884883652558e+04 6.641246103131481606e-13
5.311297011302223109e+04 5.352719938661851911e-13
5.312709137710377399e+04 4.908781872816441984e-13
5.314121264123993024e+04 4.783253951739427641e-13
5.315533390531780606e+04 4.532460824049925538e-13
5.316945516951323225e+04 5.254149642581895746e-13
5.318357643358498899e+04 4.798704512180013500e-13
5.319769769765141973e+04 4.055665494064694713e-13
5.321181896183885692e+04 4.029864325742239129e-13
5.322594022594325361e+04 3.164222516519453822e-13
5.324006149013083632e+04 3.058354786436249797e-13
5.325418275418495614e+04 2.184709270963842553e-13
5.326830401829052425e+04 2.644574160738012085e-13
5.328242528237845545e+04 1.675257827620824815e-13
5.329654654651328019e+04 1.374202869720132236e-13
5.331066781072632148e+04 2.082366489228917828e-13
5.332478907476958557e+04 1.662703111648045371e-13
5.333891033888398670e+04 1.069767894640362126e-13
5.335303160300394666e+04 -1.081561215521462405e-14
5.336715286723498866e+04 -7.243136726267581335e-14
5.338127413133048685e+04 -4.022415575639792306e-14
5.339539539538362442e+04 -3.453314909319381228e-14
5.340951665948767914e+04 1.709903820937946288e-15
5.342363792362937238e+04 -1.736028428799564147e-16
5.343775918781922519e+04 8.362183696440458136e-14
5.345188045190551202e+04 8.359114062827280325e-14
5.346600171602858609e+04 7.696145881728438129e-14
5.348012298013494728e+04 1.091227113244791940e-13
5.349424424418507260e+04 1.196837045407557853e-13
5.350836550838016410e+04 1.681179911856162790e-13
5.352248677248298918e+04 9.510585789249859147e-14
5.353660803655043856e+04 7.481755569970989959e-15
5.355072930068759888e+04 -3.044660315239805510e-14
5.356485056489502313e+04 1.269863543559923881e-13
5.357897182897671155e+04 1.363622466842847564e-13
5.359309309313834092e+04 1.945029884303775404e-13
5.360721435722085880e+04 1.634727120736420972e-13
5.362133562128012272e+04 6.831744751718110167e-14
5.363545688550377963e+04 1.043531505284729080e-13
5.364957814961319673e+04 7.887536254933305062e-14
5.366369941369006847e+04 1.111896264590565587e-13
5.367782067784303945e+04 2.103602633211071907e-14
5.369194194188430993e+04 5.700862656884751940e-14
5.370606320613364369e+04 9.285523501926075315e-14
5.372018447018633015e+04 2.704499313653119985e-15
5.373430573430888035e+04 6.187293640447690930e-15
5.374842699839152192e+04 5.642369545272845195e-15
5.376254826246789162e+04 2.518875323158611523e-14
5.377666952667745500e+04 5.613579035928455535e-14
5.379079079077591450e+04 -1.730831477265682017e-14
5.380491205486656690e+04 6.738383476547827155e-16
5.381903331898062606e+04 -1.185977162485974118e-13
5.383315458315560682e+04 -9.418177353478453305e-14
5.384727584731725801e+04 -8.787953356005408640e-14
5.386139711140387953e+04 -1.370050435511241322e-13
5.387551837549725315e+04 -1.865419186484057244e-13
5.388963963958790555e+04 -1.484942802912071002e-13
5.390376090377160290e+04 -2.003658725419092428e-13
5.391788216786898556e+04 -1.736327839757206202e-13
5.393200343195835012e+04 -3.769223054399340511e-13
5.394612469613865687e+04 -4.206296128358457032e-13
5.396024596023451886e+04 -4.325883581600499901e-13
5.397436722435627598e+04 -4.482165554761620495e-13
5.398848848847746558e+04 -3.766729725258386695e-13
5.400260975255199446e+04 -3.478639907880424540e-13
5.401673101665066497e+04 -3.688074425413668547e-13
5.403085228087366704e+04 -4.306919402239315189e-13
5.404497354496179469e+04 -3.485112645053613817e-13
5.405909480906304088e+04 -4.077227868012540178e-13
5.407321607316675363e+04 -4.349367561318022399e-13
5.408733733727355866e+04 -4.747303234234705166e-13
5.410145860150778753e+04 -5.528216315324639975e-13
5.411557986561034340e+04 -5.626062383084160848e-13
5.412970112968235480e+04 -5.009227631502129637e-13
5.414382239381976251e+04 -5.449431902756916061e-13
5.415794365788447612e+04 -4.798734560650470093e-13
5.417206492205816903e+04 -4.298045681448910864e-13
5.418618618622221402e+04 -4.356159232568569467e-13
5.420030745030174876e+04 -3.595640831406628739e-13
5.421442871441449824e+04 -2.690656408866434188e-13
5.422854997852935048e+04 -2.291615154818320415e-13
5.424267124269201304e+04 -2.025386430083282118e-13
5.425679250682598649e+04 -2.222345751400299735e-13
5.427091377085564454e+04 -2.447956126508496614e-13
5.428503503496264602e+04 -2.973202929666617343e-13
5.429915629916016769e+04 -2.342146112377629825e-13
5.431327756331464479e+04 -1.192399024115992565e-13
5.432739882740754547e+04 -4.319780987846652201e-14
5.434152009150753292e+04 -2.028004502964752390e-14
5.435564135563932359e+04 -2.785271999670621099e-14
5.436976261979073752e+04 2.467051610483412217e-15
5.438388388386728184e+04 -2.782159613500157359e-14
5.439800514797095093e+04 1.766379011845926295e-14
5.441212641206468834e+04 -3.810324414196759848e-14
5.442624767620523198e+04 4.622258389101434050e-14
5.444036894043612847e+04 7.017684173868936867e-14
5.445449020453408593e+04 1.195348401362838711e-13
5.446861146856987034e+04 1.891096678235599350e-13
5.448273273272217921e+04 1.870701998307605520e-13
5.449685399689446785e+04 1.707144394947453136e-13
5.451097526103504788e+04 1.398529074816200478e-13
5.452509652508703584e+04 2.478028581149099902e-13
5.453921778920679935e+04 2.725192230487757406e-13
5.455333905332868744e+04 2.720383422844161664e-13
5.456746031747628876e+04 2.805262639978661460e-13
5.458158158155845740e+04 2.399506669283115922e-13
5.459570284568639181e+04 3.253894295325779811e-13
5.460982410980207351e+04 3.183927170172841860e-13
5.462394537388320896e+04 4.015084766688265873e-13
5.463806663810965983e+04 4.059316562456968987e-13
5.465218790220327355e+04 4.823525364363888230e-13
5.466630916631441505e+04 4.158682056102456184e-13
5.468043043036084418e+04 5.093348724115582945e-13
5.469455169459730678e+04 6.259429854414133856e-13
5.470867295872561226e+04 6.617682603657405550e-13
5.472279422281542065e+04 7.575298844421972552e-13
5.473691548688645707e+04 7.443525202250960744e-13
5.475103675099239626e+04 7.279690562319590793e-13
5.476515801517687942e+04 7.348662407938897719e-13
5.477927927927181008e+04 7.440980570041263056e-13
5.479340054341482755e+04 7.744964933167232366e-13
5.480752180752895947e+04 8.030849573640352577e-13
5.482164307163749618e+04 8.507838145184518756e-13
5.483576433576091222e+04 9.352314018345860736e-13
5.484988559987866029e+04 9.577219831309974192e-13
5.486400686397741083e+04 9.357334878673597615e-13
5.487812812808386661e+04 9.099684027032540040e-13
5.489224939222535613e+04 8.260971198593430435e-13
5.490637065642932430e+04 9.247423184196654237e-13
5.492049192053268780e+04 9.020817529554825323e-13
5.493461318461968767e+04 9.397481240067994699e-13
5.494873444872369146e+04 9.634111514342381738e-13
5.496285571291035012e+04 1.019166984524656041e-12
5.497697697702595906e+04 1.033058487458672249e-12
5.499109824113813374e+04 9.768997542683857159e-13
5.500521950519763050e+04 8.629515343426729604e-13
5.501934076925004774e+04 8.285996835526707360e-13
5.503346203351956501e+04 8.174792303717418195e-13
5.504758329760660854e+04 7.730487207167702277e-13
5.506170456165338692e+04 7.422839804933418052e-13
5.507582582578193978e+04 8.116577001511417932e-13
5.508994708987152990e+04 7.402270694571695410e-13
5.510406835405770835e+04 7.628199148706105005e-13
5.511818961820353434e+04 6.675261747810981391e-13
5.513231088227238070e+04 6.822378427741004481e-13
5.514643214642706153e+04 6.609621181455446882e-13
5.516055341055578174e+04 7.015920964679678073e-13
5.517467467468556424e+04 6.236965950713469243e-13
5.518879593881413894e+04 6.280019486003354451e-13
5.520291720290026569e+04 5.143085339160506902e-13
5.521703846700522990e+04 4.970737810022232407e-13
5.523115973122496507e+04 4.032281555331222715e-13
5.524528099534264766e+04 3.373348360589088510e-13
5.525940225939000811e+04 2.670913583756705540e-13
5.527352352348222485e+04 2.238438974859334530e-13
5.528764478756563039e+04 1.111368698033649104e-13
5.530176605183434003e+04 1.001607492558355529e-13
5.531588731593058765e+04 9.617673332008905428e-15
5.533000857996087871e+04 -1.209310131949514852e-14
5.534412984414044331e+04 -1.222900408586535573e-13
5.535825110831535130e+04 -1.246130438113775701e-13
5.537237237239016395e+04 -1.311278495009369438e-13
5.538649363650973100e+04 -1.441225747933098024e-13
5.540061490063574456e+04 -2.275369183049416877e-13
5.541473616472943831e+04 -1.833817351188957465e-13
5.542885742888368259e+04 -1.167865896642657169e-13
5.544297869302715117e+04 -1.451024634063183969e-13
5.545709995713476383e+04 -1.569165340766648675e-13
5.547122122116488026e+04 -2.279562353868085645e-13
5.548534248530465993e+04 -3.315863821267471135e-13
5.549946374953354098e+04 -3.256013661270831088e-13
5.551358501355199405e+04 -2.976141740454497471e-13
5.552770627771328145e+04 -2.920060645908242907e-13
5.554182754182312783e+04 -3.316534181365724805e-13
5.555594880590296088e+04 -3.098653468614942582e-13
5.557007007005375635e+04 -2.888683689064470739e-13
5.558419133424315805e+04 -2.099936629377342116e-13
5.559831259833785589e+04 -2.244276103186027671e-13
5.561243386241056578e+04 -3.034832451097524891e-13
5.562655512657005602e+04 -2.426333593135231913e-13
5.564067639073899772e+04 -2.986853821208224900e-13
5.565479765481813229e+04 -3.528699732258435701e-13
5.566891891888993268e+04 -4.074437836124017684e-13
5.568304018301267934e+04 -3.343225457930886929e-13
5.569716144719498698e+04 -2.735037838585641021e-13
5.571128271134038368e+04 -1.849143287925053366e-13
5.572540397540420963e+04 -2.241816976090903103e-13
5.573952523950005707e+04 -2.426094178814427175e-13
5.575364650360436644e+04 -3.019270520245206823e-13
5.576776776781250373e+04 -3.236614260876469545e-13
5.578188903191418649e+04 -2.111137799386427998e-13
5.579601029600505717e+04 -2.546037333333094327e-13
5.581013156013255502e+04 -3.605387559416824979e-13
5.582425282434219844e+04 -3.303219324924389663e-13
5.583837408841182332e+04 -4.141891110908504371e-13
5.585249535252362693e+04 -4.275768178898015958e-13
5.586661661661583639e+04 -3.451505714821773347e-13
5.588073788071870513e+04 -4.423695447314192030e-13
5.589485914485482499e+04 -4.225952899147684022e-13
5.590898040897002647e+04 -4.326380366316169580e-13
5.592310167305304640e+04 -4.197431813130655600e-13
5.593722293724097835e+04 -3.842089657987454348e-13
5.595134420133920503e+04 -3.601406441282297853e-13
5.596546546547842445e+04 -4.482663194528436260e-13
5.597958672962189303e+04 -5.099955398473433919e-13
5.599370799371315661e+04 -5.224105404629101639e-13
5.600782925781474478e+04 -4.578257912621246309e-13
5.602195052200117789e+04 -4.474105842661952987e-13
5.603607178605950321e+04 -4.919703776544015702e-13
5.605019305015577265e+04 -4.583374538677305286e-13
5.606431431433351099e+04 -4.566495829060560150e-13
5.607843557839879213e+04 -4.874591278095207930e-13
5.609255684257069515e+04 -5.854886895449164011e-13
5.610667810672435007e+04 -4.929574486970342210e-13
5.612079937079966476e+04 -5.750987920629006722e-13
5.613492063486446568e+04 -4.941750415285562678e-13
5.614904189895657328e+04 -4.620189620807930961e-13
5.616316316315529548e+04 -6.004845765387598038e-13
5.617728442728763912e+04 -5.863659720204371245e-13
5.619140569141178275e+04 -5.502561360748104276e-13
5.620552695553597732e+04 -5.469197265041651368e-13
5.621964821963538998e+04 -5.379834159698934698e-13
5.623376948381625698e+04 -5.558259392381070451e-13
5.624789074793813779e+04 -5.363536884861286783e-13
5.626201201198038325e+04 -5.155841541358461970e-13
5.627613327613824367e+04 -5.933209580398192064e-13
5.629025454027192609e+04 -5.893856706467034348e-13
5.630437580441980390e+04 -5.913485260568452662e-13
5.631849706852966483e+04 -5.510564639472153423e-13
5.633261833256205864e+04 -4.511013270316318441e-13
5.634673959669436590e+04 -4.157189686007936419e-13
5.636086086091743346e+04 -4.494131140494990480e-13
5.637498212502260867e+04 -5.354514385171525834e-13
5.638910338912198495e+04 -5.684437579854413806e-13
5.640322465322435164e+04 -5.565147684411085700e-13
5.641734591726307553e+04 -4.955872440008467979e-13
5.643146718148661603e+04 -5.909801700232639794e-13
5.644558844559884164e+04 -6.163084950621299537e-13
5.645970970969666814e+04 -5.542382802707123501e-13
5.647383097382048436e+04 -5.700570684872080118e-13
5.648795223799682572e+04 -5.449028318616130729e-13
5.650207350211888115e+04 -6.105615253014377089e-13
5.651619476621248759e+04 -5.687019834314523061e-13
5.653031603028926475e+04 -5.927094254603919239e-13
5.654443729437384900e+04 -5.604999908211350845e-13
5.655855855859688745e+04 -4.906871168948872860e-13
5.657267982271729852e+04 -5.135617871659614129e-13
5.658680108681545971e+04 -5.662698759525329055e-13
5.660092235085017455e+04 -4.439578877397305133e-13
5.661504361499072547e+04 -4.248461265507926859e-13
5.662916487917510676e+04 -3.807350640038664851e-13
5.664328614332871075e+04 -3.110456594630623638e-13
5.665740740736392036e+04 -2.066781166150447522e-13
