5.299999999999923602e+04 -1.753286091239925340e-12
5.301412126412527869e+04 -1.702607756594587438e-12
5.302824252823052666e+04 -1.563057946274459739e-12
5.304236379240663518e+04 -1.653946827940363556e-12
5.305648505650569859e+04 -1.547280304205737643e-12
5.307060632063273806e+04 -1.466972273577294643e-12
5.308472758471945417e+04 -1.475059201909378948e-12
5.309884884879048332e+04 -1.444441679018353761e-12
5.311297011301318707e+04 -1.354504660734765069e-12
5.312709137708131311e+04 -1.331079103988130058e-12
5.314121264117437386e+04 -1.307553046430216199e-12
5.315533390530374163e+04 -1.256859254858633674e-12
5.316945516949745070e+04 -1.191485817214103534e-12
5.318357643356746121e+04 -1.188159191095667077e-12
5.319769769768990227e+04 -1.163499543504650858e-12
5.321181896182813944e+04 -1.131525998637913673e-12
5.322594022587323707e+04 -1.084528321461528404e-12
5.324006149012317474e+04 -1.093991778368685049e-12
5.325418275422101578e+04 -1.050015653156890900e-12
5.326830401829529728e+04 -9.923545443131889341e-13
5.328242528241296532e+04 -9.381168675164346554e-13
5.329654654652471072e+04 -9.787715394456670926e-13
5.331066781072875892e+04 -9.785132671402113159e-13
5.332478907480237103e+04 -9.102843009301146095e-13
5.333891033887898084e+04 -8.312086368674277331e-13
5.335303160300749005e+04 -6.911207284535773073e-13
5.336715286720301083e+04 -6.859408723016675772e-13
5.338127413129919296e+04 -6.976652279743236461e-13
5.339539539539325051e+04 -6.622616002716567983e-13
5.340951665949880407e+04 -5.608050459834966828e-13
5.342363792361666856e+04 -6.111017608203200999e-13
5.343775918782193185e+04 -5.087224711423293066e-13
5.345188045188860269e+04 -5.382076356278415089e-13
5.346600171598949964e+04 -5.205084081944454075e-13
5.348012298006682249e+04 -5.614284958691510030e-13
5.349424424421571894e+04 -5.461747881768757976e-13
5.350836550841826829e+04 -4.343866026939300385e-13
5.352248677247639716e+04 -3.711878498836549339e-13
5.353660803663233673e+04 -4.281328904469944752e-13
5.355072930072080635e+04 -3.110297392656034248e-13
5.356485056492793956e+04 -1.703118533398758330e-13
5.357897182902525674e+04 -1.391149728308897113e-13
5.359309309307017975e+04 -6.579692142220755783e-14
5.360721435722387832e+04 -7.501195904462201926e-14
5.362133562129622442e+04 -2.470711546570981769e-14
5.363545688551985950e+04 -6.441093015762674822e-15
5.364957814963105920e+04 1.323692480998078222e-13
5.366369941368293803e+04 1.643644696121151076e-13
5.367782067776847543e+04 2.454880840301281895e-13
5.369194194188275287e+04 3.466970811728586005e-13
5.370606320611208503e+04 3.957513300976944079e-13
5.372018447022805776e+04 5.075811445931552331e-13
5.373430573431076482e+04 4.587828278813558356e-13
5.374842699842437287e+04 5.329901144094423378e-13
5.376254826251571649e+04 5.874201714356300055e-13
5.377666952668809245e+04 6.480566462093277655e-13
5.379079079077941424e+04 7.141792829163700674e-13
5.380491205490618449e+04 7.599416376207849567e-13
5.381903331897971657e+04 8.643289729202117964e-13
5.383315458316721924e+04 7.246234848728088321e-13
5.384727584730977833e+04 7.633951213809091972e-13
5.386139711143121531e+04 8.091525495749672961e-13
5.387551837551344943e+04 6.674700529213761563e-13
5.388963963962048001e+04 7.219641545822024027e-13
5.390376090377637593e+04 7.438319487540138517e-13
5.391788216789173748e+04 8.835625620042365785e-13
5.393200343200252246e+04 8.272771811776739743e-13
5.394612469612845598e+04 7.972185708866290212e-13
5.396024596022978221e+04 7.854934762374194893e-13
5.397436722437675780e+04 8.859913316101442658e-13
5.398848848847403860e+04 8.956738950654200164e-13
5.400260975258099643e+04 8.613223236494501762e-13
5.401673101672737539e+04 8.308439746760048999e-13
5.403085228089856537e+04 9.382497828710496769e-13
5.404497354501620430e+04 8.906764429594712679e-13
5.405909480908481055e+04 9.807734496668972780e-13
5.407321607319305622e+04 8.855883430629571512e-13
5.408733733730168751e+04 8.939368075136085554e-13
5.410145860152205569e+04 8.971360833393215202e-13
5.411557986559924757e+04 9.610408050837276141e-13
5.412970112967291061e+04 9.087055002612557873e-13
5.414382239382137050e+04 9.961451472822181043e-13
5.415794365791605378e+04 1.091739154245773555e-12
5.417206492211163277e+04 1.108637084769634262e-12
5.418618618617525499e+04 1.153951127031579403e-12
5.420030745031374681e+04 1.159166330895299157e-12
5.421442871441670286e+04 1.071136487933591083e-12
5.422854997853289387e+04 1.089390194107646135e-12
5.424267124271948705e+04 1.112701455814003244e-12
5.425679250681992562e+04 1.137606936271824083e-12
5.427091377089301386e+04 1.057789586074919310e-12
5.428503503499592625e+04 1.031971715899017083e-12
5.429915629919024650e+04 8.930638298783816934e-13
5.431327756326802046e+04 9.570690524340667365e-13
5.432739882740536268e+04 9.214897946371797084e-13
5.434152009148246725e+04 9.310255480838225583e-13
5.435564135557231930e+04 1.003700443565423116e-12
5.436976261979171977e+04 9.177515585784317280e-13
5.438388388389810279e+04 9.243215527902744094e-13
5.439800514800556266e+04 8.401708440835190068e-13
5.441212641207220440e+04 7.770090401009199821e-13
5.442624767619784689e+04 7.706814301986322591e-13
5.444036894037205639e+04 7.198142254624901453e-13
5.445449020447651128e+04 6.727473308155918542e-13
5.446861146858071152e+04 6.780719032092328212e-13
5.448273273273020459e+04 6.098623967150455230e-13
5.449685399691847124e+04 4.930095122597805279e-13
5.451097526098221715e+04 4.801119081456500226e-13
5.452509652507689316e+04 4.269528907915194907e-13
5.453921778919993812e+04 4.615241845694031238e-13
5.455333905328043329e+04 4.116452378108371926e-13
5.456746031751247938e+04 2.837618966666728956e-13
5.458158158157743310e+04 3.101945953351051853e-13
5.459570284567577619e+04 1.990475951750983232e-13
5.460982410982564761e+04 1.740307755832134346e-13
5.462394537392292114e+04 9.364983260148956720e-14
5.463806663810744794e+04 7.272891372025711466e-14
5.465218790217379865e+04 3.893403797460687339e-14
5.466630916632698791e+04 1.682780070152576516e-14
5.468043043036633026e+04 1.005114762264555532e-13
5.469455169460531761e+04 5.852874026778586831e-14
5.470867295866788481e+04 1.563657049724893190e-14
5.472279422278517450e+04 -3.556366633901362230e-14
5.473691548690351920e+04 -1.024577945679324373e-13
5.475103675100117107e+04 -2.418849347801756179e-13
5.476515801519856177e+04 -3.261676739644936002e-13
5.477927927932753664e+04 -3.446824851874597075e-13
5.479340054338857590e+04 -4.338621756664475395e-13
5.480752180752837012e+04 -5.422424476100694456e-13
5.482164307161398028e+04 -5.717887008240061725e-13
5.483576433581222955e+04 -6.274474295331824469e-13
5.484988559992022783e+04 -6.486846303793220932e-13
5.486400686398954713e+04 -7.149974303861372940e-13
5.487812812807469891e+04 -7.479646523918433637e-13
5.489224939220971282e+04 -7.380830579181523501e-13
5.490637065641485970e+04 -7.843715639286746201e-13
5.492049192047131510e+04 -8.505405098330708734e-13
5.493461318457387097e+04 -8.706298337660737005e-13
5.494873444867932267e+04 -9.297390903291601612e-13
5.496285571291653469e+04 -8.745168504375973179e-13
5.497697697697577678e+04 -8.664560941917836068e-13
5.499109824108691100e+04 -9.785292782988708596e-13
5.500521950518700760e+04 -1.014534186590586521e-12
5.501934076927393471e+04 -9.622678529131100635e-13
5.503346203351069562e+04 -9.462360029099766918e-13
5.504758329760187189e+04 -1.009680588587056619e-12
5.506170456169523095e+04 -1.036905470120863933e-12
5.507582582578083384e+04 -1.106009630895848193e-12
5.508994708991864172e+04 -1.132418682314567697e-12
5.510406835408601182e+04 -1.075416001580053495e-12
5.511818961821748962e+04 -1.033742650471791541e-12
5.513231088232570619e+04 -1.089625042751166929e-12
5.514643214642192470e+04 -1.116304066937439802e-12
5.516055341057632177e+04 -1.067982882753697533e-12
5.517467467467977258e+04 -1.098914470679969247e-12
5.518879593879973982e+04 -1.050099650158474496e-12
5.520291720292146783e+04 -1.089250627964049442e-12
5.521703846702963347e+04 -1.060674897290404472e-12
5.523115973116600799e+04 -1.092183872230494410e-12
5.524528099529035535e+04 -1.167163389257010970e-12
5.525940225942950929e+04 -1.081695331680844430e-12
5.527352352353136666e+04 -1.040317571193991113e-12
5.528764478756759490e+04 -9.830340793691387457e-13
5.530176605176860903e+04 -1.052609214534233869e-12
5.531588731587125221e+04 -1.155329911379951644e-12
5.533000857999571599e+04 -1.099045515855460459e-12
5.534412984409844648e+04 -1.119830463050844884e-12
5.535825110832956125e+04 -1.237754370857680585e-12
5.537237237238160014e+04 -1.109015787515574104e-12
5.538649363651021122e+04 -1.178292376153046535e-12
5.540061490063187375e+04 -1.226962357270051022e-12
5.541473616468465480e+04 -1.247548273447020386e-12
5.542885742891107657e+04 -1.095847225331819014e-12
5.544297869299701415e+04 -1.086559768007159331e-12
5.545709995707457711e+04 -9.805629417741624787e-13
5.547122122121704160e+04 -1.085862174140634896e-12
5.548534248526962620e+04 -1.110040501669790556e-12
5.549946374948439916e+04 -1.042570957031196374e-12
5.551358501362214156e+04 -1.024459134355417331e-12
5.552770627771547151e+04 -1.115825210130757791e-12
5.554182754181222845e+04 -1.048619726447288465e-12
5.555594880587994703e+04 -9.735180319639230575e-13
5.557007007009629888e+04 -8.370103417891259300e-13
5.558419133417068952e+04 -7.876516345242391704e-13
5.559831259832125215e+04 -7.645660069922241143e-13
5.561243386239246320e+04 -7.383786485395609886e-13
5.562655512659913074e+04 -7.282113164651750183e-13
5.564067639071570738e+04 -8.513307220943033126e-13
5.565479765481272625e+04 -8.754282548536073878e-13
5.566891891891614796e+04 -9.413094925531658470e-13
5.568304018298192386e+04 -8.338514633483389095e-13
5.569716144723198522e+04 -8.354318878708037879e-13
5.571128271131872316e+04 -7.138722154206416906e-13
5.572540397539020341e+04 -6.171254050335926305e-13
5.573952523951458716e+04 -5.773329955795609831e-13
5.575364650362794055e+04 -5.820742691469556185e-13
5.576776776778086787e+04 -5.047930864817370086e-13
5.578188903187120013e+04 -5.225630093387533609e-13
5.579601029600360198e+04 -5.165585785158724847e-13
5.581013156011598767e+04 -4.288538852377137410e-13
5.582425282430980587e+04 -4.624201709028079829e-13
5.583837408837889234e+04 -3.532447601875967461e-13
5.585249535251129419e+04 -2.928447579110258364e-13
5.586661661656989600e+04 -2.414474606604908187e-13
5.588073788071182207e+04 -2.469464315207629955e-13
5.589485914489535207e+04 -2.282286480710963039e-13
5.590898040898655017e+04 -3.019272724048420971e-13
5.592310167313200509e+04 -2.341246956661273862e-13
5.593722293722233007e+04 -1.839728202337941333e-13
5.595134420133089588e+04 -6.959698518593351332e-14
5.596546546552833752e+04 1.136134480960857911e-14
5.597958672960101831e+04 8.340170575725188519e-14
5.599370799367690051e+04 9.917245071147439123e-14
5.600782925779170182e+04 7.943586492001924197e-14
5.602195052196782490e+04 1.541483650851966898e-13
5.603607178607022797e+04 1.677484895762083958e-13
5.605019305021841865e+04 2.634715711111122205e-13
5.606431431430894008e+04 3.112587215721763144e-13
5.607843557837718254e+04 2.767613254496448409e-13
5.609255684261084389e+04 3.092270287010275831e-13
5.610667810668703169e+04 4.091938062572881885e-13
5.612079937079004594e+04 4.780585386289312417e-13
5.613492063492991292e+04 4.773570035541214344e-13
5.614904189901352947e+04 5.073653634395269633e-13
5.616316316317255405e+04 4.790527084189357344e-13
5.617728442732938856e+04 5.032842422599449743e-13
5.619140569140690059e+04 5.876586145368995921e-13
5.620552695553027297e+04 6.584161121876293710e-13
5.621964821959859546e+04 7.005929526543573897e-13
5.623376948380403337e+04 7.425451442488148754e-13
5.624789074787755089e+04 7.676920237141195570e-13
5.626201201200412470e+04 8.554016435026350407e-13
5.627613327610355918e+04 9.403602999079075098e-13
5.629025454029002867e+04 9.876488875208623808e-13
5.630437580436636927e+04 1.060131649098547202e-12
5.631849706850284565e+04 1.096414412574386976e-12
5.633261833263001608e+04 1.153088987719137540e-12
5.634673959671402554e+04 1.227471411690408715e-12
5.636086086086856085e+04 1.305932986237119143e-12
5.637498212500599038e+04 1.378403924189947547e-12
5.638910338907335972e+04 1.387728822993318917e-12
5.640322465317850583e+04 1.468970919985413304e-12
5.641734591730333341e+04 1.611827896708068154e-12
5.643146718149114167e+04 1.686482264051035333e-12
5.644558844561010483e+04 1.750749576957702597e-12
5.645970970971196220e+04 1.851396212943203011e-12
5.647383097377825470e+04 1.760096152406643967e-12
5.648795223800427630e+04 1.797701191262251467e-12
5.650207350207489799e+04 1.954326779130120846e-12
5.651619476616757311e+04 1.974460441656335292e-12
5.653031603026625089e+04 2.063640132135322922e-12
5.654443729438097944e+04 2.165772603644437676e-12
5.655855855858599534e+04 2.190602215842763720e-12
5.657267982272031077e+04 2.291455765263250140e-12
5.658680108677722455e+04 2.327777940821944439e-12
5.660092235089126916e+04 2.334895762985464602e-12
5.661504361497428181e+04 2.412450859626521548e-12
5.662916487922241504e+04 2.463000797095685226e-12
5.664328614330622804e+04 2.505075166146991761e-12
5.665740740741209447e+04 2.499121971031821425e-12
