5.299999999999965803e+04 -5.728692925847735900e-13
5.301412126410916972e+04 -5.739495440289690164e-13
5.302824252821375558e+04 -6.335705152984277312e-13
5.304236379239556845e+04 -6.828703372477539281e-13
5.305648505649076833e+04 -6.909481612567709136e-13
5.307060632061753859e+04 -7.743050052072221163e-13
5.308472758471426641e+04 -6.331246424369915226e-13
5.309884884879705351e+04 -6.517943005459519783e-13
5.311297011301514431e+04 -6.737590129290675141e-13
5.312709137710590585e+04 -6.925347189096936960e-13
5.314121264117877581e+04 -7.112795005160140762e-13
5.315533390530845645e+04 -7.065714039235465414e-13
5.316945516950063757e+04 -6.031175768597699748e-13
5.318357643361934606e+04 -6.591130405376827094e-13
5.319769769771995925e+04 -6.806064671720165110e-13
5.321181896181852790e+04 -6.616036321703969651e-13
5.322594022588189546e+04 -7.138074072744509525e-13
5.324006149009238288e+04 -7.332856455559665163e-13
5.325418275417622499e+04 -8.106457343480462970e-13
5.326830401830399933e+04 -7.938311526788895608e-13
5.328242528240427055e+04 -8.392143661650843280e-13
5.329654654649964505e+04 -8.347236837936374402e-13
5.331066781071438163e+04 -1.017750343713896249e-12
5.332478907479983900e+04 -9.334209903834052428e-13
5.333891033891786356e+04 -9.102966783002472495e-13
5.335303160298224975e+04 -9.972639965645824196e-13
5.336715286720523727e+04 -9.438865106382300380e-13
5.338127413129063643e+04 -9.659733335534517068e-13
5.339539539540467376e+04 -9.602086184297462169e-13
5.340951665949257585e+04 -9.741075162695946853e-13
5.342363792361621017e+04 -1.011509882182702010e-12
5.343775918782016379e+04 -9.651230633783650202e-13
5.345188045191349374e+04 -9.836228733288639790e-13
5.346600171597816370e+04 -9.272522425191168731e-13
5.348012298008675862e+04 -8.625400941452462552e-13
5.349424424420703144e+04 -9.314221863731456790e-13
5.350836550840790733e+04 -9.632944506541600880e-13
5.352248677248545573e+04 -9.589554306787536061e-13
5.353660803660583770e+04 -9.080698660045377788e-13
5.355072930068139249e+04 -8.421156815264420859e-13
5.356485056488812552e+04 -8.466411913485634130e-13
5.357897182900689222e+04 -8.321787064374561254e-13
5.359309309309574019e+04 -7.088183320743869078e-13
5.360721435720973386e+04 -6.708726236179987440e-13
5.362133562129355414e+04 -6.640494456522440556e-13
5.363545688549374609e+04 -6.218082944247416639e-13
5.364957814959915413e+04 -7.112780422237444909e-13
5.366369941372020548e+04 -7.376230356753068961e-13
5.367782067781118531e+04 -7.450126315149616188e-13
5.369194194187832909e+04 -6.464969252037106579e-13
5.370606320611420961e+04 -6.434863237040296352e-13
5.372018447020713211e+04 -6.345468205274636520e-13
5.373430573430422373e+04 -5.684957882862856015e-13
5.374842699840995192e+04 -6.016532369663261484e-13
5.376254826248189056e+04 -5.463729798647636106e-13
5.377666952670722821e+04 -5.429471939777319704e-13
5.379079079080343945e+04 -4.804314053257052408e-13
5.380491205488229025e+04 -5.956121325665786515e-13
5.381903331899310433e+04 -5.647679643356462179e-13
5.383315458320960170e+04 -4.856383665472300508e-13
5.384727584731255047e+04 -5.701331931593739999e-13
5.386139711141948646e+04 -5.775217596162501264e-13
5.387551837548323965e+04 -4.238774585994770841e-13
5.388963963958613749e+04 -4.924000388919661694e-13
5.390376090381185350e+04 -5.316047682684254872e-13
5.391788216788650607e+04 -5.628461924699819196e-13
5.393200343201785290e+04 -6.324050180928832387e-13
5.394612469609080290e+04 -6.444608060677284734e-13
5.396024596019202727e+04 -6.187392754523776579e-13
5.397436722441951133e+04 -6.074661615168271206e-13
5.398848848850419745e+04 -6.531474242083627352e-13
5.400260975261412386e+04 -6.421549886437649044e-13
5.401673101672322809e+04 -7.256362163466247755e-13
5.403085228092148463e+04 -7.337611346177607926e-13
5.404497354498985806e+04 -8.260693196467312788e-13
5.405909480911792343e+04 -7.448328326563072951e-13
5.407321607318143651e+04 -7.085021399975739976e-13
5.408733733728944208e+04 -6.961910650936471184e-13
5.410145860151093802e+04 -7.319676066899247720e-13
5.411557986561942380e+04 -7.784425235037264060e-13
5.412970112971978961e+04 -7.468415015848613262e-13
5.414382239378370286e+04 -7.361245974773234231e-13
5.415794365789422591e+04 -7.777823460150797015e-13
5.417206492210249417e+04 -7.768648228317941603e-13
5.418618618618838082e+04 -6.841637567090085322e-13
5.420030745028035017e+04 -6.764574541011516518e-13
5.421442871441780153e+04 -6.263700899898071166e-13
5.422854997850288055e+04 -5.857245678509633873e-13
5.424267124268961925e+04 -6.552837366014575381e-13
5.425679250677904929e+04 -6.363132413754643509e-13
5.427091377090915194e+04 -5.187453754711214063e-13
5.428503503499770886e+04 -4.990697530418179339e-13
5.429915629920651554e+04 -4.309856898129933863e-13
5.431327756330099510e+04 -3.466212516861331657e-13
5.432739882740097528e+04 -4.023417414893243999e-13
5.434152009148000798e+04 -4.114208975961810224e-13
5.435564135561474541e+04 -3.614357855075062979e-13
5.436976261980894196e+04 -4.367526352660522824e-13
5.438388388389383181e+04 -3.930059259430147556e-13
5.439800514798908989e+04 -3.684853419026449425e-13
5.441212641211634764e+04 -2.154665624876405812e-13
5.442624767621875071e+04 -2.346494536936089737e-13
5.444036894042123458e+04 -1.324485570351304950e-13
5.445449020450014359e+04 -1.764752584739350397e-13
5.446861146862155874e+04 -1.773344499664357549e-13
5.448273273269082711e+04 -1.974623145631178166e-13
5.449685399689463520e+04 -2.000481241028484035e-13
5.451097526101823314e+04 -1.496015054017881283e-13
5.452509652507878491e+04 -1.394583106294983375e-13
5.453921778918159544e+04 -8.874679742675652387e-14
5.455333905328558467e+04 -1.239506590705647371e-13
5.456746031748165842e+04 -2.122703289602267674e-13
5.458158158160929452e+04 -2.340922144828177938e-13
5.459570284571515367e+04 -2.039333578367084777e-13
5.460982410980705754e+04 -1.499937002404176321e-13
5.462394537387676974e+04 -2.249406584538694875e-13
5.463806663809291786e+04 -2.161977673880075921e-13
5.465218790221612289e+04 -2.540045949511889880e-13
5.466630916628379055e+04 -1.926200979727943065e-13
5.468043043040706107e+04 -1.145417573469776445e-13
5.469455169458013552e+04 -1.609885376981653859e-13
5.470867295868480869e+04 -1.609219709451521696e-13
5.472279422281167354e+04 -1.261463325372229114e-13
5.473691548688821058e+04 -6.328913193030865074e-14
5.475103675100336113e+04 2.318451150981113314e-14
5.476515801521728281e+04 1.112279636872275534e-13
5.477927927930169972e+04 1.169194210698590657e-13
5.479340054342096118e+04 1.041132130494470698e-13
5.480752180750617845e+04 1.177813575831026114e-13
5.482164307159354939e+04 1.622012832433152307e-13
5.483576433580087905e+04 1.271888867963182761e-13
5.484988559991875809e+04 -8.594683040876395186e-16
5.486400686398275138e+04 3.113649347414980810e-14
5.487812812809592288e+04 -3.148875287999667793e-14
5.489224939218391228e+04 -6.217190848798343529e-14
5.490637065640799119e+04 -2.336932465034635965e-14
5.492049192050361307e+04 -3.460160640234750497e-14
5.493461318460573966e+04 -1.021836739628299795e-13
5.494873444871722313e+04 -6.648502233012959497e-14
5.496285571291901579e+04 -9.072801614788236378e-14
5.497697697698254342e+04 -1.173869713469041089e-13
5.499109824107866734e+04 -1.307888488685067220e-13
5.500521950518101221e+04 -8.838891534741217395e-14
5.501934076928833383e+04 -1.069294716995621591e-13
5.503346203348976269e+04 -1.441413160167386642e-13
5.504758329759341723e+04 -1.733926001797551649e-13
5.506170456171798287e+04 -1.581676857573313875e-13
5.507582582580289454e+04 -2.069683213954819663e-13
5.508994708991871448e+04 -2.784582691109527277e-13
5.510406835408060579e+04 -2.932436370869334470e-13
5.511818961820727418e+04 -2.674033843244558884e-13
5.513231088230782188e+04 -2.143225750930729264e-13
5.514643214638067002e+04 -2.923158200758623988e-13
5.516055341060195497e+04 -2.771787463172086162e-13
5.517467467469014082e+04 -2.766702312246023681e-13
5.518879593881327310e+04 -3.965988149677651380e-13
5.520291720288132638e+04 -2.869390106958758899e-13
5.521703846700640861e+04 -4.037139087331384786e-13
5.523115973120050330e+04 -4.729779877537800818e-13
5.524528099532291526e+04 -5.546052970724621161e-13
5.525940225938543881e+04 -5.432234116899776625e-13
5.527352352348618297e+04 -5.585337648830215117e-13
5.528764478758804034e+04 -6.056812117788124989e-13
5.530176605179362377e+04 -5.091192739812591615e-13
5.531588731588162773e+04 -4.204293694189101197e-13
5.533000858000938752e+04 -5.449555197786931698e-13
5.534412984411688376e+04 -5.215233364628489909e-13
5.535825110828654579e+04 -4.398400973465321042e-13
5.537237237239402748e+04 -5.657463068847646654e-13
5.538649363648147846e+04 -5.065036123409504730e-13
5.540061490060997312e+04 -5.004964775728954370e-13
5.541473616468456021e+04 -5.600040666183911679e-13
5.542885742891360860e+04 -4.992179841619299216e-13
5.544297869299223385e+04 -4.633436512016893707e-13
5.545709995709244686e+04 -3.774900393218526889e-13
5.547122122121852590e+04 -3.776856220497781806e-13
5.548534248530099285e+04 -2.933054000536467415e-13
5.549946374947867298e+04 -2.743033370891111680e-13
5.551358501357803470e+04 -2.353113468202199882e-13
5.552770627768657869e+04 -2.636125106786300408e-13
5.554182754181010387e+04 -1.169446798797182455e-13
5.555594880590037064e+04 -1.300730388494955023e-15
5.557007007010094821e+04 -4.265927166528451606e-14
5.558419133417675766e+04 2.468192032501605418e-14
5.559831259827825124e+04 7.704696539771032901e-14
5.561243386242263659e+04 4.344997027122673652e-14
5.562655512661779358e+04 1.053560211907560162e-13
5.564067639071928716e+04 1.727637799340698217e-13
5.565479765479789057e+04 1.238468240419424986e-13
5.566891891889296676e+04 1.632238034700133625e-13
5.568304018300016469e+04 3.195877337877291888e-13
5.569716144718270516e+04 4.360822965816319027e-13
5.571128271132113150e+04 5.126532776920509368e-13
5.572540397542221763e+04 5.994655880663153393e-13
5.573952523951019975e+04 6.562089412237976632e-13
5.575364650359718507e+04 6.692704361732913414e-13
5.576776776780839282e+04 7.385993663089818761e-13
5.578188903191253485e+04 8.309617654976229046e-13
5.579601029598880268e+04 8.161877207322063390e-13
5.581013156007855287e+04 8.573029845456640599e-13
5.582425282432063977e+04 8.863679504257620555e-13
5.583837408839386626e+04 8.879308966112016283e-13
5.585249535248128086e+04 1.000447924348767183e-12
5.586661661661358812e+04 9.772271076301197649e-13
5.588073788070510636e+04 1.115749775629917260e-12
5.589485914488568960e+04 1.037772314516399006e-12
5.590898040901408240e+04 9.767100143476920675e-13
5.592310167309683311e+04 1.127417143169654468e-12
5.593722293722184986e+04 1.170800137244269215e-12
5.595134420131376828e+04 1.108203370480329353e-12
5.596546546552105428e+04 1.119439083508259011e-12
5.597958672960047261e+04 1.167578855402577196e-12
5.599370799367972359e+04 1.159003410602026976e-12
5.600782925777952914e+04 1.176375960628109634e-12
5.602195052201044746e+04 1.153376804334444433e-12
5.603607178610504343e+04 1.201633925865517934e-12
5.605019305021990294e+04 1.158543962755198441e-12
5.606431431431388046e+04 1.111251372887631254e-12
5.607843557840063295e+04 1.095050603591137186e-12
5.609255684260415001e+04 1.189857786878846608e-12
5.610667810668629681e+04 1.250061924937831528e-12
5.612079937080586387e+04 1.382602506483852217e-12
5.613492063489495195e+04 1.483186242797220530e-12
5.614904189901303471e+04 1.407470335648187827e-12
5.616316316321813792e+04 1.316951904143531909e-12
5.617728442727679067e+04 1.405576957590832121e-12
5.619140569137650164e+04 1.369617528987564456e-12
5.620552695549924829e+04 1.472676244628172171e-12
5.621964821957788081e+04 1.446526490776942325e-12
5.623376948379790701e+04 1.408516188551199904e-12
5.624789074790447921e+04 1.354907305954418226e-12
5.626201201200039941e+04 1.397368659314633249e-12
5.627613327607893007e+04 1.314838924426751178e-12
5.629025454030447145e+04 1.305618056624046724e-12
5.630437580439847079e+04 1.284879768039681410e-12
5.631849706847715424e+04 1.317363314127361176e-12
5.633261833259259583e+04 1.279338257415126183e-12
5.634673959670164186e+04 1.305028906547120326e-12
5.636086086087983131e+04 1.272729619976801898e-12
5.637498212501094531e+04 1.175065899478601783e-12
5.638910338909604616e+04 1.219840275942230346e-12
5.640322465317847673e+04 1.214514249445985760e-12
5.641734591731427645e+04 1.199405655277538676e-12
5.643146718150363449e+04 1.279734226657277013e-12
5.644558844561926526e+04 1.334028678184576458e-12
5.645970970970335475e+04 1.367769786900057792e-12
5.647383097381780681e+04 1.481603738338988338e-12
5.648795223798785446e+04 1.582023459662973596e-12
5.650207350210371806e+04 1.632218222710880721e-12
5.651619476620427304e+04 1.676365018807183310e-12
5.653031603029550752e+04 1.754156847892968697e-12
5.654443729439540039e+04 1.682393770613588057e-12
5.655855855858615541e+04 1.617503539019027274e-12
5.657267982269752247e+04 1.591099870749087211e-12
5.658680108678906981e+04 1.677072547903643518e-12
5.660092235087660083e+04 1.722509503749068709e-12
5.661504361501099629e+04 1.816077653298990687e-12
5.662916487918322673e+04 1.838712408089047395e-12
5.664328614331689460e+04 1.828465245656123483e-12
5.665740740738560271e+04 1.902313166189671442e-12
