5.299999999999991269e+04 -3.004603105153838182e-12
5.301412126409931079e+04 -2.897137753995223214e-12
5.302824252818352397e+04 -2.764445680230985914e-12
5.304236379239804955e+04 -2.725889508418427851e-12
5.305648505651901360e+04 -2.575428550082127195e-12
5.307060632060735952e+04 -2.468709767675257273e-12
5.308472758470100234e+04 -2.510531975622905913e-12
5.309884884882086044e+04 -2.522612134107314995e-12
5.311297011300794111e+04 -2.428060091175506477e-12
5.312709137710857613e+04 -2.474249136623455719e-12
5.314121264121386048e+04 -2.311089764473594644e-12
5.315533390528581367e+04 -2.220185640984850488e-12
5.316945516951877653e+04 -2.149431182087900574e-12
5.318357643360215297e+04 -2.191522323609248539e-12
5.319769769769603590e+04 -2.148809376740909088e-12
5.321181896179261821e+04 -2.076243304295581973e-12
5.322594022591755493e+04 -2.148818133451581244e-12
5.324006149008485954e+04 -2.117488200453166807e-12
5.325418275418517442e+04 -2.021616892002741351e-12
5.326830401830772462e+04 -2.038564756060027419e-12
5.328242528241498076e+04 -1.928846879137311066e-12
5.329654654650916927e+04 -1.894598673695873496e-12
5.331066781071954756e+04 -1.903398931253294724e-12
5.332478907481982606e+04 -2.005440012931011175e-12
5.333891033890547260e+04 -1.969270380056013018e-12
5.335303160300351738e+04 -1.821480139585362015e-12
5.336715286718200514e+04 -1.789759073510268629e-12
5.338127413131549838e+04 -1.706971237475112136e-12
5.339539539538136160e+04 -1.794038028346708305e-12
5.340951665950164170e+04 -1.813489443874023840e-12
5.342363792358915089e+04 -1.834750421828298196e-12
5.343775918780539359e+04 -1.812023207616832376e-12
5.345188045189262630e+04 -1.814963253502607276e-12
5.346600171599648456e+04 -1.716775597856246499e-12
5.348012298009861843e+04 -1.747036265481262991e-12
5.349424424420732976e+04 -1.589647565664195462e-12
5.350836550840697601e+04 -1.462090849095647202e-12
5.352248677250722540e+04 -1.372395625015339785e-12
5.353660803658408986e+04 -1.343492799769467797e-12
5.355072930068610003e+04 -1.309541218040880829e-12
5.356485056488036207e+04 -1.184378633503605985e-12
5.357897182898905885e+04 -1.165864896021753648e-12
5.359309309310583194e+04 -9.693671485581958277e-13
5.360721435719056171e+04 -9.684349927627060179e-13
5.362133562127964251e+04 -7.832452354587217082e-13
5.363545688551253261e+04 -8.140256256955091653e-13
5.364957814960368705e+04 -7.514773091481407759e-13
5.366369941371494497e+04 -6.779450796253451229e-13
5.367782067778262717e+04 -6.045127239377805137e-13
5.369194194188716938e+04 -4.761459721874372274e-13
5.370606320609523391e+04 -4.358404896395927410e-13
5.372018447020807071e+04 -4.067167743947896132e-13
5.373430573430629011e+04 -3.221155892469782130e-13
5.374842699840272689e+04 -1.413679298215013900e-13
5.376254826251055056e+04 -1.571082355882011916e-13
5.377666952668825979e+04 -6.071057782603683157e-14
5.379079079080317752e+04 -6.828647367509617160e-14
5.380491205488335981e+04 -3.753353690960439678e-14
5.381903331897927274e+04 8.854037665183253716e-14
5.383315458321679034e+04 1.217237345198507609e-13
5.384727584728903457e+04 4.643684951268763303e-14
5.386139711139180872e+04 5.300043805235916407e-14
5.387551837551177596e+04 4.595530931501749714e-14
5.388963963961971604e+04 1.844577564448920583e-13
5.390376090378841036e+04 2.128648414217339199e-13
5.391788216792041931e+04 2.747620058079671101e-13
5.393200343199349300e+04 3.005007395977194347e-13
5.394612469611113920e+04 3.594745826266681522e-13
5.396024596018574812e+04 3.394852999519550270e-13
5.397436722440412268e+04 3.905941967903857989e-13
5.398848848850220384e+04 3.531943643999113112e-13
5.400260975259778206e+04 3.763303828879707815e-13
5.401673101671435870e+04 3.851609339309596434e-13
5.403085228090145392e+04 4.800451796433035475e-13
5.404497354498453933e+04 5.583361686359317042e-13
5.405909480909800186e+04 6.825388283492796104e-13
5.407321607321853662e+04 6.997291191803923967e-13
5.408733733728650259e+04 7.072513703154256000e-13
5.410145860150820226e+04 7.368203366866458625e-13
5.411557986560567952e+04 8.277020556183554863e-13
5.412970112970122864e+04 7.884366494083358485e-13
5.414382239378039958e+04 8.286272691567360898e-13
5.415794365791709424e+04 9.313575276311181116e-13
5.417206492207848351e+04 9.969126303996528215e-13
5.418618618619941844e+04 9.951909506365545245e-13
5.420030745029476384e+04 1.109023140457221225e-12
5.421442871439698501e+04 1.224370635670556513e-12
5.422854997850405198e+04 1.088372450014279707e-12
5.424267124268961197e+04 1.116528982620905359e-12
5.425679250680928817e+04 1.095132946210141450e-12
5.427091377088644367e+04 1.189711732609677502e-12
5.428503503501285741e+04 1.115709796282011751e-12
5.429915629921264190e+04 1.095345000609115441e-12
5.431327756328241958e+04 1.127581687053142627e-12
5.432739882740668691e+04 1.139254776825235361e-12
5.434152009149712103e+04 1.199911801646040257e-12
5.435564135559473652e+04 1.194714575528329184e-12
5.436976261979054834e+04 1.253118522360035276e-12
5.438388388390720502e+04 1.212355481957261752e-12
5.439800514801565441e+04 1.204325183824686721e-12
5.441212641208850982e+04 1.249518015377455778e-12
5.442624767621371575e+04 1.214528408432462494e-12
5.444036894040118204e+04 1.097199214371572634e-12
5.445449020450650278e+04 1.150944906682959930e-12
5.446861146858410939e+04 1.170902633643540093e-12
5.448273273269781930e+04 1.183473799039858967e-12
5.449685399691752536e+04 1.165270569785075644e-12
5.451097526098582603e+04 1.160883063292018316e-12
5.452509652511763852e+04 1.158353557247114166e-12
5.453921778921979421e+04 1.162725916997387753e-12
5.455333905329015397e+04 1.134742309704211108e-12
5.456746031751279224e+04 1.038955570567662465e-12
5.458158158160787571e+04 1.028168565248425350e-12
5.459570284569251817e+04 9.884493878691725084e-13
5.460982410980658460e+04 9.237172581252273923e-13
5.462394537390970072e+04 8.711807807794181171e-13
5.463806663808206213e+04 8.710955803512589424e-13
5.465218790220360097e+04 8.548109385157642675e-13
5.466630916631812579e+04 7.558616857088026211e-13
5.468043043040308112e+04 6.926833593287681097e-13
5.469455169458239834e+04 6.136224109112938569e-13
5.470867295868893416e+04 7.105300090138480251e-13
5.472279422280830477e+04 7.052027733539089155e-13
5.473691548689512274e+04 6.756754605253442944e-13
5.475103675099621614e+04 6.289427101228829440e-13
5.476515801520701643e+04 5.872165893247691606e-13
5.477927927929900034e+04 4.729766996775034469e-13
5.479340054340280039e+04 4.002136406867005848e-13
5.480752180749452236e+04 3.864831183531338661e-13
5.482164307161537727e+04 4.725185107082917952e-13
5.483576433579036529e+04 5.098312493277591152e-13
5.484988559988500492e+04 5.139530567078162906e-13
5.486400686401326675e+04 5.131616393973598105e-13
5.487812812808616582e+04 5.633421671259966069e-13
5.489224939218015788e+04 4.570442196117335292e-13
5.490637065639065258e+04 4.710114098012979443e-13
5.492049192048284749e+04 3.695945001491328955e-13
5.493461318461701012e+04 3.195906844196410410e-13
5.494873444871581887e+04 3.397800303219575860e-13
5.496285571288111532e+04 4.017131682223024641e-13
5.497697697699067066e+04 3.510473136102995019e-13
5.499109824110889167e+04 3.304761435669732303e-13
5.500521950518499216e+04 2.543000185355411049e-13
5.501934076931941672e+04 2.426218798491870564e-13
5.503346203348289418e+04 2.239352170538856870e-13
5.504758329759844491e+04 2.912997244708087530e-13
5.506170456171561818e+04 3.172202191739673339e-13
5.507582582580405142e+04 2.026950658709390257e-13
5.508994708990643267e+04 2.172567657147699235e-13
5.510406835409296764e+04 2.494391763304882324e-13
5.511818961818794924e+04 1.820431131994321284e-13
5.513231088232019101e+04 2.273192518375124937e-13
5.514643214639936923e+04 2.206054580985677065e-13
5.516055341059858620e+04 1.841201103036685798e-13
5.517467467470743577e+04 1.239376834234245814e-13
5.518879593879004096e+04 6.685781435674069262e-14
5.520291720287885255e+04 -2.460516082929945749e-14
5.521703846699865244e+04 3.438446005671577899e-14
5.523115973121116986e+04 2.376236983011826252e-15
5.524528099529066822e+04 9.720513890334674975e-15
5.525940225940136588e+04 -1.125976385749882849e-13
5.527352352349530702e+04 -1.497153628811134617e-13
5.528764478760360362e+04 -1.334080009314429984e-13
5.530176605181863124e+04 -1.694036040429974102e-13
5.531588731587974326e+04 -2.211915798495711248e-13
5.533000857998897118e+04 -2.971102102536776573e-13
5.534412984410428908e+04 -4.328546879683248315e-13
5.535825110827873868e+04 -5.818822279901323151e-13
5.537237237238962553e+04 -5.076423615779033368e-13
5.538649363650226587e+04 -5.416373324134232475e-13
5.540061490059321659e+04 -5.006862199544168746e-13
5.541473616469297122e+04 -5.524924980751877022e-13
5.542885742890051915e+04 -6.519744113367149831e-13
5.544297869302123581e+04 -7.258659026649152909e-13
5.545709995711666852e+04 -7.778432127562872333e-13
5.547122122119010601e+04 -8.060294077341978039e-13
5.548534248529926845e+04 -7.174708204769623176e-13
5.549946374951083999e+04 -5.637282256493966054e-13
5.551358501358597277e+04 -5.662362738086902701e-13
5.552770627768156555e+04 -6.532082397593167095e-13
5.554182754182069039e+04 -6.142577595763448376e-13
5.555594880589142122e+04 -6.874651230221408884e-13
5.557007007009552035e+04 -6.798949072016255017e-13
5.558419133419622085e+04 -6.819188907061183797e-13
5.559831259831300849e+04 -7.587538990486482914e-13
5.561243386239723623e+04 -7.383076896332887926e-13
5.562655512659859960e+04 -7.368308822118627268e-13
5.564067639069267898e+04 -6.555118068910283548e-13
5.565479765479826165e+04 -6.383833652596162654e-13
5.566891891891293926e+04 -5.911078565740667528e-13
5.568304018299037853e+04 -5.751943099367766630e-13
5.569716144721948513e+04 -5.621441287999181146e-13
5.571128271130120993e+04 -5.151097057703450495e-13
5.572540397538086108e+04 -4.365580665789779532e-13
5.573952523951726471e+04 -4.266047632271356746e-13
5.575364650360419182e+04 -4.200720992873145299e-13
5.576776776777863415e+04 -3.711285555526926804e-13
5.578188903191382269e+04 -3.454901689338834230e-13
5.579601029601375194e+04 -3.295210842397191278e-13
5.581013156008112855e+04 -2.829694636363814703e-13
5.582425282430004154e+04 -4.002765686973782321e-13
5.583837408838725969e+04 -4.475552329543411166e-13
5.585249535248982284e+04 -3.707681892972934388e-13
5.586661661659763195e+04 -2.698814156425633673e-13
5.588073788070146111e+04 -3.056605465551651381e-13
5.589485914491352742e+04 -2.636554732441153021e-13
5.590898040899200714e+04 -2.215304882193599319e-13
5.592310167309755343e+04 -1.331719641897278906e-13
5.593722293719975278e+04 -4.103559006408875745e-14
5.595134420131085790e+04 -7.945277867821236851e-14
5.596546546548048354e+04 -1.296552011418772105e-14
5.597958672960723925e+04 3.605060176294009149e-14
5.599370799369920132e+04 2.647028695215029619e-14
5.600782925779851939e+04 4.943527346960873377e-14
5.602195052198827034e+04 1.117975690821628828e-13
5.603607178611322161e+04 1.264305848399344293e-13
5.605019305019450258e+04 1.299326379944188026e-13
5.606431431430159864e+04 2.110901480588919737e-13
5.607843557839903224e+04 2.548049099616697124e-13
5.609255684261420538e+04 3.996166065753035458e-13
5.610667810669138271e+04 5.036236092435082641e-13
5.612079937078002695e+04 5.534942598593587100e-13
5.613492063489148859e+04 5.936432260651033099e-13
5.614904189900762140e+04 6.410588421214034878e-13
5.616316316318907775e+04 7.422384528032882264e-13
5.617728442731035466e+04 7.874596844987770759e-13
5.619140569138245337e+04 7.549604545131630587e-13
5.620552695552150544e+04 8.050071860138758328e-13
5.621964821960125118e+04 8.709491618376816341e-13
5.623376948382065893e+04 8.616086704543029008e-13
5.624789074790864834e+04 8.423016223191459893e-13
5.626201201202084485e+04 9.873177999603619936e-13
5.627613327610948909e+04 1.008616644771596005e-12
5.629025454028379318e+04 1.000714462838401119e-12
5.630437580438980513e+04 1.060750471205067784e-12
5.631849706851012888e+04 1.080925932593165815e-12
5.633261833261179709e+04 1.108687387658845841e-12
5.634673959668791940e+04 1.060999761346718867e-12
5.636086086091783363e+04 1.070620467471598830e-12
5.637498212497874192e+04 1.165831630382361071e-12
5.638910338909026177e+04 1.208561854004188191e-12
5.640322465318495233e+04 1.246256416764665087e-12
5.641734591730791726e+04 1.286214786457046181e-12
5.643146718149540538e+04 1.272840843693182768e-12
5.644558844562013837e+04 1.281148832110128675e-12
5.645970970971324277e+04 1.421181731375455388e-12
5.647383097378573439e+04 1.397208224234305247e-12
5.648795223801609973e+04 1.460804348269461097e-12
5.650207350211419543e+04 1.430165643189130815e-12
5.651619476619058696e+04 1.497747253919289161e-12
5.653031603028242534e+04 1.528527959713218001e-12
5.654443729439435265e+04 1.595351602189900872e-12
5.655855855859191797e+04 1.677019052594763915e-12
5.657267982271201618e+04 1.613764992500810092e-12
5.658680108679694968e+04 1.702844249041240793e-12
5.660092235091433395e+04 1.804010606323189582e-12
5.661504361498270009e+04 1.960573650879965966e-12
5.662916487921588850e+04 2.128303631554141553e-12
5.664328614332137658e+04 2.224469039260286753e-12
5.665740740738944442e+04 2.299440367126119406e-12
