5.300000000000024011e+04 -5.403965047378327602e-13
5.301412126411448844e+04 -5.997773455397027725e-13
5.302824252817850356e+04 -6.415480201299082060e-13
5.304236379241500254e+04 -7.690228037969406536e-13
5.305648505649274739e+04 -7.887637405303476996e-13
5.307060632060277567e+04 -8.352344424041302983e-13
5.308472758467941458e+04 -8.710508795677555717e-13
5.309884884879850870e+04 -8.465156782528195399e-13
5.311297011299470614e+04 -8.365719176441100441e-13
5.312709137711170479e+04 -8.643102186510091441e-13
5.314121264121066633e+04 -8.433853968862005348e-13
5.315533390530030010e+04 -8.555440379215916186e-13
5.316945516950640013e+04 -8.565620521213518453e-13
5.318357643358231871e+04 -9.832749220316637100e-13
5.319769769768390688e+04 -1.079960761929438047e-12
5.321181896181280899e+04 -1.065382096368008915e-12
5.322594022590950044e+04 -1.176784820651889485e-12
5.324006149010011723e+04 -1.274995889208018073e-12
5.325418275420638383e+04 -1.243395620718775512e-12
5.326830401828586037e+04 -1.351853674126897173e-12
5.328242528240559477e+04 -1.409501144133043447e-12
5.329654654650417797e+04 -1.487834046174556287e-12
5.331066781067955890e+04 -1.526107885465287598e-12
5.332478907480190537e+04 -1.590300597882927291e-12
5.333891033889267419e+04 -1.674256047200418242e-12
5.335303160299656884e+04 -1.712222788494282347e-12
5.336715286720806034e+04 -1.812337065154184944e-12
5.338127413128155604e+04 -1.811670449856637191e-12
5.339539539542028069e+04 -1.889766723248389782e-12
5.340951665950878669e+04 -1.916423257961976383e-12
5.342363792359578656e+04 -1.945415418825649853e-12
5.343775918781695509e+04 -1.839495457007579493e-12
5.345188045189849799e+04 -1.918499672303113896e-12
5.346600171598926681e+04 -1.871518211898309574e-12
5.348012298012285464e+04 -1.762503862749485448e-12
5.349424424422001175e+04 -1.725038896175140536e-12
5.350836550838671974e+04 -1.641235265030013969e-12
5.352248677250057517e+04 -1.584352325624764446e-12
5.353660803661190585e+04 -1.602879747232869400e-12
5.355072930071236624e+04 -1.536020408784460782e-12
5.356485056489340059e+04 -1.537514523783712058e-12
5.357897182901229826e+04 -1.470635404465940102e-12
5.359309309309631499e+04 -1.349259165849015768e-12
5.360721435720333102e+04 -1.214690735772460926e-12
5.362133562130646897e+04 -1.112230612846633052e-12
5.363545688551082276e+04 -1.071538562276221668e-12
5.364957814957910159e+04 -1.012392114473772393e-12
5.366369941370000015e+04 -9.892600361590160175e-13
5.367782067781239311e+04 -1.027151939830454985e-12
5.369194194188537222e+04 -1.033326538202251118e-12
5.370606320608485112e+04 -9.649439903925690207e-13
5.372018447018237930e+04 -8.720079439637896979e-13
5.373430573431835364e+04 -8.952821148568067027e-13
5.374842699841560534e+04 -8.400410700290113958e-13
5.376254826247783785e+04 -8.014050759883510797e-13
5.377666952669672901e+04 -8.381322161354399595e-13
5.379079079078065115e+04 -9.515286872105767892e-13
5.380491205489351705e+04 -9.712152677633787802e-13
5.381903331897928729e+04 -1.024694743754071341e-12
5.383315458321139886e+04 -1.013392037420093819e-12
5.384727584730874514e+04 -8.884563962017976376e-13
5.386139711141400767e+04 -7.563010673470037659e-13
5.387551837551541394e+04 -7.552526812707417869e-13
5.388963963961677655e+04 -7.684168498321074484e-13
5.390376090377810033e+04 -7.168679042709970991e-13
5.391788216788302088e+04 -6.562711890630518435e-13
5.393200343202018121e+04 -6.465924096835232747e-13
5.394612469610116386e+04 -5.782814851049946498e-13
5.396024596018595912e+04 -5.545338920718794325e-13
5.397436722440786252e+04 -5.206621204174022809e-13
5.398848848850503418e+04 -4.495317625922721000e-13
5.400260975261110434e+04 -4.632501251769700430e-13
5.401673101669560856e+04 -7.144760674838018132e-13
5.403085228091551107e+04 -5.745389446214328463e-13
5.404497354500251822e+04 -6.750129034225939049e-13
5.405909480907978286e+04 -8.019282799830139729e-13
5.407321607318225870e+04 -8.416805744180840259e-13
5.408733733730009408e+04 -8.578398962822297200e-13
5.410145860148399515e+04 -8.044120978127491758e-13
5.411557986559309938e+04 -7.723486272992461038e-13
5.412970112972211064e+04 -7.580618944015054902e-13
5.414382239379141538e+04 -6.712261856641204709e-13
5.415794365789651783e+04 -5.923413973673678263e-13
5.417206492210153374e+04 -6.270274814773063092e-13
5.418618618620746565e+04 -6.259715127344549865e-13
5.420030745031626429e+04 -6.474344153560935220e-13
5.421442871438175644e+04 -5.855944725086563853e-13
5.422854997850241489e+04 -5.756262330741096398e-13
5.424267124268542102e+04 -6.189964485157518791e-13
5.425679250681657140e+04 -5.769564965388005529e-13
5.427091377089004527e+04 -6.321846838015096999e-13
5.428503503499750514e+04 -6.137383637577948976e-13
5.429915629920220817e+04 -6.076303609795223939e-13
5.431327756329022668e+04 -5.805236466473399623e-13
5.432739882739300810e+04 -5.918874264154770210e-13
5.434152009150182857e+04 -4.864062702161185772e-13
5.435564135559225542e+04 -4.281179824628860800e-13
5.436976261978234834e+04 -4.109729139421292475e-13
5.438388388389017200e+04 -3.410280895541808912e-13
5.439800514799025404e+04 -3.353522987714994097e-13
5.441212641208153218e+04 -4.012802879540463216e-13
5.442624767620398052e+04 -4.590984503787411290e-13
5.444036894039714389e+04 -4.665208919262138953e-13
5.445449020450525131e+04 -3.853517428991407020e-13
5.446861146860636654e+04 -3.805496071800109201e-13
5.448273273270166101e+04 -3.900272810543444724e-13
5.449685399688728648e+04 -3.641707176659310500e-13
5.451097526099157403e+04 -4.137353123487328616e-13
5.452509652511702006e+04 -4.634281530012408956e-13
5.453921778919697681e+04 -4.511481893004207680e-13
5.455333905332151335e+04 -5.108422375030812796e-13
5.456746031749300892e+04 -5.278036736199143103e-13
5.458158158159874438e+04 -6.021477633542905027e-13
5.459570284568156058e+04 -5.931576879097655520e-13
5.460982410981407884e+04 -5.401502329142580169e-13
5.462394537389504694e+04 -4.954774472250335785e-13
5.463806663812212355e+04 -5.382588521219575933e-13
5.465218790222181269e+04 -5.609392672529155895e-13
5.466630916631362925e+04 -5.295015315736090610e-13
5.468043043041652709e+04 -4.864890201862888891e-13
5.469455169460585603e+04 -4.344603885431153139e-13
5.470867295869861846e+04 -3.694723203364875980e-13
5.472279422280407016e+04 -4.027598969824312265e-13
5.473691548692029755e+04 -4.268886014319486568e-13
5.475103675097893574e+04 -3.769883913322805930e-13
5.476515801519391243e+04 -4.585403001815362102e-13
5.477927927929544967e+04 -5.216613840014118453e-13
5.479340054339743801e+04 -5.442455322348011036e-13
5.480752180749532272e+04 -6.063386702100901622e-13
5.482164307161358010e+04 -6.110092631479530476e-13
5.483576433578279830e+04 -6.914326734000248324e-13
5.484988559992003138e+04 -7.159415002224762785e-13
5.486400686398583639e+04 -6.618068653544089382e-13
5.487812812808344461e+04 -7.023635818102587543e-13
5.489224939218884538e+04 -7.616992665962850838e-13
5.490637065641158551e+04 -8.309105504120060767e-13
5.492049192049097474e+04 -8.722713592074794220e-13
5.493461318458650203e+04 -9.194606011608887633e-13
5.494873444870542880e+04 -1.008416819094034070e-12
5.496285571287861967e+04 -1.093319607213455594e-12
5.497697697700513527e+04 -1.071890332069734754e-12
5.499109824111882335e+04 -1.072706622612132581e-12
5.500521950521937106e+04 -1.075636828727169245e-12
5.501934076928974537e+04 -1.073148065680093259e-12
5.503346203350585711e+04 -1.051650546537068729e-12
5.504758329761648929e+04 -1.000837449316278019e-12
5.506170456169368117e+04 -1.037888336358615137e-12
5.507582582579030714e+04 -1.088323948655720241e-12
5.508994708991893276e+04 -1.033541819997156422e-12
5.510406835408217012e+04 -1.060636336126564859e-12
5.511818961821387347e+04 -1.029743563398221058e-12
5.513231088232013281e+04 -9.215036352849754537e-13
5.514643214641246595e+04 -9.755624434871495595e-13
5.516055341060763749e+04 -1.023347419289554405e-12
5.517467467471263080e+04 -9.851034161434463195e-13
5.518879593879914319e+04 -9.532516009321318963e-13
5.520291720291903039e+04 -8.483223309880132571e-13
5.521703846701546718e+04 -8.701399705335693694e-13
5.523115973118932015e+04 -9.389797036864139379e-13
5.524528099530662439e+04 -9.684990247186232920e-13
5.525940225938509684e+04 -9.737346911579683757e-13
5.527352352351255831e+04 -1.064225245191403900e-12
5.528764478758534096e+04 -1.010023685048657000e-12
5.530176605177934107e+04 -9.707210757104491331e-13
5.531588731591523538e+04 -9.985649571075754324e-13
5.533000857999396248e+04 -9.305125025553956464e-13
5.534412984409254568e+04 -1.020761070620285451e-12
5.535825110829016194e+04 -1.120053122476981239e-12
5.537237237240932882e+04 -9.933467637695014625e-13
5.538649363647973223e+04 -9.749996777537599896e-13
5.540061490058177878e+04 -9.368674365195550585e-13
5.541473616469678382e+04 -9.734580886680362578e-13
5.542885742890425172e+04 -1.068242080396805496e-12
5.544297869300413004e+04 -1.041466695626460546e-12
5.545709995712031377e+04 -1.036592359734154085e-12
5.547122122120331187e+04 -1.116555205411213918e-12
5.548534248528470926e+04 -1.096047718779829247e-12
5.549946374951647158e+04 -1.117179291839630301e-12
5.551358501358720969e+04 -1.084692510721749628e-12
5.552770627767909173e+04 -1.124110508464577810e-12
5.554182754179857147e+04 -1.131832300501750422e-12
5.555594880588450178e+04 -1.085220330252597375e-12
5.557007007011987298e+04 -1.056181684345919343e-12
5.558419133421418519e+04 -8.899844683601229435e-13
5.559831259831410716e+04 -7.484500402966565829e-13
5.561243386238770472e+04 -7.552694950097006345e-13
5.562655512658633961e+04 -7.632425040877889760e-13
5.564067639069601137e+04 -7.212493668349978398e-13
5.565479765479685739e+04 -6.345867407045427880e-13
5.566891891890154511e+04 -5.794604249190553280e-13
5.568304018301110045e+04 -4.538433327511887391e-13
5.569716144721018645e+04 -3.833185992097356807e-13
5.571128271128567576e+04 -3.472066440998496616e-13
5.572540397538885009e+04 -1.484046211423040940e-13
5.573952523952033516e+04 -3.774318493781819019e-14
5.575364650361279928e+04 3.048923863456449617e-15
5.576776776780365617e+04 1.038654213857609857e-13
5.578188903191125428e+04 2.068386930309920170e-13
5.579601029599781759e+04 3.128470093988860166e-13
5.581013156012212130e+04 3.031464710630577151e-13
5.582425282428514765e+04 4.389464250980643405e-13
5.583837408841404249e+04 6.132317088854131620e-13
5.585249535248778557e+04 7.267610414664409156e-13
5.586661661658441153e+04 7.966030053336994380e-13
5.588073788072200114e+04 9.162535279392421900e-13
5.589485914489869901e+04 1.062862738037897561e-12
5.590898040899034095e+04 1.123454178347345899e-12
5.592310167310416728e+04 1.151008599689454022e-12
5.593722293720778544e+04 1.217025932465292493e-12
5.595134420131873048e+04 1.489095965863843535e-12
5.596546546549921914e+04 1.424886934228978941e-12
5.597958672959664545e+04 1.319230057973441970e-12
5.599370799369800807e+04 1.497534484734284612e-12
5.600782925778227218e+04 1.582438591578330265e-12
5.602195052199169004e+04 1.680224989595312847e-12
5.603607178611458221e+04 1.807122893054461802e-12
5.605019305018397426e+04 1.861756005830487610e-12
5.606431431430892553e+04 1.977727286734431362e-12
5.607843557840282301e+04 2.056105355094323828e-12
5.609255684261454007e+04 2.171667501683600874e-12
5.610667810669740720e+04 2.285371235596183127e-12
5.612079937078396324e+04 2.301836171891993680e-12
5.613492063489495195e+04 2.484257327248523110e-12
5.614904189900083293e+04 2.510667425297956648e-12
5.616316316319310135e+04 2.629456820723877879e-12
5.617728442730820825e+04 2.696291433085582273e-12
5.619140569140553271e+04 2.769639885728665254e-12
5.620552695549210330e+04 2.768813704751585859e-12
5.621964821960734116e+04 2.814142226260208083e-12
5.623376948379354872e+04 2.905672264978692518e-12
5.624789074788503058e+04 2.919574919329626277e-12
5.626201201197777118e+04 3.004363637769051817e-12
5.627613327607858082e+04 3.014832662879649558e-12
5.629025454031086701e+04 3.049894913188649318e-12
5.630437580437928409e+04 3.109192354960573200e-12
5.631849706847967173e+04 3.189173662782372243e-12
5.633261833258748811e+04 3.258710012217965705e-12
5.634673959668689349e+04 3.227794491489853670e-12
5.636086086092034384e+04 3.376561135073747748e-12
5.637498212501609669e+04 3.460232893756451386e-12
5.638910338911887084e+04 3.535584489103738753e-12
5.640322465317825845e+04 3.561352368261172529e-12
5.641734591731555702e+04 3.604118278143762127e-12
5.643146718148401851e+04 3.683254283481430299e-12
5.644558844558116107e+04 3.698050373765279247e-12
5.645970970970534836e+04 3.810697149891541879e-12
5.647383097378925595e+04 3.940524929784571668e-12
5.648795223799688392e+04 4.059014315358480282e-12
5.650207350208558637e+04 4.230783142881644806e-12
5.651619476618995395e+04 4.343215296575313390e-12
5.653031603029798862e+04 4.362646044551015506e-12
5.654443729438909213e+04 4.334549957069505482e-12
5.655855855859175790e+04 4.479556916749722169e-12
5.657267982271577785e+04 4.508437645382649123e-12
5.658680108681662387e+04 4.673468119757158435e-12
5.660092235092226474e+04 4.773623276880412846e-12
5.661504361501827225e+04 4.966209161640499184e-12
5.662916487921430962e+04 5.113017499157412470e-12
5.664328614331874269e+04 5.189910353909267940e-12
5.665740740740664478e+04 5.226837940199238965e-12
