5.299999999999735883e+04 -2.671291250769229436e-12
5.301412126410917699e+04 -2.661243133572467158e-12
5.302824252818699460e+04 -2.623913514092245012e-12
5.304236379240884708e+04 -2.808359501129162196e-12
5.305648505649158324e+04 -2.836993130644026791e-12
5.307060632057712792e+04 -2.889440709438514345e-12
5.308472758470127883e+04 -2.945028011766581690e-12
5.309884884877231525e+04 -2.908245579070456964e-12
5.311297011298220605e+04 -3.006592613924500646e-12
5.312709137710106006e+04 -3.051258617246662120e-12
5.314121264118747786e+04 -3.108474765810599666e-12
5.315533390528383461e+04 -3.113226769128685956e-12
5.316945516949696321e+04 -3.055156587541380567e-12
5.318357643362442468e+04 -3.127254178987465759e-12
5.319769769768354308e+04 -3.217425119759961439e-12
5.321181896182215860e+04 -3.128190028267227545e-12
5.322594022591341491e+04 -3.071058292405212802e-12
5.324006149010597437e+04 -3.095597355543247419e-12
5.325418275417188852e+04 -3.141687198793432792e-12
5.326830401830247138e+04 -3.104855715854599176e-12
5.328242528241159016e+04 -3.128777276512501330e-12
5.329654654648444557e+04 -3.159711328543731036e-12
5.331066781071235891e+04 -3.228772715610583749e-12
5.332478907478645124e+04 -3.236290667195025170e-12
5.333891033892767882e+04 -3.342365175498797650e-12
5.335303160300468880e+04 -3.363590666141752905e-12
5.336715286722557357e+04 -3.433164907645030096e-12
5.338127413130912464e+04 -3.371623729941339342e-12
5.339539539542468265e+04 -3.545593256824811869e-12
5.340951665949689777e+04 -3.532399926869954998e-12
5.342363792360647494e+04 -3.536969445222934329e-12
5.343775918782434019e+04 -3.510143647352029173e-12
5.345188045187349053e+04 -3.575384872823328386e-12
5.346600171598444285e+04 -3.628679287971511363e-12
5.348012298008803918e+04 -3.567679074049318527e-12
5.349424424420108699e+04 -3.532811519930752298e-12
5.350836550838673429e+04 -3.482545237602874951e-12
5.352248677248443710e+04 -3.443757050735680394e-12
5.353660803659011435e+04 -3.436028448396590521e-12
5.355072930068254936e+04 -3.420271184926419986e-12
5.356485056488050031e+04 -3.355682683283297418e-12
5.357897182902220811e+04 -3.333930114197977005e-12
5.359309309311660763e+04 -3.245448443464365992e-12
5.360721435718669818e+04 -3.216707146126754553e-12
5.362133562131594226e+04 -3.086002529758031964e-12
5.363545688552020874e+04 -3.068695301196048391e-12
5.364957814962781413e+04 -2.961802799661738223e-12
5.366369941368095897e+04 -3.028027965099551600e-12
5.367782067776825716e+04 -3.047640611513320222e-12
5.369194194192170107e+04 -3.032840871998630814e-12
5.370606320609255636e+04 -3.042581380955804346e-12
5.372018447022460896e+04 -3.038267217376144634e-12
5.373430573427391209e+04 -2.984091365415371048e-12
5.374842699839441775e+04 -2.919159004073074173e-12
5.376254826251504710e+04 -2.895581924003494514e-12
5.377666952667566511e+04 -2.856777029573766122e-12
5.379079079079909570e+04 -2.843630887194173575e-12
5.380491205487430125e+04 -2.861790878778994184e-12
5.381903331900899502e+04 -2.822502593925148045e-12
5.383315458321731421e+04 -2.791151530164190698e-12
5.384727584729927912e+04 -2.661848317047454344e-12
5.386139711140005966e+04 -2.653702702978637234e-12
5.387551837548842741e+04 -2.711941879303192391e-12
5.388963963959729153e+04 -2.656768992259323422e-12
5.390376090379534435e+04 -2.634542063864768220e-12
5.391788216787370038e+04 -2.558635091716521348e-12
5.393200343200060161e+04 -2.487235097450688130e-12
5.394612469609038817e+04 -2.540782158037726163e-12
5.396024596019466844e+04 -2.439335870333672646e-12
5.397436722439763253e+04 -2.325908454069947572e-12
5.398848848847854242e+04 -2.322817555001204455e-12
5.400260975262554712e+04 -2.220292274846492287e-12
5.401673101670928736e+04 -2.164349711036710627e-12
5.403085228091955651e+04 -2.019689764394869354e-12
5.404497354496827029e+04 -1.967151027784530200e-12
5.405909480912638537e+04 -1.886069904141880132e-12
5.407321607317901362e+04 -1.842481679714314961e-12
5.408733733728924562e+04 -1.841199487178786116e-12
5.410145860149506916e+04 -1.822969278675748952e-12
5.411557986562547740e+04 -1.691966183960139870e-12
5.412970112968925969e+04 -1.713627764563012844e-12
5.414382239377267979e+04 -1.565265963930586196e-12
5.415794365788140567e+04 -1.548383197768108523e-12
5.417206492211075965e+04 -1.461502969481144337e-12
5.418618618617051834e+04 -1.439765527513253263e-12
5.420030745031077822e+04 -1.380110272375026963e-12
5.421442871440345334e+04 -1.444851174081802176e-12
5.422854997847937193e+04 -1.453663284428992382e-12
5.424267124271213106e+04 -1.240524683408130501e-12
5.425679250678903918e+04 -1.271282177143395265e-12
5.427091377092731273e+04 -1.271373617181586731e-12
5.428503503499813814e+04 -1.195767381158947292e-12
5.429915629919918865e+04 -1.107746748840118845e-12
5.431327756332098215e+04 -1.145664787788326085e-12
5.432739882741412293e+04 -1.123904316477483185e-12
5.434152009151309176e+04 -1.109211369896286596e-12
5.435564135557624832e+04 -9.381629571217544628e-13
5.436976261978198454e+04 -9.324309085054472990e-13
5.438388388391864282e+04 -8.845176831603630484e-13
5.439800514802277758e+04 -7.999801260740763162e-13
5.441212641207753768e+04 -7.851666141091902560e-13
5.442624767620577040e+04 -7.594189055774561016e-13
5.444036894038501487e+04 -6.881333806927665797e-13
5.445449020451331307e+04 -5.351322963448886785e-13
5.446861146858392749e+04 -5.686332170037689291e-13
5.448273273270663049e+04 -5.130593484590902162e-13
5.449685399689742189e+04 -5.484554485761901941e-13
5.451097526097346417e+04 -4.784277322168451062e-13
5.452509652511917375e+04 -3.663111822784025520e-13
5.453921778921627265e+04 -2.786590194468047858e-13
5.455333905330310517e+04 -1.473953770668179586e-13
5.456746031751707051e+04 -1.370831985375438056e-13
5.458158158160143648e+04 -1.165116735010616731e-13
5.459570284571711090e+04 -3.821822924495418881e-14
5.460982410979720589e+04 1.258310694951709519e-13
5.462394537389672041e+04 1.292841162707263812e-13
5.463806663809408929e+04 2.021588915969705258e-13
5.465218790221823292e+04 1.674179988646398450e-13
5.466630916628574778e+04 1.958059538324498662e-13
5.468043043039026816e+04 2.450571388474663443e-13
5.469455169460621983e+04 3.199309514530859011e-13
5.470867295872830437e+04 3.677773465480352617e-13
5.472279422279910068e+04 3.813718837815741429e-13
5.473691548687036266e+04 4.260348108802288029e-13
5.475103675097882660e+04 4.515486135364904637e-13
5.476515801519891102e+04 3.435658306579174420e-13
5.477927927932466264e+04 3.805486976599790877e-13
5.479340054342515941e+04 3.345374251092767326e-13
5.480752180749872059e+04 4.131316054909916573e-13
5.482164307156833820e+04 6.070192562491535810e-13
5.483576433582123718e+04 5.237930170438937995e-13
5.484988559988694760e+04 4.347489336309373885e-13
5.486400686402825522e+04 3.635625252320898570e-13
5.487812812812791526e+04 3.729025042441977219e-13
5.489224939216906932e+04 3.540902403869445448e-13
5.490637065639573848e+04 3.874660801046937953e-13
5.492049192048943223e+04 4.965583354466564117e-13
5.493461318460857728e+04 4.537034375475994789e-13
5.494873444871427637e+04 4.097422280753620978e-13
5.496285571289983636e+04 4.470682774429817574e-13
5.497697697698500269e+04 5.492359254483230675e-13
5.499109824110353657e+04 5.958139004579402858e-13
5.500521950520974497e+04 5.240788518299441102e-13
5.501934076928163267e+04 4.972546344041438551e-13
5.503346203351125587e+04 5.008079265549017203e-13
5.504758329759437038e+04 6.466735270336378999e-13
5.506170456171219121e+04 7.921300180081693300e-13
5.507582582579192240e+04 7.916080195679258870e-13
5.508994708990136860e+04 8.028549184876014562e-13
5.510406835408150073e+04 7.560069131429794067e-13
5.511818961818845128e+04 8.453499264585665894e-13
5.513231088231515605e+04 8.984257886265782227e-13
5.514643214642374369e+04 9.336042388749953144e-13
5.516055341059143393e+04 1.004493072038444659e-12
5.517467467471300915e+04 1.137748075250156273e-12
5.518879593878837477e+04 1.219297687977367368e-12
5.520291720291982347e+04 1.164799425215266601e-12
5.521703846702574810e+04 1.233324815613807104e-12
5.523115973120093258e+04 1.207456090142639452e-12
5.524528099528946768e+04 1.216698984669753750e-12
5.525940225942377583e+04 1.356524123958924858e-12
5.527352352349991270e+04 1.299426254777722016e-12
5.528764478759653866e+04 1.257444214132117165e-12
5.530176605178602040e+04 1.333706560651014257e-12
5.531588731590903626e+04 1.307745266252294669e-12
5.533000858002552559e+04 1.219862584213305771e-12
5.534412984407677141e+04 1.307215139808656422e-12
5.535825110829011101e+04 1.305522708879562357e-12
5.537237237237957015e+04 1.246468700214678911e-12
5.538649363651771273e+04 1.261272503731065771e-12
5.540061490060338110e+04 1.244489531388046481e-12
5.541473616467721149e+04 1.204825777932934875e-12
5.542885742887867673e+04 1.295345997073534798e-12
5.544297869298850856e+04 1.377946831573139630e-12
5.545709995711447118e+04 1.438105797143970939e-12
5.547122122120625863e+04 1.500080468362050752e-12
5.548534248529972683e+04 1.503602151610717960e-12
5.549946374950584868e+04 1.453891282848151425e-12
5.551358501357251953e+04 1.400061322587400265e-12
5.552770627768550912e+04 1.371638597827290365e-12
5.554182754179944459e+04 1.326589590567382883e-12
5.555594880587282387e+04 1.325739762656882626e-12
5.557007007010949019e+04 1.422423717705202262e-12
5.558419133418491401e+04 1.350175250196101474e-12
5.559831259829347982e+04 1.493366737557950163e-12
5.561243386241620465e+04 1.495086261831693507e-12
5.562655512662159890e+04 1.456879678762970988e-12
5.564067639072114980e+04 1.466379508508509807e-12
5.565479765482082439e+04 1.432837947832655538e-12
5.566891891889331600e+04 1.480903799019264346e-12
5.568304018300949247e+04 1.514066052870028113e-12
5.569716144721997262e+04 1.471077946026445528e-12
5.571128271131961810e+04 1.472332367883708852e-12
5.572540397538820253e+04 1.545993753316271385e-12
5.573952523947224108e+04 1.575792819984566766e-12
5.575364650362294196e+04 1.572529426621556563e-12
5.576776776781901572e+04 1.570294677243732096e-12
5.578188903190608835e+04 1.552264959491099956e-12
5.579601029599718458e+04 1.656223929133505359e-12
5.581013156008521037e+04 1.737430359495158591e-12
5.582425282431919186e+04 1.760281337928136460e-12
5.583837408840262651e+04 1.716873284242489454e-12
5.585249535252602800e+04 1.985859622366860319e-12
5.586661661660099344e+04 2.019046260227808597e-12
5.588073788068207068e+04 2.204437889659688848e-12
5.589485914491182484e+04 2.202632569794555786e-12
5.590898040901528293e+04 2.336252430047545008e-12
5.592310167312534759e+04 2.429192536421073272e-12
5.593722293719399022e+04 2.477264709388100272e-12
5.595134420127218618e+04 2.637774262649792003e-12
5.596546546548236802e+04 2.665941406858710067e-12
5.597958672957148519e+04 2.749326593685912699e-12
5.599370799370937311e+04 2.934347947407585608e-12
5.600782925781089580e+04 2.917280946501492518e-12
5.602195052202047373e+04 2.897990485111179265e-12
5.603607178609901166e+04 2.939190882763650880e-12
5.605019305019805324e+04 3.007796650084650962e-12
5.606431431427853386e+04 3.009190602666858535e-12
5.607843557839134155e+04 3.128977504253394651e-12
5.609255684257865505e+04 3.093517734776368727e-12
5.610667810667403683e+04 3.028719485490086165e-12
5.612079937080192758e+04 3.123963429270294373e-12
5.613492063488895656e+04 3.213121304730777884e-12
5.614904189896850585e+04 3.306484970392323994e-12
5.616316316321323393e+04 3.195877293972976230e-12
5.617728442732213443e+04 3.214156270496382014e-12
5.619140569141097512e+04 3.273133966240503131e-12
5.620552695551911893e+04 3.237051952948031455e-12
5.621964821958585526e+04 3.252058956549288104e-12
5.623376948378839006e+04 3.246435281311578054e-12
5.624789074788376456e+04 3.319329021979076622e-12
5.626201201197741466e+04 3.375712078417281775e-12
5.627613327611682325e+04 3.304365367729259061e-12
5.629025454029399407e+04 3.276898134923781562e-12
5.630437580440720194e+04 3.378770917028189704e-12
5.631849706850203074e+04 3.362967369094242898e-12
5.633261833260449202e+04 3.362828289925043081e-12
5.634673959670309705e+04 3.417700440843304616e-12
5.636086086091620382e+04 3.421891781260553915e-12
5.637498212502423848e+04 3.465116503314074164e-12
5.638910338911687722e+04 3.422346046339174061e-12
5.640322465322049538e+04 3.427253554166653736e-12
5.641734591731266119e+04 3.293420559602423309e-12
5.643146718152267567e+04 3.308012131919057017e-12
5.644558844559855788e+04 3.258476466785222939e-12
5.645970970968695474e+04 3.220891675976202146e-12
5.647383097380731488e+04 3.260429896934438373e-12
5.648795223802742112e+04 3.204743139453721168e-12
5.650207350207250420e+04 3.310309647545318972e-12
5.651619476618937915e+04 3.332099921535276321e-12
5.653031603031912528e+04 3.284246753104164489e-12
5.654443729442231415e+04 3.224555599284277965e-12
5.655855855857743154e+04 3.217309032702074162e-12
5.657267982267568732e+04 3.186444294477572553e-12
5.658680108678663964e+04 3.168381161599872943e-12
5.660092235091216571e+04 3.195460056465376778e-12
5.661504361498405342e+04 3.180994016645618046e-12
5.662916487919973588e+04 3.138349995279081781e-12
5.664328614330441633e+04 3.078631748114545979e-12
5.665740740740610636e+04 3.054195357463838674e-12
