5.300000000000010186e+04 -1.592616022995497282e-12
5.301412126411290956e+04 -1.603922157501239851e-12
5.302824252819047979e+04 -1.691882351003954118e-12
5.304236379240428505e+04 -1.765884734764767011e-12
5.305648505649749859e+04 -1.750345021110437488e-12
5.307060632057877956e+04 -1.585686597713382928e-12
5.308472758470664849e+04 -1.539412554000237827e-12
5.309884884879876336e+04 -1.549013683253056612e-12
5.311297011300057784e+04 -1.409815528774737939e-12
5.312709137711312360e+04 -1.353221539601333643e-12
5.314121264118160616e+04 -1.368218862202411425e-12
5.315533390530557517e+04 -1.408620050221392526e-12
5.316945516948519798e+04 -1.458974184060431740e-12
5.318357643361671944e+04 -1.346766278457374638e-12
5.319769769769041886e+04 -1.207993680747459798e-12
5.321181896182162018e+04 -1.183157877621064108e-12
5.322594022588754160e+04 -1.245499101404113220e-12
5.324006149010489025e+04 -1.163164074911685740e-12
5.325418275419718702e+04 -1.135758994332325078e-12
5.326830401831575728e+04 -1.101313447443628662e-12
5.328242528238298109e+04 -1.110367081546327735e-12
5.329654654650524753e+04 -1.169847254440261035e-12
5.331066781070378056e+04 -1.108784337719225407e-12
5.332478907478113251e+04 -1.037134791860645957e-12
5.333891033889661776e+04 -1.098084600072184768e-12
5.335303160299169394e+04 -1.032472533183967850e-12
5.336715286721326265e+04 -1.040576676051576269e-12
5.338127413130697096e+04 -1.013004430915720036e-12
5.339539539541235717e+04 -9.718611890499714152e-13
5.340951665949083690e+04 -8.493769058683598407e-13
5.342363792361998640e+04 -8.781912340538583583e-13
5.343775918780117354e+04 -7.437726678713606109e-13
5.345188045189326658e+04 -7.966866893480296493e-13
5.346600171600248723e+04 -7.585117920869933558e-13
5.348012298011517851e+04 -7.152894814303449403e-13
5.349424424417917908e+04 -7.646583738199436193e-13
5.350836550841972348e+04 -7.558053285705295720e-13
5.352248677249602042e+04 -7.856369441807410011e-13
5.353660803661483078e+04 -7.347232118057602569e-13
5.355072930067730340e+04 -8.003333835018911922e-13
5.356485056490659190e+04 -7.696292042262620089e-13
5.357897182899796462e+04 -8.358527289975014439e-13
5.359309309311609832e+04 -8.500150687307761568e-13
5.360721435722160822e+04 -8.463882740938177876e-13
5.362133562131945655e+04 -8.500074879624321242e-13
5.363545688547888858e+04 -7.864553225815178508e-13
5.364957814958398376e+04 -7.508481952342874021e-13
5.366369941370061133e+04 -7.836739559051092991e-13
5.367782067779370846e+04 -7.291079299451037293e-13
5.369194194191399583e+04 -6.544780222410847979e-13
5.370606320608019450e+04 -6.378108415857693385e-13
5.372018447017996368e+04 -6.416898690603566008e-13
5.373430573431105586e+04 -6.335265875851552518e-13
5.374842699837732653e+04 -7.664890432299339711e-13
5.376254826248108293e+04 -6.965578335777013623e-13
5.377666952672160551e+04 -6.923336227081759656e-13
5.379079079080205702e+04 -6.717769910218000854e-13
5.380491205489953427e+04 -7.152406371615828158e-13
5.381903331898432225e+04 -7.827410906733185543e-13
5.383315458321008919e+04 -8.622522378850445634e-13
5.384727584728728834e+04 -8.715436755219904890e-13
5.386139711139457359e+04 -9.142743991950563452e-13
5.387551837548914773e+04 -9.407533338600223229e-13
5.388963963961413538e+04 -1.001721663266947129e-12
5.390376090380678943e+04 -9.643595019029771201e-13
5.391788216789121361e+04 -9.487041815314009242e-13
5.393200343200445059e+04 -1.038081698742892191e-12
5.394612469611531560e+04 -9.145359357029258210e-13
5.396024596018183365e+04 -9.471856157999385208e-13
5.397436722438586730e+04 -9.159521610617437348e-13
5.398848848849767091e+04 -8.901017410085745239e-13
5.400260975260797568e+04 -9.712252659600203517e-13
5.401673101669942116e+04 -9.243013436515636671e-13
5.403085228089438169e+04 -9.663497981736662925e-13
5.404497354501459631e+04 -9.144394531967289148e-13
5.405909480908537807e+04 -9.429365951431051058e-13
5.407321607320979820e+04 -9.094492401440763569e-13
5.408733733731536631e+04 -9.323734836164469909e-13
5.410145860149661894e+04 -9.232538192985692914e-13
5.411557986560019344e+04 -8.451112592082266163e-13
5.412970112970750779e+04 -8.200044436135316377e-13
5.414382239377837686e+04 -7.300434656748338641e-13
5.415794365791439486e+04 -6.751280352102440567e-13
5.417206492211647128e+04 -6.380494634984168799e-13
5.418618618617925677e+04 -6.458807417781873088e-13
5.420030745029998070e+04 -5.142434561270033460e-13
5.421442871438562725e+04 -4.488324518900930762e-13
5.422854997849078791e+04 -4.218204513783896311e-13
5.424267124269405031e+04 -4.515032944098493334e-13
5.425679250682298152e+04 -2.931896295363752775e-13
5.427091377088751324e+04 -2.404988100003813137e-13
5.428503503499791259e+04 -2.628196932286423678e-13
5.429915629921841901e+04 -3.387731341694544746e-13
5.431327756331642740e+04 -2.880598614301165560e-13
5.432739882738437882e+04 -2.440614265416998585e-13
5.434152009151664242e+04 -2.491350280461368248e-13
5.435564135559763963e+04 -1.638472492111591699e-13
5.436976261980268464e+04 -1.656059874669759543e-13
5.438388388390542968e+04 -1.905063994144855550e-13
5.439800514801795362e+04 -1.592632964256711693e-13
5.441212641207715933e+04 -1.173406137420037461e-13
5.442624767622233776e+04 -6.632169820624939909e-14
5.444036894040814514e+04 -7.920521400694181300e-14
5.445449020450575335e+04 -1.050604581854208995e-13
5.446861146858747088e+04 -1.478242615748972448e-13
5.448273273271203652e+04 -1.225072519488448467e-13
5.449685399689306360e+04 -3.550794237001098218e-14
5.451097526099712559e+04 -2.878104420581516666e-14
5.452509652508401632e+04 -4.722097544493794665e-15
5.453921778919232747e+04 -6.448232814168238854e-14
5.455333905328302353e+04 -8.914951599505302117e-15
5.456746031750883412e+04 7.222511321014581908e-14
5.458158158160628955e+04 1.211789017102785356e-14
5.459570284570728109e+04 3.097401768568430645e-14
5.460982410980896384e+04 -7.450169182984557690e-14
5.462394537391165068e+04 -1.804997852003555191e-13
5.463806663808111625e+04 -1.382662910145825602e-13
5.465218790220942901e+04 -7.295142470348982598e-14
5.466630916628020350e+04 3.228204480541012187e-14
5.468043043041861529e+04 -8.929211544944279278e-14
5.469455169459716126e+04 -6.765419053290369806e-14
5.470867295868795918e+04 -1.403527252110893440e-13
5.472279422281477309e+04 -1.766532344265148220e-13
5.473691548690831405e+04 8.788209966098843088e-15
5.475103675099242537e+04 -1.875513349044577039e-14
5.476515801519065280e+04 -9.222380531630980974e-14
5.477927927931640443e+04 -1.291790172523567600e-13
5.479340054342171061e+04 -1.362804742888238927e-13
5.480752180748401588e+04 -2.059763355420119710e-13
5.482164307161290344e+04 -2.064780445742355752e-13
5.483576433580837329e+04 -2.869296377860963616e-13
5.484988559988255292e+04 -3.858228283163463866e-13
5.486400686401753046e+04 -3.390708516171475630e-13
5.487812812811668118e+04 -3.546234870356998985e-13
5.489224939220403758e+04 -3.187867830107777863e-13
5.490637065640108631e+04 -3.536028399522889568e-13
5.492049192048836994e+04 -3.357852777007656771e-13
5.493461318458345340e+04 -3.011628749324067573e-13
5.494873444870510866e+04 -3.641480332992249507e-13
5.496285571291382803e+04 -3.027031492277635505e-13
5.497697697697945114e+04 -3.242731918095856094e-13
5.499109824108063913e+04 -3.144853861362948344e-13
5.500521950518311496e+04 -3.130726065812696167e-13
5.501934076932195603e+04 -4.075386283986015127e-13
5.503346203350819269e+04 -4.195958404497937874e-13
5.504758329761999630e+04 -4.290879961576670917e-13
5.506170456169614044e+04 -4.412192929904033437e-13
5.507582582580725284e+04 -4.975406114024329764e-13
5.508994708990043000e+04 -4.984158455657900196e-13
5.510406835411124484e+04 -3.957532902666568023e-13
5.511818961820440745e+04 -3.465234360600953824e-13
5.513231088230368914e+04 -3.292144744483812255e-13
5.514643214638176141e+04 -3.120836608927519341e-13
5.516055341058915656e+04 -2.727694516801920839e-13
5.517467467469915573e+04 -2.041311076109973012e-13
5.518879593881963956e+04 -1.674353647005440197e-13
5.520291720290320518e+04 -1.588067274231325159e-13
5.521703846702338342e+04 -1.907948131919382628e-13
5.523115973117744579e+04 -1.178905640273257782e-13
5.524528099527849554e+04 -4.877980025814569991e-14
5.525940225938483491e+04 -6.240795425845019278e-14
5.527352352351900481e+04 -1.102129685967117439e-13
5.528764478759477788e+04 -1.629035003749563102e-14
5.530176605181038758e+04 -4.994344819895552032e-14
5.531588731588227529e+04 -2.148421009429941625e-14
5.533000857998494030e+04 -4.751863607000121495e-14
5.534412984410874196e+04 -8.959190037941156199e-14
5.535825110829879850e+04 -8.753578925628092095e-14
5.537237237239502429e+04 -3.259698414853028494e-15
5.538649363648735016e+04 -4.139440898915641488e-14
5.540061490058394702e+04 -1.018406991214804317e-13
5.541473616470273555e+04 -1.199353039979403578e-13
5.542885742888478126e+04 -3.687730479724764758e-14
5.544297869301940227e+04 2.905642787502199491e-14
5.545709995711475494e+04 -9.330337564457666365e-14
5.547122122118393600e+04 -1.024113242295589311e-13
5.548534248532104539e+04 -1.163968080831710395e-13
5.549946374948958692e+04 -2.166504019507966189e-13
5.551358501360382797e+04 -1.405088201229006763e-13
5.552770627768007398e+04 -7.385353613643032840e-14
5.554182754179179028e+04 -1.114283035944127325e-13
5.555594880589068634e+04 -4.229273003792490733e-14
5.557007007011125097e+04 -2.547961959198666389e-14
5.558419133420695289e+04 -2.721975050732263656e-14
5.559831259829564806e+04 5.950734057188441301e-14
5.561243386240775726e+04 -4.344397308508084485e-14
5.562655512661968532e+04 -8.547864439201244582e-14
5.564067639067703567e+04 -4.515412550741993808e-14
5.565479765480908100e+04 -9.314590241124824020e-14
5.566891891888004466e+04 -1.720424043714434127e-13
5.568304018298814481e+04 -1.208198418315378574e-13
5.569716144720593729e+04 -1.525315741361655097e-13
5.571128271131069050e+04 -1.548778219386452445e-13
5.572540397538893012e+04 -7.280118765812616545e-14
5.573952523949118040e+04 -6.559222154332539781e-14
5.575364650361020176e+04 -1.048279232520404959e-14
5.576776776779474312e+04 4.371522178973637459e-14
5.578188903191481950e+04 1.223539208036043985e-14
5.579601029598247260e+04 9.108192988556082698e-14
5.581013156011567480e+04 8.076036920477394423e-14
5.582425282427955244e+04 1.928409954302364761e-13
5.583837408841492288e+04 2.672810393452751984e-13
5.585249535248538450e+04 2.983521967248316221e-13
5.586661661661540711e+04 2.677772350914304130e-13
5.588073788068630529e+04 3.649089307228294714e-13
5.589485914491243602e+04 3.532307570888390758e-13
5.590898040899249463e+04 4.544753641272579807e-13
5.592310167308586824e+04 5.811575839244753913e-13
5.593722293719687150e+04 6.698784170781643473e-13
5.595134420129333012e+04 7.700417308864201008e-13
5.596546546547729668e+04 8.133647882314588083e-13
5.597958672960451804e+04 9.062453957237490360e-13
5.599370799367740256e+04 9.491091274232149836e-13
5.600782925779104698e+04 1.125508438083287766e-12
5.602195052199641214e+04 1.197251106789366193e-12
5.603607178608734102e+04 1.355008618930691212e-12
5.605019305021731998e+04 1.347409243246172466e-12
5.606431431430472003e+04 1.410684193711960396e-12
5.607843557839353161e+04 1.440972464469805296e-12
5.609255684258438123e+04 1.430256014674369980e-12
5.610667810671105690e+04 1.372270717610824045e-12
5.612079937078701914e+04 1.465009357986853172e-12
5.613492063490949658e+04 1.597345797227584879e-12
5.614904189900183701e+04 1.653974825918306621e-12
5.616316316320575424e+04 1.768320378976740160e-12
5.617728442732101394e+04 1.807195248205724989e-12
5.619140569139025320e+04 1.815841114502100302e-12
5.620552695548421616e+04 1.906277957944576080e-12
5.621964821961677808e+04 1.982299970380863648e-12
5.623376948378853558e+04 1.945623179391270600e-12
5.624789074787894060e+04 2.102789047021381206e-12
5.626201201200771902e+04 2.211246755139152417e-12
5.627613327612141438e+04 2.335113064076938941e-12
5.629025454032182461e+04 2.260117901170888966e-12
5.630437580441299360e+04 2.343629023570327791e-12
5.631849706850126677e+04 2.276383128813781066e-12
5.633261833260171989e+04 2.305935720461874834e-12
5.634673959670824843e+04 2.241361701966222276e-12
5.636086086091306788e+04 2.279820318097043754e-12
5.637498212499479268e+04 2.293501537475756450e-12
5.638910338909539132e+04 2.281317175264611970e-12
5.640322465321449999e+04 2.341338253208911070e-12
5.641734591730060492e+04 2.316740727414783855e-12
5.643146718150540983e+04 2.416640437232894515e-12
5.644558844559165300e+04 2.370425316764605326e-12
5.645970970971690986e+04 2.365643574841413613e-12
5.647383097380398976e+04 2.423296007258580655e-12
5.648795223801018437e+04 2.399560621573397732e-12
5.650207350209092692e+04 2.412810426317259214e-12
5.651619476622100774e+04 2.313011333969896493e-12
5.653031603029924736e+04 2.245676537475496996e-12
5.654443729438830633e+04 2.185556220381966630e-12
5.655855855859465373e+04 2.155367533353731861e-12
5.657267982269977074e+04 2.188378333688224369e-12
5.658680108678974648e+04 2.213682938420622935e-12
5.660092235087898007e+04 2.258477698565542570e-12
5.661504361498611252e+04 2.334302955605264562e-12
5.662916487920896179e+04 2.373592010450137528e-12
5.664328614332141296e+04 2.400375898750761357e-12
5.665740740741646005e+04 2.368420548117986426e-12
