5.299999999999918509e+04 -6.046160628527480031e-14
5.301412126409861230e+04 -2.762364144972099792e-14
5.302824252821160917e+04 -2.554875183338976186e-14
5.304236379240368115e+04 5.163123203023790531e-14
5.305648505650849984e+04 -1.522192391487145229e-14
5.307060632061009528e+04 5.817390119339754767e-14
5.308472758469310065e+04 -2.055913595813003418e-14
5.309884884880337631e+04 6.777840724323798267e-14
5.311297011300011218e+04 1.365179110838509530e-13
5.312709137709101196e+04 1.420217626751844918e-13
5.314121264120827982e+04 1.371437051755884644e-13
5.315533390529175813e+04 2.183839826949592722e-13
5.316945516950071033e+04 2.944628549883368358e-13
5.318357643359855138e+04 4.128467666865218330e-13
5.319769769770865241e+04 4.038921285047022809e-13
5.321181896181037882e+04 3.153453668146034212e-13
5.322594022590701934e+04 3.704608505616489763e-13
5.324006149010530498e+04 4.184439196724072285e-13
5.325418275420563441e+04 4.158160932627940585e-13
5.326830401830180199e+04 5.025347680778276085e-13
5.328242528240029787e+04 5.224336365734021187e-13
5.329654654649796430e+04 5.117021303369347240e-13
5.331066781071447622e+04 5.642513991688242871e-13
5.332478907479815825e+04 5.880532906901566137e-13
5.333891033889997925e+04 5.619795296008031269e-13
5.335303160301172466e+04 5.084326881527173181e-13
5.336715286720712174e+04 5.604184258683858076e-13
5.338127413131350477e+04 5.083069833311963734e-13
5.339539539541100385e+04 5.157349221851066780e-13
5.340951665950113238e+04 5.842035339967165283e-13
5.342363792359171202e+04 6.072300389659525138e-13
5.343775918778831692e+04 6.577441430146692029e-13
5.345188045190292905e+04 6.961600576563153527e-13
5.346600171598705492e+04 7.355309504620481664e-13
5.348012298009618826e+04 7.477079070314684377e-13
5.349424424418214039e+04 7.616489812405206520e-13
5.350836550838407129e+04 8.313495747580138692e-13
5.352248677249453613e+04 1.008484296559479990e-12
5.353660803660650708e+04 1.027941740103074737e-12
5.355072930069096765e+04 1.094778609021703821e-12
5.356485056490157876e+04 1.157180939438978058e-12
5.357897182898913888e+04 1.199185335846411628e-12
5.359309309309181845e+04 1.298156104713028313e-12
5.360721435719258443e+04 1.348768117058072579e-12
5.362133562129438360e+04 1.497460726959585194e-12
5.363545688550546765e+04 1.465141620253335010e-12
5.364957814960351243e+04 1.411389469202873513e-12
5.366369941368371656e+04 1.533097547494250003e-12
5.367782067781526712e+04 1.618300474067750640e-12
5.369194194188743131e+04 1.574741457715584357e-12
5.370606320609641989e+04 1.642569012164926595e-12
5.372018447021110478e+04 1.731385176784464657e-12
5.373430573429825017e+04 1.810453819750210609e-12
5.374842699839699344e+04 1.779984360839794942e-12
5.376254826249197504e+04 1.724492010811447101e-12
5.377666952671269246e+04 1.730124529911975677e-12
5.379079079080417432e+04 1.744845644109261434e-12
5.380491205489289860e+04 1.762093884358150171e-12
5.381903331899634213e+04 1.791142183872249608e-12
5.383315458320152538e+04 1.815075426384282879e-12
5.384727584730882518e+04 1.804515290689296608e-12
5.386139711140945292e+04 1.805155169181076202e-12
5.387551837549053016e+04 1.798020024528921712e-12
5.388963963958524982e+04 1.791342281626151521e-12
5.390376090380101232e+04 1.925620097519839575e-12
5.391788216789664148e+04 1.955132809960436752e-12
5.393200343199199415e+04 1.892899306206221977e-12
5.394612469608705578e+04 1.880848830031011982e-12
5.396024596021549951e+04 1.899547577346789484e-12
5.397436722441452002e+04 1.885813239793861776e-12
5.398848848850742070e+04 1.874026396287280786e-12
5.400260975259289262e+04 1.846884454444075144e-12
5.401673101668438903e+04 1.874224322437651883e-12
5.403085228089386510e+04 1.884900669944439069e-12
5.404497354501272639e+04 1.930133806481342740e-12
5.405909480910742423e+04 1.863586815611157062e-12
5.407321607319159375e+04 1.912702531077722033e-12
5.408733733728849620e+04 1.906263168196809646e-12
5.410145860150420776e+04 1.972504273198239845e-12
5.411557986559256096e+04 2.055305033991876552e-12
5.412970112969843467e+04 2.106064715377009607e-12
5.414382239380360261e+04 2.103893732304444213e-12
5.415794365789951553e+04 2.158990540261125431e-12
5.417206492210025317e+04 2.156367243196019467e-12
5.418618618620718189e+04 2.092341918345702193e-12
5.420030745030775870e+04 2.108318343475372907e-12
5.421442871439924784e+04 2.180361352652727616e-12
5.422854997850045766e+04 2.164591912362442108e-12
5.424267124270830391e+04 2.180611645471096560e-12
5.425679250678484823e+04 2.178913823784966837e-12
5.427091377088686568e+04 2.203396481990271587e-12
5.428503503498741338e+04 2.047960794942621518e-12
5.429915629918628110e+04 2.170885963944242349e-12
5.431327756328995747e+04 2.010694092889430784e-12
5.432739882740587200e+04 2.013632830878827734e-12
5.434152009150881349e+04 2.029014981190863758e-12
5.435564135561325384e+04 2.000772718861551364e-12
5.436976261981225252e+04 2.050754469816166214e-12
5.438388388391333865e+04 2.098587574191674966e-12
5.439800514798414952e+04 2.142239162900064903e-12
5.441212641208604327e+04 2.235887889925230215e-12
5.442624767618659826e+04 2.200242693205518523e-12
5.444036894039717299e+04 2.207924461489261929e-12
5.445449020449132513e+04 2.180405777456384703e-12
5.446861146860016743e+04 2.147011602910799170e-12
5.448273273268969206e+04 2.147574606637591410e-12
5.449685399690882332e+04 2.123837118672398623e-12
5.451097526101479161e+04 2.115643472413557329e-12
5.452509652509686566e+04 2.152178157939450738e-12
5.453921778920295037e+04 2.055053500257204515e-12
5.455333905328445690e+04 2.032190113736032514e-12
5.456746031750825205e+04 2.017379777656542139e-12
5.458158158158315928e+04 2.080762307861767108e-12
5.459570284569180512e+04 2.079401643135234911e-12
5.460982410980302666e+04 2.175837840452428649e-12
5.462394537389979087e+04 2.085443540524211164e-12
5.463806663811247563e+04 2.152655414349687341e-12
5.465218790221058589e+04 2.104971344022201223e-12
5.466630916630088905e+04 2.133207525861627495e-12
5.468043043038932228e+04 2.132274853168092188e-12
5.469455169460907928e+04 2.048728798042713370e-12
5.470867295871412352e+04 2.056017692224842568e-12
5.472279422280485596e+04 2.066312085693484294e-12
5.473691548689564661e+04 1.888867010724571219e-12
5.475103675099843531e+04 1.819818332586999187e-12
5.476515801520462264e+04 1.735672542612251709e-12
5.477927927930566511e+04 1.799007793906322155e-12
5.479340054339771450e+04 1.651332797419303515e-12
5.480752180750167463e+04 1.661822759297340098e-12
5.482164307160656608e+04 1.568495181411460038e-12
5.483576433579837612e+04 1.650860752857540788e-12
5.484988559990350041e+04 1.523696117397439177e-12
5.486400686399868573e+04 1.572770634442735949e-12
5.487812812810419564e+04 1.536856034793584903e-12
5.489224939218646614e+04 1.349817435884115126e-12
5.490637065640381479e+04 1.320918977013635294e-12
5.492049192050323472e+04 1.265328780734775051e-12
5.493461318458818278e+04 1.299766317708147358e-12
5.494873444870896492e+04 1.302196031829944058e-12
5.496285571288658684e+04 1.263997649816260611e-12
5.497697697700904973e+04 1.258171795955683066e-12
5.499109824108816974e+04 1.196011816492436811e-12
5.500521950518418453e+04 1.096093732119905986e-12
5.501934076929727598e+04 1.021464281091651881e-12
5.503346203350046562e+04 9.501585002900677696e-13
5.504758329759499611e+04 8.544684659460280849e-13
5.506170456170344551e+04 7.979874158530524812e-13
5.507582582580246526e+04 7.196980062799428003e-13
5.508994708989057835e+04 6.858651678211523295e-13
5.510406835410191707e+04 7.207733843483539217e-13
5.511818961821545236e+04 7.156995257675561559e-13
5.513231088229182205e+04 5.795518971881053039e-13
5.514643214638742211e+04 4.591457882821165450e-13
5.516055341060226783e+04 4.248255178994028215e-13
5.517467467469035910e+04 4.180769186757160207e-13
5.518879593880462926e+04 3.323410185499622500e-13
5.520291720291514503e+04 1.789970200230991357e-13
5.521703846701523435e+04 1.309831141422047071e-13
5.523115973119463160e+04 8.938995739767392018e-14
5.524528099529095198e+04 1.815540519189731835e-14
5.525940225938445656e+04 -3.124547284115855933e-14
5.527352352350066212e+04 -1.610482963620057039e-13
5.528764478760852944e+04 -1.862657011104746391e-13
5.530176605178834143e+04 -2.044952579719869258e-13
5.531588731591015676e+04 -2.805683910274618543e-13
5.533000858001226152e+04 -3.383815647719944928e-13
5.534412984410003264e+04 -4.426087310076195651e-13
5.535825110830993799e+04 -5.447336609338800602e-13
5.537237237238988018e+04 -4.797270194709395140e-13
5.538649363650883606e+04 -6.023255793015402143e-13
5.540061490060739743e+04 -5.712396331716614155e-13
5.541473616470182606e+04 -5.455367819653544934e-13
5.542885742890374968e+04 -5.449297257097963168e-13
5.544297869300844468e+04 -6.601989374867813131e-13
5.545709995711464580e+04 -6.603756439683665625e-13
5.547122122118614789e+04 -7.585172325611402401e-13
5.548534248530729383e+04 -8.468064420724960652e-13
5.549946374950678728e+04 -9.551334716824846937e-13
5.551358501359506772e+04 -1.062829619443892259e-12
5.552770627769442945e+04 -1.023172912590609635e-12
5.554182754178465984e+04 -9.342900487197708685e-13
5.555594880589893000e+04 -1.014759996420981148e-12
5.557007007008871005e+04 -1.104332313389914995e-12
5.558419133420995786e+04 -1.135301613387286655e-12
5.559831259830961790e+04 -1.180940033188837273e-12
5.561243386239037500e+04 -1.255271416121046916e-12
5.562655512658328371e+04 -1.306542106839865210e-12
5.564067639068428252e+04 -1.316412851482571676e-12
5.565479765481530922e+04 -1.327787090318316100e-12
5.566891891888582177e+04 -1.401704007205234538e-12
5.568304018301218457e+04 -1.481418981427537254e-12
5.569716144718355645e+04 -1.494814921104564142e-12
5.571128271129906352e+04 -1.499288176194580801e-12
5.572540397538836260e+04 -1.527558235049086259e-12
5.573952523949364695e+04 -1.481159878103415102e-12
5.575364650360881205e+04 -1.479150090058643980e-12
5.576776776780567161e+04 -1.583736997930586120e-12
5.578188903190493147e+04 -1.538860997105762629e-12
5.579601029601109622e+04 -1.534479073455666531e-12
5.581013156011296087e+04 -1.567312229740545216e-12
5.582425282429407525e+04 -1.553990248675192972e-12
5.583837408840237913e+04 -1.562847412881390918e-12
5.585249535250420013e+04 -1.607134226645423246e-12
5.586661661660738173e+04 -1.651024939925452681e-12
5.588073788069991861e+04 -1.690596768103591914e-12
5.589485914489792049e+04 -1.678647240469652859e-12
5.590898040899940679e+04 -1.737699469142997481e-12
5.592310167309722601e+04 -1.848278513660154965e-12
5.593722293719383742e+04 -1.889142383893255776e-12
5.595134420130170474e+04 -1.873066561367693391e-12
5.596546546549618506e+04 -1.965367901470771694e-12
5.597958672960854165e+04 -2.022076287430506005e-12
5.599370799368483131e+04 -2.052755709379434662e-12
5.600782925779536163e+04 -2.198661655584515618e-12
5.602195052201560611e+04 -2.277652431052232024e-12
5.603607178608341201e+04 -2.290016424731462283e-12
5.605019305019712192e+04 -2.297884826827216788e-12
5.606431431431313831e+04 -2.274381375676820174e-12
5.607843557838579727e+04 -2.143620068403329683e-12
5.609255684261385613e+04 -2.208082195792396853e-12
5.610667810668981110e+04 -2.199873286263025585e-12
5.612079937081557000e+04 -2.331555849800061238e-12
5.613492063489431894e+04 -2.342566748342209212e-12
5.614904189899840276e+04 -2.380873834624058937e-12
5.616316316318234021e+04 -2.375346297042786755e-12
5.617728442730670940e+04 -2.499503447750290852e-12
5.619140569140244043e+04 -2.578742406478660461e-12
5.620552695549673081e+04 -2.643606590749986094e-12
5.621964821961402777e+04 -2.743218416978870391e-12
5.623376948379847454e+04 -2.758075163328103044e-12
5.624789074791115127e+04 -2.863585809296197338e-12
5.626201201200936339e+04 -2.894778474228157123e-12
5.627613327611231216e+04 -3.085464622519449230e-12
5.629025454029571847e+04 -3.212087225738284053e-12
5.630437580438549048e+04 -3.286778474398441163e-12
5.631849706848486676e+04 -3.259433642739651247e-12
5.633261833258618572e+04 -3.289554652352109591e-12
5.634673959668476164e+04 -3.433565967545363076e-12
5.636086086089960008e+04 -3.488787239407262147e-12
5.637498212500142836e+04 -3.575107859295115049e-12
5.638910338911561848e+04 -3.678525327642858824e-12
5.640322465320929041e+04 -3.758421475645438467e-12
5.641734591730630200e+04 -3.734621693681821074e-12
5.643146718149854860e+04 -3.824787665010238064e-12
5.644558844561444130e+04 -3.871242607739337947e-12
5.645970970971421775e+04 -3.810308653583719388e-12
5.647383097380613617e+04 -3.876778583551472691e-12
5.648795223799459200e+04 -3.919980340099928647e-12
5.650207350209262950e+04 -4.068543832660086409e-12
5.651619476618276531e+04 -4.154174999449844434e-12
5.653031603031136183e+04 -4.309581400872736838e-12
5.654443729441444884e+04 -4.319664590386562278e-12
5.655855855861159216e+04 -4.337482163035390075e-12
5.657267982271021901e+04 -4.390605293611725450e-12
5.658680108681364072e+04 -4.405329510099769746e-12
5.660092235089815949e+04 -4.405262004252871668e-12
5.661504361501423409e+04 -4.394313151525887196e-12
5.662916487918656640e+04 -4.356306366989428227e-12
5.664328614329459378e+04 -4.382376033054980883e-12
5.665740740740064939e+04 -4.444566290876026387e-12
