5.300000000000089494e+04 -2.248560690575242095e-12
5.301412126407333562e+04 -2.228597972002589536e-12
5.302824252820365655e+04 -2.273534033424047958e-12
5.304236379241786199e+04 -2.304983404834528260e-12
5.305648505648076389e+04 -2.217519693968024343e-12
5.307060632062867080e+04 -2.088889683548999491e-12
5.308472758467891254e+04 -1.980761772219480382e-12
5.309884884880370373e+04 -1.859219631242142004e-12
5.311297011302883766e+04 -1.920542318540664880e-12
5.312709137709537026e+04 -1.776449148588660928e-12
5.314121264117472310e+04 -1.722557733835704380e-12
5.315533390528278687e+04 -1.583349848125337341e-12
5.316945516949032753e+04 -1.494896846740504915e-12
5.318357643357953930e+04 -1.439260192992758941e-12
5.319769769767722755e+04 -1.359723501590805226e-12
5.321181896182107448e+04 -1.451133253012439477e-12
5.322594022592656256e+04 -1.377576056353304699e-12
5.324006149009827641e+04 -1.298992405615603237e-12
5.325418275417739642e+04 -1.328884475950580820e-12
5.326830401832707139e+04 -1.333914654688538852e-12
5.328242528239571402e+04 -1.292333081843883337e-12
5.329654654648424184e+04 -1.218936202918548950e-12
5.331066781069732679e+04 -1.093056145250121510e-12
5.332478907482407521e+04 -1.070704831462818298e-12
5.333891033888851962e+04 -9.495820556569460889e-13
5.335303160300258605e+04 -8.858848193064767830e-13
5.336715286720332369e+04 -7.866514995233856830e-13
5.338127413132924994e+04 -7.099602380564260529e-13
5.339539539542284911e+04 -7.550363807699920110e-13
5.340951665947402944e+04 -7.243820142995903307e-13
5.342363792360803927e+04 -6.565292121882318510e-13
5.343775918778965570e+04 -4.879492395779104345e-13
5.345188045192914433e+04 -4.176750941022528126e-13
5.346600171597641747e+04 -3.848501430265723964e-13
5.348012298007847858e+04 -4.453516216192989472e-13
5.349424424419843854e+04 -4.035399592522450055e-13
5.350836550837280811e+04 -3.389024300154401956e-13
5.352248677251308254e+04 -1.896566921654791744e-13
5.353660803658777149e+04 -1.602602113695112674e-13
5.355072930069196445e+04 -1.454618773078848153e-13
5.356485056490449642e+04 -7.582354692832097840e-14
5.357897182899611653e+04 -1.650136894287075196e-14
5.359309309310325625e+04 6.530096456882718940e-14
5.360721435721978196e+04 1.003140218869228594e-13
5.362133562128015910e+04 1.569191919963919859e-13
5.363545688548100588e+04 2.042250941855662033e-13
5.364957814958366362e+04 2.650211880901461056e-13
5.366369941369414300e+04 3.566520059156533813e-13
5.367782067781344085e+04 5.526538652446348316e-13
5.369194194191748829e+04 6.648939054621415064e-13
5.370606320610745752e+04 8.075384976708750282e-13
5.372018447022265900e+04 7.879956819846013161e-13
5.373430573431085213e+04 8.930541592157333951e-13
5.374842699837336841e+04 9.513535772083250751e-13
5.376254826252699422e+04 8.997958976339848794e-13
5.377666952668687009e+04 9.792471841698957435e-13
5.379079079078643554e+04 9.905029999304475454e-13
5.380491205490478751e+04 1.067254905147496810e-12
5.381903331898296892e+04 1.110274196517197506e-12
5.383315458322151972e+04 1.170404678050553054e-12
5.384727584732398827e+04 1.192425284051901358e-12
5.386139711139497376e+04 1.163788843611726109e-12
5.387551837549642369e+04 1.164391503993238143e-12
5.388963963962468551e+04 1.153523052809382292e-12
5.390376090377649962e+04 1.135905308968509565e-12
5.391788216790302249e+04 1.141993186053616423e-12
5.393200343200278439e+04 1.293674326545579051e-12
5.394612469608456740e+04 1.288759454868777148e-12
5.396024596022305195e+04 1.336019611945427072e-12
5.397436722440480662e+04 1.265575076417615035e-12
5.398848848852382798e+04 1.362051938411171903e-12
5.400260975260577834e+04 1.283384613987144490e-12
5.401673101672065241e+04 1.421386287114633135e-12
5.403085228088433360e+04 1.464486996391028595e-12
5.404497354497655760e+04 1.457520729209469881e-12
5.405909480910233833e+04 1.454550234654914134e-12
5.407321607322533964e+04 1.513744829941214208e-12
5.408733733728902735e+04 1.391779126993094970e-12
5.410145860152160458e+04 1.411429800421742418e-12
5.411557986560158315e+04 1.414384766818835792e-12
5.412970112967893510e+04 1.461692347727735613e-12
5.414382239377943915e+04 1.427728490238177603e-12
5.415794365787725110e+04 1.380288290470950628e-12
5.417206492210220313e+04 1.336752792785609320e-12
5.418618618621630594e+04 1.380220722001992684e-12
5.420030745030154503e+04 1.254931153997066212e-12
5.421442871441322495e+04 1.245903838672328353e-12
5.422854997848107450e+04 1.295451671055121795e-12
5.424267124272195360e+04 1.202815719793875347e-12
5.425679250679224788e+04 1.114476871350387984e-12
5.427091377092827315e+04 1.166468080293879863e-12
5.428503503500462830e+04 1.091907323998748770e-12
5.429915629917454498e+04 9.730023467904395996e-13
5.431327756330923148e+04 9.674797785729488024e-13
5.432739882740243775e+04 9.636921671919279157e-13
5.434152009150073718e+04 1.015759757882937294e-12
5.435564135558249836e+04 9.649633777041841733e-13
5.436976261981218704e+04 9.157680764637792401e-13
5.438388388391826447e+04 8.669433526028140227e-13
5.439800514798060613e+04 8.887507611990033860e-13
5.441212641207640991e+04 9.013822877747338738e-13
5.442624767621027422e+04 9.801138232282677204e-13
5.444036894037653110e+04 8.677898470244781540e-13
5.445449020450927492e+04 9.027592576297066234e-13
5.446861146858808206e+04 8.450868414546490081e-13
5.448273273269182391e+04 9.427451024551393022e-13
5.449685399692835927e+04 8.929290945961717331e-13
5.451097526102046686e+04 7.954437417274243856e-13
5.452509652511427703e+04 8.362299161820655650e-13
5.453921778920578799e+04 8.462669814217881689e-13
5.455333905330622656e+04 7.936974535328062869e-13
5.456746031749980466e+04 9.327155914541821909e-13
5.458158158161040046e+04 8.840079582940817547e-13
5.459570284570527292e+04 8.971573699051784067e-13
5.460982410979360429e+04 9.342159472089911506e-13
5.462394537388328172e+04 9.428219038825883924e-13
5.463806663809940801e+04 8.691987125542385276e-13
5.465218790218407958e+04 8.297244575652007861e-13
5.466630916632572917e+04 8.091429340486747251e-13
5.468043043041051715e+04 7.431562387523533507e-13
5.469455169462380582e+04 6.834878248234857009e-13
5.470867295869335794e+04 6.969780165388914867e-13
5.472279422279704158e+04 7.043841082885730094e-13
5.473691548692830838e+04 6.789263236489354870e-13
5.475103675097833911e+04 6.022503804994724352e-13
5.476515801517463115e+04 5.538096637757519619e-13
5.477927927927952987e+04 5.908120039687549502e-13
5.479340054337243782e+04 6.156037565572368814e-13
5.480752180751350534e+04 5.046449991703403871e-13
5.482164307159686723e+04 4.470888343362847767e-13
5.483576433578290016e+04 3.378050195556658424e-13
5.484988559991596412e+04 3.740951629050575079e-13
5.486400686398527614e+04 3.541951995971496133e-13
5.487812812808556919e+04 3.277860005529940926e-13
5.489224939217277279e+04 2.903795085860383126e-13
5.490637065640915534e+04 2.433644445893347508e-13
5.492049192047931137e+04 1.077188545968101922e-13
5.493461318461081100e+04 5.949637143742548203e-14
5.494873444867974467e+04 -4.999980138848947120e-14
5.496285571289211657e+04 -1.142679073656661922e-13
5.497697697698004049e+04 -1.513730691418659298e-13
5.499109824107225722e+04 -3.220166079749551985e-13
5.500521950522829866e+04 -3.859749901627476270e-13
5.501934076927630667e+04 -4.638499588762634700e-13
5.503346203350032010e+04 -5.741708027674089984e-13
5.504758329757684260e+04 -5.673896144356043975e-13
5.506170456170727994e+04 -6.397080208571848278e-13
5.507582582582229952e+04 -6.025176640549078067e-13
5.508994708989960054e+04 -6.701293600456683137e-13
5.510406835410464555e+04 -7.580384562393867907e-13
5.511818961817268428e+04 -7.622688299480506073e-13
5.513231088230095338e+04 -8.107481572254613198e-13
5.514643214637679921e+04 -8.483401477221026013e-13
5.516055341062678781e+04 -8.066743241312154010e-13
5.517467467471310374e+04 -8.198241554222434413e-13
5.518879593878205196e+04 -8.012541578169898891e-13
5.520291720288780925e+04 -9.303644919175191372e-13
5.521703846697644622e+04 -8.673952953280720183e-13
5.523115973119624687e+04 -9.075817471607210828e-13
5.524528099531150656e+04 -9.190805576015623062e-13
5.525940225939056836e+04 -9.986497741982007280e-13
5.527352352347717533e+04 -1.000747334495413271e-12
5.528764478762664658e+04 -1.033401790598956274e-12
5.530176605180167098e+04 -1.047232762418670890e-12
5.531588731591069518e+04 -1.049838974792758452e-12
5.533000857997297862e+04 -1.056170266238086019e-12
5.534412984409355704e+04 -1.099052322270214088e-12
5.535825110829503683e+04 -1.032219971912091358e-12
5.537237237238956004e+04 -9.994051980747477623e-13
5.538649363651269232e+04 -9.421851968657556115e-13
5.540061490059116477e+04 -7.772669316570306434e-13
5.541473616469018452e+04 -8.129539949449788864e-13
5.542885742889073299e+04 -8.061459470975638247e-13
5.544297869299157901e+04 -7.994436585928652550e-13
5.545709995712000091e+04 -8.205921696967330306e-13
5.547122122121104621e+04 -9.152434239886343801e-13
5.548534248529871547e+04 -9.803643195864465540e-13
5.549946374950227619e+04 -8.372652140119905259e-13
5.551358501358288049e+04 -8.884183221324466427e-13
5.552770627767603582e+04 -9.191640739079140116e-13
5.554182754177269817e+04 -9.291893881095568369e-13
5.555594880589332024e+04 -8.616209191517321424e-13
5.557007007009929657e+04 -8.641851635326781570e-13
5.558419133417886769e+04 -7.365479059914158178e-13
5.559831259828898328e+04 -7.387226873960086377e-13
5.561243386242815905e+04 -7.447476124914032259e-13
5.562655512659618398e+04 -6.853293278016590011e-13
5.564067639069823053e+04 -5.999504819144418727e-13
5.565479765478450281e+04 -7.170478976581464289e-13
5.566891891892755666e+04 -7.203919073516616094e-13
5.568304018300863390e+04 -7.273619516526029184e-13
5.569716144717481802e+04 -7.379001147304351487e-13
5.571128271130499343e+04 -8.217404139890845673e-13
5.572540397541921993e+04 -8.443695558909846433e-13
5.573952523951602052e+04 -6.724527081459821507e-13
5.575364650361506938e+04 -7.085602907252082340e-13
5.576776776782340312e+04 -6.778732941401390508e-13
5.578188903191266581e+04 -6.348040608585998264e-13
5.579601029597237357e+04 -5.729751346428074644e-13
5.581013156011800311e+04 -5.811060136340428650e-13
5.582425282429783692e+04 -5.354188169403365027e-13
5.583837408842666628e+04 -4.793109675495942815e-13
5.585249535247914901e+04 -4.171160804336079284e-13
5.586661661660081882e+04 -4.051291822325309712e-13
5.588073788068840804e+04 -3.761637127261263167e-13
5.589485914492176380e+04 -3.111636849485617712e-13
5.590898040898208274e+04 -3.455262383729640718e-13
5.592310167311598343e+04 -3.382506670819526112e-13
5.593722293718011497e+04 -4.031759918317253103e-13
5.595134420128937927e+04 -3.187582129874486643e-13
5.596546546550750645e+04 -2.193754871487738466e-13
5.597958672962912533e+04 -1.436358499262978836e-13
5.599370799368532607e+04 -1.769763990339296825e-15
5.600782925778611389e+04 -7.912097214944910205e-14
5.602195052200117061e+04 -6.056104686254947264e-14
5.603607178608226968e+04 -3.020559742329813797e-14
5.605019305018461455e+04 3.412629990345366065e-14
5.606431431428164797e+04 4.807646082369027721e-14
5.607843557841800794e+04 1.663019762230384993e-13
5.609255684258843394e+04 1.170617692299722766e-13
5.610667810667767480e+04 1.830514022858135704e-13
5.612079937082958349e+04 2.145576140970049856e-13
5.613492063492043962e+04 2.884036554689362245e-13
5.614904189902859798e+04 2.659255983423455453e-13
5.616316316317734891e+04 3.173607313767125596e-13
5.617728442728974187e+04 3.920813857257127571e-13
5.619140569142005552e+04 4.232275121557500704e-13
5.620552695548122574e+04 4.148674879219620687e-13
5.621964821959605615e+04 3.938087883234171750e-13
5.623376948381477996e+04 4.528342525973569480e-13
5.624789074787386926e+04 3.880373499065972689e-13
5.626201201202706579e+04 3.774773634723314889e-13
5.627613327610379929e+04 4.178732355907567476e-13
5.629025454032383277e+04 3.359357651411431236e-13
5.630437580442532635e+04 2.641788904677961088e-13
5.631849706852689997e+04 3.077215227119714699e-13
5.633261833261014544e+04 2.128285327795749391e-13
5.634673959669659234e+04 2.449617464083004443e-13
5.636086086091865582e+04 2.649108122681839395e-13
5.637498212498680368e+04 2.287260085815774283e-13
5.638910338910319115e+04 3.155082641594464797e-13
5.640322465320950869e+04 2.805329780351781716e-13
5.641734591728037049e+04 2.751795408300476757e-13
5.643146718152183894e+04 2.288896837548293295e-13
5.644558844562574814e+04 2.492055498747695418e-13
5.645970970971200586e+04 2.341969561675041442e-13
5.647383097381305561e+04 1.946631066282054658e-13
5.648795223802705732e+04 1.090383283011791479e-13
5.650207350211105222e+04 1.812576902589456005e-13
5.651619476618670888e+04 2.582009695247199782e-13
5.653031603032408020e+04 3.322795135786551259e-13
5.654443729441503092e+04 2.486096043721601731e-13
5.655855855862281169e+04 3.513976131743368126e-13
5.657267982270667562e+04 3.520909244210345051e-13
5.658680108677745739e+04 3.312303137501174659e-13
5.660092235090480972e+04 4.081786291750688303e-13
5.661504361499890365e+04 4.775735451944119205e-13
5.662916487918636994e+04 5.303147221753425844e-13
5.664328614332194411e+04 5.202818537349341655e-13
5.665740740738282329e+04 6.271130589963635168e-13
