5.300000000000076398e+04 -3.104377893193712901e-12
5.301412126406007155e+04 -3.055614547262015152e-12
5.302824252822597919e+04 -3.062504342279022667e-12
5.304236379240875976e+04 -3.047081736892558797e-12
5.305648505645816476e+04 -3.048679479582337438e-12
5.307060632060038188e+04 -3.048058298408133389e-12
5.308472758473753493e+04 -2.923543022995821762e-12
5.309884884878352022e+04 -2.932784521566128250e-12
5.311297011302919418e+04 -2.930481772852063642e-12
5.312709137709107017e+04 -2.825874557274126297e-12
5.314121264118640829e+04 -2.804394389137636704e-12
5.315533390531829355e+04 -2.749665172688707904e-12
5.316945516950968886e+04 -2.834013173539416105e-12
5.318357643363156967e+04 -2.823579696063958192e-12
5.319769769768690458e+04 -2.847804957010576696e-12
5.321181896180392505e+04 -2.785812073835717244e-12
5.322594022587411746e+04 -2.805601821111646411e-12
5.324006149013530376e+04 -2.691871419521848501e-12
5.325418275418369740e+04 -2.762155035108569937e-12
5.326830401830467599e+04 -2.786074132128436552e-12
5.328242528243851848e+04 -2.716525181190345841e-12
5.329654654646503332e+04 -2.702740399891011766e-12
5.331066781066040130e+04 -2.662464068515331195e-12
5.332478907483334478e+04 -2.622705736885333116e-12
5.333891033889216487e+04 -2.608623323041012295e-12
5.335303160297440627e+04 -2.565805444746568809e-12
5.336715286722601741e+04 -2.628053464527054836e-12
5.338127413131316280e+04 -2.568738791348672597e-12
5.339539539539382531e+04 -2.537743315578046438e-12
5.340951665948502341e+04 -2.537230305885849547e-12
5.342363792363520770e+04 -2.586469578168721466e-12
5.343775918782773806e+04 -2.573707918803369867e-12
5.345188045187832176e+04 -2.563189529933925796e-12
5.346600171602408955e+04 -2.600039626198714441e-12
5.348012298013837426e+04 -2.529451617349380685e-12
5.349424424422626180e+04 -2.531693600089550124e-12
5.350836550839433767e+04 -2.453672343180513941e-12
5.352248677247789601e+04 -2.544490672737701194e-12
5.353660803662843682e+04 -2.626455681594909506e-12
5.355072930068775895e+04 -2.627868993517560849e-12
5.356485056492244621e+04 -2.551712406917407744e-12
5.357897182904296642e+04 -2.604455662563864070e-12
5.359309309307895455e+04 -2.600381203408266204e-12
5.360721435720856243e+04 -2.574108410837943448e-12
5.362133562133154919e+04 -2.522935573314196240e-12
5.363545688546398742e+04 -2.475410947796709517e-12
5.364957814955803769e+04 -2.443560885124334704e-12
5.366369941367975844e+04 -2.316937795022825136e-12
5.367782067781251681e+04 -2.336770521146516359e-12
5.369194194188905385e+04 -2.292739576946708522e-12
5.370606320608118403e+04 -2.310142307992455968e-12
5.372018447019741870e+04 -2.243056028934164762e-12
5.373430573427633499e+04 -2.141148190837651339e-12
5.374842699842470756e+04 -2.201135716389231986e-12
5.376254826249262987e+04 -2.275353586725557043e-12
5.377666952670722821e+04 -2.361575916053184395e-12
5.379079079080505471e+04 -2.253993582296386321e-12
5.380491205493485904e+04 -2.240690421643130691e-12
5.381903331896244345e+04 -2.261459990066346361e-12
5.383315458320053585e+04 -2.225609514193319055e-12
5.384727584730827948e+04 -2.215961648202884207e-12
5.386139711142123269e+04 -2.201196884786795662e-12
5.387551837553565565e+04 -2.121882721116628352e-12
5.388963963957744272e+04 -2.095761883723410611e-12
5.390376090383694100e+04 -1.996586019425443055e-12
5.391788216789059516e+04 -1.958644228233613641e-12
5.393200343201211945e+04 -1.927293170909782687e-12
5.394612469611665438e+04 -1.893046594808656837e-12
5.396024596017892327e+04 -1.889455687932745761e-12
5.397436722437955905e+04 -1.860428385838458559e-12
5.398848848851073126e+04 -1.831734612480359457e-12
5.400260975261662679e+04 -1.824277219000566445e-12
5.401673101668369782e+04 -1.745138833988660213e-12
5.403085228091795580e+04 -1.643228420380670410e-12
5.404497354501985683e+04 -1.641935513619538880e-12
5.405909480912284926e+04 -1.665345625183890435e-12
5.407321607316070731e+04 -1.602303543021349780e-12
5.408733733728641528e+04 -1.622138200778647934e-12
5.410145860153451213e+04 -1.645062828429705970e-12
5.411557986560037534e+04 -1.653230419199104803e-12
5.412970112971573690e+04 -1.621588329078445517e-12
5.414382239376432699e+04 -1.592659540298128997e-12
5.415794365787518473e+04 -1.542594816587084609e-12
5.417206492211775185e+04 -1.525404565238136607e-12
5.418618618618862820e+04 -1.538299507322389517e-12
5.420030745029987156e+04 -1.372505463176959061e-12
5.421442871438189468e+04 -1.365633354680168138e-12
5.422854997846324841e+04 -1.276748590363856174e-12
5.424267124267348117e+04 -1.217986364397152532e-12
5.425679250675666844e+04 -1.177724681242994037e-12
5.427091377086139255e+04 -1.167723970180297733e-12
5.428503503500561055e+04 -1.176445939794982497e-12
5.429915629918603372e+04 -1.169593147634264325e-12
5.431327756333303842e+04 -1.186629512172499975e-12
5.432739882740635221e+04 -1.052344919306696338e-12
5.434152009151534003e+04 -1.095884584692389052e-12
5.435564135560450814e+04 -1.044977668728575622e-12
5.436976261979390983e+04 -9.801127683186430153e-13
5.438388388391091576e+04 -8.821152005211091824e-13
5.439800514798368386e+04 -8.831119234624595186e-13
5.441212641210189759e+04 -8.453059905010077948e-13
5.442624767618023179e+04 -8.572267453693284419e-13
5.444036894040389598e+04 -7.949083819316442494e-13
5.445449020447114890e+04 -8.226395578754544967e-13
5.446861146856489358e+04 -8.427929351779519189e-13
5.448273273273409723e+04 -7.355396230122583305e-13
5.449685399690082704e+04 -7.226324472484927669e-13
5.451097526100539108e+04 -7.515670309296310910e-13
5.452509652508485306e+04 -6.391936019489387839e-13
5.453921778916453331e+04 -6.468628312476623978e-13
5.455333905334251904e+04 -7.103157074906821542e-13
5.456746031751530245e+04 -6.353721867958934000e-13
5.458158158161259053e+04 -5.374988874270938495e-13
5.459570284573280514e+04 -4.734349710863083029e-13
5.460982410977936524e+04 -4.251473502939506223e-13
5.462394537389423931e+04 -3.588588359154612530e-13
5.463806663805894641e+04 -3.702895997254049170e-13
5.465218790222053212e+04 -2.998545118699799962e-13
5.466630916634306050e+04 -2.913997515709674520e-13
5.468043043039830809e+04 -2.327650134223435167e-13
5.469455169463373750e+04 -2.755159284184016231e-13
5.470867295870952512e+04 -1.877785544648070225e-13
5.472279422282733140e+04 -1.397517042094305357e-13
5.473691548693281948e+04 -1.639995008814673160e-13
5.475103675103225396e+04 -1.513221895169666115e-13
5.476515801516737702e+04 -1.693848953785308686e-13
5.477927927930769511e+04 -5.772230756531324980e-14
5.479340054341792711e+04 9.775409451325936462e-15
5.480752180745689839e+04 -1.205422518630181361e-13
5.482164307159239252e+04 -1.239367759888573206e-13
5.483576433579543664e+04 -1.601898186226351753e-14
5.484988559985723259e+04 -1.447700883211131469e-13
5.486400686396559468e+04 -1.676470690098586296e-13
5.487812812811610638e+04 -2.078947299434670012e-14
5.489224939219481894e+04 6.136211735232788174e-15
5.490637065643090318e+04 9.038119212688662524e-14
5.492049192052116996e+04 1.131776880819959475e-13
5.493461318463717907e+04 2.459749230702032078e-13
5.494873444873982953e+04 2.846552421778783211e-13
5.496285571293275279e+04 2.752906824498424631e-13
5.497697697702486039e+04 3.816837737824326015e-13
5.499109824106031010e+04 3.502921521528492155e-13
5.500521950519333768e+04 4.934468065432281124e-13
5.501934076934368204e+04 5.969862311600142293e-13
5.503346203351330041e+04 5.823367218824927362e-13
5.504758329761258938e+04 7.160212205743051479e-13
5.506170456173241837e+04 7.821101328133767716e-13
5.507582582578020083e+04 7.791444313483510715e-13
5.508994708987831109e+04 8.013079953581456371e-13
5.510406835413009685e+04 9.391042981219627207e-13
5.511818961823009158e+04 1.074322513897945986e-12
5.513231088232208276e+04 1.017236302024482039e-12
5.514643214644230466e+04 1.074765501871879536e-12
5.516055341064032109e+04 1.118979307386508748e-12
5.517467467470093106e+04 1.290105304165868323e-12
5.518879593883421330e+04 1.278261814641838272e-12
5.520291720290251396e+04 1.297413317980032699e-12
5.521703846701511065e+04 1.326564244625185139e-12
5.523115973122174910e+04 1.412174246099308309e-12
5.524528099532573833e+04 1.432551692900248987e-12
5.525940225939131051e+04 1.401635253138053600e-12
5.527352352346948464e+04 1.424738878836718542e-12
5.528764478757088364e+04 1.478149835833420316e-12
5.530176605182702042e+04 1.524681601676771273e-12
5.531588731591022224e+04 1.569938489339325362e-12
5.533000857998397987e+04 1.556796942031211021e-12
5.534412984408452030e+04 1.651758625675988552e-12
5.535825110828684410e+04 1.685509415817915362e-12
5.537237237242647825e+04 1.762182392469078144e-12
5.538649363646066922e+04 1.781219285546574563e-12
5.540061490056149341e+04 1.881883151600007477e-12
5.541473616465981468e+04 1.916237899183140082e-12
5.542885742885965738e+04 1.864806222756019193e-12
5.544297869298532169e+04 1.877278137080280145e-12
5.545709995710906514e+04 1.847120185447872353e-12
5.547122122121069697e+04 1.852518457502317504e-12
5.548534248526456213e+04 1.952879700957278476e-12
5.549946374950455356e+04 1.900340554595323409e-12
5.551358501362911920e+04 1.877976100690373311e-12
5.552770627774091554e+04 1.849109768063358153e-12
5.554182754184022633e+04 1.944005776165488494e-12
5.555594880588533124e+04 1.977061178208799124e-12
5.557007007009318477e+04 1.954109507687239197e-12
5.558419133418767160e+04 1.930770222688487389e-12
5.559831259827335452e+04 1.952128939361920022e-12
5.561243386243200075e+04 1.912341150319411437e-12
5.562655512663929403e+04 1.919808845845109970e-12
5.564067639071493613e+04 1.975526173368889878e-12
5.565479765478166519e+04 2.003721585256313762e-12
5.566891891888702230e+04 1.921019336238997739e-12
5.568304018297322182e+04 2.001313482025919519e-12
5.569716144721888122e+04 1.992224502025853713e-12
5.571128271132926602e+04 2.097078725251320187e-12
5.572540397542649589e+04 2.028563681201519760e-12
5.573952523950832256e+04 2.105701537674165022e-12
5.575364650358306972e+04 2.177518387436655730e-12
5.576776776776093175e+04 2.171369353786852529e-12
5.578188903191253485e+04 2.264082615912769569e-12
5.579601029599224421e+04 2.225341772285400128e-12
5.581013156011358660e+04 2.249332661687670259e-12
5.582425282431983942e+04 2.203715202418426382e-12
5.583837408836757822e+04 2.242610576734377017e-12
5.585249535250685585e+04 2.413463569297242920e-12
5.586661661657149671e+04 2.408500558682301775e-12
5.588073788072328898e+04 2.386853384723516988e-12
5.589485914491579024e+04 2.473980362457214944e-12
5.590898040897384635e+04 2.464729125234139006e-12
5.592310167312007252e+04 2.362812272847458151e-12
5.593722293719047593e+04 2.467293046908852935e-12
5.595134420127459452e+04 2.444812694987466336e-12
5.596546546551114443e+04 2.393088698007778622e-12
5.597958672956900409e+04 2.510617013208400578e-12
5.599370799367422296e+04 2.591292334693822987e-12
5.600782925777313358e+04 2.657237018290218634e-12
5.602195052199580823e+04 2.666577110659228780e-12
5.603607178605994704e+04 2.749142857568297664e-12
5.605019305021505716e+04 2.818945657356276860e-12
5.606431431428373617e+04 2.776740750793206602e-12
5.607843557841095026e+04 2.747768822195660866e-12
5.609255684261644637e+04 2.729862578656285441e-12
5.610667810669491155e+04 2.653689251231535966e-12
5.612079937080098171e+04 2.608031871534408499e-12
5.613492063494235481e+04 2.581618713588623933e-12
5.614904189897852484e+04 2.585055733653823264e-12
5.616316316319785983e+04 2.560668215484193819e-12
5.617728442729644303e+04 2.568208025331230593e-12
5.619140569136935665e+04 2.477676221425787957e-12
5.620552695545946335e+04 2.499806303786390085e-12
5.621964821959989058e+04 2.453514060510340261e-12
5.623376948381877446e+04 2.437391358668342243e-12
5.624789074794452608e+04 2.407787142003351136e-12
5.626201201201301592e+04 2.348854288401338570e-12
5.627613327612803550e+04 2.263176035873091831e-12
5.629025454033835558e+04 2.244848696207331785e-12
5.630437580436516873e+04 2.132659416297199245e-12
5.631849706847213383e+04 2.194291405926433982e-12
5.633261833256148384e+04 2.089019949841797558e-12
5.634673959667392046e+04 2.013965682153525467e-12
5.636086086090755998e+04 2.000990255335636536e-12
5.637498212496231281e+04 1.909486195847869175e-12
5.638910338905668323e+04 1.912535601435876220e-12
5.640322465321027266e+04 1.879975985351764631e-12
5.641734591729593376e+04 1.857617970225505383e-12
5.643146718147726642e+04 1.878269708998677822e-12
5.644558844556329859e+04 1.878580058131579107e-12
5.645970970968454640e+04 1.861676976312244565e-12
5.647383097379284300e+04 1.972203763564388556e-12
5.648795223797228391e+04 1.918118022560881037e-12
5.650207350206905539e+04 2.017250747041619378e-12
5.651619476618075714e+04 1.951487637004307219e-12
5.653031603028029349e+04 2.055036075911260464e-12
5.654443729437051661e+04 2.043421806908626229e-12
5.655855855861554301e+04 2.061741420039957337e-12
5.657267982272677182e+04 1.985856549900559612e-12
5.658680108678999386e+04 2.040166360402510386e-12
5.660092235088329471e+04 2.057064291198892168e-12
5.661504361504178814e+04 2.039413023295675753e-12
5.662916487919047358e+04 2.081934717770338146e-12
5.664328614331642166e+04 2.129843094497802080e-12
5.665740740736383304e+04 2.135386882950661800e-12
