5.300000000000058935e+04 -8.294212882990594504e-13
5.301412126409519260e+04 -8.215210836363936867e-13
5.302824252819265530e+04 -7.417998139256148093e-13
5.304236379240835959e+04 -7.229047422810801993e-13
5.305648505650587322e+04 -6.546256863239028952e-13
5.307060632059218915e+04 -5.218400785966526606e-13
5.308472758470501867e+04 -4.265440653449704258e-13
5.309884884879722085e+04 -3.652088217449464397e-13
5.311297011299962469e+04 -2.768765284376931969e-13
5.312709137709959032e+04 -2.888571079606998672e-13
5.314121264120546402e+04 -1.729504941102456815e-13
5.315533390529325698e+04 -1.455475854367266451e-13
5.316945516950276942e+04 -1.006030750782955338e-13
5.318357643359307258e+04 -1.441417626663035791e-14
5.319769769770749554e+04 7.214132388040347145e-14
5.321181896180559852e+04 1.226187004474017615e-13
5.322594022590457462e+04 1.678374566786502446e-13
5.324006149009596993e+04 1.896260321801868655e-13
5.325418275420495047e+04 2.208609054291643515e-13
5.326830401829298353e+04 2.926755423271849989e-13
5.328242528239883541e+04 2.799876203188890322e-13
5.329654654649938311e+04 3.488634119440777706e-13
5.331066781070848083e+04 4.275856864566401804e-13
5.332478907479186455e+04 3.223861896805408627e-13
5.333891033889240498e+04 4.286143872515205648e-13
5.335303160299720184e+04 4.140432468429558662e-13
5.336715286720100994e+04 5.092235205962918021e-13
5.338127413129783963e+04 5.604838196071905818e-13
5.339539539539194811e+04 6.472071731836766805e-13
5.340951665949835296e+04 6.541195335207352581e-13
5.342363792359623039e+04 7.529220370544246546e-13
5.343775918779685162e+04 8.732555637290629810e-13
5.345188045190154662e+04 8.459797422066043165e-13
5.346600171600107569e+04 8.712166594691596369e-13
5.348012298009652295e+04 9.139294866582853952e-13
5.349424424419669958e+04 9.859998720992657751e-13
5.350836550840457494e+04 9.650460705992623905e-13
5.352248677249485627e+04 9.895145615523090068e-13
5.353660803660150850e+04 1.004463552558903998e-12
5.355072930069657741e+04 9.858523526139832566e-13
5.356485056489810086e+04 1.076309543086967104e-12
5.357897182899669860e+04 1.191527967715672351e-12
5.359309309310734534e+04 1.301191158797224030e-12
5.360721435719230067e+04 1.335132053658290632e-12
5.362133562130609062e+04 1.460709770127654983e-12
5.363545688549918123e+04 1.554443611720160386e-12
5.364957814960913674e+04 1.559986251340602648e-12
5.366369941370124434e+04 1.703137349481815407e-12
5.367782067779959470e+04 1.638105591611850254e-12
5.369194194190951384e+04 1.677826967646775927e-12
5.370606320610742114e+04 1.700495379793860647e-12
5.372018447020200256e+04 1.839907918316058741e-12
5.373430573430078221e+04 1.912997952667095711e-12
5.374842699840844580e+04 1.995553241249009289e-12
5.376254826249165490e+04 1.949913769153553141e-12
5.377666952670501632e+04 1.934497228617792650e-12
5.379079079080711381e+04 1.994850998648104453e-12
5.380491205490528955e+04 2.062545453710403587e-12
5.381903331900930789e+04 2.151876930796807171e-12
5.383315458320888138e+04 2.156513857187911411e-12
5.384727584730653325e+04 2.167181700233003039e-12
5.386139711140342843e+04 2.176249327465309787e-12
5.387551837550814525e+04 2.139777053335224450e-12
5.388963963959336252e+04 2.200862058235224736e-12
5.390376090379693051e+04 2.180651691971411808e-12
5.391788216790025035e+04 2.154762645441324759e-12
5.393200343199936469e+04 2.297414184489646197e-12
5.394612469609224354e+04 2.368272994824955817e-12
5.396024596020860918e+04 2.238230862523087890e-12
5.397436722439635923e+04 2.248247232234330848e-12
5.398848848849183560e+04 2.287002942701302330e-12
5.400260975260318810e+04 2.311102733331194781e-12
5.401673101669528114e+04 2.300662499274066863e-12
5.403085228090851888e+04 2.321187320145458535e-12
5.404497354499341600e+04 2.365531716777411227e-12
5.405909480910855200e+04 2.352016203241409554e-12
5.407321607320141629e+04 2.272664232393270589e-12
5.408733733729716914e+04 2.294907599513840539e-12
5.410145860150464432e+04 2.334569285583623066e-12
5.411557986559738492e+04 2.245417665513068997e-12
5.412970112970841001e+04 2.166542427265655737e-12
5.414382239379247767e+04 2.215640637671004246e-12
5.415794365789445874e+04 2.148785777722807319e-12
5.417206492210000579e+04 2.156533141638188406e-12
5.418618618620635971e+04 2.138174738534654186e-12
5.420030745029383252e+04 2.148199504197038282e-12
5.421442871440072486e+04 2.074010912113892534e-12
5.422854997849619394e+04 2.024633667519841797e-12
5.424267124269229680e+04 1.978066705196775916e-12
5.425679250680679252e+04 2.012383318871403347e-12
5.427091377089445450e+04 1.903275047685578852e-12
5.428503503499562794e+04 1.823168884288849682e-12
5.429915629919573257e+04 1.820821166451040893e-12
5.431327756329660042e+04 1.799206970919101050e-12
5.432739882739497989e+04 1.732352898091323794e-12
5.434152009149691730e+04 1.709524306938876894e-12
5.435564135559750139e+04 1.584587831237908316e-12
5.436976261979692208e+04 1.472459903749519558e-12
5.438388388389795728e+04 1.408971033088454343e-12
5.439800514800300152e+04 1.319628405129441680e-12
5.441212641209187859e+04 1.199171169362209878e-12
5.442624767620787316e+04 1.155470506046647878e-12
5.444036894039910840e+04 1.075828087763723776e-12
5.445449020450017997e+04 1.097497250538289951e-12
5.446861146860264125e+04 9.939673017652570555e-13
5.448273273270910431e+04 8.698260800614273889e-13
5.449685399690113263e+04 7.869241961214735430e-13
5.451097526100814866e+04 6.616621149403169387e-13
5.452509652509314765e+04 6.279654897827595113e-13
5.453921778920397628e+04 5.485933161771871680e-13
5.455333905329502886e+04 5.060284676269220191e-13
5.456746031750091788e+04 4.046331894314947868e-13
5.458158158160271705e+04 4.016646959561961718e-13
5.459570284569256910e+04 2.617957587774414043e-13
5.460982410980858549e+04 1.876739407432144037e-13
5.462394537389641482e+04 2.548454854735116438e-13
5.463806663809714519e+04 2.090151366763341448e-13
5.465218790220087249e+04 1.947018765951986417e-13
5.466630916629503190e+04 1.414581653139691959e-13
5.468043043039483018e+04 4.678437075387880467e-14
5.469455169460401521e+04 -1.967482999679711848e-14
5.470867295870610542e+04 -1.629627559042611424e-13
5.472279422279241408e+04 -1.754328423364685091e-13
5.473691548690774653e+04 -2.816788813036228796e-13
5.475103675100094551e+04 -2.647369013949270812e-13
5.476515801519350498e+04 -3.123117714151257194e-13
5.477927927929309226e+04 -3.805359585197289742e-13
5.479340054340873758e+04 -4.525614125034313049e-13
5.480752180750133994e+04 -5.621952177559893506e-13
5.482164307159748569e+04 -5.962345026694899023e-13
5.483576433579572040e+04 -6.056453144046862222e-13
5.484988559989295754e+04 -6.925560026410063893e-13
5.486400686399717961e+04 -8.652347426380478726e-13
5.487812812810838659e+04 -9.931321029835936484e-13
5.489224939219705266e+04 -1.051094601179552230e-12
5.490637065639284992e+04 -1.184741089068914922e-12
5.492049192049392150e+04 -1.247815672015865116e-12
5.493461318460102484e+04 -1.297000465667355235e-12
5.494873444870016101e+04 -1.399894945888401664e-12
5.496285571289347718e+04 -1.520871681132484537e-12
5.497697697699624405e+04 -1.475798017431891833e-12
5.499109824110718910e+04 -1.555973053865324758e-12
5.500521950520468090e+04 -1.645849611842211960e-12
5.501934076930788433e+04 -1.576912031264094739e-12
5.503346203349399002e+04 -1.680975647681528950e-12
5.504758329760562629e+04 -1.767749901711807422e-12
5.506170456169659155e+04 -1.953863737775328010e-12
5.507582582580213057e+04 -1.992092077561253526e-12
5.508994708989587525e+04 -2.099518797157614391e-12
5.510406835410452913e+04 -2.168645549009878044e-12
5.511818961820362165e+04 -2.230425843613744655e-12
5.513231088230061141e+04 -2.288811025474959196e-12
5.514643214639415237e+04 -2.253928996965678257e-12
5.516055341059347847e+04 -2.239193053219286795e-12
5.517467467470182601e+04 -2.202707135668597057e-12
5.518879593879514869e+04 -2.345233916130432227e-12
5.520291720289199293e+04 -2.241411158561356191e-12
5.521703846700912982e+04 -2.250436806037958051e-12
5.523115973119315458e+04 -2.262854680149007128e-12
5.524528099529651081e+04 -2.230204925149346434e-12
5.525940225939164520e+04 -2.131759774286096751e-12
5.527352352350866568e+04 -2.146874322954254100e-12
5.528764478760783823e+04 -2.100215136355373208e-12
5.530176605179961189e+04 -2.181132164970894364e-12
5.531588731589177769e+04 -2.072938002965549031e-12
5.533000858000275184e+04 -2.009613378098679852e-12
5.534412984410154604e+04 -1.929661883864376779e-12
5.535825110830018093e+04 -1.913685700710372087e-12
5.537237237240929971e+04 -1.933748088335324405e-12
5.538649363649862789e+04 -1.917520813767508640e-12
5.540061490059699281e+04 -1.910989550900210666e-12
5.541473616470707930e+04 -1.855335152147614190e-12
5.542885742890042457e+04 -1.747715325675009749e-12
5.544297869299420563e+04 -1.836391000265257380e-12
5.545709995710704243e+04 -1.788315521658274981e-12
5.547122122119960841e+04 -1.721184644816316990e-12
5.548534248529652541e+04 -1.643454142032288169e-12
5.549946374950252357e+04 -1.602883856624962968e-12
5.551358501359580259e+04 -1.585611810887035552e-12
5.552770627770460851e+04 -1.594178304785612647e-12
5.554182754180493066e+04 -1.652392419142328748e-12
5.555594880590635148e+04 -1.653754662214960106e-12
5.557007007010316011e+04 -1.587593780103263790e-12
5.558419133420602157e+04 -1.514038688771055835e-12
5.559831259829299961e+04 -1.596391425031692206e-12
5.561243386240528343e+04 -1.547335194382048989e-12
5.562655512660626118e+04 -1.528045496635543998e-12
5.564067639069254074e+04 -1.407526340728647154e-12
5.565479765479420166e+04 -1.350932907315621929e-12
5.566891891889232647e+04 -1.316380157515152936e-12
5.568304018300644384e+04 -1.163424556242271949e-12
5.569716144719468139e+04 -1.239219529914821214e-12
5.571128271129679342e+04 -1.242940248137661109e-12
5.572540397539629339e+04 -1.184804845822891926e-12
5.573952523949440365e+04 -1.125587677678296444e-12
5.575364650360920496e+04 -1.025050360740092838e-12
5.576776776779993816e+04 -9.924355014123616078e-13
5.578188903189641132e+04 -1.011874752038566147e-12
5.579601029600282345e+04 -9.843664676188904468e-13
5.581013156010628154e+04 -9.568085946127879868e-13
5.582425282430383231e+04 -8.391235969629332970e-13
5.583837408839569252e+04 -6.902691554489697491e-13
5.585249535249199835e+04 -5.809596438092338632e-13
5.586661661660682876e+04 -5.632520581058658592e-13
5.588073788070273440e+04 -4.753829195721030328e-13
5.589485914489461720e+04 -3.945099697000724535e-13
5.590898040899260377e+04 -4.454114729864290918e-13
5.592310167309497774e+04 -3.467461907792007580e-13
5.593722293720868038e+04 -2.909028831259314776e-13
5.595134420129174396e+04 -3.881348190493029030e-13
5.596546546549219784e+04 -2.877795893014702037e-13
5.597958672959197429e+04 -1.297331555289231714e-13
5.599370799370348686e+04 -5.659182716388399229e-14
5.600782925779652578e+04 -5.969203212270746153e-14
5.602195052200858481e+04 -1.146540272796422894e-13
5.603607178609826224e+04 -1.502166525782925857e-13
5.605019305020083993e+04 -9.734288789421455009e-14
5.606431431429603981e+04 -7.546225210028396103e-14
5.607843557840856374e+04 -5.641656168381509691e-14
5.609255684259569534e+04 -8.612563479633200972e-14
5.610667810669564642e+04 -4.187792278923769905e-14
5.612079937079867523e+04 -3.112375887147731965e-14
5.613492063490729925e+04 9.145397930580963007e-14
5.614904189899885387e+04 3.521973517753635656e-14
5.616316316320697661e+04 -4.930335445305483145e-14
5.617728442730328970e+04 -6.029968908653915681e-14
5.619140569140794832e+04 -4.837638897239104032e-14
5.620552695550853969e+04 -1.284905547600514823e-13
5.621964821960102563e+04 -1.732073905371505657e-13
5.623376948379508394e+04 -1.950578533816681023e-13
5.624789074790722952e+04 -2.123472157688238147e-13
5.626201201199582283e+04 -1.788135245380968354e-13
5.627613327610790293e+04 -1.755949891428795385e-13
5.629025454029450339e+04 -1.292419923871732175e-13
5.630437580439878366e+04 -2.454241147827843612e-13
5.631849706849933864e+04 -2.833276362089416746e-13
5.633261833259171544e+04 -1.762624672585910428e-13
5.634673959670751356e+04 -3.257964560680313312e-13
5.636086086089434684e+04 -3.039208053700907052e-13
5.637498212500008231e+04 -4.253976244540107398e-13
5.638910338909727579e+04 -5.044087721605190451e-13
5.640322465319732873e+04 -5.922262231200699274e-13
5.641734591730621469e+04 -4.465512233538232393e-13
5.643146718149248773e+04 -4.851453117613298616e-13
5.644558844560677244e+04 -4.135257495406014131e-13
5.645970970969894552e+04 -4.674204094087334347e-13
5.647383097380574327e+04 -5.330505099842331894e-13
5.648795223800678650e+04 -5.677152932577401300e-13
5.650207350210590084e+04 -5.098000222869496989e-13
5.651619476620604109e+04 -4.575646122630627954e-13
5.653031603029288090e+04 -4.854318235940173494e-13
5.654443729440475727e+04 -4.758824786649940502e-13
5.655855855859247094e+04 -5.195004943365114844e-13
5.657267982270731591e+04 -4.381521237311203600e-13
5.658680108680116246e+04 -4.557227504815003735e-13
5.660092235090161557e+04 -4.984864781244185057e-13
5.661504361499173683e+04 -4.651010279060253344e-13
5.662916487920535292e+04 -5.383242167946895100e-13
5.664328614329552511e+04 -5.451459270967723183e-13
5.665740740739346074e+04 -6.619860821630612352e-13
