5.299999999999835563e+04 1.301934090208967053e-12
5.301412126406349853e+04 1.333217344071523377e-12
5.302824252822218841e+04 1.362915170011860239e-12
5.304236379242348630e+04 1.397602692451448983e-12
5.305648505646478588e+04 1.343509204918911645e-12
5.307060632057044859e+04 1.381042017512718037e-12
5.308472758469902328e+04 1.466441298815917108e-12
5.309884884883162886e+04 1.450291523254592306e-12
5.311297011298673169e+04 1.440888386854074744e-12
5.312709137712111988e+04 1.364956278532423049e-12
5.314121264123111177e+04 1.424103604057095347e-12
5.315533390533380589e+04 1.457477016766553431e-12
5.316945516951419995e+04 1.511827974126586609e-12
5.318357643358820496e+04 1.393290492488308334e-12
5.319769769773376174e+04 1.426648200700389693e-12
5.321181896180928743e+04 1.341308961257664661e-12
5.322594022593135014e+04 1.343579834806394098e-12
5.324006149013079266e+04 1.394429811001233184e-12
5.325418275416780671e+04 1.392923139600030710e-12
5.326830401830887422e+04 1.281752858803073270e-12
5.328242528236986982e+04 1.295023013823828850e-12
5.329654654651491728e+04 1.307898958521944362e-12
5.331066781067184638e+04 1.264968124426949163e-12
5.332478907477873872e+04 1.295188290342983696e-12
5.333891033893299027e+04 1.280579912006197339e-12
5.335303160298342118e+04 1.286147527552798230e-12
5.336715286717165873e+04 1.268913939918916978e-12
5.338127413130726927e+04 1.239715970537170149e-12
5.339539539538484678e+04 1.184334359133470789e-12
5.340951665951395262e+04 1.295088672503508660e-12
5.342363792360629304e+04 1.311207781523193518e-12
5.343775918777337210e+04 1.267121303016921262e-12
5.345188045191352285e+04 1.294241113853718415e-12
5.346600171601981856e+04 1.356167699626371798e-12
5.348012298011350504e+04 1.311103144055060751e-12
5.349424424422495940e+04 1.230817282606345828e-12
5.350836550838116091e+04 1.234038496140214918e-12
5.352248677247686282e+04 1.254530008386365498e-12
5.353660803659609519e+04 1.341289463793295601e-12
5.355072930069340509e+04 1.381065517767785353e-12
5.356485056492892909e+04 1.397202962151313723e-12
5.357897182897070888e+04 1.384650856132917039e-12
5.359309309309977107e+04 1.326923706221737205e-12
5.360721435722470051e+04 1.384516149313691962e-12
5.362133562128902122e+04 1.412009575469375233e-12
5.363545688548655016e+04 1.322173943130248319e-12
5.364957814959261304e+04 1.324897002905602586e-12
5.366369941372257745e+04 1.277440239192520578e-12
5.367782067779133649e+04 1.336365837550992888e-12
5.369194194190535200e+04 1.359455548327167566e-12
5.370606320611164119e+04 1.391736021632860153e-12
5.372018447018286679e+04 1.401956889436351697e-12
5.373430573431764788e+04 1.456886831102548647e-12
5.374842699842724687e+04 1.352704131641978439e-12
5.376254826250713813e+04 1.343871522038246172e-12
5.377666952668477461e+04 1.311941131515802260e-12
5.379079079078432551e+04 1.168791651974338005e-12
5.380491205490222637e+04 1.292778222975778430e-12
5.381903331898232864e+04 1.258899248116956848e-12
5.383315458322016639e+04 1.135770823792314678e-12
5.384727584729426599e+04 1.127774377797110485e-12
5.386139711141381122e+04 1.009959690405002666e-12
5.387551837552135112e+04 1.123454882425116300e-12
5.388963963961220725e+04 1.083480883994482933e-12
5.390376090376498905e+04 1.115508568155351188e-12
5.391788216792025923e+04 1.105661573915306770e-12
5.393200343201177020e+04 1.040524354565650230e-12
5.394612469610629341e+04 1.043510081340294064e-12
5.396024596023049526e+04 1.077275880520178985e-12
5.397436722439069126e+04 1.029863502591049582e-12
5.398848848849372007e+04 9.625527678922282006e-13
5.400260975259132829e+04 1.003956860141531875e-12
5.401673101668585150e+04 1.026265251997858791e-12
5.403085228090335295e+04 9.971684499229540581e-13
5.404497354498226196e+04 1.095818259660259146e-12
5.405909480906717363e+04 1.076161393835839908e-12
5.407321607323153876e+04 9.975656623386176679e-13
5.408733733728103107e+04 1.026023599649735421e-12
5.410145860147373605e+04 9.666108874877388704e-13
5.411557986562839505e+04 8.732508302193482192e-13
5.412970112970627088e+04 8.136716794376716799e-13
5.414382239383250999e+04 7.726002061831667727e-13
5.415794365793182806e+04 8.259982733930186223e-13
5.417206492211707518e+04 8.450404848812611708e-13
5.418618618623093062e+04 8.840197252622323558e-13
5.420030745029066748e+04 7.524725605237177799e-13
5.421442871439200826e+04 7.276483501523828763e-13
5.422854997846978222e+04 6.167111996330298743e-13
5.424267124272294313e+04 6.626871890323103507e-13
5.425679250678131211e+04 6.461455273493960694e-13
5.427091377089114394e+04 6.099556510348619871e-13
5.428503503500555962e+04 6.399704156830486374e-13
5.429915629917511251e+04 6.902728730574749693e-13
5.431327756331368437e+04 6.276536673015966033e-13
5.432739882740325993e+04 6.314977667170298777e-13
5.434152009149075457e+04 5.481183452490939555e-13
5.435564135559798160e+04 4.447923721202360012e-13
5.436976261979548144e+04 2.872503421339909549e-13
5.438388388387380837e+04 3.405697738749637892e-13
5.439800514798456425e+04 2.301629931231326659e-13
5.441212641209688445e+04 1.779555947431677381e-13
5.442624767620770581e+04 1.231052569629543416e-13
5.444036894037422462e+04 2.164401999477702126e-13
5.445449020446657232e+04 2.446416035679264627e-13
5.446861146861983434e+04 1.604008719273175093e-13
5.448273273271389189e+04 1.300976803848638894e-13
5.449685399687488098e+04 9.991424975765711354e-14
5.451097526101085532e+04 4.660469587114940833e-14
5.452509652509777516e+04 6.209723902427309252e-14
5.453921778921687655e+04 6.661212868736945791e-14
5.455333905329103436e+04 8.379572178823499201e-14
5.456746031751247938e+04 -7.986425097462644501e-14
5.458158158160554012e+04 -1.413358824617646946e-13
5.459570284567104682e+04 -1.721032686029379878e-13
5.460982410981236899e+04 -1.126844231326133854e-13
5.462394537386985030e+04 -1.307208688967733083e-13
5.463806663813237537e+04 -1.572161475429288392e-13
5.465218790222185635e+04 -1.958295522224194352e-13
5.466630916632001754e+04 -2.258684304565061503e-13
5.468043043037704774e+04 -2.250290065103930724e-13
5.469455169457983720e+04 -3.795039949657930650e-13
5.470867295866450149e+04 -3.288380906520770876e-13
5.472279422283087479e+04 -3.205990561722151114e-13
5.473691548691254138e+04 -3.308797721527600394e-13
5.475103675101905537e+04 -3.529754027712454355e-13
5.476515801517973887e+04 -3.765676897440450338e-13
5.477927927931641898e+04 -3.065096848422587408e-13
5.479340054342952499e+04 -3.407412280882304205e-13
5.480752180752085405e+04 -3.958245993043379277e-13
5.482164307159825694e+04 -5.078752358103553920e-13
5.483576433582702157e+04 -6.582201189988160335e-13
5.484988559990256181e+04 -5.308023816352677324e-13
5.486400686400861014e+04 -5.633475878967390645e-13
5.487812812810212927e+04 -5.874607864300072972e-13
5.489224939219686348e+04 -4.651527405150914648e-13
5.490637065643293317e+04 -4.918203651252639903e-13
5.492049192047893303e+04 -6.279571490467660818e-13
5.493461318460217444e+04 -7.217597729318775371e-13
5.494873444872477558e+04 -8.359693339693532739e-13
5.496285571286775667e+04 -9.535323297560217548e-13
5.497697697699696437e+04 -9.898802517419974988e-13
5.499109824112084607e+04 -1.058054168886560434e-12
5.500521950522340921e+04 -1.028010706811512841e-12
5.501934076932611060e+04 -1.086447448215672891e-12
5.503346203346720722e+04 -1.276076623172997559e-12
5.504758329756894091e+04 -1.313834754146432836e-12
5.506170456171914702e+04 -1.415536756352315325e-12
5.507582582576315326e+04 -1.389955179244181841e-12
5.508994708992291999e+04 -1.429759833803822057e-12
5.510406835413209774e+04 -1.377978700352653599e-12
5.511818961816790397e+04 -1.433410766287493502e-12
5.513231088233111223e+04 -1.542858168494543670e-12
5.514643214640905353e+04 -1.508018588429275483e-12
5.516055341060039791e+04 -1.466280521401226737e-12
5.517467467468155519e+04 -1.551912739298609693e-12
5.518879593878579180e+04 -1.459072140965031095e-12
5.520291720291289676e+04 -1.506401783792872697e-12
5.521703846702414012e+04 -1.436399172349459415e-12
5.523115973121190473e+04 -1.440861250999794684e-12
5.524528099528863822e+04 -1.414481504514196531e-12
5.525940225941762765e+04 -1.393067994623495955e-12
5.527352352352225716e+04 -1.251658631496397594e-12
5.528764478759215126e+04 -1.176433540292256896e-12
5.530176605178446334e+04 -1.227239025791290316e-12
5.531588731591362739e+04 -1.112834231865562966e-12
5.533000858000118023e+04 -1.094056947016520222e-12
5.534412984410503850e+04 -1.175838092895317931e-12
5.535825110830314952e+04 -1.176091495370975060e-12
5.537237237240453396e+04 -1.106031553634979942e-12
5.538649363646413258e+04 -1.101349063251678179e-12
5.540061490061346558e+04 -9.991981028761856863e-13
5.541473616469752596e+04 -1.047597265554151088e-12
5.542885742892284907e+04 -1.010111905398461498e-12
5.544297869303148036e+04 -9.427069759959498927e-13
5.545709995712284581e+04 -9.336615083126656768e-13
5.547122122118390689e+04 -1.012818566644180825e-12
5.548534248527236923e+04 -1.070939539511159013e-12
5.549946374950691825e+04 -1.002870598780715471e-12
5.551358501363013056e+04 -1.000955715359571614e-12
5.552770627772121225e+04 -1.007927027288604612e-12
5.554182754177117749e+04 -1.088008149221159439e-12
5.555594880590350658e+04 -1.027426428491844962e-12
5.557007007012374379e+04 -1.082410310990758089e-12
5.558419133421880542e+04 -1.077102997891683266e-12
5.559831259826730093e+04 -1.106092111984576402e-12
5.561243386241866392e+04 -1.023668841004406559e-12
5.562655512659445958e+04 -1.052097177032699133e-12
5.564067639069641154e+04 -1.132985442341219527e-12
5.565479765479028720e+04 -1.105796551084306779e-12
5.566891891891076375e+04 -9.933662950733558135e-13
5.568304018297250877e+04 -9.355991172551934211e-13
5.569716144721856836e+04 -7.908285074809264596e-13
5.571128271130011854e+04 -8.047806863877564319e-13
5.572540397540845152e+04 -8.389780122293718777e-13
5.573952523951312469e+04 -9.260659547181220893e-13
5.575364650360621454e+04 -8.807365451388940718e-13
5.576776776782599336e+04 -9.277775996696178219e-13
5.578188903189767734e+04 -8.588403761633494773e-13
5.579601029599431058e+04 -7.912134855605044195e-13
5.581013156006985082e+04 -7.546016376330034852e-13
5.582425282426807826e+04 -8.486872329960271235e-13
5.583837408837385010e+04 -8.620668837107226732e-13
5.585249535252123314e+04 -8.504399388327504580e-13
5.586661661661531980e+04 -8.287701212150794890e-13
5.588073788072336174e+04 -8.359398940893788259e-13
5.589485914486947877e+04 -8.176907839290878242e-13
5.590898040898069303e+04 -7.005183830412028714e-13
5.592310167311727128e+04 -6.091547499141486085e-13
5.593722293722775066e+04 -6.054885164402274178e-13
5.595134420126951591e+04 -5.703677726089754201e-13
5.596546546552776999e+04 -5.051145368902092071e-13
5.597958672956541704e+04 -5.107028200718469845e-13
5.599370799370572058e+04 -4.769590362408025718e-13
5.600782925778022036e+04 -3.710061994356295506e-13
5.602195052198996564e+04 -3.642126888869682829e-13
5.603607178608853428e+04 -2.397873603760842509e-13
5.605019305020150205e+04 -2.959653011647498833e-13
5.606431431426478957e+04 -2.834055123706580485e-13
5.607843557841082657e+04 -2.493805002124894207e-13
5.609255684259001282e+04 -1.856955837137646541e-13
5.610667810666690639e+04 -1.155267918952325171e-13
5.612079937076570059e+04 -1.364913436163230644e-13
5.613492063487178530e+04 -1.498837774367970127e-13
5.614904189897045580e+04 -2.167299301700569556e-13
5.616316316318413010e+04 -2.559017564325274735e-13
5.617728442729502422e+04 -1.439654577059721423e-13
5.619140569138744468e+04 -2.215852507259278313e-13
5.620552695552005753e+04 -2.236971747472515216e-13
5.621964821960093832e+04 -1.618969270560127098e-13
5.623376948378215457e+04 -2.015494755691183705e-13
5.624789074787838763e+04 -2.308502908473548597e-13
5.626201201202212542e+04 -4.081886387210559308e-13
5.627613327611386921e+04 -4.154308491947660924e-13
5.629025454032312700e+04 -4.102259300641988112e-13
5.630437580441308819e+04 -4.532876941517119661e-13
5.631849706851751398e+04 -4.146738052636691764e-13
5.633261833263142762e+04 -4.962696606698207600e-13
5.634673959670256590e+04 -4.800051599621921353e-13
5.636086086087497824e+04 -5.821539252589145416e-13
5.637498212498547218e+04 -6.684499608008086783e-13
5.638910338910912833e+04 -6.526539802882993695e-13
5.640322465321304480e+04 -6.690409534790673200e-13
5.641734591729232488e+04 -6.767206302394150372e-13
5.643146718149502703e+04 -7.483720040836771027e-13
5.644558844558697456e+04 -8.100441624725709952e-13
5.645970970966559253e+04 -8.780149057086262599e-13
5.647383097378865205e+04 -7.742535322496200796e-13
5.648795223797899962e+04 -8.058658945949717921e-13
5.650207350209035212e+04 -8.496910941664710119e-13
5.651619476617801411e+04 -8.772111195119559216e-13
5.653031603027177334e+04 -8.686878868925162150e-13
5.654443729439599701e+04 -9.385147629120471472e-13
5.655855855858042924e+04 -9.397942355904095309e-13
5.657267982270075299e+04 -9.093122096893392885e-13
5.658680108678805118e+04 -9.450841171816047747e-13
5.660092235091553448e+04 -9.931739028752773127e-13
5.661504361502780375e+04 -1.068818060441071700e-12
5.662916487917377526e+04 -1.089430431141854193e-12
5.664328614332511643e+04 -1.153180941759118315e-12
5.665740740736925363e+04 -1.211878510170069536e-12
