5.300000000000050204e+04 1.113357403702417485e-13
5.301412126407877076e+04 1.065042090907508931e-13
5.302824252821673872e+04 2.189583965290243796e-13
5.304236379238055815e+04 2.353672323686324839e-13
5.305648505649938306e+04 1.310074075250511346e-13
5.307060632061746583e+04 1.383812903298040335e-13
5.308472758468038228e+04 1.695169714943274456e-14
5.309884884881137259e+04 -4.754219366968840278e-14
5.311297011299134465e+04 6.671666239513030331e-15
5.312709137711502262e+04 3.564694815847291545e-14
5.314121264118189720e+04 -1.483647214336615534e-14
5.315533390530079487e+04 5.571332968421016021e-14
5.316945516951905302e+04 6.746411970601248036e-14
5.318357643361353985e+04 8.169417280675949969e-14
5.319769769770825224e+04 6.003424111631223705e-14
5.321181896182244964e+04 -2.936526607016733389e-14
5.322594022588094231e+04 -1.422516088480021107e-13
5.324006149008746434e+04 -1.950083151300511047e-13
5.325418275422222359e+04 -2.115717813417752896e-13
5.326830401828257891e+04 -2.950872166557068936e-13
5.328242528239246167e+04 -2.184069532184141654e-13
5.329654654648142605e+04 -1.653838320793579074e-13
5.331066781070791330e+04 -2.052546533099008112e-13
5.332478907478279143e+04 -2.683163442447917063e-13
5.333891033890838298e+04 -2.623112933131969981e-13
5.335303160300677700e+04 -2.751206397474081810e-13
5.336715286718442076e+04 -2.303883945171187097e-13
5.338127413129292108e+04 -2.968746915719477803e-13
5.339539539540085389e+04 -1.431116742845528793e-13
5.340951665948153823e+04 -1.768560099374466014e-13
5.342363792360104708e+04 -2.564920390467456186e-13
5.343775918779138738e+04 -2.697428285829252348e-13
5.345188045190322737e+04 -2.039657562480949826e-13
5.346600171599439636e+04 -2.329394953837787718e-13
5.348012298011503299e+04 -1.124414740916680083e-13
5.349424424418362469e+04 -9.311464488469266557e-14
5.350836550840285054e+04 -1.159920707277377529e-13
5.352248677248412423e+04 -6.577031268207553162e-14
5.353660803659231897e+04 -6.798214618749580008e-14
5.355072930071809242e+04 -7.161367164293470029e-14
5.356485056487913971e+04 -1.438035038642573879e-13
5.357897182898713072e+04 -2.709916339880528196e-13
5.359309309311876132e+04 -2.379619072652489577e-13
5.360721435720084992e+04 -1.936088968018754611e-13
5.362133562128354242e+04 -3.054736892574274226e-13
5.363545688551061176e+04 -3.171022577101619685e-13
5.364957814962030534e+04 -2.313849703879789799e-13
5.366369941371694586e+04 -2.458210316502112720e-13
5.367782067778371129e+04 -3.543129478197002549e-13
5.369194194188507390e+04 -2.629426540718784588e-13
5.370606320609046816e+04 -2.202489329075771619e-13
5.372018447022261535e+04 -1.759063595283802310e-13
5.373430573429844662e+04 -1.910967486243744131e-13
5.374842699841987633e+04 -1.587695370674558775e-13
5.376254826251123450e+04 -1.514216641391430259e-13
5.377666952669803868e+04 -1.898574691294080305e-13
5.379079079077862843e+04 -2.813560727454005259e-13
5.380491205490439461e+04 -3.217705335271408381e-13
5.381903331901828642e+04 -2.373392026597139053e-13
5.383315458321128972e+04 -2.496594764411508969e-13
5.384727584729744558e+04 -2.041125380985782656e-13
5.386139711141732550e+04 -2.766201215492767386e-13
5.387551837551585777e+04 -2.661164388355732127e-13
5.388963963960529509e+04 -2.087867779636580227e-13
5.390376090378875961e+04 -2.578366005574931728e-13
5.391788216788562568e+04 -3.952279744719092122e-13
5.393200343197990151e+04 -3.915785982891683330e-13
5.394612469611345296e+04 -4.933875500595934359e-13
5.396024596018974989e+04 -5.320839094012665444e-13
5.397436722440872836e+04 -5.543433107598557757e-13
5.398848848848043417e+04 -5.791323796872424023e-13
5.400260975261716521e+04 -6.182528905330914377e-13
5.401673101670984033e+04 -5.917029364039137669e-13
5.403085228089121665e+04 -5.033282514827723778e-13
5.404497354499072389e+04 -5.154194478333336961e-13
5.405909480908283149e+04 -4.041766558943049037e-13
5.407321607321331248e+04 -4.434638701679741928e-13
5.408733733730595850e+04 -4.071605437097869403e-13
5.410145860148383508e+04 -2.708843639562379852e-13
5.411557986561000143e+04 -3.541094246782569976e-13
5.412970112969875481e+04 -4.292708438658536321e-13
5.414382239380060491e+04 -5.685566313923197230e-13
5.415794365790909796e+04 -5.538335503152315475e-13
5.417206492212237208e+04 -5.011572551400429579e-13
5.418618618619671179e+04 -5.434475747175194216e-13
5.420030745028184901e+04 -5.755260357682295400e-13
5.421442871440395538e+04 -6.099202041621172812e-13
5.422854997848671337e+04 -6.607795355165661659e-13
5.424267124271803914e+04 -5.935845107457465790e-13
5.425679250678839162e+04 -5.612548141687860028e-13
5.427091377090669266e+04 -5.161278442133184925e-13
5.428503503498968348e+04 -5.077581310437179785e-13
5.429915629919457569e+04 -5.108239002695853187e-13
5.431327756331809360e+04 -4.862426618517147425e-13
5.432739882738157030e+04 -5.402689855817434211e-13
5.434152009147870558e+04 -5.281380289105093515e-13
5.435564135561635339e+04 -5.542613879324697509e-13
5.436976261981458811e+04 -5.380003279513617610e-13
5.438388388388609746e+04 -6.015822164150535256e-13
5.439800514802166435e+04 -6.170537026948033746e-13
5.441212641208268178e+04 -5.540058450381465000e-13
5.442624767620109196e+04 -5.697761963949525648e-13
5.444036894040746120e+04 -5.459653141901150420e-13
5.445449020450995886e+04 -6.576671307479097729e-13
5.446861146858301800e+04 -6.109782428620174560e-13
5.448273273269429046e+04 -5.976681441808344327e-13
5.449685399690294435e+04 -6.265323146411644666e-13
5.451097526099054812e+04 -6.676743064572132705e-13
5.452509652508579893e+04 -7.189994962355436232e-13
5.453921778918719792e+04 -7.372273667459265379e-13
5.455333905327834509e+04 -5.734080531863971217e-13
5.456746031752177805e+04 -5.343451948055234494e-13
5.458158158159787126e+04 -5.091716104436314834e-13
5.459570284567793715e+04 -5.063646974721435829e-13
5.460982410980681016e+04 -4.441919810402925301e-13
5.462394537389309698e+04 -4.310810152984784781e-13
5.463806663808009034e+04 -4.631417498728887184e-13
5.465218790221599920e+04 -4.498254386416005304e-13
5.466630916629052081e+04 -5.312653437994179378e-13
5.468043043040241173e+04 -5.628125903991408006e-13
5.469455169459393073e+04 -5.244929186788406451e-13
5.470867295870312228e+04 -5.484970526089475933e-13
5.472279422282133601e+04 -6.282870701268517887e-13
5.473691548692192009e+04 -5.950741145929480560e-13
5.475103675099461543e+04 -5.940876444702587325e-13
5.476515801521948015e+04 -6.381994009045506804e-13
5.477927927929808357e+04 -5.473998334263845634e-13
5.479340054339072231e+04 -5.116745226299762521e-13
5.480752180748942919e+04 -4.976472471646599612e-13
5.482164307160704629e+04 -5.208157516886295109e-13
5.483576433579719014e+04 -4.928165338709329096e-13
5.484988559988282941e+04 -5.586266569723223453e-13
5.486400686398018297e+04 -4.564965577784639268e-13
5.487812812811200274e+04 -4.815448142962355615e-13
5.489224939219870430e+04 -5.385284775442971556e-13
5.490637065641832305e+04 -5.151507343327875364e-13
5.492049192050513375e+04 -4.982274165104753494e-13
5.493461318460933398e+04 -5.048009571936878472e-13
5.494873444868696242e+04 -4.896073789886397410e-13
5.496285571291366068e+04 -5.461356208969963822e-13
5.497697697700662684e+04 -5.829737236682311545e-13
5.499109824109938199e+04 -6.411635328106984548e-13
5.500521950519055099e+04 -6.615508857376160255e-13
5.501934076929408184e+04 -7.082286738673205895e-13
5.503346203349264397e+04 -7.140976285346127313e-13
5.504758329758854234e+04 -6.599995705593705182e-13
5.506170456169912359e+04 -7.437729095366653761e-13
5.507582582582285249e+04 -7.228786953551727550e-13
5.508994708991698280e+04 -6.101840304565807518e-13
5.510406835412031796e+04 -6.147369185096075031e-13
5.511818961818890966e+04 -7.375929960281123584e-13
5.513231088232233742e+04 -7.757112154570043114e-13
5.514643214639938378e+04 -8.312948184133793343e-13
5.516055341060069622e+04 -8.453456187350937075e-13
5.517467467468982068e+04 -8.326754955487379330e-13
5.518879593881453911e+04 -8.102630997895603802e-13
5.520291720290252124e+04 -6.967001688882789575e-13
5.521703846698200505e+04 -6.763546471320690920e-13
5.523115973119484261e+04 -5.984663326183382606e-13
5.524528099530911277e+04 -5.815975195689482340e-13
5.525940225939786615e+04 -5.404802122853170019e-13
5.527352352350041474e+04 -5.582257404055395527e-13
5.528764478760353086e+04 -5.587023672496032054e-13
5.530176605179205944e+04 -5.124723797314746126e-13
5.531588731588974770e+04 -4.795112395618311330e-13
5.533000858001792949e+04 -3.965758493427128542e-13
5.534412984411067737e+04 -3.492671974583351821e-13
5.535825110828575271e+04 -3.262774487093897744e-13
5.537237237239912793e+04 -3.385864156496354571e-13
5.538649363649613224e+04 -2.383619126580163362e-13
5.540061490060339565e+04 -2.933729669967049022e-13
5.541473616467805550e+04 -2.902673546161634692e-13
5.542885742888733512e+04 -2.140373768104887527e-13
5.544297869297936268e+04 -2.304247586437339305e-13
5.545709995709013310e+04 -2.431735741314210341e-13
5.547122122122260043e+04 -2.865585450374170696e-13
5.548534248531293997e+04 -2.235892968480901319e-13
5.549946374950384052e+04 -2.426232250261101336e-13
5.551358501360072114e+04 -1.909672790801840225e-13
5.552770627769432758e+04 -2.153259425362889877e-13
5.554182754178288451e+04 -1.626807929456273361e-13
5.555594880589124659e+04 -1.351192699913357087e-13
5.557007007008519577e+04 -6.927319693333806313e-14
5.558419133419327409e+04 -1.076685789309191671e-13
5.559831259830475028e+04 2.393455735133369582e-15
5.561243386239134270e+04 -1.143976818687635327e-13
5.562655512660751992e+04 -3.888951955130064722e-14
5.564067639069590950e+04 2.661279240088117839e-14
5.565479765481212962e+04 1.263318423159489273e-13
5.566891891889128601e+04 1.659579719063520811e-13
5.568304018300445750e+04 2.015963070012889194e-13
5.569716144718152646e+04 3.323575646095352457e-13
5.571128271128165215e+04 4.104257945743099104e-13
5.572540397538257093e+04 4.715229943319650866e-13
5.573952523948534508e+04 4.452586518396194822e-13
5.575364650358026120e+04 4.846372734338351760e-13
5.576776776782120578e+04 5.515310309415578227e-13
5.578188903190971178e+04 5.305940744153420319e-13
5.579601029599112371e+04 6.105767638205058575e-13
5.581013156011806132e+04 6.147009030822789409e-13
5.582425282427971251e+04 7.536534494211071571e-13
5.583837408841623255e+04 7.591913994187994147e-13
5.585249535249145265e+04 7.397174570253351574e-13
5.586661661661657126e+04 8.786560872519279864e-13
5.588073788067997521e+04 1.014434268989051754e-12
5.589485914491136646e+04 1.110318601643242813e-12
5.590898040900280466e+04 1.137012355598853525e-12
5.592310167309977987e+04 1.184310901735060150e-12
5.593722293718500441e+04 1.162412573788579618e-12
5.595134420130362560e+04 1.131977207989667651e-12
5.596546546550987841e+04 1.155922529778779746e-12
5.597958672960819968e+04 1.144115205551020907e-12
5.599370799369742599e+04 1.189349197036299025e-12
5.600782925778037315e+04 1.301144450347674544e-12
5.602195052199684869e+04 1.381569970324330411e-12
5.603607178611538984e+04 1.369266967432185515e-12
5.605019305021861510e+04 1.338332609608831605e-12
5.606431431428876385e+04 1.411351610184182426e-12
5.607843557841239090e+04 1.368739811847267028e-12
5.609255684261840361e+04 1.367046684858622293e-12
5.610667810671996995e+04 1.287275387825034833e-12
5.612079937079342926e+04 1.335382062478913649e-12
5.613492063489233988e+04 1.317252018924185759e-12
5.614904189898998447e+04 1.253867441051832289e-12
5.616316316321694467e+04 1.347134716265747443e-12
5.617728442729023664e+04 1.441855728204257408e-12
5.619140569141909509e+04 1.325310276248517146e-12
5.620552695550461067e+04 1.308274469852301766e-12
5.621964821958701214e+04 1.246488091202986881e-12
5.623376948379671376e+04 1.140055676810340931e-12
5.624789074792159226e+04 1.036410460896849543e-12
5.626201201199046045e+04 9.055181598983861234e-13
5.627613327610121632e+04 9.220763454425209435e-13
5.629025454027995875e+04 9.836756849166715680e-13
5.630437580442211038e+04 1.050171342213658955e-12
5.631849706851573865e+04 9.970071547702160751e-13
5.633261833261683933e+04 9.909359194715017089e-13
5.634673959669459873e+04 1.016892782150645309e-12
5.636086086088660522e+04 8.706112490358237354e-13
5.637498212500367663e+04 8.431019115024150372e-13
5.638910338908671838e+04 8.095693823911046407e-13
5.640322465319484763e+04 8.451805479335818161e-13
5.641734591732094850e+04 7.888583970207118398e-13
5.643146718148947548e+04 8.617675597102043178e-13
5.644558844560780562e+04 9.458626259489422361e-13
5.645970970972168288e+04 1.008507496188781364e-12
5.647383097378750972e+04 1.020951979555319717e-12
5.648795223801640532e+04 9.826825052398687272e-13
5.650207350210430741e+04 1.014997540198581236e-12
5.651619476620399655e+04 1.018770463294412441e-12
5.653031603030915721e+04 9.875758410386551727e-13
5.654443729441986216e+04 1.081600881697390469e-12
5.655855855859825533e+04 1.068690871242976216e-12
5.657267982268385094e+04 1.083131322707282744e-12
5.658680108678779652e+04 1.139603237494686497e-12
5.660092235091880138e+04 1.093663500317468332e-12
5.661504361500997766e+04 1.102791144599891772e-12
5.662916487921092630e+04 1.164433723422773818e-12
5.664328614330801793e+04 1.177539387788498321e-12
5.665740740739936155e+04 1.102288839215393742e-12
