5.300000000000045111e+04 -2.181505565551250291e-12
5.301412126410635392e+04 -2.191951426816009381e-12
5.302824252817479282e+04 -2.204218468802094402e-12
5.304236379241596296e+04 -2.137597487512177350e-12
5.305648505651810410e+04 -2.008447043472946698e-12
5.307060632058460760e+04 -1.901651780953307216e-12
5.308472758468550455e+04 -1.925373795328931757e-12
5.309884884878840239e+04 -1.921370260294745848e-12
5.311297011300217855e+04 -1.980217055293010530e-12
5.312709137711493531e+04 -1.936744223095417549e-12
5.314121264120225533e+04 -1.867809275586728216e-12
5.315533390528304881e+04 -1.883766576821096887e-12
5.316945516948570730e+04 -1.874626362242348972e-12
5.318357643361646478e+04 -1.782359746062021454e-12
5.319769769770953280e+04 -1.746707583477612287e-12
5.321181896179179603e+04 -1.634107278210680175e-12
5.322594022587648942e+04 -1.506018242277183386e-12
5.324006149012207607e+04 -1.440034246001424978e-12
5.325418275419606653e+04 -1.442240737382417309e-12
5.326830401828716276e+04 -1.406745647417724034e-12
5.328242528237940132e+04 -1.320187214266119928e-12
5.329654654652100726e+04 -1.268302899316675927e-12
5.331066781068193086e+04 -1.368094467094813245e-12
5.332478907479812187e+04 -1.414139272601825746e-12
5.333891033889844402e+04 -1.420458305131149384e-12
5.335303160299146111e+04 -1.438275406395855389e-12
5.336715286717342678e+04 -1.501157815370469183e-12
5.338127413132777292e+04 -1.384106427109274820e-12
5.339539539538015379e+04 -1.420688152308975544e-12
5.340951665950301685e+04 -1.435105197150472636e-12
5.342363792362241657e+04 -1.441737129135066421e-12
5.343775918781431392e+04 -1.458468840948926817e-12
5.345188045188123942e+04 -1.388592184429369952e-12
5.346600171598920861e+04 -1.413096447443170062e-12
5.348012298008011567e+04 -1.406133240686921557e-12
5.349424424422533775e+04 -1.432544903067569084e-12
5.350836550839981646e+04 -1.459066194454442424e-12
5.352248677248975582e+04 -1.415748825738689684e-12
5.353660803658777149e+04 -1.491249159594670728e-12
5.355072930070384609e+04 -1.559909100249673492e-12
5.356485056490497664e+04 -1.718207363949942700e-12
5.357897182898371830e+04 -1.736177800481879682e-12
5.359309309308588126e+04 -1.772495315623961977e-12
5.360721435719376314e+04 -1.844394502729972845e-12
5.362133562132222141e+04 -1.911820078911464758e-12
5.363545688548273029e+04 -1.968427057802412872e-12
5.364957814961094846e+04 -2.047936740352001209e-12
5.366369941367514548e+04 -2.055427640516058949e-12
5.367782067782602098e+04 -2.009626178181957429e-12
5.369194194187499670e+04 -2.063111221963787094e-12
5.370606320610447438e+04 -2.135793176784707144e-12
5.372018447022515466e+04 -2.221430871625497967e-12
5.373430573431615630e+04 -2.264116212509902423e-12
5.374842699840247951e+04 -2.335326896235903045e-12
5.376254826250440965e+04 -2.448010980487706766e-12
5.377666952668964950e+04 -2.623477810981191377e-12
5.379079079078036739e+04 -2.650032530909736160e-12
5.380491205488659034e+04 -2.611569360179889228e-12
5.381903331898380566e+04 -2.667971822837631369e-12
5.383315458317640150e+04 -2.667967047331678421e-12
5.384727584728228976e+04 -2.736686370365053837e-12
5.386139711141221051e+04 -2.818987024698146311e-12
5.387551837552413053e+04 -2.966212551138893203e-12
5.388963963962042180e+04 -2.944790877217772314e-12
5.390376090379030938e+04 -3.059335747745708000e-12
5.391788216791243758e+04 -3.232202419063116017e-12
5.393200343198495830e+04 -3.170117934844044876e-12
5.394612469607710955e+04 -3.229693409761533860e-12
5.396024596018315788e+04 -3.295162689547833234e-12
5.397436722437611024e+04 -3.285221331937791159e-12
5.398848848852451192e+04 -3.313958250456175918e-12
5.400260975258256076e+04 -3.385776876853066277e-12
5.401673101669173775e+04 -3.311136964591404837e-12
5.403085228091977478e+04 -3.310867044689712029e-12
5.404497354501478549e+04 -3.392695131564148181e-12
5.405909480908320256e+04 -3.430497206165541322e-12
5.407321607320862677e+04 -3.469416333898555658e-12
5.408733733729549567e+04 -3.506580567009178927e-12
5.410145860151798843e+04 -3.391916931724498341e-12
5.411557986560799327e+04 -3.435945435565865034e-12
5.412970112968581816e+04 -3.364184945763185688e-12
5.414382239380625833e+04 -3.303325067375025895e-12
5.415794365788650612e+04 -3.252151576105155033e-12
5.417206492212542071e+04 -3.173208725349121955e-12
5.418618618621627684e+04 -3.176201098905427969e-12
5.420030745032044069e+04 -3.172331693299313836e-12
5.421442871437307622e+04 -3.179311406695704053e-12
5.422854997850757354e+04 -3.155467928364317729e-12
5.424267124269467604e+04 -3.069374276520359501e-12
5.425679250680394034e+04 -3.030195195158945467e-12
5.427091377088810259e+04 -2.991676379403211202e-12
5.428503503500517400e+04 -2.958764422897718793e-12
5.429915629917856859e+04 -2.903589472900598086e-12
5.431327756328205578e+04 -2.752470870954665524e-12
5.432739882738995220e+04 -2.648827442364024221e-12
5.434152009152789105e+04 -2.561566075499204020e-12
5.435564135562418232e+04 -2.438611331357292765e-12
5.436976261980411800e+04 -2.334601642223123653e-12
5.438388388392633351e+04 -2.176179422998769182e-12
5.439800514802137332e+04 -2.231176641122159550e-12
5.441212641209871799e+04 -2.143488385551277654e-12
5.442624767619451450e+04 -2.039305117157250332e-12
5.444036894039832259e+04 -2.039942128125245374e-12
5.445449020450835815e+04 -1.923969588948048016e-12
5.446861146860625740e+04 -1.961860529486306326e-12
5.448273273267530749e+04 -1.820775473178378711e-12
5.449685399687561585e+04 -1.780094806640777902e-12
5.451097526102873235e+04 -1.668928502759262458e-12
5.452509652512343746e+04 -1.589693307986626674e-12
5.453921778922891099e+04 -1.521603728846970075e-12
5.455333905332247377e+04 -1.533348981923094941e-12
5.456746031752358249e+04 -1.401512627231326825e-12
5.458158158157208527e+04 -1.334783444396202403e-12
5.459570284568008356e+04 -1.295678279561713672e-12
5.460982410982377769e+04 -1.244452465357053383e-12
5.462394537392173515e+04 -1.070772712243469039e-12
5.463806663811144244e+04 -1.085481270578794412e-12
5.465218790222796815e+04 -1.070926358956740425e-12
5.466630916628388513e+04 -1.033560308811928269e-12
5.468043043039074109e+04 -1.070185532641940349e-12
5.469455169460138131e+04 -1.142117940658928852e-12
5.470867295870072121e+04 -1.145003176777331926e-12
5.472279422281552979e+04 -1.051419040030702970e-12
5.473691548687641625e+04 -1.006155548823744607e-12
5.475103675098240637e+04 -9.367429469044059979e-13
5.476515801517334330e+04 -9.733507297561547334e-13
5.477927927930260921e+04 -1.001970544563343444e-12
5.479340054339199560e+04 -9.417094730955547046e-13
5.480752180750541447e+04 -9.223508177461420812e-13
5.482164307162473415e+04 -9.813104600263838798e-13
5.483576433582198661e+04 -1.083146671059844689e-12
5.484988559992344381e+04 -1.038814195883033127e-12
5.486400686401216080e+04 -1.088660511759349246e-12
5.487812812812818447e+04 -1.116697299578881395e-12
5.489224939217232895e+04 -1.113634331586748184e-12
5.490637065640626679e+04 -1.107615533040384297e-12
5.492049192052311264e+04 -1.046746518901705821e-12
5.493461318461620976e+04 -1.059361329322668973e-12
5.494873444871100219e+04 -9.922260208508437018e-13
5.496285571287475614e+04 -1.117827641074893806e-12
5.497697697699169657e+04 -1.101939740399864095e-12
5.499109824110713816e+04 -1.142238366461222603e-12
5.500521950518846279e+04 -1.223712650633747534e-12
5.501934076928841387e+04 -1.297535328485360721e-12
5.503346203347266419e+04 -1.229044606845649826e-12
5.504758329757207684e+04 -1.123717708591219483e-12
5.506170456170741818e+04 -1.155147181944337313e-12
5.507582582578183064e+04 -1.064203277097651800e-12
5.508994708992698725e+04 -1.078159381799334935e-12
5.510406835411989596e+04 -1.126334685853478601e-12
5.511818961819065589e+04 -9.751895071787640115e-13
5.513231088228864974e+04 -1.010668609580049389e-12
5.514643214640535007e+04 -9.896962484799004975e-13
5.516055341061738000e+04 -9.315787562929405327e-13
5.517467467468242103e+04 -7.932344251406634903e-13
5.518879593877543084e+04 -7.402188343570858488e-13
5.520291720287395583e+04 -6.403858442555733402e-13
5.521703846698035341e+04 -5.881609111532622280e-13
5.523115973118326656e+04 -5.653331621750152406e-13
5.524528099531397311e+04 -5.259738573715479938e-13
5.525940225938092772e+04 -4.015283248495178520e-13
5.527352352350074943e+04 -3.171762792635595263e-13
5.528764478757375764e+04 -3.637752510918167894e-13
5.530176605179252510e+04 -2.377077075913060714e-13
5.531588731588410883e+04 -2.217517040487723899e-13
5.533000858000027802e+04 -1.320826516608517390e-13
5.534412984411881916e+04 1.283153064230693366e-13
5.535825110829727782e+04 2.386685285084083016e-13
5.537237237241223193e+04 3.544450643108379037e-13
5.538649363652424654e+04 4.208619705827729978e-13
5.540061490061461518e+04 4.872589443081215208e-13
5.541473616468552791e+04 6.437194687392495842e-13
5.542885742890743859e+04 7.834939601091114747e-13
5.544297869300103775e+04 9.649515590053225985e-13
5.545709995712190721e+04 9.953071664110901798e-13
5.547122122122093424e+04 1.013604413654769142e-12
5.548534248531061166e+04 1.147293664656311976e-12
5.549946374951322650e+04 1.239266587220528143e-12
5.551358501358842477e+04 1.370932684743536156e-12
5.552770627768129634e+04 1.549473487655915522e-12
5.554182754179008771e+04 1.646828197798500333e-12
5.555594880590646790e+04 1.741487861538028592e-12
5.557007007008174696e+04 1.995889445190495629e-12
5.558419133417253761e+04 1.958729364693744489e-12
5.559831259831033094e+04 2.090427022082181286e-12
5.561243386242108681e+04 2.199565189348514950e-12
5.562655512661405373e+04 2.217359139790883635e-12
5.564067639071609301e+04 2.261522188321709721e-12
5.565479765479245543e+04 2.408239850085886389e-12
5.566891891892293643e+04 2.424662607427655160e-12
5.568304018302491750e+04 2.515172979386083370e-12
5.569716144721183809e+04 2.566387996794675924e-12
5.571128271127982589e+04 2.656591075326561361e-12
5.572540397542203573e+04 2.873824273254532596e-12
5.573952523950242903e+04 2.842725347965641863e-12
5.575364650361319218e+04 2.790405735267044500e-12
5.576776776777974737e+04 2.888476356041196211e-12
5.578188903188462427e+04 3.043178663758835606e-12
5.579601029597342131e+04 3.042840640989638676e-12
5.581013156009090744e+04 3.028872078446339156e-12
5.582425282430183870e+04 3.021834228455737925e-12
5.583837408839639102e+04 3.021038587637824741e-12
5.585249535249255132e+04 3.172362328709043691e-12
5.586661661661871040e+04 3.173889660091238067e-12
5.588073788069766306e+04 3.136810970826381861e-12
5.589485914491036965e+04 3.174504246944323614e-12
5.590898040899923944e+04 3.165446565566285064e-12
5.592310167310223187e+04 3.284487886395036815e-12
5.593722293720840389e+04 3.324973380080643940e-12
5.595134420128407510e+04 3.354810741275161380e-12
5.596546546549414779e+04 3.382369978499390652e-12
5.597958672958591342e+04 3.461515476812387245e-12
5.599370799369710585e+04 3.362503873734795422e-12
5.600782925777999480e+04 3.406059810117505792e-12
5.602195052201194630e+04 3.573145212402039722e-12
5.603607178612046846e+04 3.653108775647858994e-12
5.605019305022477056e+04 3.609296207727847032e-12
5.606431431428139331e+04 3.685816423550839441e-12
5.607843557837764092e+04 3.841162386418669687e-12
5.609255684259672853e+04 3.884435114535296034e-12
5.610667810670164909e+04 3.867471686867367626e-12
5.612079937077459908e+04 3.919027218613479982e-12
5.613492063490412693e+04 3.957692206377516407e-12
5.614904189897670585e+04 3.987981371961328718e-12
5.616316316318314057e+04 4.031313067194940101e-12
5.617728442727354559e+04 4.061740930082083933e-12
5.619140569138765568e+04 4.189612369048677543e-12
5.620552695549638156e+04 4.215252268141177029e-12
5.621964821961040434e+04 4.181726555305373499e-12
5.623376948378971429e+04 4.325930224631322263e-12
5.624789074791160965e+04 4.219528629906766235e-12
5.626201201201347430e+04 4.191591504820167194e-12
5.627613327611189743e+04 4.166983945536295863e-12
5.629025454031691334e+04 4.302898997573337638e-12
5.630437580441644241e+04 4.311325481642801723e-12
5.631849706848966889e+04 4.286760279020426912e-12
5.633261833258435217e+04 4.251830152173046034e-12
5.634673959668770840e+04 4.300866708344283932e-12
5.636086086088399315e+04 4.440807304269033495e-12
5.637498212502138631e+04 4.533007790073446353e-12
5.638910338910371502e+04 4.557636942949452753e-12
5.640322465322311473e+04 4.468960365276987266e-12
5.641734591732291301e+04 4.493944151377679111e-12
5.643146718151653477e+04 4.491645264338030705e-12
5.644558844559618592e+04 4.557698401634761066e-12
5.645970970967738685e+04 4.544993064231383690e-12
5.647383097382694541e+04 4.458373691471205489e-12
5.648795223801994871e+04 4.412553750005372593e-12
5.650207350210655568e+04 4.419784281279643421e-12
5.651619476622602815e+04 4.479608497768077356e-12
5.653031603027278470e+04 4.576045480244906177e-12
5.654443729439951130e+04 4.511396756959753164e-12
5.655855855861405871e+04 4.638845459834156804e-12
5.657267982270202629e+04 4.735829756819341879e-12
5.658680108678990655e+04 4.753298142334130021e-12
5.660092235090714530e+04 4.775157501757379736e-12
5.661504361502383108e+04 4.765238568262247561e-12
5.662916487918014172e+04 4.763288500787863618e-12
5.664328614330149139e+04 4.908159079901686751e-12
5.665740740738645400e+04 4.921853569929421335e-12
