5.300000000000088767e+04 -5.664836238246269355e-13
5.301412126410035853e+04 -6.336879605804475524e-13
5.302824252820004040e+04 -7.325219608839472890e-13
5.304236379240680253e+04 -8.055896758606886144e-13
5.305648505647996353e+04 -9.117800013976500622e-13
5.307060632062194782e+04 -1.005018456067862756e-12
5.308472758468352549e+04 -9.354079506488207802e-13
5.309884884881690232e+04 -8.196677145058441940e-13
5.311297011301225575e+04 -7.967612814551615545e-13
5.312709137710488721e+04 -8.043739755864889339e-13
5.314121264118327963e+04 -8.251643232990377320e-13
5.315533390531686018e+04 -9.116904885146711195e-13
5.316945516948651493e+04 -8.887764064665385783e-13
5.318357643359837675e+04 -9.412885783396319705e-13
5.319769769767977414e+04 -9.864090336564468037e-13
5.321181896181445336e+04 -1.061017511686198705e-12
5.322594022590344684e+04 -1.128458369172142707e-12
5.324006149008456850e+04 -1.151273171155937219e-12
5.325418275418032863e+04 -1.093546815010880999e-12
5.326830401828030881e+04 -1.065119100247024984e-12
5.328242528240387037e+04 -1.148367885796289934e-12
5.329654654650101293e+04 -1.218127527052792645e-12
5.331066781068919227e+04 -1.300378569529554659e-12
5.332478907480349153e+04 -1.310235656028035893e-12
5.333891033890171821e+04 -1.308008503324365514e-12
5.335303160299797310e+04 -1.490296311728010785e-12
5.336715286721875600e+04 -1.589395820500688268e-12
5.338127413131885260e+04 -1.656236918135297022e-12
5.339539539539627003e+04 -1.708369346704219158e-12
5.340951665948409936e+04 -1.689190289723732460e-12
5.342363792360423395e+04 -1.699681811528655822e-12
5.343775918779147469e+04 -1.783671961446150830e-12
5.345188045188114484e+04 -1.904715188682766125e-12
5.346600171599598252e+04 -1.956060398124386011e-12
5.348012298009295773e+04 -1.945879268713420650e-12
5.349424424421022559e+04 -1.953549761807530431e-12
5.350836550841997087e+04 -2.023318111153438039e-12
5.352248677248035528e+04 -2.053455631813949082e-12
5.353660803659242811e+04 -1.997659764948387219e-12
5.355072930072119198e+04 -2.058358364599999519e-12
5.356485056489131966e+04 -2.086824245899849292e-12
5.357897182899701875e+04 -2.121312673212428673e-12
5.359309309309342643e+04 -2.135833608422753113e-12
5.360721435720104637e+04 -2.148365490491055089e-12
5.362133562129728671e+04 -2.095447372594320905e-12
5.363545688548531325e+04 -2.091247327707343233e-12
5.364957814960228279e+04 -2.131590415345031619e-12
5.366369941371495952e+04 -2.160244893464059141e-12
5.367782067779975478e+04 -2.136430073321340807e-12
5.369194194188601978e+04 -2.221944295787153974e-12
5.370606320610763214e+04 -2.189602922445973990e-12
5.372018447018202278e+04 -2.040249147396185105e-12
5.373430573428699427e+04 -2.098034930367583995e-12
5.374842699839750276e+04 -2.128553174972964833e-12
5.376254826248090103e+04 -2.118951761117453415e-12
5.377666952671208855e+04 -2.097507424122929798e-12
5.379079079079109215e+04 -2.071572694143353025e-12
5.380491205491309665e+04 -2.160909375601509718e-12
5.381903331901567435e+04 -2.068500542962411806e-12
5.383315458320691687e+04 -2.011592943349528460e-12
5.384727584731692332e+04 -2.049009799142245063e-12
5.386139711138744315e+04 -2.037240227927497645e-12
5.387551837551070639e+04 -2.099635335987890275e-12
5.388963963958356180e+04 -2.117203553331036066e-12
5.390376090382174880e+04 -2.045281167851954498e-12
5.391788216789012949e+04 -2.046840308111658993e-12
5.393200343199072813e+04 -1.914981398480752332e-12
5.394612469609377877e+04 -1.946629419622311256e-12
5.396024596021528123e+04 -1.792130575857005449e-12
5.397436722441067104e+04 -1.716300376419163931e-12
5.398848848852227093e+04 -1.732400613861958250e-12
5.400260975258590042e+04 -1.613756112225660945e-12
5.401673101668188610e+04 -1.521606168731024349e-12
5.403085228090254532e+04 -1.447080456776244380e-12
5.404497354500015354e+04 -1.281316248017843308e-12
5.405909480909431295e+04 -1.285539906732846023e-12
5.407321607321142073e+04 -1.205478360356923963e-12
5.408733733729234518e+04 -1.131113944184268881e-12
5.410145860147968779e+04 -9.439518415748359715e-13
5.411557986561012513e+04 -8.048554113311170974e-13
5.412970112968008470e+04 -7.190617454917974718e-13
5.414382239380985266e+04 -5.978815423623852925e-13
5.415794365792020835e+04 -4.770791604813748116e-13
5.417206492210096621e+04 -4.174406726507038368e-13
5.418618618620290363e+04 -2.906290814704664224e-13
5.420030745032030245e+04 -2.637993795636121258e-13
5.421442871439631563e+04 -1.701428581507223878e-13
5.422854997849171923e+04 -2.103306650677471207e-14
5.424267124269787018e+04 1.111197999799794254e-13
5.425679250680819678e+04 1.292509835354448405e-13
5.427091377089969319e+04 3.481309289041855906e-13
5.428503503499587532e+04 4.444839768847798092e-13
5.429915629919781350e+04 5.029944925581583790e-13
5.431327756328102259e+04 5.164341341084490400e-13
5.432739882741260226e+04 6.402518684611309924e-13
5.434152009148912475e+04 7.019970863176699898e-13
5.435564135558610724e+04 7.428439879207314770e-13
5.436976261981487187e+04 8.396187898530299770e-13
5.438388388389843749e+04 9.287711108598279977e-13
5.439800514800578094e+04 1.011045453359591450e-12
5.441212641211591108e+04 1.132874134570251442e-12
5.442624767620594503e+04 1.123590840557403473e-12
5.444036894040754851e+04 1.213322916345282958e-12
5.445449020449590898e+04 1.163648365623625499e-12
5.446861146860721055e+04 1.311943362523823129e-12
5.448273273270593927e+04 1.195239901860938685e-12
5.449685399691472412e+04 1.298675843028971237e-12
5.451097526098731760e+04 1.280452871504105828e-12
5.452509652510879096e+04 1.335538676052540502e-12
5.453921778920793440e+04 1.225716018141902773e-12
5.455333905330652487e+04 1.328635122436083508e-12
5.456746031749001850e+04 1.308008875138058135e-12
5.458158158158146398e+04 1.274249416895277107e-12
5.459570284570597869e+04 1.188820392493368461e-12
5.460982410979414271e+04 1.142137658866613079e-12
5.462394537391628546e+04 1.164295431582267087e-12
5.463806663808388839e+04 1.114512775029983127e-12
5.465218790221744712e+04 1.137718656524426008e-12
5.466630916631571017e+04 1.208389587569432712e-12
5.468043043038858741e+04 1.210581829464228861e-12
5.469455169459406898e+04 1.197931878255801064e-12
5.470867295869997179e+04 1.176277134992961043e-12
5.472279422279688879e+04 9.641631397378333428e-13
5.473691548690827040e+04 1.021507869748576977e-12
5.475103675099129032e+04 1.034941862808442943e-12
5.476515801519479282e+04 9.413170357029357587e-13
5.477927927932047896e+04 9.733424073853612761e-13
5.479340054340963979e+04 9.700700485993701209e-13
5.480752180748594401e+04 1.031131014601972210e-12
5.482164307160532189e+04 9.734109737830155187e-13
5.483576433580315643e+04 9.744735175928896340e-13
5.484988559988791530e+04 8.596045610979092737e-13
5.486400686400009727e+04 8.883812662736245297e-13
5.487812812810730975e+04 8.654703615013558668e-13
5.489224939218320651e+04 9.619665045727069213e-13
5.490637065641505615e+04 1.016343266670341074e-12
5.492049192051380669e+04 9.616784315610517181e-13
5.493461318459622998e+04 8.934440396217056353e-13
5.494873444871140237e+04 8.992431564576394163e-13
5.496285571287935454e+04 8.272707190772953138e-13
5.497697697700627032e+04 7.794047836090959076e-13
5.499109824109503825e+04 6.846427270981003631e-13
5.500521950519645179e+04 6.020585021375422442e-13
5.501934076931539312e+04 4.858182176894758216e-13
5.503346203349788266e+04 4.740982276684554287e-13
5.504758329760007473e+04 4.110033344054580300e-13
5.506170456168628880e+04 3.218268504118436567e-13
5.507582582581527822e+04 3.040736450072918310e-13
5.508994708988058846e+04 3.679128837862434891e-13
5.510406835407964536e+04 3.618296165014494208e-13
5.511818961821975245e+04 3.576652669359050942e-13
5.513231088232015463e+04 4.523000755098350669e-13
5.514643214642104431e+04 4.517226742664303905e-13
5.516055341058233171e+04 5.579180599093972480e-13
5.517467467470894189e+04 5.971895033915276694e-13
5.518879593881135952e+04 6.719140108287516540e-13
5.520291720289479417e+04 6.694807666758386872e-13
5.521703846700886788e+04 6.276574607418785219e-13
5.523115973120464332e+04 7.260014446946362829e-13
5.524528099529234896e+04 7.663963101612171341e-13
5.525940225938312506e+04 7.480418543314677335e-13
5.527352352348168642e+04 6.610770681441121839e-13
5.528764478760879138e+04 6.789382224767787589e-13
5.530176605179239414e+04 6.783269302908264680e-13
5.531588731588637893e+04 7.157086399209009844e-13
5.533000858000159496e+04 5.467541323901775265e-13
5.534412984408166085e+04 5.317561350927413844e-13
5.535825110829097684e+04 4.612843133352021994e-13
5.537237237241458206e+04 4.506902557388209785e-13
5.538649363648447616e+04 4.199976139915800300e-13
5.540061490061962832e+04 4.126878397720864135e-13
5.541473616470034176e+04 4.697470072113635869e-13
5.542885742891520204e+04 5.026456982744386640e-13
5.544297869301855098e+04 4.518249747041205459e-13
5.545709995708864881e+04 3.873160760048289235e-13
5.547122122118809784e+04 3.790372718724909516e-13
5.548534248532204219e+04 3.987950637677324976e-13
5.549946374948046287e+04 4.236308485546991521e-13
5.551358501359078946e+04 3.744569737481787403e-13
5.552770627771654108e+04 2.983084191139056646e-13
5.554182754180024494e+04 2.750058856721972721e-13
5.555594880590987304e+04 2.389070109785565927e-13
5.557007007008700748e+04 1.859423714870751072e-13
5.558419133418925048e+04 2.147346100114580725e-13
5.559831259830546333e+04 2.694138801518325439e-13
5.561243386241848202e+04 2.500062946629168866e-13
5.562655512661348621e+04 2.384789809263805065e-13
5.564067639071997837e+04 2.286154614249156148e-13
5.565479765479011257e+04 2.157387860869444388e-13
5.566891891889910039e+04 2.817144094664934146e-13
5.568304018300052121e+04 2.180044583572605613e-13
5.569716144721442834e+04 2.850394874964476492e-13
5.571128271131130896e+04 3.319878570756714083e-13
5.572540397539299738e+04 4.473438389672626380e-13
5.573952523951398325e+04 5.036241423379906761e-13
5.575364650359324878e+04 4.458024286913910399e-13
5.576776776779779902e+04 4.277686815957501869e-13
5.578188903189910343e+04 4.227553325388845061e-13
5.579601029598101741e+04 4.334761673647958402e-13
5.581013156011563842e+04 4.618887018106355758e-13
5.582425282431541564e+04 5.129554485194477445e-13
5.583837408842237346e+04 6.838718650576528119e-13
5.585249535250128974e+04 6.152866391019335790e-13
5.586661661660190293e+04 7.267031127273823809e-13
5.588073788071311719e+04 7.788662941886163300e-13
5.589485914488827984e+04 6.857553228092369120e-13
5.590898040898156614e+04 8.814535496703511330e-13
5.592310167311119585e+04 8.652794111445015826e-13
5.593722293721047754e+04 8.404442539675821389e-13
5.595134420130205399e+04 8.781297268604913199e-13
5.596546546552202199e+04 9.863955980491015955e-13
5.597958672960732656e+04 9.526339431711553304e-13
5.599370799371664907e+04 1.046123991019030969e-12
5.600782925780453661e+04 1.121126529707155189e-12
5.602195052199961356e+04 1.034784960296648329e-12
5.603607178609496623e+04 1.125155786210044162e-12
5.605019305018047453e+04 1.143937016871875278e-12
5.606431431429470103e+04 1.104104490007566802e-12
5.607843557838920242e+04 1.203158928533731208e-12
5.609255684257968096e+04 1.155181278477133939e-12
5.610667810668457241e+04 1.013409817309826569e-12
5.612079937078979856e+04 9.840194664104819815e-13
5.613492063489201246e+04 1.066655626102444065e-12
5.614904189901088830e+04 1.073694900391603623e-12
5.616316316317942983e+04 1.194246238253742418e-12
5.617728442729384551e+04 1.166660266240037513e-12
5.619140569142135791e+04 1.162480383325825427e-12
5.620552695552162186e+04 1.179879616663768301e-12
5.621964821958610992e+04 1.064232423710286067e-12
5.623376948380311660e+04 1.066722780377492387e-12
5.624789074788163271e+04 1.057526410356178667e-12
5.626201201202242373e+04 1.002378943120608664e-12
5.627613327609043336e+04 9.228369009612389648e-13
5.629025454032069683e+04 9.209471671091830598e-13
5.630437580441672617e+04 8.564916152639014751e-13
5.631849706848061032e+04 8.774268036076508004e-13
5.633261833258174011e+04 8.285447674730686544e-13
5.634673959670879412e+04 7.865884082091064702e-13
5.636086086088636512e+04 7.270771683155010166e-13
5.637498212498099747e+04 7.685483850129938124e-13
5.638910338908767881e+04 7.249978962291970517e-13
5.640322465322176140e+04 7.477970864130679531e-13
5.641734591728026135e+04 7.629664212533839516e-13
5.643146718147999491e+04 6.632021557638602127e-13
5.644558844559562567e+04 6.865417181983521221e-13
5.645970970970130293e+04 7.330444846440788022e-13
5.647383097378771345e+04 7.481811837619415573e-13
5.648795223801460816e+04 7.765642205355637498e-13
5.650207350208078424e+04 6.633998529287215078e-13
5.651619476621302601e+04 6.616055158038367931e-13
5.653031603030509723e+04 6.665912500186267146e-13
5.654443729439316667e+04 6.975336805646448774e-13
5.655855855859616713e+04 7.007696379678996254e-13
5.657267982270567154e+04 6.396699170448842904e-13
5.658680108680419653e+04 6.255053858901018436e-13
5.660092235089903988e+04 6.083276988988130620e-13
5.661504361498925573e+04 6.647699256617132495e-13
5.662916487920768850e+04 7.057578826228781881e-13
5.664328614330796700e+04 7.248679809494310866e-13
5.665740740739120520e+04 8.538644396064102758e-13
