5.299999999999566353e+04 -3.545776663800445815e-12
5.301412126405548042e+04 -3.552844635568022630e-12
5.302824252826123848e+04 -3.318242085589519543e-12
5.304236379244428826e+04 -3.252484915295598546e-12
5.305648505651403684e+04 -3.221878106929704081e-12
5.307060632059226918e+04 -3.149335314524621190e-12
5.308472758466163214e+04 -2.983383799676518186e-12
5.309884884886486543e+04 -2.852761698788417314e-12
5.311297011291899253e+04 -2.771907402728945746e-12
5.312709137715036195e+04 -2.628258965524726625e-12
5.314121264124936715e+04 -2.642522887856829463e-12
5.315533390528521704e+04 -2.459908571665710633e-12
5.316945516955495259e+04 -2.319921946007012168e-12
5.318357643356586050e+04 -2.369985798173162813e-12
5.319769769767195976e+04 -2.231597861932437253e-12
5.321181896175441943e+04 -2.131360829616473582e-12
5.322594022591857356e+04 -1.949801013088483077e-12
5.324006149007658678e+04 -2.022246855059831082e-12
5.325418275428422203e+04 -2.033578269675603710e-12
5.326830401829483890e+04 -2.039135831837363615e-12
5.328242528239598323e+04 -2.051213616938199374e-12
5.329654654656529601e+04 -1.972517576939509500e-12
5.331066781071517471e+04 -1.888589508566579538e-12
5.332478907484222873e+04 -1.940124219208445294e-12
5.333891033893201529e+04 -1.990577309412255790e-12
5.335303160298315925e+04 -1.960813737476763959e-12
5.336715286718215066e+04 -2.005738920945604196e-12
5.338127413129311026e+04 -1.979346604963813616e-12
5.339539539531606715e+04 -2.041251421258462187e-12
5.340951665951362520e+04 -2.071049295482491364e-12
5.342363792355926125e+04 -2.131814194346250787e-12
5.343775918781288055e+04 -2.194328171971814721e-12
5.345188045191897254e+04 -2.290684483309746420e-12
5.346600171596473228e+04 -2.324550980703201896e-12
5.348012298017994908e+04 -2.266093459918125021e-12
5.349424424416777765e+04 -2.335050860531336319e-12
5.350836550833848014e+04 -2.376671871832431480e-12
5.352248677252924972e+04 -2.387341911288924075e-12
5.353660803664802370e+04 -2.464504317934108019e-12
5.355072930077826459e+04 -2.521062201636757203e-12
5.356485056484553934e+04 -2.578344657818453752e-12
5.357897182890794647e+04 -2.548833199254869388e-12
5.359309309301153553e+04 -2.657192776928884110e-12
5.360721435728371580e+04 -2.713939576683673027e-12
5.362133562134845852e+04 -2.714526433078199921e-12
5.363545688553108630e+04 -2.684554681736414494e-12
5.364957814964283170e+04 -2.683341428378308382e-12
5.366369941377739451e+04 -2.775407418997254412e-12
5.367782067774647294e+04 -2.740715807934212288e-12
5.369194194182374486e+04 -2.792988440221600419e-12
5.370606320606426016e+04 -2.788879600575958326e-12
5.372018447015670245e+04 -2.851157686601534047e-12
5.373430573437007115e+04 -2.817512379827265238e-12
5.374842699845621246e+04 -2.799325745784611179e-12
5.376254826257355307e+04 -2.744270403705956358e-12
5.377666952667453734e+04 -2.720680567799958631e-12
5.379079079088609433e+04 -2.686061954710551939e-12
5.380491205495427130e+04 -2.659398768933073138e-12
5.381903331893653376e+04 -2.701758546763644506e-12
5.383315458320506150e+04 -2.611695269069527758e-12
5.384727584731116076e+04 -2.620576689195163518e-12
5.386139711136440746e+04 -2.617163358020546827e-12
5.387551837556484679e+04 -2.589420072596130068e-12
5.388963963967711607e+04 -2.616859199797066263e-12
5.390376090375380591e+04 -2.544521587460239849e-12
5.391788216789708531e+04 -2.452833428945573285e-12
5.393200343205446552e+04 -2.291401113879624924e-12
5.394612469608928950e+04 -2.291411928394237626e-12
5.396024596011543326e+04 -2.274333106192216546e-12
5.397436722432325769e+04 -2.182509090337728349e-12
5.398848848852525407e+04 -2.235761788011887453e-12
5.400260975265879097e+04 -2.208310494482012019e-12
5.401673101669391326e+04 -2.132740018183167486e-12
5.403085228080653178e+04 -2.157374806563611991e-12
5.404497354491348233e+04 -2.072035444033731956e-12
5.405909480917292967e+04 -2.055562910557181996e-12
5.407321607318440510e+04 -1.981488892717862610e-12
5.408733733728367952e+04 -1.906780873959376679e-12
5.410145860148267820e+04 -2.010471791879753965e-12
5.411557986562198494e+04 -1.967694303422269274e-12
5.412970112972704374e+04 -1.888788901179750035e-12
5.414382239372604090e+04 -1.820691254478244264e-12
5.415794365794016630e+04 -1.801127121636804169e-12
5.417206492213044112e+04 -1.652236939892872443e-12
5.418618618621097266e+04 -1.562152033169530494e-12
5.420030745036193548e+04 -1.516783792555153452e-12
5.421442871441505122e+04 -1.439618175350943730e-12
5.422854997843041929e+04 -1.399793049382711197e-12
5.424267124266926112e+04 -1.376446540055498244e-12
5.425679250672682247e+04 -1.269608598382840778e-12
5.427091377084880514e+04 -1.275596459942430363e-12
5.428503503500372608e+04 -1.183030298022649414e-12
5.429915629926801921e+04 -1.149501247280466641e-12
5.431327756324031361e+04 -1.036146884646526783e-12
5.432739882740697794e+04 -9.961744109166968488e-13
5.434152009144135809e+04 -9.465790469031018726e-13
5.435564135556893598e+04 -9.394624203808175771e-13
5.436976261973897635e+04 -9.535692787858511030e-13
5.438388388384084828e+04 -8.877561982962666071e-13
5.439800514806019055e+04 -9.170615051750476871e-13
5.441212641203551175e+04 -8.409793671535925675e-13
5.442624767611238349e+04 -7.209470417463436693e-13
5.444036894037961611e+04 -6.072033565863484759e-13
5.445449020457002916e+04 -6.038461257062850979e-13
5.446861146852359525e+04 -5.251049689044455808e-13
5.448273273274696840e+04 -5.988180523185680236e-13
5.449685399694086664e+04 -6.378050534043204321e-13
5.451097526106658188e+04 -6.560207514549962525e-13
5.452509652504096448e+04 -6.111310531122288283e-13
5.453921778927734704e+04 -6.758160445462815800e-13
5.455333905335817690e+04 -6.962825134507143362e-13
5.456746031747001689e+04 -6.008349592938264509e-13
5.458158158166355861e+04 -5.908754672427427414e-13
5.459570284576719132e+04 -5.652301976531790655e-13
5.460982410986628383e+04 -5.296680181638189145e-13
5.462394537386341108e+04 -5.915385321699305430e-13
5.463806663804336131e+04 -5.208487814972060869e-13
5.465218790210514999e+04 -4.848715950095856872e-13
5.466630916622449877e+04 -4.968608362720304323e-13
5.468043043030767149e+04 -4.556818682557272737e-13
5.469455169452176779e+04 -4.675954079158835123e-13
5.470867295862838364e+04 -3.131837405550326804e-13
5.472279422271648946e+04 -3.305160279432879161e-13
5.473691548680567939e+04 -2.172542645907187590e-13
5.475103675092760386e+04 -2.652680058422142961e-13
5.476515801513043698e+04 -3.713563664707826011e-13
5.477927927938268112e+04 -3.964230595285696756e-13
5.479340054338057962e+04 -3.237697985464866270e-13
5.480752180752720597e+04 -2.912485253847699511e-13
5.482164307161962643e+04 -2.942745617548209616e-13
5.483576433576146519e+04 -3.312162677644567529e-13
5.484988559997932316e+04 -3.778531861243297494e-13
5.486400686393508659e+04 -3.262497019285990397e-13
5.487812812803780253e+04 -3.705844804903050208e-13
5.489224939226592687e+04 -2.483906039748534692e-13
5.490637065630692814e+04 -3.474562891768347422e-13
5.492049192043806397e+04 -2.755505815173508471e-13
5.493461318464988290e+04 -2.020875837536459145e-13
5.494873444877182192e+04 -1.789871046338705573e-13
5.496285571294096007e+04 -9.013910801934995442e-14
5.497697697697737021e+04 -1.510843051189170324e-13
5.499109824102317361e+04 -1.466969917219991639e-13
5.500521950524055865e+04 -5.710346950636928924e-14
5.501934076938092767e+04 -1.075092462087494559e-13
5.503346203354476893e+04 -1.430525002975374425e-13
5.504758329768057592e+04 -1.152037733556471474e-13
5.506170456174928404e+04 -1.499156616335879605e-13
5.507582582588358491e+04 -1.862240426312206520e-13
5.508994708986899059e+04 -2.065093684158915670e-13
5.510406835410874919e+04 -4.249643980050086907e-14
5.511818961819478864e+04 4.110738644187358551e-15
5.513231088234989875e+04 -2.596104695776498492e-14
5.514643214648492722e+04 -6.112511712794705663e-14
5.516055341054034216e+04 -7.189096642483624412e-14
5.517467467462665809e+04 -1.435166552108940111e-14
5.518879593878945889e+04 5.063275278630099898e-14
5.520291720283046016e+04 1.272961709681858953e-13
5.521703846704346506e+04 2.103016260632244325e-13
5.523115973123383446e+04 3.103061463150160572e-13
5.524528099533380009e+04 3.514296899439294236e-13
5.525940225930488668e+04 5.440632314816879717e-13
5.527352352351771697e+04 4.936736765512268446e-13
5.528764478766689717e+04 5.818072392941494399e-13
5.530176605185594963e+04 6.777732142452811027e-13
5.531588731594634010e+04 7.243810685971325397e-13
5.533000857994831313e+04 7.318072606002040522e-13
5.534412984418433916e+04 8.801790215498920008e-13
5.535825110822129500e+04 9.032348907968901663e-13
5.537237237242927222e+04 9.890494160625634759e-13
5.538649363646490383e+04 1.006036990797540669e-12
5.540061490065601538e+04 1.259231814166117361e-12
5.541473616472296271e+04 1.424624269301783876e-12
5.542885742895436852e+04 1.446389155866897415e-12
5.544297869301067840e+04 1.515190421925388618e-12
5.545709995701597654e+04 1.560215301700814104e-12
5.547122122114449303e+04 1.634126425913780507e-12
5.548534248521673726e+04 1.649751371807564179e-12
5.549946374950084282e+04 1.767118595269959161e-12
5.551358501359290676e+04 1.869774023416175632e-12
5.552770627761757351e+04 1.938470523864356769e-12
5.554182754186291277e+04 2.077026085081578596e-12
5.555594880594302231e+04 2.123052659273000256e-12
5.557007007004581101e+04 2.166672328055945087e-12
5.558419133413999953e+04 2.044165506523890279e-12
5.559831259825005691e+04 2.044064796356559824e-12
5.561243386239740357e+04 2.065146340779586797e-12
5.562655512667138100e+04 2.060702927088116044e-12
5.564067639063595561e+04 1.984414637381857237e-12
5.565479765475045861e+04 1.981747507715513313e-12
5.566891891889251565e+04 2.050845497018688922e-12
5.568304018306959915e+04 2.007202171485029084e-12
5.569716144724654441e+04 2.006086924665599948e-12
5.571128271123141894e+04 2.131719140920709735e-12
5.572540397539962578e+04 2.109069491878849125e-12
5.573952523954158823e+04 2.090144091306718455e-12
5.575364650350838929e+04 2.148031484399559585e-12
5.576776776777191117e+04 2.265446021363384783e-12
5.578188903182172362e+04 2.269597443160314615e-12
5.579601029598370224e+04 2.389854845652939227e-12
5.581013156011875981e+04 2.394221205927794936e-12
5.582425282433868415e+04 2.369328896918136815e-12
5.583837408846859762e+04 2.387716275388288312e-12
5.585249535245476000e+04 2.487553170663584048e-12
5.586661661664830899e+04 2.491492357611240270e-12
5.588073788074164622e+04 2.579012872557058555e-12
5.589485914483244414e+04 2.611724075631659867e-12
5.590898040898718318e+04 2.679001171036931304e-12
5.592310167318316235e+04 2.739872018348536161e-12
5.593722293714371335e+04 2.758932600353324993e-12
5.595134420134923130e+04 2.763953238762246113e-12
5.596546546543858858e+04 2.800095346597709504e-12
5.597958672959073010e+04 2.737295460242073460e-12
5.599370799372230977e+04 2.816563148724115978e-12
5.600782925785153930e+04 2.799005784250485382e-12
5.602195052195983590e+04 2.865197372751512310e-12
5.603607178604897490e+04 2.906814328609627455e-12
5.605019305027346127e+04 2.854008405570403234e-12
5.606431431425319170e+04 2.829535159001984973e-12
5.607843557834024978e+04 2.884410709775204693e-12
5.609255684260281123e+04 2.931328129607843044e-12
5.610667810674232169e+04 3.042067407427012680e-12
5.612079937086525752e+04 3.026483691870189403e-12
5.613492063492850139e+04 2.976361120269227955e-12
5.614904189908459375e+04 3.068266920890474278e-12
5.616316316323802312e+04 2.965139709544281179e-12
5.617728442729997914e+04 2.980754516830615620e-12
5.619140569132183737e+04 2.988495005664616825e-12
5.620552695543992741e+04 2.950184587649318297e-12
5.621964821961835696e+04 3.014353861917780548e-12
5.623376948388263554e+04 2.950979454473347616e-12
5.624789074780645024e+04 3.005909077819630439e-12
5.626201201201379445e+04 2.947214651573820348e-12
5.627613327609164844e+04 3.080932069316209635e-12
5.629025454024652572e+04 3.049557810610596426e-12
5.630437580448696099e+04 3.090873311873884487e-12
5.631849706857003184e+04 3.155399465124563867e-12
5.633261833266311442e+04 3.194191129040125390e-12
5.634673959669783653e+04 3.225649200233986328e-12
5.636086086098333180e+04 3.263567592094576952e-12
5.637498212492155290e+04 3.214400753222508000e-12
5.638910338903172669e+04 3.212654209112565394e-12
5.640322465312408167e+04 3.203050920136535747e-12
5.641734591733469279e+04 3.247345820175607518e-12
5.643146718148186483e+04 3.273128974826482330e-12
5.644558844566216430e+04 3.262234703168568057e-12
5.645970970973518706e+04 3.230760410202788268e-12
5.647383097383053973e+04 3.150116574736286453e-12
5.648795223807454749e+04 3.099543848964573578e-12
5.650207350212264282e+04 2.989387203120160457e-12
5.651619476623425726e+04 2.894057256809684742e-12
5.653031603024287324e+04 2.838450374485785375e-12
5.654443729438914306e+04 2.894620963383868929e-12
5.655855855858435825e+04 2.841774485914847380e-12
5.657267982275498798e+04 2.756228971700163758e-12
5.658680108687853499e+04 2.712261210728124087e-12
5.660092235091745533e+04 2.715059466384146561e-12
5.661504361504194821e+04 2.750426984610479095e-12
5.662916487923366367e+04 2.738809492287843995e-12
5.664328614332204597e+04 2.655643171287942179e-12
5.665740740734440624e+04 2.661749316601107405e-12
