5.299999999999985448e+04 9.391831769006325841e-16
5.301412126410268684e+04 -1.612703599092813448e-14
5.302824252820137917e+04 -2.228105856368933785e-14
5.304236379241575924e+04 9.218427083595260006e-14
5.305648505650381412e+04 1.178879251092528978e-13
5.307060632061956130e+04 1.716716052023817701e-13
5.308472758468129905e+04 2.243632242499698668e-13
5.309884884881720063e+04 2.215274631821920833e-13
5.311297011300228041e+04 3.170516878904072487e-13
5.312709137711251242e+04 2.941095568740378397e-13
5.314121264119073749e+04 3.812412097593342857e-13
5.315533390530865290e+04 3.742775797953207137e-13
5.316945516949791636e+04 3.837712430569902139e-13
5.318357643361952796e+04 3.441134915425085743e-13
5.319769769770214771e+04 4.809910419569617735e-13
5.321181896179469913e+04 5.300012707059380173e-13
5.322594022590989334e+04 5.661578771196140376e-13
5.324006149010366789e+04 5.005020224865628328e-13
5.325418275420906139e+04 5.733484637129777679e-13
5.326830401829874609e+04 6.511986131770807526e-13
5.328242528238263912e+04 6.632752952965661077e-13
5.329654654651087185e+04 7.144265613690195875e-13
5.331066781069691933e+04 7.225497083278534831e-13
5.332478907479938789e+04 8.416296230577668001e-13
5.333891033890446124e+04 7.915556212419798502e-13
5.335303160299339652e+04 7.507988817538325123e-13
5.336715286720015865e+04 7.196471803769446461e-13
5.338127413131261710e+04 7.422915260172203423e-13
5.339539539538066310e+04 7.068665627867517023e-13
5.340951665948439040e+04 7.240546287962966242e-13
5.342363792360125080e+04 7.177588852634293639e-13
5.343775918778531923e+04 7.441673816734222158e-13
5.345188045190978301e+04 8.208604440075444323e-13
5.346600171598403540e+04 7.610322393926556004e-13
5.348012298010961240e+04 7.691876636605534237e-13
5.349424424418686976e+04 7.160403542889343503e-13
5.350836550839454867e+04 7.153332273539598164e-13
5.352248677250094624e+04 7.194935186258169947e-13
5.353660803661159298e+04 7.450939943100311550e-13
5.355072930069365975e+04 6.362567940119054799e-13
5.356485056491658906e+04 7.022192105477846481e-13
5.357897182900117332e+04 6.837619572258809941e-13
5.359309309309726086e+04 6.132669723647282224e-13
5.360721435721348826e+04 5.566058245685143412e-13
5.362133562128621998e+04 5.786341088053428442e-13
5.363545688551123021e+04 4.945477293636241561e-13
5.364957814959051029e+04 4.473659920397964608e-13
5.366369941371260211e+04 5.412659065026716022e-13
5.367782067778581404e+04 4.198915465646291775e-13
5.369194194188988331e+04 3.304722303327709833e-13
5.370606320608289388e+04 2.311214399684353875e-13
5.372018447019222367e+04 1.532748809016327919e-13
5.373430573429536162e+04 1.704498909209945291e-13
5.374842699838939734e+04 2.279402754270347613e-13
5.376254826250795304e+04 1.735358918006158158e-13
5.377666952669128659e+04 8.375608517314541942e-14
5.379079079081925011e+04 1.315154775292981814e-13
5.380491205489957065e+04 1.427160664408555209e-13
5.381903331898171018e+04 1.388414112208938487e-13
5.383315458321815095e+04 1.281096048901899921e-13
5.384727584731945535e+04 2.630323834411121334e-13
5.386139711138942221e+04 2.851111508399820618e-13
5.387551837549982156e+04 2.645350553779126035e-13
5.388963963959897956e+04 2.882288487624368468e-13
5.390376090378268418e+04 3.709430436359076130e-13
5.391788216791558807e+04 3.958126740029811293e-13
5.393200343198408518e+04 4.217682000868977872e-13
5.394612469610373955e+04 5.137491015926877943e-13
5.396024596020657191e+04 5.048050229844496360e-13
5.397436722440396261e+04 5.090111552885054609e-13
5.398848848850389186e+04 5.208661394413532883e-13
5.400260975261807471e+04 4.348669123712471756e-13
5.401673101669127936e+04 5.023349021750786328e-13
5.403085228088776785e+04 5.876379548353082381e-13
5.404497354498114873e+04 4.764158603303958657e-13
5.405909480908090336e+04 4.685223537322276656e-13
5.407321607319473696e+04 4.225493834995222683e-13
5.408733733731176471e+04 4.182013035688642082e-13
5.410145860150846420e+04 3.792032784916644813e-13
5.411557986559349229e+04 4.122514712425714258e-13
5.412970112970048649e+04 2.965714814229050973e-13
5.414382239381661202e+04 2.596238996039672768e-13
5.415794365789707081e+04 2.108124845721687102e-13
5.417206492209343560e+04 1.642388662577601414e-13
5.418618618618598703e+04 1.705731079093727575e-14
5.420030745030516118e+04 2.589005081622477140e-14
5.421442871441903117e+04 -1.082876104139289513e-14
5.422854997850833752e+04 -7.263581856837284548e-14
5.424267124268636690e+04 -1.498200762664962961e-13
5.425679250678264361e+04 -1.901918091107986485e-13
5.427091377091459435e+04 -1.493593448795890714e-13
5.428503503498193459e+04 -3.002913785930761981e-13
5.429915629921681830e+04 -4.495744407464328913e-13
5.431327756330651027e+04 -5.179445994719192355e-13
5.432739882738019514e+04 -5.739581338884100387e-13
5.434152009148029902e+04 -6.674973403558365322e-13
5.435564135561647709e+04 -7.712704121950376732e-13
5.436976261979078845e+04 -7.299096155610837855e-13
5.438388388390273758e+04 -7.451594472946628048e-13
5.439800514801372628e+04 -6.744202791504459978e-13
5.441212641210190486e+04 -7.388190232620578072e-13
5.442624767619136401e+04 -7.312712102706275510e-13
5.444036894041270716e+04 -7.436098463264818254e-13
5.445449020449526870e+04 -8.884463283565765600e-13
5.446861146861418820e+04 -8.726488703680935919e-13
5.448273273270201753e+04 -8.960652239612261504e-13
5.449685399688565667e+04 -8.379908740276056165e-13
5.451097526098817616e+04 -8.233220338571761848e-13
5.452509652509009902e+04 -7.771324067207095078e-13
5.453921778921252553e+04 -8.985077095913762571e-13
5.455333905331873393e+04 -7.954895641178756393e-13
5.456746031751658302e+04 -9.075791566371787622e-13
5.458158158161069878e+04 -8.707733048450068953e-13
5.459570284569687647e+04 -8.110858147909807465e-13
5.460982410981079738e+04 -8.823496161407234353e-13
5.462394537388995377e+04 -9.797622447623720742e-13
5.463806663811970066e+04 -1.012922138762623665e-12
5.465218790218978393e+04 -9.046171876642973645e-13
5.466630916630413412e+04 -8.461626182832323387e-13
5.468043043038828182e+04 -9.230610948629025812e-13
5.469455169459194440e+04 -8.818215738710942258e-13
5.470867295868224755e+04 -8.405939483370083225e-13
5.472279422281887673e+04 -7.702343468407268596e-13
5.473691548690941272e+04 -6.899526280049323975e-13
5.475103675098639360e+04 -7.264024864647774420e-13
5.476515801519357774e+04 -6.905555246182782400e-13
5.477927927928226563e+04 -7.003047226211433216e-13
5.479340054338242044e+04 -7.354932273627395095e-13
5.480752180750882690e+04 -7.130921946061824190e-13
5.482164307158102747e+04 -6.337770542436131109e-13
5.483576433581295714e+04 -5.848564040939489264e-13
5.484988559989782516e+04 -5.473506061614031522e-13
5.486400686399666301e+04 -4.739434464232618127e-13
5.487812812809507886e+04 -4.124008452307692371e-13
5.489224939219994849e+04 -4.192204241030954914e-13
5.490637065639968932e+04 -3.248488257282150988e-13
5.492049192049659177e+04 -3.103446361006508429e-13
5.493461318458862661e+04 -2.634652174828416498e-13
5.494873444871493120e+04 -2.582029281062486621e-13
5.496285571288914070e+04 -2.442251850161800422e-13
5.497697697701593279e+04 -1.742884525352746465e-13
5.499109824108508474e+04 -1.381274215915922047e-13
5.500521950518260564e+04 -1.504046944935857456e-13
5.501934076929623552e+04 -1.618674186747089899e-13
5.503346203348784911e+04 -1.292328106794923782e-13
5.504758329758686887e+04 -2.206750800569491456e-13
5.506170456169800309e+04 -3.513668473891886697e-13
5.507582582579764858e+04 -3.997472696783861167e-13
5.508994708991275547e+04 -4.964746038819775310e-13
5.510406835409830092e+04 -4.645354449638494341e-13
5.511818961819366814e+04 -3.995634703499190174e-13
5.513231088231761532e+04 -4.230471348257735102e-13
5.514643214640354563e+04 -5.235971178884304675e-13
5.516055341059286729e+04 -4.904055993786241978e-13
5.517467467471464624e+04 -3.883689742337804924e-13
5.518879593879613822e+04 -3.843506305885254483e-13
5.520291720290770900e+04 -4.140776695699570255e-13
5.521703846701160364e+04 -5.026316637857882450e-13
5.523115973120793933e+04 -4.657521181823604523e-13
5.524528099528851453e+04 -4.549210137929859105e-13
5.525940225939956872e+04 -3.772293132764110959e-13
5.527352352348155546e+04 -3.156606001035522518e-13
5.528764478761642386e+04 -4.198125857911796396e-13
5.530176605180271872e+04 -3.397847334311684921e-13
5.531588731591585383e+04 -2.362069211784840363e-13
5.533000858000623703e+04 -2.376081190582500456e-13
5.534412984411585785e+04 -2.071412406331072668e-13
5.535825110831487109e+04 -1.759322016993318466e-13
5.537237237241736875e+04 -1.433210944864448866e-13
5.538649363648155122e+04 -1.338172040324652516e-13
5.540061490060755750e+04 -1.192922698871655491e-13
5.541473616471666173e+04 -1.222588809898899024e-13
5.542885742888659297e+04 -7.159003375470340600e-14
5.544297869300394086e+04 -4.595105995174392462e-15
5.545709995710893418e+04 -2.849467629164066272e-14
5.547122122121363645e+04 -4.548733764811122888e-14
5.548534248528299941e+04 2.957349126098738469e-15
5.549946374951508187e+04 5.039440359128555726e-14
5.551358501358199283e+04 4.764539232494685257e-14
5.552770627770040301e+04 6.963255019269844604e-14
5.554182754180616757e+04 2.271783133332910232e-13
5.555594880591626861e+04 2.524932980321671648e-13
5.557007007009405061e+04 2.842696922726787352e-13
5.558419133420963772e+04 2.140663274589221180e-13
5.559831259828218754e+04 2.625981992342439424e-13
5.561243386239287065e+04 2.742373243493971758e-13
5.562655512658335647e+04 2.957869614794560321e-13
5.564067639068898279e+04 2.977949727696227711e-13
5.565479765481931827e+04 3.198198479423478958e-13
5.566891891890621628e+04 2.783902897600960886e-13
5.568304018301794713e+04 2.127468020510795488e-13
5.569716144719436124e+04 2.518203342715051070e-13
5.571128271129745553e+04 2.613783345514659790e-13
5.572540397540565027e+04 1.904506524156603228e-13
5.573952523950421892e+04 2.294137889857596062e-13
5.575364650358452491e+04 2.119669242374733635e-13
5.576776776778968633e+04 1.883889664991850869e-13
5.578188903191697318e+04 1.071284835993280564e-13
5.579601029601955815e+04 4.055656992173274743e-14
5.581013156010055536e+04 7.801043402666113622e-14
5.582425282428592618e+04 8.951363177735212952e-14
5.583837408839878481e+04 1.417248266528401088e-13
5.585249535250876943e+04 2.770715451660253757e-14
5.586661661661256221e+04 -2.452725100809990717e-14
5.588073788071127638e+04 -7.427579600193268361e-14
5.589485914489995048e+04 3.415420246903656797e-14
5.590898040899747139e+04 -2.408247694252763869e-14
5.592310167310315592e+04 -4.178770522988241164e-14
5.593722293719616573e+04 -1.008456064239660642e-13
5.595134420131094521e+04 -4.118843528047633636e-14
5.596546546550927451e+04 -6.342104576367093952e-14
5.597958672960616241e+04 -8.230232863341135546e-14
5.599370799371462635e+04 -3.504196523536968408e-14
5.600782925781854283e+04 -1.036630891054874547e-13
5.602195052201236103e+04 -1.191158689531355852e-13
5.603607178608628601e+04 -6.487751400187889298e-14
5.605019305021587934e+04 -7.072108507473672089e-14
5.606431431429470831e+04 -1.301287417391708876e-13
5.607843557838546258e+04 -2.061880082831805501e-13
5.609255684259865666e+04 -2.582492043381200235e-13
5.610667810669733444e+04 -3.232805111741049106e-13
5.612079937080638047e+04 -3.864941340434817379e-13
5.613492063489591965e+04 -4.233433607363731979e-13
5.614904189898522600e+04 -2.652620118651567252e-13
5.616316316321618797e+04 -2.757001309500187419e-13
5.617728442728688970e+04 -2.768360020959518506e-13
5.619140569139392028e+04 -1.169749766962159629e-13
5.620552695551567740e+04 -2.718234873069368154e-15
5.621964821958012180e+04 2.520910839489527815e-14
5.623376948380922113e+04 3.298757721289430463e-14
5.624789074789700680e+04 8.202587634076432365e-14
5.626201201199687057e+04 8.992068853795088258e-14
5.627613327610986016e+04 5.292639528746897961e-14
5.629025454030422407e+04 -1.766473243472687560e-14
5.630437580441000318e+04 4.651793503935400459e-14
5.631849706849262293e+04 1.898828619092513821e-13
5.633261833259280684e+04 2.066885324729878848e-13
5.634673959669146279e+04 2.003914833411023540e-13
5.636086086088883167e+04 2.978396532693606599e-13
5.637498212501602393e+04 4.432360922117544093e-13
5.638910338910093560e+04 3.758628308700295516e-13
5.640322465320963238e+04 4.075839547520992282e-13
5.641734591729053500e+04 3.778844784166098542e-13
5.643146718148147193e+04 3.943939230697466691e-13
5.644558844558568671e+04 3.200943138693089676e-13
5.645970970968239271e+04 2.867527965389542046e-13
5.647383097381758125e+04 3.763517051691093331e-13
5.648795223799241649e+04 2.824106643371573706e-13
5.650207350210393633e+04 2.428692924685026037e-13
5.651619476619168563e+04 2.857704058109517617e-13
5.653031603028551035e+04 1.402419563011506848e-13
5.654443729439556046e+04 1.256795949839926406e-13
5.655855855858411815e+04 1.887345150393654928e-13
5.657267982271310029e+04 7.424247525980722157e-14
5.658680108679207478e+04 6.293569762809368401e-14
5.660092235088489542e+04 6.342196072913682355e-14
5.661504361499596416e+04 6.181868513464734722e-14
5.662916487921332009e+04 1.773934121144869475e-14
5.664328614329418633e+04 7.084269541611783407e-14
5.665740740738594468e+04 -3.214411568094318712e-14
