5.299999999999983993e+04 3.136581991014327205e-12
5.301412126411787904e+04 3.072434999944919105e-12
5.302824252818308742e+04 2.967966143845376105e-12
5.304236379239793314e+04 2.808815486540243864e-12
5.305648505650538573e+04 2.768885965364940476e-12
5.307060632059631462e+04 2.590419985258884362e-12
5.308472758470460394e+04 2.564551820977304214e-12
5.309884884880168829e+04 2.368848985313555421e-12
5.311297011302171450e+04 2.336464394469507621e-12
5.312709137707510672e+04 2.218708433827844207e-12
5.314121264122002322e+04 2.006539397000195690e-12
5.315533390529075405e+04 1.953562093095664800e-12
5.316945516949568992e+04 1.753012693025042189e-12
5.318357643357756751e+04 1.775786203858350723e-12
5.319769769770975836e+04 1.698501660372154648e-12
5.321181896178265742e+04 1.625119403027506188e-12
5.322594022590137320e+04 1.541951519903922181e-12
5.324006149011617526e+04 1.429421637795403966e-12
5.325418275421369617e+04 1.322996401739876533e-12
5.326830401827657624e+04 1.179889716926986597e-12
5.328242528242690605e+04 1.025174150818138914e-12
5.329654654649863369e+04 9.856816342693417433e-13
5.331066781071537844e+04 9.681852648010125254e-13
5.332478907479158806e+04 9.424954875237241831e-13
5.333891033892768610e+04 9.164572333078189038e-13
5.335303160301633761e+04 8.227136589651022466e-13
5.336715286720974109e+04 7.492772145832614616e-13
5.338127413132159563e+04 6.632688654079892991e-13
5.339539539538785903e+04 5.869709562171362503e-13
5.340951665948335722e+04 3.840094647442363611e-13
5.342363792357258353e+04 2.729575878524439693e-13
5.343775918777671905e+04 1.154273687984722231e-13
5.345188045187931857e+04 1.349114499052077793e-13
5.346600171600048634e+04 2.552023702877348851e-13
5.348012298012709653e+04 9.794790076896490029e-14
5.349424424418923445e+04 6.005262140530923123e-14
5.350836550840033306e+04 -7.700800900917208274e-14
5.352248677250598121e+04 4.340654795916056801e-14
5.353660803660676902e+04 -6.031184924234988943e-15
5.355072930072525924e+04 -1.760268809235421198e-13
5.356485056491671276e+04 -2.679059704818077889e-13
5.357897182900802727e+04 -2.954038944141412736e-13
5.359309309312669211e+04 -2.207203287131766651e-13
5.360721435717945133e+04 -2.361952860984182828e-13
5.362133562131660437e+04 -1.277660003469567357e-13
5.363545688551376224e+04 -3.687786741525230816e-13
5.364957814959954703e+04 -4.552021841250362252e-13
5.366369941372297035e+04 -4.311214238235834192e-13
5.367782067780991201e+04 -5.668889405187530479e-13
5.369194194189757400e+04 -3.805471972206248543e-13
5.370606320607652015e+04 -4.658298088561851267e-13
5.372018447021555039e+04 -4.966033340651463726e-13
5.373430573429571086e+04 -4.688284314020604098e-13
5.374842699837737018e+04 -5.609447557016066684e-13
5.376254826252072235e+04 -5.755543594191720692e-13
5.377666952669344028e+04 -5.956322444098469226e-13
5.379079079078425275e+04 -5.281184739230156928e-13
5.380491205492069275e+04 -5.128995989441649738e-13
5.381903331902241916e+04 -4.401234374389626757e-13
5.383315458318832680e+04 -4.556819801216502831e-13
5.384727584731300158e+04 -4.453962766195145463e-13
5.386139711141185398e+04 -4.644893711081724860e-13
5.387551837551368226e+04 -3.590254171897553757e-13
5.388963963961185073e+04 -2.187465479576778951e-13
5.390376090382362599e+04 -2.175800413800859112e-13
5.391788216791501327e+04 -3.055324657517155186e-13
5.393200343202130898e+04 -1.830080970536092229e-13
5.394612469611359847e+04 -1.170005008482069410e-13
5.396024596018146985e+04 -1.354394584379798262e-13
5.397436722440484300e+04 -1.636718267118425195e-13
5.398848848852256924e+04 -3.324321811827197575e-13
5.400260975261403655e+04 -4.308137152040640565e-13
5.401673101667378069e+04 -2.642947988198453771e-13
5.403085228087184805e+04 -4.286790122643892170e-13
5.404497354497457127e+04 -4.332393277573989927e-13
5.405909480907768739e+04 -3.824409778323671306e-13
5.407321607319456234e+04 -4.351277818550882891e-13
5.408733733729722735e+04 -4.733315893019637609e-13
5.410145860152260866e+04 -2.980069208586238344e-13
5.411557986557937693e+04 -3.792288849925243585e-13
5.412970112967419118e+04 -3.786761567265701443e-13
5.414382239378693339e+04 -2.280140678120032679e-13
5.415794365787284914e+04 -4.006633921392957979e-13
5.417206492208826967e+04 -3.501379236265141256e-13
5.418618618622276699e+04 -2.898655489946432110e-13
5.420030745029722311e+04 -1.735385793971226724e-13
5.421442871438947623e+04 -1.244971596458577275e-13
5.422854997850379004e+04 -6.930955727528523808e-14
5.424267124268491170e+04 -9.957071280553946632e-14
5.425679250679987308e+04 -5.580561495555334719e-14
5.427091377091134927e+04 -2.141231371577499388e-14
5.428503503500809893e+04 1.720446280274440209e-13
5.429915629920900392e+04 4.087122970292775604e-14
5.431327756332743593e+04 8.634101691577704565e-14
5.432739882739330642e+04 1.711137172637316960e-13
5.434152009152584651e+04 2.112547368984733063e-13
5.435564135559703573e+04 3.438968190401229067e-13
5.436976261982478900e+04 4.407193233713591526e-13
5.438388388387179293e+04 4.417567644161300898e-13
5.439800514799981465e+04 3.908490160870880438e-13
5.441212641208481364e+04 5.299009432936652299e-13
5.442624767619097111e+04 5.932768318250692105e-13
5.444036894040144398e+04 6.439647590164653040e-13
5.445449020449328964e+04 7.753657633837818338e-13
5.446861146859762812e+04 8.519417780679754483e-13
5.448273273271154903e+04 9.142427350903127279e-13
5.449685399688297912e+04 1.015798052023503759e-12
5.451097526099660172e+04 1.028920533990675679e-12
5.452509652507770807e+04 1.073805838719178259e-12
5.453921778921260557e+04 1.206020570541042592e-12
5.455333905327418324e+04 1.360664843307951075e-12
5.456746031752300769e+04 1.343238947717860832e-12
5.458158158160611492e+04 1.308884980735704110e-12
5.459570284568722127e+04 1.374458875777642610e-12
5.460982410977310792e+04 1.300298640082378551e-12
5.462394537389258767e+04 1.382577712389860825e-12
5.463806663810437021e+04 1.557627860493549707e-12
5.465218790222452662e+04 1.569265474235504421e-12
5.466630916631063883e+04 1.484976667202666066e-12
5.468043043040225166e+04 1.422680217230681339e-12
5.469455169462201593e+04 1.579021189589373560e-12
5.470867295872111572e+04 1.585477744085226995e-12
5.472279422278755374e+04 1.697626268274147969e-12
5.473691548688050534e+04 1.733351607759009273e-12
5.475103675100299006e+04 1.841290546918713482e-12
5.476515801517639193e+04 1.747257906755662588e-12
5.477927927932477905e+04 1.828019332289909754e-12
5.479340054340957431e+04 1.831895395593042684e-12
5.480752180751281412e+04 1.831442232166693424e-12
5.482164307162091427e+04 1.929105506254592384e-12
5.483576433578541037e+04 1.921565620746742868e-12
5.484988559992217779e+04 1.986406505508628084e-12
5.486400686402146675e+04 1.968275871136149908e-12
5.487812812810506148e+04 2.064224417430855121e-12
5.489224939218469081e+04 2.139367190102960070e-12
5.490637065638499189e+04 2.207046287391357267e-12
5.492049192052039871e+04 2.219343159680324581e-12
5.493461318460890470e+04 2.303965488439246770e-12
5.494873444869341620e+04 2.318145898043700715e-12
5.496285571287181665e+04 2.248013736168003709e-12
5.497697697698896809e+04 2.419795043570593507e-12
5.499109824109857436e+04 2.400495444229421963e-12
5.500521950522416591e+04 2.409423910977685844e-12
5.501934076929740695e+04 2.475466948988132342e-12
5.503346203351857548e+04 2.697310932778674480e-12
5.504758329757361207e+04 2.599670193942537879e-12
5.506170456167251541e+04 2.659418521537970395e-12
5.507582582580794406e+04 2.618742801838684175e-12
5.508994708990989602e+04 2.774369611582433548e-12
5.510406835412071814e+04 2.823844322765312085e-12
5.511818961822625715e+04 2.768482994090243705e-12
5.513231088228295266e+04 2.549214174978369092e-12
5.514643214640497172e+04 2.570253086023748011e-12
5.516055341060252249e+04 2.575759472358928649e-12
5.517467467467530514e+04 2.591827516597371362e-12
5.518879593877668958e+04 2.631035986540999767e-12
5.520291720287876524e+04 2.537989980673291901e-12
5.521703846699347196e+04 2.731326461252544804e-12
5.523115973118729016e+04 2.592177837329314361e-12
5.524528099530277541e+04 2.545480288627264148e-12
5.525940225937958894e+04 2.628661180737092994e-12
5.527352352350742149e+04 2.596203862489629942e-12
5.528764478759954363e+04 2.432774938853887025e-12
5.530176605177327292e+04 2.329093933081726209e-12
5.531588731592083786e+04 2.283335080048542809e-12
5.533000857998280117e+04 2.360356473253931421e-12
5.534412984409682394e+04 2.456540205630666156e-12
5.535825110830141784e+04 2.399178156330946800e-12
5.537237237241293769e+04 2.357017158674593766e-12
5.538649363651153544e+04 2.301043280883438358e-12
5.540061490060947108e+04 2.300497927790788395e-12
5.541473616471932473e+04 2.252465882452554043e-12
5.542885742887177184e+04 2.166087033251715099e-12
5.544297869302009349e+04 2.009540375504209954e-12
5.545709995709590294e+04 1.998994287411255595e-12
5.547122122117303661e+04 1.922711230999973449e-12
5.548534248527260934e+04 1.905356628751822205e-12
5.549946374951846519e+04 1.838487981063171101e-12
5.551358501362015522e+04 1.697123117562071024e-12
5.552770627771464933e+04 1.647883592461222007e-12
5.554182754182755161e+04 1.601723202214817686e-12
5.555594880588572414e+04 1.474303562236142234e-12
5.557007007007536595e+04 1.421512891189388827e-12
5.558419133419876016e+04 1.271285118036061077e-12
5.559831259828240582e+04 1.079834633163396289e-12
5.561243386237733648e+04 1.087337233072875351e-12
5.562655512661064131e+04 8.703694680318671290e-13
5.564067639070132282e+04 7.426531821936284878e-13
5.565479765479619527e+04 4.836043172070609205e-13
5.566891891889304679e+04 4.479781328299540543e-13
5.568304018297317089e+04 2.510282270635626646e-13
5.569716144719051954e+04 2.446568967925562003e-13
5.571128271129871428e+04 1.764263004337554804e-13
5.572540397537703393e+04 1.894983853833497029e-13
5.573952523950548493e+04 1.276866481901816232e-13
5.575364650357548817e+04 2.025413759735613764e-14
5.576776776780647924e+04 -2.125850003939868704e-13
5.578188903187592223e+04 -3.420069999247142541e-13
5.579601029601832124e+04 -3.317239596796050073e-13
5.581013156007995713e+04 -3.769358206927373357e-13
5.582425282430554216e+04 -5.713863621727532054e-13
5.583837408841537399e+04 -7.430599100987337753e-13
5.585249535251372436e+04 -9.775207667532693034e-13
5.586661661659041420e+04 -9.156684661069289329e-13
5.588073788068663998e+04 -9.653861482769910519e-13
5.589485914490717551e+04 -1.065697519312897391e-12
5.590898040901617060e+04 -1.249348348684669512e-12
5.592310167307844677e+04 -1.252231221982856198e-12
5.593722293717809953e+04 -1.314574381385766699e-12
5.595134420129700447e+04 -1.505824917115521353e-12
5.596546546550434141e+04 -1.727019475923455819e-12
5.597958672958217358e+04 -1.595306255886267576e-12
5.599370799371958128e+04 -1.760991982553052696e-12
5.600782925780590449e+04 -1.720886609589280686e-12
5.602195052201105136e+04 -1.833498950232656677e-12
5.603607178609835682e+04 -1.848458260084389656e-12
5.605019305018753221e+04 -1.821874038178059193e-12
5.606431431429744407e+04 -2.051493503290329977e-12
5.607843557838872221e+04 -2.064397598181331742e-12
5.609255684260276030e+04 -2.240691282450455103e-12
5.610667810667987214e+04 -2.273959050297664248e-12
5.612079937079975934e+04 -2.501072595413955841e-12
5.613492063490383589e+04 -2.819512092090708978e-12
5.614904189902459620e+04 -3.010824087597997704e-12
5.616316316321396880e+04 -3.119451376266080694e-12
5.617728442731617542e+04 -3.309868517412476884e-12
5.619140569138878345e+04 -3.513749447157282887e-12
5.620552695550808858e+04 -3.700691242750066440e-12
5.621964821961730922e+04 -3.803301209465737181e-12
5.623376948378127418e+04 -3.971765737540752086e-12
5.624789074791331950e+04 -4.014140205491072710e-12
5.626201201200238575e+04 -4.014604841409228357e-12
5.627613327609866974e+04 -4.092671870296392584e-12
5.629025454032215930e+04 -4.150769388267266708e-12
5.630437580441526370e+04 -4.085722818116568164e-12
5.631849706847936613e+04 -4.329217442604875418e-12
5.633261833259277773e+04 -4.370910936220121915e-12
5.634673959671060584e+04 -4.492343984135152154e-12
5.636086086089349556e+04 -4.632421470162843879e-12
5.637498212499549845e+04 -4.575528563831632721e-12
5.638910338908922859e+04 -4.800351707905163983e-12
5.640322465321475465e+04 -4.808796281338311568e-12
5.641734591728012310e+04 -4.818233225312705374e-12
5.643146718147374486e+04 -4.704807157214781580e-12
5.644558844557664997e+04 -4.761329665953388257e-12
5.645970970968643087e+04 -4.807950594799446290e-12
5.647383097382105916e+04 -4.732219856922267942e-12
5.648795223798378720e+04 -4.795586526487041913e-12
5.650207350210315053e+04 -4.804920218035178639e-12
5.651619476620175556e+04 -4.891642422526506343e-12
5.653031603031780105e+04 -4.933594866671094351e-12
5.654443729441668984e+04 -5.009873825763874360e-12
5.655855855861157033e+04 -5.190693408050588538e-12
5.657267982269162894e+04 -5.200540083875208144e-12
5.658680108677633689e+04 -5.228515755144904669e-12
5.660092235091532348e+04 -5.260074121712972240e-12
5.661504361501549283e+04 -5.474917836842411430e-12
5.662916487917368795e+04 -5.550049546754560812e-12
5.664328614330848359e+04 -5.572049688720568095e-12
5.665740740741662012e+04 -5.521760020887591315e-12
