5.300000000000051659e+04 5.055779473556082520e-12
5.301412126408868789e+04 5.196562891789996828e-12
5.302824252820212132e+04 5.311029292470410193e-12
5.304236379241297254e+04 5.377465518473703242e-12
5.305648505649644358e+04 5.553939596524313720e-12
5.307060632060698845e+04 5.508114819307523568e-12
5.308472758471308043e+04 5.555019540668495977e-12
5.309884884880989557e+04 5.644940480191882972e-12
5.311297011300546001e+04 5.678450294514209742e-12
5.312709137710075447e+04 5.798907643884690721e-12
5.314121264120074193e+04 5.903644961240913687e-12
5.315533390529228200e+04 5.943446314657281763e-12
5.316945516949657031e+04 5.947611981184723485e-12
5.318357643359669601e+04 5.926639711424364819e-12
5.319769769770091807e+04 5.984362508288973746e-12
5.321181896179562318e+04 6.071681624136703304e-12
5.322594022588738881e+04 6.204085583549788029e-12
5.324006149011038360e+04 6.267828185000713487e-12
5.325418275418964186e+04 6.259581243215283858e-12
5.326830401830492337e+04 6.279615060539676694e-12
5.328242528240788670e+04 6.176701435826371431e-12
5.329654654649518488e+04 6.236832672953473296e-12
5.331066781071074365e+04 6.294148357139482756e-12
5.332478907481051283e+04 6.337516421602936636e-12
5.333891033889214305e+04 6.386416210285565201e-12
5.335303160298959847e+04 6.282864943627611575e-12
5.336715286720918084e+04 6.176689697834677271e-12
5.338127413131151116e+04 6.097540615472629675e-12
5.339539539540057012e+04 6.039953783678480189e-12
5.340951665949797462e+04 5.916582844682109003e-12
5.342363792359570652e+04 5.815155934433494966e-12
5.343775918778753112e+04 5.871539964437060518e-12
5.345188045189556578e+04 5.888338791250480959e-12
5.346600171598781890e+04 5.643624357873149726e-12
5.348012298010246013e+04 5.589408726201927136e-12
5.349424424419968273e+04 5.490374018660628807e-12
5.350836550840074779e+04 5.432188011298779627e-12
5.352248677250091714e+04 5.365159481343757807e-12
5.353660803660027887e+04 5.301548369853958386e-12
5.355072930070512666e+04 5.293289225447996570e-12
5.356485056488806731e+04 5.240608140557619373e-12
5.357897182899558538e+04 5.180138115645238259e-12
5.359309309310132812e+04 5.068514020745321475e-12
5.360721435719644796e+04 5.079808463078555345e-12
5.362133562131255894e+04 4.865134925119769438e-12
5.363545688549449551e+04 4.788168717946488598e-12
5.364957814958976087e+04 4.737452768498946197e-12
5.366369941369033040e+04 4.655938382993883458e-12
5.367782067780215584e+04 4.587949880951455034e-12
5.369194194189727568e+04 4.474154257588077437e-12
5.370606320609532850e+04 4.417382776041999470e-12
5.372018447019402811e+04 4.321870150725198822e-12
5.373430573431219818e+04 4.156727856493900721e-12
5.374842699839192210e+04 4.020803771188267475e-12
5.376254826249562029e+04 4.052861009038413864e-12
5.377666952669846069e+04 4.002940112894971846e-12
5.379079079080594238e+04 3.971762637522318871e-12
5.380491205489422282e+04 3.985056402199197718e-12
5.381903331900155172e+04 3.917762006732297800e-12
5.383315458320822654e+04 3.641537521550973941e-12
5.384727584729849332e+04 3.538534883733986281e-12
5.386139711140207510e+04 3.406745701635894802e-12
5.387551837548736512e+04 3.416086991059481884e-12
5.388963963961058471e+04 3.485018640734553721e-12
5.390376090379661764e+04 3.429809290249803514e-12
5.391788216790703154e+04 3.308205946077710051e-12
5.393200343200324278e+04 3.339723921026097185e-12
5.394612469609719847e+04 3.057719061834873162e-12
5.396024596019065939e+04 3.101473893124657250e-12
5.397436722441059828e+04 2.910443556027988944e-12
5.398848848849932256e+04 2.784657574148796197e-12
5.400260975260815758e+04 2.746835808577536639e-12
5.401673101669130119e+04 2.838986183990077602e-12
5.403085228089200973e+04 2.643999165526427239e-12
5.404497354499060020e+04 2.541063629895292176e-12
5.405909480909528065e+04 2.421038263073314276e-12
5.407321607321097690e+04 2.490589091810264568e-12
5.408733733731151005e+04 2.380577307886169512e-12
5.410145860150746739e+04 2.351758484127906551e-12
5.411557986561360303e+04 2.288293119368312378e-12
5.412970112971025083e+04 2.245153163210119398e-12
5.414382239381097315e+04 2.237996314040857593e-12
5.415794365790182201e+04 2.165898634556017662e-12
5.417206492209134012e+04 2.135343370559765150e-12
5.418618618620389316e+04 2.089744794224585264e-12
5.420030745031173865e+04 1.996593168120513220e-12
5.421442871439982991e+04 1.844370783530627818e-12
5.422854997848912171e+04 1.774792468329792819e-12
5.424267124271094508e+04 1.703639697176350748e-12
5.425679250680700352e+04 1.519847788291220436e-12
5.427091377088853915e+04 1.475838536031460440e-12
5.428503503500868828e+04 1.283147077476841860e-12
5.429915629919542698e+04 1.351097235413068136e-12
5.431327756331270211e+04 1.457181976399209111e-12
5.432739882739868335e+04 1.334449535242713339e-12
5.434152009149728838e+04 1.381542944820173067e-12
5.435564135560779687e+04 1.218460765947836898e-12
5.436976261980029085e+04 1.215718379821638683e-12
5.438388388390798355e+04 1.299389523483947885e-12
5.439800514799774828e+04 1.303793128884694034e-12
5.441212641211263690e+04 1.172924596601832430e-12
5.442624767620702187e+04 1.033502491954674369e-12
5.444036894039776234e+04 8.754701927424579816e-13
5.445449020449564705e+04 8.377869354731922796e-13
5.446861146860425652e+04 8.578125362033988406e-13
5.448273273269190395e+04 8.135843703985385989e-13
5.449685399688922189e+04 8.479723821328004631e-13
5.451097526100301184e+04 6.701341782682573239e-13
5.452509652510975138e+04 4.695548871116089632e-13
5.453921778920364886e+04 3.080177213960464025e-13
5.455333905330605194e+04 2.789407596371042284e-13
5.456746031750779366e+04 3.145573478353784085e-13
5.458158158159254526e+04 3.608386840207815648e-13
5.459570284569980140e+04 3.049701474857940680e-13
5.460982410979952692e+04 2.873631599442156806e-13
5.462394537389680045e+04 3.050933963985851218e-13
5.463806663810402824e+04 1.774525183818870893e-13
5.465218790219452057e+04 1.682205879142528232e-13
5.466630916628861451e+04 7.004519918158112820e-14
5.468043043040018529e+04 5.847956033190809908e-14
5.469455169460822071e+04 -6.521383107796806341e-14
5.470867295870208909e+04 -1.636124372860279949e-13
5.472279422279584105e+04 -2.242072761767598450e-13
5.473691548688791954e+04 -3.681817652693903510e-13
5.475103675099792599e+04 -3.167742524778541105e-13
5.476515801519221714e+04 -4.241287507155353290e-13
5.477927927930149599e+04 -4.990372879447907384e-13
5.479340054339513154e+04 -5.698917184760003507e-13
5.480752180750425759e+04 -7.200660191484104559e-13
5.482164307160990575e+04 -8.319748581635132300e-13
5.483576433579892910e+04 -8.874984933758807530e-13
5.484988559989669011e+04 -1.062404938181556253e-12
5.486400686399907863e+04 -1.244036078428945129e-12
5.487812812808890158e+04 -1.099867912473357195e-12
5.489224939220384840e+04 -1.089405253576566586e-12
5.490637065641047229e+04 -1.213427895653470227e-12
5.492049192048951954e+04 -1.313128245140437574e-12
5.493461318460843904e+04 -1.329708940941536827e-12
5.494873444869796367e+04 -1.346170691760133132e-12
5.496285571290440566e+04 -1.421089010649133894e-12
5.497697697698889533e+04 -1.571887576846490374e-12
5.499109824109562032e+04 -1.678199545788515127e-12
5.500521950520852261e+04 -1.711737922557298440e-12
5.501934076930966694e+04 -1.884180367273127345e-12
5.503346203350572614e+04 -2.012647991171500079e-12
5.504758329760913330e+04 -2.114588145106951140e-12
5.506170456168972305e+04 -2.060961760618786049e-12
5.507582582579031441e+04 -2.150984918486511876e-12
5.508994708991073276e+04 -2.090253136359345499e-12
5.510406835410444182e+04 -1.985990816400355474e-12
5.511818961819347896e+04 -2.103425706271980265e-12
5.513231088229591842e+04 -2.334556348760982815e-12
5.514643214640385850e+04 -2.562366313399644146e-12
5.516055341060357023e+04 -2.709519059376724147e-12
5.517467467470583506e+04 -2.670268388949868252e-12
5.518879593879192544e+04 -2.612799181614156234e-12
5.520291720290822559e+04 -2.612054406041147681e-12
5.521703846699874703e+04 -2.586036560550957085e-12
5.523115973119100090e+04 -2.593592892704217839e-12
5.524528099530732288e+04 -2.663217377339050824e-12
5.525940225941004610e+04 -2.470757352854006516e-12
5.527352352350157162e+04 -2.544992520626393872e-12
5.528764478761171631e+04 -2.522960114582837197e-12
5.530176605179970647e+04 -2.481836843214336991e-12
5.531588731590031239e+04 -2.527893396858792922e-12
5.533000858000313019e+04 -2.454680021263401628e-12
5.534412984408858028e+04 -2.495773947652665627e-12
5.535825110831364873e+04 -2.630976244285692157e-12
5.537237237238787930e+04 -2.491324075001324237e-12
5.538649363648927829e+04 -2.626863447629174297e-12
5.540061490059067728e+04 -2.726156293171151537e-12
5.541473616469337139e+04 -2.789892609905690820e-12
5.542885742888801906e+04 -2.821899961291136423e-12
5.544297869299674494e+04 -2.772520969097585027e-12
5.545709995710074872e+04 -2.658224622571843826e-12
5.547122122120304994e+04 -2.935729722647025269e-12
5.548534248531251069e+04 -2.856529384387912878e-12
5.549946374950435711e+04 -2.784527565168577004e-12
5.551358501361156959e+04 -2.797674702765873480e-12
5.552770627771080763e+04 -2.736178581746207745e-12
5.554182754179547919e+04 -2.596651226440190258e-12
5.555594880590977118e+04 -2.693815191555195574e-12
5.557007007009198423e+04 -2.765769667541364168e-12
5.558419133420650905e+04 -2.740816262264659332e-12
5.559831259828803741e+04 -2.668236151321180455e-12
5.561243386239034589e+04 -2.713853508443071078e-12
5.562655512660434761e+04 -2.753909405100161783e-12
5.564067639068806602e+04 -2.888212375936203287e-12
5.565479765479095659e+04 -2.882454499743717670e-12
5.566891891890483384e+04 -2.963148888712330643e-12
5.568304018301208271e+04 -2.920763587603488673e-12
5.569716144719589647e+04 -3.055475431816884696e-12
5.571128271130250505e+04 -2.956354156586840421e-12
5.572540397539285914e+04 -3.019164737043082615e-12
5.573952523949229362e+04 -3.062241210229528542e-12
5.575364650359280495e+04 -3.087965605927359481e-12
5.576776776779680949e+04 -3.146780378377637603e-12
5.578188903190194833e+04 -3.341510139189986178e-12
5.579601029600131733e+04 -3.229316849509489587e-12
5.581013156011231331e+04 -3.260525234926937291e-12
5.582425282430199877e+04 -3.206375336009202886e-12
5.583837408840389980e+04 -3.301842574424784607e-12
5.585249535248755274e+04 -3.338394680561101480e-12
5.586661661660411482e+04 -3.338122946053376706e-12
5.588073788069831789e+04 -3.324053006675706479e-12
5.589485914490995492e+04 -3.447845388482204941e-12
5.590898040899429907e+04 -3.391146584668034681e-12
5.592310167309612734e+04 -3.440236626632709491e-12
5.593722293719277513e+04 -3.682812984822907742e-12
5.595134420129416685e+04 -3.660289735093330727e-12
5.596546546549642517e+04 -3.553934922481621563e-12
5.597958672959941032e+04 -3.583000537515259107e-12
5.599370799369390443e+04 -3.792677456951238221e-12
5.600782925780634832e+04 -3.784786787667882763e-12
5.602195052200039208e+04 -3.883122986886767376e-12
5.603607178610933624e+04 -3.929262489005862901e-12
5.605019305021026230e+04 -4.028775617525304799e-12
5.606431431429405347e+04 -4.125625395729290965e-12
5.607843557841147413e+04 -4.219311589538445084e-12
5.609255684260861744e+04 -4.295745087521995955e-12
5.610667810669773462e+04 -4.256873554226868540e-12
5.612079937080210220e+04 -4.330964540334609978e-12
5.613492063490079454e+04 -4.314426492570000623e-12
5.614904189900809433e+04 -4.416519827297062938e-12
5.616316316318990721e+04 -4.491537723482270961e-12
5.617728442729882954e+04 -4.528252400803555466e-12
5.619140569140792650e+04 -4.563235528716722111e-12
5.620552695550252247e+04 -4.734997561180666436e-12
5.621964821960531117e+04 -4.896759215987384756e-12
5.623376948379239911e+04 -4.707864019579925286e-12
5.624789074789122242e+04 -4.622063212957864698e-12
5.626201201200083597e+04 -4.585531061407428058e-12
5.627613327609808039e+04 -4.538031321684147720e-12
5.629025454029737011e+04 -4.539343629155580505e-12
5.630437580440945749e+04 -4.460107490021799269e-12
5.631849706848724600e+04 -4.500296025985036649e-12
5.633261833259197738e+04 -4.552727678551908703e-12
5.634673959668974567e+04 -4.492727368940496987e-12
5.636086086090170284e+04 -4.435759373850135863e-12
5.637498212500014051e+04 -4.348544530495290949e-12
5.638910338909300481e+04 -4.356219611997860140e-12
5.640322465319284674e+04 -4.373952587316958256e-12
5.641734591730955435e+04 -4.328307841547780585e-12
5.643146718148983200e+04 -4.347621924348112518e-12
5.644558844561228034e+04 -4.340127607917636946e-12
5.645970970968747133e+04 -4.596018565719971804e-12
5.647383097379981336e+04 -4.546548017191204102e-12
5.648795223801065731e+04 -4.550307304664525881e-12
5.650207350210103323e+04 -4.530293246292818766e-12
5.651619476620625210e+04 -4.442592058815437390e-12
5.653031603029193502e+04 -4.406034474949663269e-12
5.654443729440865718e+04 -4.340639775621902336e-12
5.655855855859769508e+04 -4.457121736201137908e-12
5.657267982270219363e+04 -4.518097472922352180e-12
5.658680108680120611e+04 -4.383650907321249910e-12
5.660092235088960297e+04 -4.340105305733418123e-12
5.661504361499299557e+04 -4.313555533586276820e-12
5.662916487918747589e+04 -4.113206404883436382e-12
5.664328614329617267e+04 -4.171532876879228075e-12
5.665740740740343608e+04 -4.126124456009496974e-12
