5.300000000000105501e+04 3.924588493155288321e-12
5.301412126409381744e+04 3.872796182148881414e-12
5.302824252822952985e+04 3.727672689949030514e-12
5.304236379236952780e+04 3.766394267702505718e-12
5.305648505652940366e+04 3.824256391552405116e-12
5.307060632061581418e+04 3.958091517017275951e-12
5.308472758468242682e+04 3.870698406030091272e-12
5.309884884878114099e+04 3.978842035413544748e-12
5.311297011301723251e+04 3.933400386189533463e-12
5.312709137710359209e+04 3.930703836375421297e-12
5.314121264117622195e+04 3.807040909174330873e-12
5.315533390529593453e+04 3.761787139041946079e-12
5.316945516948219301e+04 3.672788692126049373e-12
5.318357643362767703e+04 3.690377569047191174e-12
5.319769769771300344e+04 3.603416337546114021e-12
5.321181896178673196e+04 3.511406249397598989e-12
5.322594022587879590e+04 3.723914108114879680e-12
5.324006149009535147e+04 3.849400250384809711e-12
5.325418275420966529e+04 3.792386946089032323e-12
5.326830401827171590e+04 3.659621640535579422e-12
5.328242528238833620e+04 3.498741259224882585e-12
5.329654654653235048e+04 3.507535334048502411e-12
5.331066781070954312e+04 3.401579647596280118e-12
5.332478907477986650e+04 3.399533583682306419e-12
5.333891033888317907e+04 3.381148584261935232e-12
5.335303160296989518e+04 3.503923934270485070e-12
5.336715286716957053e+04 3.455626280429112869e-12
5.338127413128795888e+04 3.507039696883559275e-12
5.339539539543348656e+04 3.592943714554206074e-12
5.340951665953126212e+04 3.614472476632919416e-12
5.342363792360984371e+04 3.507634122087003125e-12
5.343775918779318454e+04 3.285150610878246515e-12
5.345188045192582649e+04 3.475164493835120718e-12
5.346600171597470762e+04 3.449598028258872938e-12
5.348012298009019287e+04 3.328629347837869183e-12
5.349424424421675940e+04 3.292178258603623502e-12
5.350836550840817654e+04 3.048311924946036425e-12
5.352248677250536275e+04 3.054232419366304471e-12
5.353660803662269609e+04 3.107658202710549172e-12
5.355072930067443667e+04 3.130715209684249604e-12
5.356485056488244300e+04 3.256938444054943045e-12
5.357897182901920314e+04 3.170368122276766002e-12
5.359309309310731624e+04 3.118548402135137096e-12
5.360721435718659632e+04 3.123994713970602925e-12
5.362133562126796460e+04 3.091797086158469504e-12
5.363545688553425862e+04 3.035095418730158008e-12
5.364957814962420525e+04 2.974674714986174716e-12
5.366369941369964363e+04 2.911642370656262617e-12
5.367782067778877536e+04 2.957426687100938222e-12
5.369194194192170107e+04 2.945839759277207965e-12
5.370606320608069655e+04 2.953567529346608028e-12
5.372018447023422777e+04 2.943931150130914474e-12
5.373430573433273821e+04 3.129738238407790477e-12
5.374842699842848378e+04 3.287752312054166334e-12
5.376254826252402563e+04 3.164072596947147529e-12
5.377666952671107720e+04 3.010457075866546015e-12
5.379079079077128699e+04 3.070476566840668325e-12
5.380491205493367306e+04 3.102394436624754265e-12
5.381903331900625199e+04 3.113553727393478531e-12
5.383315458320717153e+04 2.901141747619086315e-12
5.384727584727972862e+04 2.825584776979751068e-12
5.386139711143403838e+04 2.857127373429851722e-12
5.387551837548835465e+04 2.940866902752641394e-12
5.388963963963359129e+04 2.900659807445984390e-12
5.390376090382368420e+04 2.985432065711135042e-12
5.391788216790626757e+04 2.889063425061514458e-12
5.393200343200010684e+04 2.908193395383264576e-12
5.394612469613122084e+04 2.914635345192034833e-12
5.396024596019901219e+04 2.960376752476429409e-12
5.397436722441516758e+04 2.948107884156252467e-12
5.398848848849949718e+04 2.921742023348212391e-12
5.400260975263163709e+04 3.051187323534145601e-12
5.401673101668090385e+04 2.983716184149155915e-12
5.403085228089458542e+04 2.864654658326638925e-12
5.404497354497673223e+04 2.799384734621611035e-12
5.405909480909057311e+04 2.959108144364838582e-12
5.407321607321938791e+04 2.985293398820282966e-12
5.408733733729398227e+04 3.001517909899263702e-12
5.410145860152663226e+04 3.006700948581817666e-12
5.411557986563183658e+04 3.010057075219856900e-12
5.412970112969174806e+04 3.015543144695357469e-12
5.414382239378614759e+04 2.946412366263559013e-12
5.415794365791053860e+04 3.004335368999761746e-12
5.417206492212059675e+04 2.999170754589418628e-12
5.418618618622501526e+04 2.946003153480764273e-12
5.420030745032724371e+04 2.772454751689422173e-12
5.421442871441299212e+04 2.714952598118463540e-12
5.422854997847949562e+04 2.738479424033548033e-12
5.424267124268421321e+04 2.872896126196241492e-12
5.425679250678874814e+04 2.856227493187118341e-12
5.427091377090931928e+04 2.666116155527232720e-12
5.428503503497281054e+04 2.700667968963607964e-12
5.429915629922397784e+04 2.709062164352855700e-12
5.431327756328136456e+04 2.719840363596370607e-12
5.432739882737595326e+04 2.641058175621548898e-12
5.434152009151768289e+04 2.707729798562429263e-12
5.435564135557167901e+04 2.732187050224176252e-12
5.436976261976941169e+04 2.694377049702042101e-12
5.438388388391688932e+04 2.810470328301491107e-12
5.439800514798387303e+04 2.883529840357679845e-12
5.441212641208814603e+04 2.815016275044954646e-12
5.442624767617625184e+04 2.842174621982708102e-12
5.444036894040353945e+04 2.923330147127885440e-12
5.445449020447239309e+04 2.719054907781053976e-12
5.446861146862399619e+04 2.763182979123801958e-12
5.448273273269487981e+04 2.574407401199223518e-12
5.449685399689792393e+04 2.499790553291924896e-12
5.451097526102604024e+04 2.433385597448837544e-12
5.452509652507564169e+04 2.404302883763557939e-12
5.453921778919897042e+04 2.270306061067570763e-12
5.455333905330470589e+04 2.333797557654954976e-12
5.456746031752875570e+04 2.336425440691385349e-12
5.458158158161709434e+04 2.370591314109864169e-12
5.459570284572008677e+04 2.223459439875142478e-12
5.460982410978317057e+04 2.214563910342044557e-12
5.462394537392715574e+04 2.161661521783376893e-12
5.463806663808451412e+04 2.075225988101902678e-12
5.465218790222496318e+04 2.050907888180276673e-12
5.466630916630530555e+04 1.998075802765572459e-12
5.468043043041079363e+04 1.914262333929304139e-12
5.469455169459249009e+04 1.877776941609297121e-12
5.470867295867010398e+04 1.852427082443847549e-12
5.472279422279490973e+04 1.812309684251902861e-12
5.473691548693151708e+04 1.845178101027302718e-12
5.475103675100523105e+04 1.807305070100235713e-12
5.476515801521048706e+04 1.763047059153472372e-12
5.477927927927085693e+04 1.704161145769603607e-12
5.479340054340995994e+04 1.692217853733368425e-12
5.480752180751431297e+04 1.521894184428243878e-12
5.482164307162441401e+04 1.599303764123335906e-12
5.483576433578076103e+04 1.502627244188081652e-12
5.484988559991385409e+04 1.425925544425312207e-12
5.486400686401879648e+04 1.256249633743189830e-12
5.487812812810357718e+04 1.126240696282376541e-12
5.489224939219200314e+04 1.135816954188749279e-12
5.490637065637148044e+04 1.210843014878842640e-12
5.492049192049078556e+04 1.029759085753145326e-12
5.493461318462533382e+04 1.102590233803769874e-12
5.494873444869185914e+04 8.944323215130754473e-13
5.496285571288502251e+04 8.468535779248890528e-13
5.497697697698465345e+04 5.267090603407543138e-13
5.499109824109701731e+04 4.438662597404517343e-13
5.500521950520059909e+04 4.787128615322050683e-13
5.501934076928871946e+04 3.747558449779394557e-13
5.503346203350009455e+04 2.297820348382644805e-13
5.504758329758614127e+04 1.138443928540727061e-13
5.506170456171578553e+04 2.566868056084803525e-13
5.507582582579880545e+04 -3.143632687269829236e-14
5.508994708986945625e+04 -1.626569026560282151e-13
5.510406835407450126e+04 -2.152329876568511608e-13
5.511818961818648677e+04 -3.718393014515155854e-13
5.513231088229278976e+04 -4.247751446097244012e-13
5.514643214641918166e+04 -4.913590098329673265e-13
5.516055341057146143e+04 -6.255793480418316276e-13
5.517467467473091529e+04 -7.484731224842649948e-13
5.518879593877639854e+04 -8.100140704636123025e-13
5.520291720290338708e+04 -8.147597751057861466e-13
5.521703846696997061e+04 -9.008389445747556392e-13
5.523115973121947172e+04 -1.163621430026590243e-12
5.524528099528315215e+04 -1.094487742499179548e-12
5.525940225940046366e+04 -1.354476526464683332e-12
5.527352352348823479e+04 -1.376367470947126481e-12
5.528764478759791382e+04 -1.469669924821398957e-12
5.530176605178997124e+04 -1.613638157577760718e-12
5.531588731592625118e+04 -1.519170126061499463e-12
5.533000858001971937e+04 -1.606367357944123691e-12
5.534412984408697957e+04 -1.876685370730313306e-12
5.535825110827103344e+04 -1.900582621486695212e-12
5.537237237236821966e+04 -2.158388614044448048e-12
5.538649363651487511e+04 -2.278653535751913528e-12
5.540061490059688367e+04 -2.376400118023219767e-12
5.541473616467843385e+04 -2.480249982889099428e-12
5.542885742888708774e+04 -2.693695176455121531e-12
5.544297869299832382e+04 -2.915227655823295114e-12
5.545709995708286442e+04 -3.063980381163328248e-12
5.547122122117094841e+04 -3.104135597598232647e-12
5.548534248528659373e+04 -3.051306421279140673e-12
5.549946374949213350e+04 -3.129115031922384402e-12
5.551358501357203932e+04 -3.237851207718365213e-12
5.552770627771245927e+04 -3.428445455249890575e-12
5.554182754178786854e+04 -3.484303969799907954e-12
5.555594880590491084e+04 -3.545313522980744669e-12
5.557007007009627705e+04 -3.705429175782361623e-12
5.558419133419416175e+04 -3.829998589297471579e-12
5.559831259828411567e+04 -3.886067528430110806e-12
5.561243386239535175e+04 -3.830436893036388709e-12
5.562655512663409172e+04 -3.981659440551251880e-12
5.564067639067536220e+04 -3.965017474251907788e-12
5.565479765479635535e+04 -4.119617481772633279e-12
5.566891891887808742e+04 -4.210150476624010462e-12
5.568304018300129974e+04 -4.290720788701849979e-12
5.569716144718743453e+04 -4.245463988261535921e-12
5.571128271129057248e+04 -4.265522202508238851e-12
5.572540397538521938e+04 -4.202151433388764372e-12
5.573952523951026524e+04 -4.391206769341390698e-12
5.575364650362944667e+04 -4.531160450152800321e-12
5.576776776780992077e+04 -4.492459781524037605e-12
5.578188903189208941e+04 -4.654104648919179466e-12
5.579601029599481990e+04 -4.841653073344642595e-12
5.581013156011261890e+04 -4.710484861282333510e-12
5.582425282430596417e+04 -4.672991467332669745e-12
5.583837408839634008e+04 -4.835534275573469758e-12
5.585249535251992347e+04 -4.825253531679655787e-12
5.586661661657178774e+04 -4.793034328075064018e-12
5.588073788067780697e+04 -4.989713433928951553e-12
5.589485914492652228e+04 -5.218158894170451320e-12
5.590898040902144567e+04 -5.262811572421947802e-12
5.592310167312743579e+04 -5.233131039588343604e-12
5.593722293720884045e+04 -5.175943068343512027e-12
5.595134420133145613e+04 -5.218432349158005820e-12
5.596546546550097992e+04 -5.250558461703004327e-12
5.597958672958812531e+04 -5.185362719936090347e-12
5.599370799373353657e+04 -5.122423466665771510e-12
5.600782925782290113e+04 -4.879947438286221598e-12
5.602195052199502970e+04 -4.911876702028122443e-12
5.603607178609050607e+04 -4.927195999522414228e-12
5.605019305018606974e+04 -4.974431954677619278e-12
5.606431431426906784e+04 -4.884737749061117651e-12
5.607843557840658468e+04 -4.722157122577357321e-12
5.609255684260209819e+04 -4.633282312224982183e-12
5.610667810672467022e+04 -4.631887885728160507e-12
5.612079937080816308e+04 -4.612448339148335944e-12
5.613492063487947598e+04 -4.558331403171540145e-12
5.614904189901197969e+04 -4.540468586413574128e-12
5.616316316317558085e+04 -4.690221070945694989e-12
5.617728442731306131e+04 -4.719357602899802023e-12
5.619140569141303422e+04 -4.708139160520294757e-12
5.620552695550722274e+04 -4.723933610297926173e-12
5.621964821956781816e+04 -4.694421805009834256e-12
5.623376948377012741e+04 -4.546690172229713550e-12
5.624789074792196334e+04 -4.628347516368010384e-12
5.626201201202820084e+04 -4.548843872681342109e-12
5.627613327611238492e+04 -4.459153545858989326e-12
5.629025454030714900e+04 -4.356247197670027035e-12
5.630437580436931603e+04 -4.334699526469834342e-12
5.631849706846939807e+04 -4.271690454904820155e-12
5.633261833259472041e+04 -4.265481475169667506e-12
5.634673959668110183e+04 -4.164575615063419292e-12
5.636086086089439777e+04 -4.200476764014625903e-12
5.637498212498729117e+04 -4.014703857611194616e-12
5.638910338912424777e+04 -4.038881351244893316e-12
5.640322465318835020e+04 -3.942941317348815731e-12
5.641734591731493128e+04 -3.952656726995309453e-12
5.643146718151740788e+04 -3.879913821511591101e-12
5.644558844557824341e+04 -3.897571062179622335e-12
5.645970970969419432e+04 -3.823263063256494393e-12
5.647383097382677079e+04 -3.798537689949148878e-12
5.648795223801192333e+04 -3.805634913544586356e-12
5.650207350210493314e+04 -3.604661012868429284e-12
5.651619476620664500e+04 -3.595891059295927758e-12
5.653031603028842073e+04 -3.540016059870773954e-12
5.654443729440907191e+04 -3.430583640524919719e-12
5.655855855857985443e+04 -3.361366558923290296e-12
5.657267982268171909e+04 -3.243189398166908081e-12
5.658680108678247052e+04 -3.372011909467177606e-12
5.660092235093155614e+04 -3.388247572079339197e-12
5.661504361498863727e+04 -3.353652607058048469e-12
5.662916487916886399e+04 -3.318677520210085795e-12
5.664328614331046992e+04 -3.237458479810706897e-12
5.665740740739284956e+04 -3.220319058161662272e-12
