5.300000000000085129e+04 8.175029813341764551e-15
5.301412126411412464e+04 -4.845123454694684145e-14
5.302824252820402762e+04 1.002169650022411207e-13
5.304236379240964015e+04 1.188215788847080340e-13
5.305648505649891013e+04 2.909854468187652005e-13
5.307060632060928037e+04 3.267430368487593665e-13
5.308472758469182008e+04 4.040847508720117887e-13
5.309884884878537559e+04 3.384521217024690264e-13
5.311297011301387829e+04 2.591441426276450683e-13
5.312709137709908100e+04 3.466631138301811343e-13
5.314121264118819818e+04 4.325920809753436919e-13
5.315533390529533790e+04 4.543514018863449751e-13
5.316945516950880847e+04 5.933581479928133770e-13
5.318357643361148075e+04 5.761227902193506763e-13
5.319769769770106359e+04 6.570000812530150632e-13
5.321181896180062904e+04 6.893516938492351721e-13
5.322594022588895314e+04 7.952673910284151479e-13
5.324006149008381908e+04 9.762599199006016443e-13
5.325418275418552366e+04 1.137237323506983200e-12
5.326830401830678602e+04 1.048343552517954328e-12
5.328242528240803949e+04 1.068889646056709358e-12
5.329654654650744487e+04 1.227125282146091811e-12
5.331066781070290745e+04 1.190578394918314909e-12
5.332478907481313217e+04 1.130948794932545818e-12
5.333891033891846746e+04 1.308122277936690482e-12
5.335303160299369483e+04 1.396697932083785651e-12
5.336715286721313169e+04 1.509866564336323130e-12
5.338127413130243076e+04 1.405726842255849588e-12
5.339539539539412363e+04 1.425933546701842473e-12
5.340951665949111339e+04 1.640778381004826450e-12
5.342363792358543287e+04 1.699178187047249477e-12
5.343775918779974745e+04 1.696087522385981916e-12
5.345188045191419224e+04 1.749348855087390338e-12
5.346600171601308102e+04 1.783085871364834508e-12
5.348012298010985978e+04 1.851371021289946119e-12
5.349424424420505966e+04 1.670473089472579803e-12
5.350836550841347344e+04 1.587042483725846175e-12
5.352248677250571927e+04 1.600262607463399822e-12
5.353660803660689999e+04 1.618332804389827753e-12
5.355072930070752773e+04 1.624595097188243424e-12
5.356485056488321425e+04 1.575519112068005155e-12
5.357897182900732150e+04 1.569253467278549881e-12
5.359309309308977390e+04 1.644361530503454501e-12
5.360721435721045418e+04 1.736928052290055419e-12
5.362133562130630162e+04 1.725852558204201296e-12
5.363545688549511397e+04 1.733597462423989810e-12
5.364957814961015538e+04 1.752348371376926674e-12
5.366369941368728178e+04 1.669415085070014537e-12
5.367782067780454963e+04 1.679028724294394982e-12
5.369194194189640984e+04 1.589775258882267641e-12
5.370606320608554961e+04 1.442496636887761785e-12
5.372018447018722509e+04 1.700348031920079096e-12
5.373430573429520155e+04 1.608054310635010908e-12
5.374842699841366993e+04 1.489587985467076585e-12
5.376254826250156475e+04 1.347256257633397492e-12
5.377666952669613966e+04 1.292395509515158201e-12
5.379079079079965595e+04 1.326298965039992892e-12
5.380491205489512504e+04 1.230801127089238921e-12
5.381903331899997283e+04 1.266750070684639409e-12
5.383315458321360347e+04 1.353694529961393415e-12
5.384727584730674425e+04 1.320842181472946078e-12
5.386139711139751307e+04 1.183212136763271856e-12
5.387551837550686469e+04 1.260190739911020174e-12
5.388963963961088302e+04 1.092811001188269423e-12
5.390376090378666413e+04 1.100397846138266524e-12
5.391788216788780846e+04 9.127131638475154501e-13
5.393200343200650968e+04 9.245526540449399015e-13
5.394612469611185224e+04 9.450668392074523697e-13
5.396024596018663578e+04 8.883105401563043263e-13
5.397436722441731399e+04 7.849212128391441974e-13
5.398848848850133072e+04 7.535470923991720480e-13
5.400260975260553823e+04 7.901470957926538190e-13
5.401673101670965116e+04 7.420238496640630951e-13
5.403085228090912278e+04 8.146251392822565082e-13
5.404497354501226073e+04 5.980037497282706845e-13
5.405909480908710975e+04 7.107491286506891092e-13
5.407321607320511976e+04 6.270442397910015555e-13
5.408733733728616062e+04 4.580213808451726291e-13
5.410145860149903456e+04 2.928892810372236566e-13
5.411557986560482095e+04 2.475224029250641384e-13
5.412970112970587797e+04 1.750224465744533042e-13
5.414382239378663508e+04 1.634820571159494296e-13
5.415794365791846212e+04 1.510397242223215057e-13
5.417206492209874705e+04 1.075168279501532510e-13
5.418618618619735207e+04 1.204883886598452532e-13
5.420030745030414982e+04 1.055637774786418105e-13
5.421442871439013106e+04 -2.176434207953160929e-15
5.422854997849222855e+04 -1.146527513880754012e-13
5.424267124271098146e+04 -2.089860302980238461e-13
5.425679250679015240e+04 -3.772105996854926007e-13
5.427091377091524919e+04 -3.574745921351026377e-13
5.428503503500788793e+04 -4.294413240649482938e-13
5.429915629918687773e+04 -5.382322560197338086e-13
5.431327756328755640e+04 -6.300646917686564866e-13
5.432739882738835149e+04 -7.815932516332116373e-13
5.434152009150367667e+04 -6.660619813886669786e-13
5.435564135559673741e+04 -5.655329338101663952e-13
5.436976261978986440e+04 -5.760831966846576153e-13
5.438388388388342719e+04 -5.017383560349294066e-13
5.439800514801817189e+04 -6.167639913234197021e-13
5.441212641211272421e+04 -6.940196494228663378e-13
5.442624767620908096e+04 -7.097750386909679148e-13
5.444036894039535400e+04 -7.332464534868243732e-13
5.445449020449000091e+04 -8.003422267451639597e-13
5.446861146860077133e+04 -8.145889621999691845e-13
5.448273273270986101e+04 -9.296775117818185184e-13
5.449685399688934558e+04 -1.024730179537963647e-12
5.451097526099129755e+04 -9.126514600642339959e-13
5.452509652509303123e+04 -8.474967474633026392e-13
5.453921778918662312e+04 -9.256824541535133163e-13
5.455333905331225833e+04 -1.083948258162252597e-12
5.456746031751584087e+04 -1.125285527353852279e-12
5.458158158160717721e+04 -1.218290128584785824e-12
5.459570284570953663e+04 -1.292981771384382864e-12
5.460982410981254361e+04 -1.196405494777995440e-12
5.462394537389865582e+04 -1.231391514485897205e-12
5.463806663810579630e+04 -1.236897804382144646e-12
5.465218790221775271e+04 -1.278205163499852240e-12
5.466630916629215790e+04 -1.366402236043567983e-12
5.468043043038755422e+04 -1.258257980513965743e-12
5.469455169459075842e+04 -1.297681004976474218e-12
5.470867295870884118e+04 -1.453830671257351103e-12
5.472279422280120343e+04 -1.508842258972373525e-12
5.473691548689887713e+04 -1.597662544003995273e-12
5.475103675100391411e+04 -1.583315764508930438e-12
5.476515801520043169e+04 -1.365306392819074766e-12
5.477927927931156592e+04 -1.552344398684642616e-12
5.479340054341829091e+04 -1.476925373829446541e-12
5.480752180749338731e+04 -1.484115136763980266e-12
5.482164307158966403e+04 -1.661572120856437814e-12
5.483576433578458091e+04 -1.526929344776732142e-12
5.484988559989730129e+04 -1.375759447953416903e-12
5.486400686401670828e+04 -1.374091445643005942e-12
5.487812812811556796e+04 -1.413761228215123941e-12
5.489224939221506793e+04 -1.445602048945997812e-12
5.490637065641854861e+04 -1.522392811672794898e-12
5.492049192050973943e+04 -1.526716364422983587e-12
5.493461318460916664e+04 -1.655036254020096000e-12
5.494873444868477236e+04 -1.760059805891806121e-12
5.496285571288999199e+04 -1.563829867059189450e-12
5.497697697699190758e+04 -1.603997291377959714e-12
5.499109824110508634e+04 -1.662518413711470793e-12
5.500521950519481470e+04 -1.699242827541615580e-12
5.501934076929393632e+04 -1.805456078386928600e-12
5.503346203350162978e+04 -1.660032267741926582e-12
5.504758329758697801e+04 -1.689551963600591600e-12
5.506170456169866520e+04 -1.677693650684252426e-12
5.507582582578766596e+04 -1.691466466175147345e-12
5.508994708990259824e+04 -1.579547610889461479e-12
5.510406835409338964e+04 -1.750515398174667315e-12
5.511818961820570257e+04 -1.583376616038572968e-12
5.513231088231214380e+04 -1.513603375475965765e-12
5.514643214640916995e+04 -1.573783991219556428e-12
5.516055341059658531e+04 -1.420116861071719815e-12
5.517467467471590498e+04 -1.509879055585476382e-12
5.518879593879058666e+04 -1.469513605949903809e-12
5.520291720288996294e+04 -1.439756176572889720e-12
5.521703846698709094e+04 -1.404740762482025145e-12
5.523115973118373222e+04 -1.387060298975319838e-12
5.524528099528496386e+04 -1.429496247691523061e-12
5.525940225939154334e+04 -1.469349616234426603e-12
5.527352352350560250e+04 -1.490425388818808730e-12
5.528764478760732891e+04 -1.346147959109358911e-12
5.530176605178838508e+04 -1.395517114522832064e-12
5.531588731588451628e+04 -1.426738590447769013e-12
5.533000858001453889e+04 -1.336222455795561128e-12
5.534412984409352794e+04 -1.329557666226925768e-12
5.535825110829126788e+04 -1.324705014583405496e-12
5.537237237240338436e+04 -1.379295282809293305e-12
5.538649363650954911e+04 -1.334970873910457544e-12
5.540061490059500647e+04 -1.469106210115856884e-12
5.541473616471225978e+04 -1.203445449497604186e-12
5.542885742890152324e+04 -1.092384188227133390e-12
5.544297869300338061e+04 -9.500890744494255903e-13
5.545709995711043302e+04 -1.009302769700816380e-12
5.547122122119522101e+04 -9.551124197905022725e-13
5.548534248528577882e+04 -1.199572094928583844e-12
5.549946374949096207e+04 -1.002942237780393270e-12
5.551358501358416834e+04 -1.053312349287391804e-12
5.552770627769087878e+04 -1.070420395862714828e-12
5.554182754179016774e+04 -1.024398590270505298e-12
5.555594880590078537e+04 -1.007494757303134913e-12
5.557007007009156223e+04 -7.942266480160983030e-13
5.558419133419663558e+04 -7.514521482048926841e-13
5.559831259830650379e+04 -6.911018701456039652e-13
5.561243386238657695e+04 -7.417767549917439263e-13
5.562655512659774104e+04 -6.838522870632862666e-13
5.564067639071399753e+04 -5.598801876900336795e-13
5.565479765480366041e+04 -5.454104159083609910e-13
5.566891891889505496e+04 -4.056184659008601552e-13
5.568304018300340249e+04 -4.883146633030847685e-13
5.569716144718655414e+04 -3.824562078170430311e-13
5.571128271131365909e+04 -4.744858953463745547e-13
5.572540397540179401e+04 -2.227364132334997496e-13
5.573952523951564945e+04 -1.274480747227224112e-13
5.575364650359644293e+04 -1.475533169784004479e-13
5.576776776780204091e+04 1.525959179832406224e-14
5.578188903188999393e+04 -1.059700632135851471e-13
5.579601029598979949e+04 -7.274512802881010822e-14
5.581013156009683007e+04 -1.365880843692505358e-14
5.582425282430277730e+04 5.356975523567666266e-14
5.583837408839334239e+04 8.536210101920838027e-14
5.585249535251682391e+04 9.238996582365013940e-16
5.586661661660051323e+04 8.754966194076135573e-14
5.588073788071174204e+04 5.596668667447398881e-14
5.589485914491308358e+04 2.259286188023274667e-13
5.590898040900527121e+04 2.714218411921344664e-13
5.592310167309184180e+04 3.008698560116445311e-13
5.593722293720327434e+04 4.018545165260697232e-13
5.595134420129239152e+04 3.861568846420355620e-13
5.596546546549090272e+04 4.793107783969647566e-13
5.597958672958619718e+04 5.845034768934438569e-13
5.599370799368340522e+04 6.705666203722406328e-13
5.600782925779563084e+04 5.439041614214910944e-13
5.602195052199229394e+04 6.002444268155285673e-13
5.603607178610804840e+04 6.694749026751808358e-13
5.605019305020885804e+04 6.957674046990797603e-13
5.606431431429477379e+04 7.336954411579149338e-13
5.607843557840151334e+04 8.705778629430202355e-13
5.609255684259456757e+04 9.469021832243799367e-13
5.610667810669207392e+04 7.530823259492545655e-13
5.612079937078658259e+04 8.032631788852466046e-13
5.613492063491587760e+04 8.794848766717008085e-13
5.614904189898841287e+04 7.943716358844411520e-13
5.616316316321161139e+04 8.397869889439429935e-13
5.617728442728314985e+04 8.384338159457923690e-13
5.619140569139522268e+04 8.833020209294413180e-13
5.620552695550044882e+04 8.716159487834459856e-13
5.621964821961116104e+04 7.983223440928375005e-13
5.623376948379747773e+04 8.539767405510744677e-13
5.624789074789644656e+04 8.338111624566832039e-13
5.626201201199868956e+04 7.000620787572346156e-13
5.627613327609703992e+04 7.944623974879756697e-13
5.629025454029581306e+04 8.732661597568004772e-13
5.630437580440496822e+04 8.772715312036891265e-13
5.631849706849851646e+04 9.344276196476787023e-13
5.633261833258965635e+04 9.343451090990109222e-13
5.634673959670033219e+04 9.302262856477041509e-13
5.636086086090578465e+04 9.546860221093211935e-13
5.637498212498478097e+04 1.022474626131005130e-12
5.638910338910587598e+04 9.228580936516764553e-13
5.640322465321728669e+04 9.318826849122086706e-13
5.641734591730804823e+04 7.964225387097632618e-13
5.643146718149200024e+04 7.995708318323660192e-13
5.644558844559641875e+04 8.334455375878993469e-13
5.645970970968662004e+04 7.577235443118140164e-13
5.647383097381588595e+04 7.213018410570938463e-13
5.648795223799312953e+04 7.325908311876258025e-13
5.650207350209374999e+04 5.565499343866779171e-13
5.651619476618385670e+04 5.113269340437577357e-13
5.653031603028545942e+04 4.465644043944625193e-13
5.654443729439528397e+04 3.579408554523204397e-13
5.655855855860964220e+04 4.500148924015608169e-13
5.657267982270616631e+04 2.213312341687478181e-13
5.658680108681086858e+04 1.522513400604140918e-13
5.660092235088971938e+04 8.315339676955928236e-14
5.661504361501357198e+04 4.606593652527650038e-14
5.662916487919689826e+04 1.331956252277424412e-14
5.664328614330082928e+04 -5.988895316452063058e-14
5.665740740739761532e+04 4.068582944335064212e-15
