5.300000000000359432e+04 2.969554317911435024e-12
5.301412126408808399e+04 2.945941632571711227e-12
5.302824252830803744e+04 2.993291875017633663e-12
5.304236379238134396e+04 2.892181128936501790e-12
5.305648505648962600e+04 2.921033910456539519e-12
5.307060632061305660e+04 2.972115385068415171e-12
5.308472758458581666e+04 3.028969739533130395e-12
5.309884884887059889e+04 2.925113940712672659e-12
5.311297011304269108e+04 2.845586153760411526e-12
5.312709137704110617e+04 2.725444707483058346e-12
5.314121264121350396e+04 2.734409353728108965e-12
5.315533390517951193e+04 2.867184527281860209e-12
5.316945516946289717e+04 2.784145448006511894e-12
5.318357643369492871e+04 2.763532380682554100e-12
5.319769769769879349e+04 2.836303803975725791e-12
5.321181896168096137e+04 2.878774328109190102e-12
5.322594022603712801e+04 2.936601535764584674e-12
5.324006149012562673e+04 2.891202428907258533e-12
5.325418275431877555e+04 2.808866488918960807e-12
5.326830401825603622e+04 2.958074468022296026e-12
5.328242528234843485e+04 2.867798673129987782e-12
5.329654654652829777e+04 2.860973817933433855e-12
5.331066781082034868e+04 3.047258650561403716e-12
5.332478907479443296e+04 3.112819175446858867e-12
5.333891033900878392e+04 2.943787528158677729e-12
5.335303160313364060e+04 3.097044556867053617e-12
5.336715286723987811e+04 3.104247861977933320e-12
5.338127413127816544e+04 2.924756903895424915e-12
5.339539539541082195e+04 2.926548921948814731e-12
5.340951665954742930e+04 2.930866774261863853e-12
5.342363792357665079e+04 2.966764844385616348e-12
5.343775918793940218e+04 2.770868112890260831e-12
5.345188045204905939e+04 2.829375376210323122e-12
5.346600171612561826e+04 2.786868100520170521e-12
5.348012298003678734e+04 2.781470785128859624e-12
5.349424424409536005e+04 2.778960137462873185e-12
5.350836550828551117e+04 2.735093965370878623e-12
5.352248677248974855e+04 2.795480721523885894e-12
5.353660803647903958e+04 2.672750568489068563e-12
5.355072930085326516e+04 2.676552684080989369e-12
5.356485056484063534e+04 2.629939560925460240e-12
5.357897182908910327e+04 2.397118145574071512e-12
5.359309309311718971e+04 2.311388001899904585e-12
5.360721435729107907e+04 2.266278958981728749e-12
5.362133562141653965e+04 2.296489346043145664e-12
5.363545688536788657e+04 2.381171007290143286e-12
5.364957814955349750e+04 2.427900763485079840e-12
5.366369941379410011e+04 2.259877506016772058e-12
5.367782067791429290e+04 2.276704251806228649e-12
5.369194194193310977e+04 2.302080442369721794e-12
5.370606320615742879e+04 2.176526190375511683e-12
5.372018447022379405e+04 2.167129941138279850e-12
5.373430573444174661e+04 2.092844414455930677e-12
5.374842699857036496e+04 2.004826562310893593e-12
5.376254826261858398e+04 1.816545603810571730e-12
5.377666952678267262e+04 1.727593472422784404e-12
5.379079079069633735e+04 1.706542423737303042e-12
5.380491205478880147e+04 1.702227001279241676e-12
5.381903331904184597e+04 1.651142944946441685e-12
5.383315458329395187e+04 1.753784879334633217e-12
5.384727584715688863e+04 1.847822697211566117e-12
5.386139711142277520e+04 1.643880108388364190e-12
5.387551837562119908e+04 1.596743351482996943e-12
5.388963963945864816e+04 1.395222113154985473e-12
5.390376090375115746e+04 1.476668422485930847e-12
5.391788216779839422e+04 1.365980023306145764e-12
5.393200343207704282e+04 1.508650173833342665e-12
5.394612469597503514e+04 1.259749193101199289e-12
5.396024596023714548e+04 1.342388561231079370e-12
5.397436722456946882e+04 1.211409657976946514e-12
5.398848848855242977e+04 1.038702855019949148e-12
5.400260975258925464e+04 1.025104171581581739e-12
5.401673101673924975e+04 1.079721237066420918e-12
5.403085228091340105e+04 1.010361026444032515e-12
5.404497354512535821e+04 1.001087484883677091e-12
5.405909480897415779e+04 7.924273326019584136e-13
5.407321607319066970e+04 6.984101684924204266e-13
5.408733733746060898e+04 6.850872735951510657e-13
5.410145860154331604e+04 6.037454480286745399e-13
5.411557986566369800e+04 5.123282287559191744e-13
5.412970112966925080e+04 4.896674011411216924e-13
5.414382239389911410e+04 4.042179057180276689e-13
5.415794365787590505e+04 3.332637102237428002e-13
5.417206492210918077e+04 4.572907983582170503e-13
5.418618618619299377e+04 3.796447822279519187e-13
5.420030745018050220e+04 3.045015167349633228e-13
5.421442871437938447e+04 2.729765781252290173e-13
5.422854997848803032e+04 9.164136010709643433e-14
5.424267124283733574e+04 -3.796953478899096944e-14
5.425679250684699218e+04 -9.926578376555040449e-15
5.427091377092057519e+04 -1.364855754081575939e-13
5.428503503497365455e+04 -2.515076209584114284e-13
5.429915629924875248e+04 -2.394263819598297166e-13
5.431327756336246239e+04 -2.893161645662013247e-13
5.432739882748611126e+04 -2.525767571529762017e-13
5.434152009165205527e+04 -3.161684920346901380e-13
5.435564135573162639e+04 -4.896455590227718136e-13
5.436976261974108638e+04 -6.301154758586543280e-13
5.438388388401128032e+04 -6.848722580052831959e-13
5.439800514802254474e+04 -7.870476602358464450e-13
5.441212641213545430e+04 -8.497597876120321674e-13
5.442624767627537221e+04 -6.509612017976794256e-13
5.444036894027829840e+04 -6.130749028302848323e-13
5.445449020441210450e+04 -7.910982285002542600e-13
5.446861146845083567e+04 -8.477405781172973966e-13
5.448273273260558199e+04 -8.120727367536246512e-13
5.449685399695952219e+04 -8.447324176425902042e-13
5.451097526104027929e+04 -8.891939042065579391e-13
5.452509652510083106e+04 -8.998390989074402339e-13
5.453921778917560732e+04 -1.001360870146326295e-12
5.455333905316845630e+04 -1.125135253362085368e-12
5.456746031757449236e+04 -1.055631681295425845e-12
5.458158158161701431e+04 -9.731016566399899210e-13
5.459570284582785098e+04 -9.112083903946411972e-13
5.460982410984168382e+04 -9.901762476381864811e-13
5.462394537383697752e+04 -1.026961822296176942e-12
5.463806663814959757e+04 -1.043375492737733451e-12
5.465218790211027226e+04 -1.115668538330211853e-12
5.466630916623564553e+04 -1.234313497667047769e-12
5.468043043040896737e+04 -1.110087161423586341e-12
5.469455169455679425e+04 -1.146257982769702089e-12
5.470867295864741027e+04 -9.325036395063810962e-13
5.472279422296487610e+04 -1.121502620155552844e-12
5.473691548694772064e+04 -1.062928535823330303e-12
5.475103675087769807e+04 -1.063033019587799151e-12
5.476515801513842598e+04 -1.091559517142776731e-12
5.477927927932581952e+04 -1.310499170949736836e-12
5.479340054341086943e+04 -1.141308368159864772e-12
5.480752180762909120e+04 -1.153885297575926572e-12
5.482164307151238609e+04 -1.208843757686530071e-12
5.483576433581724996e+04 -1.166974926394381792e-12
5.484988560003790190e+04 -1.151776183446648781e-12
5.486400686387587484e+04 -1.203133598465559367e-12
5.487812812808837771e+04 -1.119067905457930336e-12
5.489224939214712504e+04 -1.012061951511924547e-12
5.490637065642500238e+04 -1.064843261553596125e-12
5.492049192055711319e+04 -1.128364530640668429e-12
5.493461318463610223e+04 -1.114609121555597850e-12
5.494873444864681369e+04 -1.123706498629348865e-12
5.496285571296333364e+04 -9.733130540239151705e-13
5.497697697700055141e+04 -9.710994561301685309e-13
5.499109824106375163e+04 -9.533955326901713297e-13
5.500521950533201743e+04 -9.376427828052548714e-13
5.501934076930832089e+04 -9.849447698497822323e-13
5.503346203334504389e+04 -8.724036062419160667e-13
5.504758329759658955e+04 -7.944392791082691325e-13
5.506170456156506407e+04 -7.300116741108045644e-13
5.507582582566748169e+04 -5.804613891860845162e-13
5.508994708977229311e+04 -4.592796612421452014e-13
5.510406835401075659e+04 -4.006351111152808766e-13
5.511818961806770676e+04 -3.699290336363836203e-13
5.513231088231746253e+04 -3.560278332520542149e-13
5.514643214638270001e+04 -4.800476318215654505e-13
5.516055341056815814e+04 -4.666421218547160328e-13
5.517467467484663939e+04 -4.862413321850781215e-13
5.518879593882084009e+04 -4.471716938386993387e-13
5.520291720288509532e+04 -2.423616467849075214e-13
5.521703846695957327e+04 -1.502847218830058566e-13
5.523115973112611391e+04 -1.992705984339726787e-13
5.524528099529128667e+04 -7.965612695706571655e-14
5.525940225925013510e+04 -4.261055781539705175e-14
5.527352352338561468e+04 -9.918730134777362593e-14
5.528764478775540192e+04 -1.252742244951535784e-13
5.530176605181265768e+04 -1.388887019909406414e-13
5.531588731582054606e+04 -1.254030068094988973e-13
5.533000858014773985e+04 -5.576822257350644408e-14
5.534412984415797837e+04 -1.286881707527978639e-13
5.535825110840126581e+04 -7.071426060252415818e-14
5.537237237241186813e+04 4.295435571961020261e-14
5.538649363646836719e+04 3.739970721784877884e-14
5.540061490056303592e+04 4.778976714502805903e-14
5.541473616483777005e+04 7.817267391056819712e-14
5.542885742896948796e+04 1.527643623213608616e-13
5.544297869294240809e+04 1.954957921341238985e-13
5.545709995709447685e+04 2.216070138313803093e-13
5.547122122121762368e+04 2.483354186954991383e-13
5.548534248523550923e+04 6.651422967983711061e-14
5.549946374947889126e+04 1.635577781764895612e-13
5.551358501355670160e+04 1.718727419442181457e-13
5.552770627759209310e+04 1.547033866015033059e-13
5.554182754168882821e+04 1.088998930261821693e-14
5.555594880584196653e+04 1.353617408998318550e-13
5.557007007014557166e+04 7.861004780834468728e-14
5.558419133406015317e+04 8.615231769000148471e-14
5.559831259833083459e+04 1.263421191856855870e-13
5.561243386240845575e+04 -2.299676835510913916e-14
5.562655512662710680e+04 6.206759505244279609e-14
5.564067639055477048e+04 1.106209574156084374e-13
5.565479765465608216e+04 3.768643010639114643e-14
5.566891891887784004e+04 2.025951013498568149e-14
5.568304018285097845e+04 5.539035354638838554e-14
5.569716144707569765e+04 -4.082777131263610982e-15
5.571128271116659744e+04 6.214221248212998916e-16
5.572540397525300796e+04 2.050888596253549017e-13
5.573952523943940469e+04 -7.320243210987485411e-14
5.575364650346874987e+04 -1.299930028811643830e-13
5.576776776791070006e+04 -1.247396563978712169e-13
5.578188903174465668e+04 -1.533293301825277429e-13
5.579601029604782525e+04 -1.381184379598565090e-13
5.581013156004126358e+04 -7.803784353529270422e-14
5.582425282446571509e+04 5.102074722042671332e-15
5.583837408840873832e+04 -5.956122620922366541e-14
5.585249535253462091e+04 -1.924937328734247549e-13
5.586661661673268827e+04 -1.843925963446090998e-13
5.588073788080686063e+04 -2.541002762302309343e-13
5.589485914475873142e+04 -3.193175840986808470e-13
5.590898040906048845e+04 -4.317858520569175240e-13
5.592310167322403868e+04 -5.238919352186709186e-13
5.593722293715870910e+04 -5.447109327528318149e-13
5.595134420136639528e+04 -4.826913140481255531e-13
5.596546546533794026e+04 -4.319510821960774862e-13
5.597958672972135537e+04 -5.761240980331343589e-13
5.599370799386159342e+04 -5.887642036788748778e-13
5.600782925794718903e+04 -6.934326371267641448e-13
5.602195052192235016e+04 -8.284596787903170600e-13
5.603607178617074533e+04 -8.324446409700585018e-13
5.605019305006814830e+04 -9.495442125347506929e-13
5.606431431423827598e+04 -1.015349545310211117e-12
5.607843557825932658e+04 -1.114526506486017793e-12
5.609255684252501669e+04 -1.216983771895148176e-12
5.610667810679542163e+04 -1.384881891831591792e-12
5.612079937076396891e+04 -1.405151742138544450e-12
5.613492063482803496e+04 -1.368917744562750085e-12
5.614904189887886605e+04 -1.557659160583231245e-12
5.616316316309336253e+04 -1.589018869053805488e-12
5.617728442731867835e+04 -1.744573325653001546e-12
5.619140569137391140e+04 -1.792358853840070874e-12
5.620552695540998684e+04 -1.703980168229368031e-12
5.621964821946343000e+04 -1.837792282399097549e-12
5.623376948396935768e+04 -1.982271459964597951e-12
5.624789074775563495e+04 -2.062651062955966054e-12
5.626201201198268973e+04 -2.190524611535885935e-12
5.627613327620002383e+04 -2.377822693693704664e-12
5.629025454017859738e+04 -2.520727325227209686e-12
5.630437580451652320e+04 -2.521757583741972035e-12
5.631849706840215367e+04 -2.529523400282492129e-12
5.633261833248055336e+04 -2.596451326062245578e-12
5.634673959671861667e+04 -2.618908045858080774e-12
5.636086086100240209e+04 -2.735079412817491708e-12
5.637498212492816674e+04 -2.826762701211394604e-12
5.638910338904320088e+04 -2.980382993240423805e-12
5.640322465307750099e+04 -3.052219226095224341e-12
5.641734591722842742e+04 -3.108441210799404633e-12
5.643146718155729468e+04 -3.191065999799358786e-12
5.644558844575272815e+04 -3.132375282427729023e-12
5.645970970968145411e+04 -3.243915345780684493e-12
5.647383097369359166e+04 -3.294597261113029100e-12
5.648795223805661226e+04 -3.453121000507129877e-12
5.650207350215368206e+04 -3.638120439846634760e-12
5.651619476623312949e+04 -3.737958321579081284e-12
5.653031603023963544e+04 -3.820903851437405046e-12
5.654443729449125385e+04 -4.017882475866009690e-12
5.655855855852866080e+04 -4.059491312674480232e-12
5.657267982256175310e+04 -4.044154067992450804e-12
5.658680108692237991e+04 -4.270198617783291154e-12
5.660092235086917208e+04 -4.327893094609985936e-12
5.661504361501569656e+04 -4.486300200964679692e-12
5.662916487910425349e+04 -4.385743082155889808e-12
5.664328614343365916e+04 -4.734835488521182201e-12
5.665740740747989184e+04 -4.740137432104228335e-12
