5.300000000000069849e+04 3.486069707278626900e-12
5.301412126412899670e+04 3.473220717260064174e-12
5.302824252817204979e+04 3.390322761478317253e-12
5.304236379237090296e+04 3.306128849362448434e-12
5.305648505647774437e+04 3.335716114526561830e-12
5.307060632060214266e+04 3.193744476720140501e-12
5.308472758472871647e+04 3.046269316218328023e-12
5.309884884880387108e+04 3.129501318458483556e-12
5.311297011297547579e+04 3.150213383800398057e-12
5.312709137710212963e+04 3.101970092844837634e-12
5.314121264117165265e+04 3.153068088738079876e-12
5.315533390527551819e+04 3.027475550631857538e-12
5.316945516946898715e+04 3.027981656232034404e-12
5.318357643357344205e+04 2.983986825848813603e-12
5.319769769769785489e+04 3.013972195435176716e-12
5.321181896181828779e+04 2.843867132244044751e-12
5.322594022591625981e+04 2.801536913005124254e-12
5.324006149009114597e+04 2.737006729402663150e-12
5.325418275423073646e+04 2.845332763428476647e-12
5.326830401832480857e+04 2.816142446666512169e-12
5.328242528241152468e+04 2.786881005767839239e-12
5.329654654647257121e+04 2.811016335633564063e-12
5.331066781068431010e+04 2.937056282419339836e-12
5.332478907481305941e+04 2.906607001966482720e-12
5.333891033888155653e+04 2.929180375272867476e-12
5.335303160299336741e+04 2.892714949461123466e-12
5.336715286721103621e+04 2.856612022652520633e-12
5.338127413130680361e+04 2.747877176568272832e-12
5.339539539542567945e+04 2.798641602861398273e-12
5.340951665947190486e+04 2.745721603687117041e-12
5.342363792362689128e+04 2.820421772975546160e-12
5.343775918782840017e+04 2.907349166871265075e-12
5.345188045189899276e+04 2.778022886142631715e-12
5.346600171600128670e+04 2.700514975233120959e-12
5.348012298008718790e+04 2.682964567066180686e-12
5.349424424420658761e+04 2.714838064283354815e-12
5.350836550839132542e+04 2.775105785020003742e-12
5.352248677246975421e+04 2.899171596279461329e-12
5.353660803658932855e+04 2.903918677221824546e-12
5.355072930071001610e+04 2.820038089904055325e-12
5.356485056487351540e+04 2.842852262197458935e-12
5.357897182902076020e+04 2.744740605029487758e-12
5.359309309311802645e+04 2.825413756776286517e-12
5.360721435720712907e+04 2.682384013771505465e-12
5.362133562131263898e+04 2.777537820108291201e-12
5.363545688552932552e+04 2.719238570399466213e-12
5.364957814961762779e+04 2.682198067938274414e-12
5.366369941369711887e+04 2.808097789485810290e-12
5.367782067779062345e+04 2.819341587793259042e-12
5.369194194192085706e+04 2.956944856842373901e-12
5.370606320607649832e+04 2.823296448160470544e-12
5.372018447019383893e+04 2.984098150584530653e-12
5.373430573428718344e+04 2.950761074118603973e-12
5.374842699840549903e+04 3.009002291618363754e-12
5.376254826250545739e+04 2.998329856245788090e-12
5.377666952669778402e+04 3.080514851080552477e-12
5.379079079079679650e+04 3.153555900320159893e-12
5.380491205490427819e+04 3.136398712390543072e-12
5.381903331901094498e+04 3.054479544377982420e-12
5.383315458318362653e+04 3.092050775667499999e-12
5.384727584727143403e+04 3.130075976050644209e-12
5.386139711138884741e+04 3.083073007961848690e-12
5.387551837546980823e+04 3.012030601874698617e-12
5.388963963959101966e+04 2.988533799711709545e-12
5.390376090377854416e+04 3.134126670484221303e-12
5.391788216791321611e+04 3.203896067236252676e-12
5.393200343201867508e+04 3.269091786061057104e-12
5.394612469610472181e+04 3.095826973128116949e-12
5.396024596018822922e+04 2.950701018874361759e-12
5.397436722437942080e+04 2.889866732686258189e-12
5.398848848850194918e+04 3.043258288462501303e-12
5.400260975260054693e+04 3.037003641706545583e-12
5.401673101668667368e+04 2.942536915916733271e-12
5.403085228088105214e+04 3.029241197932977442e-12
5.404497354499624635e+04 3.059369278200797296e-12
5.405909480912115396e+04 3.064587726339305447e-12
5.407321607319139730e+04 2.994999015529045634e-12
5.408733733727316576e+04 3.020977446042650880e-12
5.410145860147027270e+04 3.010987409335640355e-12
5.411557986561904545e+04 3.011380224965928648e-12
5.412970112967204477e+04 3.065937090802088541e-12
5.414382239383141132e+04 2.912538309900214817e-12
5.415794365790143638e+04 2.901459822467195924e-12
5.417206492207341216e+04 2.829393933983708302e-12
5.418618618620841880e+04 2.928597336534975413e-12
5.420030745027783269e+04 2.932493760086086548e-12
5.421442871437936265e+04 3.117254094703447644e-12
5.422854997849991196e+04 3.127333780769283387e-12
5.424267124267682084e+04 3.086248132770998983e-12
5.425679250680382393e+04 3.007469408964561371e-12
5.427091377087948058e+04 2.877460960774383193e-12
5.428503503499039653e+04 2.944611682992835898e-12
5.429915629917164915e+04 3.010214436495169114e-12
5.431327756329356635e+04 2.901313701526441054e-12
5.432739882741146721e+04 2.784539255849432883e-12
5.434152009152820392e+04 2.719316023746226731e-12
5.435564135561436706e+04 2.668230686273089430e-12
5.436976261977426475e+04 2.704105920472567419e-12
5.438388388388746534e+04 2.680033651503346973e-12
5.439800514797243522e+04 2.712370076969929140e-12
5.441212641210346192e+04 2.645729506422006507e-12
5.442624767623174557e+04 2.616345960900175287e-12
5.444036894038891478e+04 2.481692161536513651e-12
5.445449020452093828e+04 2.434564690082850822e-12
5.446861146862236637e+04 2.584613209130286779e-12
5.448273273270196660e+04 2.496069583531489990e-12
5.449685399689305632e+04 2.587892838156559076e-12
5.451097526100275718e+04 2.524792058958617824e-12
5.452509652509122679e+04 2.615277567122917307e-12
5.453921778922072554e+04 2.474856730281862388e-12
5.455333905330029665e+04 2.505517504612180353e-12
5.456746031749386748e+04 2.508308252737779250e-12
5.458158158157173602e+04 2.648406675572691025e-12
5.459570284572247328e+04 2.561514887096080247e-12
5.460982410977228574e+04 2.646640623664535962e-12
5.462394537392284838e+04 2.549294251803365175e-12
5.463806663808043959e+04 2.611956205771002387e-12
5.465218790216941852e+04 2.793172182758983575e-12
5.466630916627976694e+04 2.746926407836282034e-12
5.468043043041346391e+04 2.704452495298819237e-12
5.469455169462702179e+04 2.817837952448009585e-12
5.470867295867665234e+04 2.964413902714331906e-12
5.472279422279831488e+04 2.841932417003167183e-12
5.473691548692771175e+04 2.712508568178017432e-12
5.475103675102712441e+04 2.712183379723632448e-12
5.476515801521525282e+04 2.611856903644334392e-12
5.477927927928599092e+04 2.633589272327309440e-12
5.479340054339900962e+04 2.539321728800883519e-12
5.480752180750978005e+04 2.699036309922050898e-12
5.482164307159229065e+04 2.663371702584958763e-12
5.483576433577913849e+04 2.508942445365136797e-12
5.484988559991318471e+04 2.474665062149132010e-12
5.486400686398664402e+04 2.463492474679899129e-12
5.487812812811735785e+04 2.507856248878324546e-12
5.489224939218407235e+04 2.312389549698426173e-12
5.490637065641669324e+04 2.073234538865062315e-12
5.492049192047551333e+04 2.040249354917851218e-12
5.493461318462285271e+04 2.051172588851318592e-12
5.494873444870659296e+04 1.983252015046666969e-12
5.496285571292887471e+04 1.983658471714145761e-12
5.497697697700057324e+04 1.784639785172201509e-12
5.499109824112505885e+04 1.585430702119637840e-12
5.500521950517077494e+04 1.556977926182051707e-12
5.501934076927504793e+04 1.602944291046364094e-12
5.503346203352363227e+04 1.791311061572523915e-12
5.504758329762767244e+04 1.728956493349718023e-12
5.506170456171180558e+04 1.635979646265954307e-12
5.507582582580939197e+04 1.530659856962800053e-12
5.508994708988172351e+04 1.512283067826726737e-12
5.510406835407075414e+04 1.440080826772336982e-12
5.511818961818996468e+04 1.259518579151418409e-12
5.513231088231907779e+04 1.199598589261121899e-12
5.514643214640949009e+04 1.045347821544880052e-12
5.516055341059375496e+04 1.140709306892793953e-12
5.517467467469880648e+04 1.139672819270320982e-12
5.518879593882960762e+04 9.768238052475552929e-13
5.520291720293242543e+04 9.076951904374562943e-13
5.521703846698570123e+04 8.397380863976161563e-13
5.523115973121028946e+04 7.559813088326540881e-13
5.524528099532852502e+04 7.297947947008854165e-13
5.525940225937729701e+04 5.465365926026423942e-13
5.527352352349078865e+04 4.603801485122181161e-13
5.528764478761167993e+04 4.219284923138497570e-13
5.530176605177438614e+04 4.637823156691865027e-13
5.531588731590253883e+04 4.193046734908218095e-13
5.533000858002748282e+04 3.223467243835557779e-13
5.534412984412283549e+04 1.064651726296855343e-13
5.535825110831460916e+04 -8.259418204395261539e-15
5.537237237238929811e+04 -8.201361624425216337e-14
5.538649363647834980e+04 -2.109571387174751422e-13
5.540061490060266806e+04 -2.892912571931041799e-13
5.541473616471768764e+04 -4.693289028922313084e-13
5.542885742887986999e+04 -6.672656702217370397e-13
5.544297869302456820e+04 -5.924979893594152793e-13
5.545709995709558279e+04 -5.709740511006336336e-13
5.547122122122046858e+04 -6.987435195593757529e-13
5.548534248532780475e+04 -9.170028890588009436e-13
5.549946374951770849e+04 -8.997057070949644460e-13
5.551358501362083189e+04 -9.035238102842390589e-13
5.552770627770505962e+04 -9.129315018654177781e-13
5.554182754177765310e+04 -1.010087361613958987e-12
5.555594880589613604e+04 -1.220254127998996962e-12
5.557007007008129585e+04 -1.342996527446936412e-12
5.558419133416911063e+04 -1.410016792797001754e-12
5.559831259831696661e+04 -1.585210829875339865e-12
5.561243386238672247e+04 -1.651752387301619703e-12
5.562655512657956569e+04 -1.790593060266745327e-12
5.564067639072915335e+04 -1.861058727925553064e-12
5.565479765478653280e+04 -1.872070050590709292e-12
5.566891891891915293e+04 -2.161589042354244934e-12
5.568304018296941649e+04 -2.330410056218294703e-12
5.569716144717786665e+04 -2.447893835829219338e-12
5.571128271127609332e+04 -2.452926338134496438e-12
5.572540397540826962e+04 -2.537632901814363745e-12
5.573952523952763295e+04 -2.736181434981269145e-12
5.575364650357231585e+04 -3.012699824690008185e-12
5.576776776782217348e+04 -3.214248461222786567e-12
5.578188903192566067e+04 -3.253710132183317166e-12
5.579601029602920607e+04 -3.394501473466712661e-12
5.581013156007803627e+04 -3.532395481571205975e-12
5.582425282431660889e+04 -3.684475590343974926e-12
5.583837408839099953e+04 -3.874452234462657812e-12
5.585249535252094211e+04 -3.896880411644368986e-12
5.586661661661439575e+04 -3.838855138699458016e-12
5.588073788068685099e+04 -3.974286130376959341e-12
5.589485914487794798e+04 -4.055538852801347358e-12
5.590898040901836066e+04 -4.071410315174735862e-12
5.592310167309272219e+04 -4.156586685423611336e-12
5.593722293723050825e+04 -4.387781110638112110e-12
5.595134420130022772e+04 -4.427621493783699455e-12
5.596546546550398489e+04 -4.496801435886278471e-12
5.597958672959304386e+04 -4.542358107226829582e-12
5.599370799370402528e+04 -4.508636538475341345e-12
5.600782925776897173e+04 -4.694004130451709068e-12
5.602195052198661870e+04 -4.800085158991309900e-12
5.603607178612926509e+04 -4.900410710254527477e-12
5.605019305018575687e+04 -4.970124155633674922e-12
5.606431431427525968e+04 -4.978923318233736759e-12
5.607843557842922019e+04 -5.155161588269223570e-12
5.609255684257688699e+04 -5.268764145993364740e-12
5.610667810672652558e+04 -5.537505526075263449e-12
5.612079937082913966e+04 -5.677730995519265669e-12
5.613492063489268185e+04 -5.773381254688385493e-12
5.614904189900888741e+04 -5.796027804067158048e-12
5.616316316318896861e+04 -5.930801598317293952e-12
5.617728442732024996e+04 -6.083542372577731130e-12
5.619140569142864115e+04 -6.100498644213810763e-12
5.620552695547057374e+04 -6.212392373024791354e-12
5.621964821957660024e+04 -6.251817051342092290e-12
5.623376948381406692e+04 -6.297986413336124357e-12
5.624789074790767336e+04 -6.589534220376751150e-12
5.626201201202918310e+04 -6.660408194335199040e-12
5.627613327612486319e+04 -6.827017741746213768e-12
5.629025454029246612e+04 -6.905330242645955776e-12
5.630437580439272278e+04 -7.020033793914200093e-12
5.631849706850609073e+04 -6.945614075102251173e-12
5.633261833258999832e+04 -7.145641620386257521e-12
5.634673959670190379e+04 -7.161251591012820494e-12
5.636086086087976582e+04 -7.266487106450618576e-12
5.637498212497260829e+04 -7.265687834152851896e-12
5.638910338907664845e+04 -7.238548181447885240e-12
5.640322465322566859e+04 -7.333911516427960301e-12
5.641734591731321416e+04 -7.380934021256461695e-12
5.643146718150970992e+04 -7.447207960029382122e-12
5.644558844559797581e+04 -7.463123813574644123e-12
5.645970970972516079e+04 -7.591283670021463277e-12
5.647383097377222293e+04 -7.631907141183404475e-12
5.648795223798784718e+04 -7.608439701930979701e-12
5.650207350211493758e+04 -7.725742448794101486e-12
5.651619476622095681e+04 -7.736690190353708421e-12
5.653031603028438985e+04 -7.782846604922609742e-12
5.654443729443234770e+04 -7.843564479886552415e-12
5.655855855861780583e+04 -7.890969396164433280e-12
5.657267982269774802e+04 -7.802209941612796629e-12
5.658680108682476566e+04 -7.947974596972303619e-12
5.660092235087945301e+04 -8.029050448321252962e-12
5.661504361500870436e+04 -8.178258887561359691e-12
5.662916487921656517e+04 -8.214623580671561480e-12
5.664328614328931144e+04 -8.245171874246059977e-12
5.665740740738897148e+04 -8.274750035751879870e-12
