5.299999999999890861e+04 -9.867815330355834907e-12
5.301412126410527708e+04 -9.814048860656361756e-12
5.302824252819031244e+04 -9.764629746551442851e-12
5.304236379241897521e+04 -9.498258319104502629e-12
5.305648505651501910e+04 -9.571545923047778240e-12
5.307060632060764328e+04 -9.529458744246677075e-12
5.308472758470640838e+04 -9.385206896309010227e-12
5.309884884879773017e+04 -9.281826057401893217e-12
5.311297011298147845e+04 -9.094969194502654899e-12
5.312709137710792857e+04 -8.964838369902786513e-12
5.314121264120703563e+04 -8.669808971651079728e-12
5.315533390529639291e+04 -8.693045500698875356e-12
5.316945516948981094e+04 -8.611666674706198914e-12
5.318357643358777568e+04 -8.409974745099316636e-12
5.319769769769634149e+04 -8.367364969604482665e-12
5.321181896180752665e+04 -8.216242646823796944e-12
5.322594022590448003e+04 -8.240825015244310304e-12
5.324006149009243381e+04 -8.169816534910068864e-12
5.325418275419198471e+04 -8.091193288667002259e-12
5.326830401830448682e+04 -8.154417161913418158e-12
5.328242528239434614e+04 -8.059113263455914476e-12
5.329654654648900760e+04 -7.912330349841182405e-12
5.331066781071735750e+04 -7.806304558653571960e-12
5.332478907478278416e+04 -7.585802224109191831e-12
5.333891033890529070e+04 -7.371106202126291907e-12
5.335303160298883449e+04 -7.309497431337802956e-12
5.336715286720157746e+04 -7.368358935000146402e-12
5.338127413128058106e+04 -7.235653723870525163e-12
5.339539539540275291e+04 -7.219308982206969087e-12
5.340951665947957372e+04 -7.144284589251685961e-12
5.342363792361321975e+04 -7.065920059681678000e-12
5.343775918781309156e+04 -7.005085644557520231e-12
5.345188045191239507e+04 -7.039380526178602460e-12
5.346600171599582973e+04 -6.959100284784901482e-12
5.348012298010226368e+04 -6.744338933637847787e-12
5.349424424420761352e+04 -6.560956674108249261e-12
5.350836550838552648e+04 -6.519302593975550082e-12
5.352248677250681067e+04 -6.409946040761793178e-12
5.353660803658624354e+04 -6.401827207619471618e-12
5.355072930070815346e+04 -6.302470337620455042e-12
5.356485056490171701e+04 -6.356644913188703259e-12
5.357897182900735788e+04 -6.305151909387580617e-12
5.359309309309232049e+04 -6.302964773928967476e-12
5.360721435721858143e+04 -6.190572172317481535e-12
5.362133562130862992e+04 -6.276030409121020212e-12
5.363545688549836632e+04 -6.149401908842171307e-12
5.364957814961772237e+04 -6.107291842861925056e-12
5.366369941370686865e+04 -5.956915825218809911e-12
5.367782067781090882e+04 -5.925367551573112968e-12
5.369194194191869610e+04 -5.835060821500456161e-12
5.370606320610772673e+04 -5.853887705206937666e-12
5.372018447019744053e+04 -5.858622165394681766e-12
5.373430573430226650e+04 -5.674357522715186442e-12
5.374842699839254783e+04 -5.325576394107376912e-12
5.376254826250208134e+04 -5.217917154099036592e-12
5.377666952669672173e+04 -5.079760619711353013e-12
5.379079079079242365e+04 -5.019027640565167561e-12
5.380491205491883738e+04 -5.086811775101416893e-12
5.381903331899668410e+04 -5.033635812933637271e-12
5.383315458319881873e+04 -4.945230439845913068e-12
5.384727584731397656e+04 -4.785577534415210532e-12
5.386139711140413419e+04 -4.802295794842418459e-12
5.387551837549966876e+04 -4.634997619470525991e-12
5.388963963961813715e+04 -4.537234722485649976e-12
5.390376090378720255e+04 -4.551925435176988623e-12
5.391788216791793820e+04 -4.503397730925420143e-12
5.393200343201767100e+04 -4.568988651168275011e-12
5.394612469610082189e+04 -4.625521668153603807e-12
5.396024596019363526e+04 -4.618981867274876699e-12
5.397436722437896242e+04 -4.380752478685536443e-12
5.398848848848576017e+04 -4.236036808330183310e-12
5.400260975258000690e+04 -4.110372645612314446e-12
5.401673101668647723e+04 -4.189981944771935598e-12
5.403085228089168959e+04 -4.025065647288567632e-12
5.404497354499500943e+04 -4.129263173986563125e-12
5.405909480908934347e+04 -4.093320415467018508e-12
5.407321607318934548e+04 -4.097118442142595739e-12
5.408733733729589585e+04 -4.116185769398306676e-12
5.410145860148296924e+04 -4.149808170766869108e-12
5.411557986559931305e+04 -4.094703753194048131e-12
5.412970112969729962e+04 -4.047657673371631161e-12
5.414382239378229860e+04 -4.123075359613347655e-12
5.415794365790443408e+04 -4.025793789160768765e-12
5.417206492209561111e+04 -3.860060584169603589e-12
5.418618618621088535e+04 -3.890211311727457122e-12
5.420030745029142417e+04 -3.701044564850413474e-12
5.421442871439002192e+04 -3.685982823520513992e-12
5.422854997850747895e+04 -3.608732112255920448e-12
5.424267124269490159e+04 -3.730449133748643056e-12
5.425679250681643316e+04 -3.609218419038400418e-12
5.427091377091340109e+04 -3.591155051628206675e-12
5.428503503499127692e+04 -3.419052692566021611e-12
5.429915629921323125e+04 -3.384652053867544845e-12
5.431327756329540716e+04 -3.276615340190996612e-12
5.432739882739902532e+04 -3.267181867478567951e-12
5.434152009148885554e+04 -3.248856451022032056e-12
5.435564135560852446e+04 -3.261712673911028610e-12
5.436976261979062110e+04 -3.126736175742512009e-12
5.438388388389758620e+04 -3.055889480300212198e-12
5.439800514801221289e+04 -3.146287026699718243e-12
5.441212641211003938e+04 -3.076151335209875691e-12
5.442624767620590137e+04 -2.939327896613561505e-12
5.444036894040646439e+04 -2.825007571986766931e-12
5.445449020450504759e+04 -2.761301822915754264e-12
5.446861146859867586e+04 -2.741109545030692641e-12
5.448273273271429207e+04 -2.533175897166271448e-12
5.449685399688072357e+04 -2.331340419171789895e-12
5.451097526100582036e+04 -2.236384039642429005e-12
5.452509652511244349e+04 -2.243781615376036388e-12
5.453921778918292694e+04 -2.219373848667786713e-12
5.455333905330557900e+04 -2.049949252946117384e-12
5.456746031747879169e+04 -1.898960371574721049e-12
5.458158158161361644e+04 -1.916781171505460906e-12
5.459570284570501826e+04 -1.890306161537832292e-12
5.460982410978087864e+04 -1.608404666146449185e-12
5.462394537391049380e+04 -1.533298684974948774e-12
5.463806663811845647e+04 -1.420204673716503889e-12
5.465218790219250513e+04 -1.298627245706824092e-12
5.466630916630780848e+04 -1.184908506006428422e-12
5.468043043040400516e+04 -1.026498172996140299e-12
5.469455169457980810e+04 -1.019742903058067047e-12
5.470867295868509973e+04 -8.395518853105455838e-13
5.472279422281683946e+04 -6.269617035259339582e-13
5.473691548688665353e+04 -4.083638752423385286e-13
5.475103675100790133e+04 -4.261539148043069747e-13
5.476515801521117100e+04 -1.227857833930510270e-13
5.477927927929650468e+04 -1.062358261264060404e-13
5.479340054338737536e+04 -1.337261645295987692e-14
5.480752180751692504e+04 1.194761430642611705e-13
5.482164307158577139e+04 2.641005576589265526e-13
5.483576433580517914e+04 2.518538295054415272e-13
5.484988559990451176e+04 2.658966702392780614e-13
5.486400686398969265e+04 5.452435902431769430e-13
5.487812812811619369e+04 7.232298219395280013e-13
5.489224939220031956e+04 8.883450364742830240e-13
5.490637065640608489e+04 1.087334155011792764e-12
5.492049192049371777e+04 1.134962924105506065e-12
5.493461318458501046e+04 1.262347763261262930e-12
5.494873444869319064e+04 1.397943277231815557e-12
5.496285571291704400e+04 1.543375078267754611e-12
5.497697697700520075e+04 1.466383340012626306e-12
5.499109824109874899e+04 1.663600368353015416e-12
5.500521950519984966e+04 1.809778913960364720e-12
5.501934076930438459e+04 1.971575231182641568e-12
5.503346203350029828e+04 2.241249626465374843e-12
5.504758329759028857e+04 2.352639659771835724e-12
5.506170456168704550e+04 2.557385361607976606e-12
5.507582582578915753e+04 2.584066026612533313e-12
5.508994708991193329e+04 2.772851491394759209e-12
5.510406835411852808e+04 2.842249226989983587e-12
5.511818961820096592e+04 3.015388503435655174e-12
5.513231088228178123e+04 3.109776841488371983e-12
5.514643214640825317e+04 3.046344273787638138e-12
5.516055341060905630e+04 3.115234609776082209e-12
5.517467467471437703e+04 3.331025334692375253e-12
5.518879593881039182e+04 3.455456885490193168e-12
5.520291720288148645e+04 3.380848636381002042e-12
5.521703846700316353e+04 3.538605677749765988e-12
5.523115973120948911e+04 3.681648716433693181e-12
5.524528099531667976e+04 3.638455299560910015e-12
5.525940225940648816e+04 3.713546632937757368e-12
5.527352352351598529e+04 3.756384694312258127e-12
5.528764478760919155e+04 3.996276021682927932e-12
5.530176605179386388e+04 4.078008372199555175e-12
5.531588731590298266e+04 4.223306585348259025e-12
5.533000857999255823e+04 4.233183886238674132e-12
5.534412984411291836e+04 4.250833599927866893e-12
5.535825110829985351e+04 4.342459656864919989e-12
5.537237237241481489e+04 4.394335993452111929e-12
5.538649363649018051e+04 4.458275081891946328e-12
5.540061490057993797e+04 4.618067873761585734e-12
5.541473616469436820e+04 4.766310293635543408e-12
5.542885742889441462e+04 4.730766541042345706e-12
5.544297869299373997e+04 4.863415504640499915e-12
5.545709995711817464e+04 5.011594938997449826e-12
5.547122122120414133e+04 4.993751288507050934e-12
5.548534248528541502e+04 5.246170288732650387e-12
5.549946374947924051e+04 5.354940124531582192e-12
5.551358501361605158e+04 5.347051115287365774e-12
5.552770627770198917e+04 5.458613113703053504e-12
5.554182754181083874e+04 5.502096556909966115e-12
5.555594880588782689e+04 5.562834516306332795e-12
5.557007007009682275e+04 5.532395520149707708e-12
5.558419133417973353e+04 5.556700605817439962e-12
5.559831259830491035e+04 5.550525974459411900e-12
5.561243386238226958e+04 5.652269263163296751e-12
5.562655512660522072e+04 5.824687575156147008e-12
5.564067639070739096e+04 5.945562934368108450e-12
5.565479765481443610e+04 5.973501259021572505e-12
5.566891891889846738e+04 6.135981042342358589e-12
5.568304018300388998e+04 6.092163043505570657e-12
5.569716144718628493e+04 6.188855186701313088e-12
5.571128271128670167e+04 6.172910476309730306e-12
5.572540397540967388e+04 6.259066753767458368e-12
5.573952523948746239e+04 6.322145137793482809e-12
5.575364650361677195e+04 6.467382123160536786e-12
5.576776776781513036e+04 6.425692741842724290e-12
5.578188903189603298e+04 6.466432360155235883e-12
5.579601029601310438e+04 6.509304111457438694e-12
5.581013156011578394e+04 6.431128245482561578e-12
5.582425282429980143e+04 6.400246592971522644e-12
5.583837408841177967e+04 6.426111082858013653e-12
5.585249535249946348e+04 6.374272244625133604e-12
5.586661661658364756e+04 6.403289525832738232e-12
5.588073788068201975e+04 6.420056270460247693e-12
5.589485914490181312e+04 6.388671612680824793e-12
5.590898040898038016e+04 6.370411085954601177e-12
5.592310167309240205e+04 6.419275835961135188e-12
5.593722293721376627e+04 6.408420941255578914e-12
5.595134420128152124e+04 6.509775184533479306e-12
5.596546546549496998e+04 6.502977143035019481e-12
5.597958672961452976e+04 6.398067001127155465e-12
5.599370799370775057e+04 6.654744115258383120e-12
5.600782925780199730e+04 6.712377328100099453e-12
5.602195052198415942e+04 6.703019145052187422e-12
5.603607178608763934e+04 6.691022308275482811e-12
5.605019305021173932e+04 6.664994056044771135e-12
5.606431431430671364e+04 6.565683473076857518e-12
5.607843557841127040e+04 6.571476089950335104e-12
5.609255684258204565e+04 6.653616235070101945e-12
5.610667810670116887e+04 6.646187459533883931e-12
5.612079937078525109e+04 6.723746360397976768e-12
5.613492063491154840e+04 6.704916913327430528e-12
5.614904189901061181e+04 6.697036692760006794e-12
5.616316316321289196e+04 6.682421709167023441e-12
5.617728442728102527e+04 6.579168525790307746e-12
5.619140569138859428e+04 6.660696393093579092e-12
5.620552695548546762e+04 6.658149434559314293e-12
5.621964821959350229e+04 6.655485879579611537e-12
5.623376948377889494e+04 6.713052884389495962e-12
5.624789074789790175e+04 6.579965951731217499e-12
5.626201201198792114e+04 6.489466310202980130e-12
5.627613327611455315e+04 6.440598337681622782e-12
5.629025454028855165e+04 6.484409012621083478e-12
5.630437580437881843e+04 6.412433851078715990e-12
5.631849706851203518e+04 6.449009980239057248e-12
5.633261833261026186e+04 6.322130782954722397e-12
5.634673959671016928e+04 6.215206569282069760e-12
5.636086086090375466e+04 6.056515291570337520e-12
5.637498212498483190e+04 6.019986621264671417e-12
5.638910338911601139e+04 5.973909932492391048e-12
5.640322465319758339e+04 5.999513691634059130e-12
5.641734591731656110e+04 5.933010360262268625e-12
5.643146718150234665e+04 5.828768450746474690e-12
5.644558844559790305e+04 5.627327291384051268e-12
5.645970970969147311e+04 5.631009746959816921e-12
5.647383097380321124e+04 5.579480563105902016e-12
5.648795223801708926e+04 5.453762057069870639e-12
5.650207350209681317e+04 5.462894078168340742e-12
5.651619476618724002e+04 5.210774478865448302e-12
5.653031603030099359e+04 5.024965445956713239e-12
5.654443729438053560e+04 4.892735116329742452e-12
5.655855855860562588e+04 4.765630928919537060e-12
5.657267982271875371e+04 4.579691823594282573e-12
5.658680108679370460e+04 4.309780426994064352e-12
5.660092235089177120e+04 4.244764139735447270e-12
5.661504361501696258e+04 4.184923797195415938e-12
5.662916487920611689e+04 4.134919741720771233e-12
5.664328614329410630e+04 3.988730649701271962e-12
5.665740740738648310e+04 3.803942275123958494e-12
