5.299999999999787542e+04 3.125838783906123638e-12
5.301412126409622579e+04 3.333361808433425499e-12
5.302824252819163667e+04 3.333862580140340206e-12
5.304236379239746020e+04 3.416437731768461333e-12
5.305648505654249311e+04 3.332509905221538688e-12
5.307060632058102783e+04 3.365287197967759095e-12
5.308472758470378903e+04 3.407103422581988956e-12
5.309884884884412168e+04 3.460712169283447831e-12
5.311297011297331483e+04 3.471074787986397153e-12
5.312709137711203221e+04 3.638918534476962198e-12
5.314121264124446316e+04 3.780661954059033107e-12
5.315533390526768926e+04 3.892309303232529747e-12
5.316945516950928868e+04 4.042234591211720216e-12
5.318357643361220107e+04 4.087504359364115278e-12
5.319769769771418942e+04 3.916149553644031675e-12
5.321181896173662972e+04 4.001338325293198606e-12
5.322594022592363035e+04 4.060224277377465194e-12
5.324006149009392539e+04 4.094993583591018018e-12
5.325418275422263105e+04 4.069886796578493724e-12
5.326830401835876546e+04 4.234733974818619995e-12
5.328242528236438375e+04 4.214374604161532105e-12
5.329654654649460281e+04 4.157918944029874737e-12
5.331066781068447744e+04 4.244691812864921549e-12
5.332478907482114300e+04 4.194230619499210101e-12
5.333891033885147772e+04 4.233996949497317121e-12
5.335303160295385169e+04 4.312688421493682533e-12
5.336715286722807650e+04 4.326006823397158886e-12
5.338127413125737803e+04 4.354621088156324700e-12
5.339539539545842126e+04 4.352731848629279361e-12
5.340951665955562930e+04 4.432053771249319997e-12
5.342363792361153901e+04 4.422863540002606691e-12
5.343775918783144880e+04 4.338970592713421704e-12
5.345188045186197996e+04 4.562915951480329163e-12
5.346600171595651773e+04 4.637552918075402740e-12
5.348012298008005746e+04 4.573196839282183383e-12
5.349424424423540768e+04 4.487242463540180004e-12
5.350836550845201418e+04 4.602639800706019000e-12
5.352248677253810456e+04 4.526950612714399481e-12
5.353660803654366464e+04 4.568497275923479515e-12
5.355072930073667521e+04 4.551594664829998009e-12
5.356485056487849215e+04 4.395908861317400463e-12
5.357897182895158767e+04 4.488538814158871033e-12
5.359309309309071978e+04 4.291280502287285007e-12
5.360721435723488685e+04 4.238024495103518826e-12
5.362133562133394298e+04 4.153334879839397577e-12
5.363545688544737641e+04 4.006701193899117849e-12
5.364957814957577648e+04 3.961571059724054019e-12
5.366369941375879716e+04 3.919097070197344995e-12
5.367782067779233330e+04 3.924205814320232247e-12
5.369194194187163521e+04 3.949241929173689367e-12
5.370606320606132795e+04 3.827950976876076546e-12
5.372018447013850528e+04 3.848421227319392399e-12
5.373430573435730912e+04 3.789952656864184574e-12
5.374842699835661188e+04 3.578203226721192495e-12
5.376254826253937790e+04 3.507080531726504238e-12
5.377666952672439220e+04 3.466998680396035695e-12
5.379079079074759647e+04 3.340856046736357384e-12
5.380491205486439139e+04 3.244241613793000063e-12
5.381903331893705035e+04 3.130222343528649522e-12
5.383315458318175661e+04 3.221496610082041633e-12
5.384727584731170646e+04 3.235985637936910633e-12
5.386139711134419485e+04 3.248613391067773532e-12
5.387551837550181517e+04 3.360605132711114357e-12
5.388963963962832349e+04 3.254201878476679979e-12
5.390376090376594220e+04 3.133927029417165126e-12
5.391788216796203778e+04 2.990419729517911809e-12
5.393200343205135869e+04 2.919520811420730571e-12
5.394612469605019578e+04 3.009086769114731324e-12
5.396024596022646438e+04 3.056656287823423480e-12
5.397436722442390601e+04 2.958701152346884025e-12
5.398848848853087839e+04 2.842761534818494898e-12
5.400260975255491940e+04 2.838118588125851011e-12
5.401673101665959257e+04 2.742563981748293172e-12
5.403085228085482959e+04 2.583570232940225239e-12
5.404497354502406233e+04 2.588532150883431021e-12
5.405909480904469092e+04 2.535527593034262816e-12
5.407321607325623336e+04 2.588057640947902081e-12
5.408733733730775566e+04 2.573308275833580641e-12
5.410145860148188513e+04 2.502281798472769272e-12
5.411557986556555261e+04 2.539338071541491278e-12
5.412970112971238996e+04 2.590884878149720757e-12
5.414382239385797584e+04 2.535811378042839886e-12
5.415794365784749971e+04 2.505299658273457294e-12
5.417206492214988248e+04 2.469758367080227121e-12
5.418618618620286725e+04 2.357792587533174539e-12
5.420030745031031984e+04 2.454538351260905998e-12
5.421442871441415627e+04 2.403231898699502779e-12
5.422854997850953805e+04 2.431187755341100951e-12
5.424267124264782615e+04 2.511409872718685982e-12
5.425679250685185980e+04 2.503941150653969668e-12
5.427091377094727068e+04 2.373356425708738540e-12
5.428503503505193657e+04 2.204567745161255626e-12
5.429915629915257159e+04 2.350732680775204946e-12
5.431327756329441036e+04 2.308962766927325768e-12
5.432739882736721484e+04 2.095682625620775738e-12
5.434152009154459665e+04 2.008060199810584063e-12
5.435564135556226393e+04 2.032860726182187203e-12
5.436976261984922166e+04 2.118004181109230917e-12
5.438388388386704901e+04 1.913719964639565285e-12
5.439800514804235718e+04 1.914426876268102378e-12
5.441212641203693784e+04 1.705995536519017764e-12
5.442624767623641674e+04 1.777893878376896820e-12
5.444036894044799556e+04 1.706001325364811650e-12
5.445449020447319344e+04 1.714822766203222107e-12
5.446861146862777241e+04 1.844113830296494908e-12
5.448273273268728371e+04 1.916026965871402514e-12
5.449685399687385507e+04 1.834853489695166493e-12
5.451097526103934069e+04 1.773637497942266930e-12
5.452509652508030558e+04 1.782860766541238517e-12
5.453921778923353850e+04 1.678783780454692704e-12
5.455333905328885885e+04 1.627096492007879475e-12
5.456746031752288400e+04 1.823987007515389513e-12
5.458158158156406716e+04 1.700501278655534283e-12
5.459570284572590026e+04 1.722952761571807451e-12
5.460982410982368310e+04 1.733763343382099899e-12
5.462394537389813922e+04 1.655488675592043305e-12
5.463806663815430511e+04 1.841890650382289428e-12
5.465218790222282405e+04 1.828443658625211690e-12
5.466630916630579304e+04 1.883367525839299199e-12
5.468043043038187898e+04 1.751037376177427461e-12
5.469455169457181910e+04 1.919709256528210850e-12
5.470867295871436363e+04 1.778020472832894234e-12
5.472279422273974342e+04 1.773274671799327057e-12
5.473691548688831972e+04 1.719032426559172026e-12
5.475103675104611466e+04 1.668959451319086984e-12
5.476515801520170498e+04 1.715783012926728572e-12
5.477927927932672173e+04 1.617155611186630694e-12
5.479340054344168311e+04 1.624788204365865894e-12
5.480752180753530411e+04 1.666431465284557559e-12
5.482164307163168269e+04 1.461501470906330027e-12
5.483576433583424659e+04 1.346015049835774077e-12
5.484988559985186293e+04 1.287781892442850133e-12
5.486400686406122259e+04 1.221118333668552112e-12
5.487812812807998853e+04 1.278422819860481622e-12
5.489224939218634972e+04 1.314647370276959409e-12
5.490637065642702510e+04 1.223693989971096349e-12
5.492049192055402818e+04 1.176239955812332416e-12
5.493461318458475580e+04 1.061387150226852420e-12
5.494873444873069093e+04 9.869655732811183381e-13
5.496285571283537865e+04 9.908104778788637544e-13
5.497697697704550956e+04 8.859795092459620931e-13
5.499109824111875787e+04 9.486358126109315550e-13
5.500521950524148997e+04 9.468406272097394868e-13
5.501934076931549498e+04 8.667645173871782563e-13
5.503346203352265002e+04 9.294680670895362707e-13
5.504758329762420180e+04 9.110615840266315150e-13
5.506170456173105049e+04 7.377801451746017073e-13
5.507582582578911388e+04 5.789281353786992300e-13
5.508994708995146357e+04 5.346799523259498623e-13
5.510406835407639301e+04 4.528278655450580525e-13
5.511818961824534927e+04 4.556864443766295188e-13
5.513231088228050066e+04 2.896869934575710869e-13
5.514643214641704981e+04 3.435389886287525587e-13
5.516055341063909145e+04 1.505641887518807922e-13
5.517467467470056727e+04 -2.142277058839275703e-13
5.518879593882867630e+04 -1.144796946971945107e-13
5.520291720289816294e+04 -1.191650344524701266e-13
5.521703846702646115e+04 -1.722951780951113111e-13
5.523115973117897374e+04 -4.771079647140479993e-14
5.524528099526297592e+04 -1.812142106873599564e-13
5.525940225943153928e+04 -3.024556800480733864e-13
5.527352352352390881e+04 -3.997960576432595425e-13
5.528764478763875377e+04 -4.662725899198632351e-13
5.530176605179975741e+04 -5.461791859650864389e-13
5.531588731583667686e+04 -7.344099974772759354e-13
5.533000857996568811e+04 -9.016396950739141906e-13
5.534412984412423975e+04 -9.775994677515058507e-13
5.535825110834147199e+04 -1.009489809917680327e-12
5.537237237236284273e+04 -9.058914561265469516e-13
5.538649363654718763e+04 -8.991721264627841045e-13
5.540061490061244695e+04 -1.013740635399275723e-12
5.541473616475921153e+04 -1.192381025153505618e-12
5.542885742892495909e+04 -1.246237990545823205e-12
5.544297869303818879e+04 -1.318110545726983914e-12
5.545709995708700444e+04 -1.449921336516721672e-12
5.547122122123886220e+04 -1.536888453288407695e-12
5.548534248527089949e+04 -1.571017909313018413e-12
5.549946374950073368e+04 -1.702060537807864696e-12
5.551358501363005780e+04 -1.720046189323511125e-12
5.552770627765685640e+04 -1.808750486092070764e-12
5.554182754183771613e+04 -1.954934805568451016e-12
5.555594880591232504e+04 -2.045671981254891028e-12
5.557007007011526002e+04 -2.179113998621517119e-12
5.558419133418729325e+04 -2.190324887889435153e-12
5.559831259827117901e+04 -2.353117405948467111e-12
5.561243386234587524e+04 -2.320350726086202364e-12
5.562655512657618237e+04 -2.260367641541020276e-12
5.564067639074534964e+04 -2.400619446596087165e-12
5.565479765482818766e+04 -2.583187480511682316e-12
5.566891891886960366e+04 -2.522445063123274531e-12
5.568304018293449190e+04 -2.623362859709295650e-12
5.569716144726206403e+04 -2.870556954099311322e-12
5.571128271128223423e+04 -2.924694649276037219e-12
5.572540397538867546e+04 -3.052374601569725541e-12
5.573952523955787183e+04 -3.151240193848625254e-12
5.575364650364350382e+04 -3.174386747572493402e-12
5.576776776779360080e+04 -3.223831793845214256e-12
5.578188903186204698e+04 -3.286502657034453078e-12
5.579601029594589636e+04 -3.393379456396784286e-12
5.581013156007796351e+04 -3.537013847774148951e-12
5.582425282425064506e+04 -3.553448030143844491e-12
5.583837408842849982e+04 -3.644484997874580313e-12
5.585249535250088229e+04 -3.731063911138936799e-12
5.586661661658171943e+04 -4.004968646356372473e-12
5.588073788069072179e+04 -3.870215016868508423e-12
5.589485914491873700e+04 -4.004771182394292280e-12
5.590898040905949892e+04 -4.081299957682189885e-12
5.592310167311341502e+04 -4.208110939901707261e-12
5.593722293719061418e+04 -4.235511359713042292e-12
5.595134420128841157e+04 -4.254264530318492121e-12
5.596546546550522180e+04 -4.301695701460029195e-12
5.597958672953920177e+04 -4.193880319691026878e-12
5.599370799364359118e+04 -4.253642784890953230e-12
5.600782925780694495e+04 -4.357079167946237297e-12
5.602195052200450300e+04 -4.518028026329701676e-12
5.603607178606816160e+04 -4.568509743785046469e-12
5.605019305020810134e+04 -4.651784863350411721e-12
5.606431431430933299e+04 -4.714731427629733244e-12
5.607843557834796229e+04 -4.824556299040681402e-12
5.609255684265735908e+04 -4.895157003869692875e-12
5.610667810670543986e+04 -4.937254367580660335e-12
5.612079937075618363e+04 -5.168884565321922108e-12
5.613492063493926253e+04 -5.175018636828604716e-12
5.614904189893603325e+04 -5.156959309093763413e-12
5.616316316323045612e+04 -5.301395338667200456e-12
5.617728442734052078e+04 -5.437196398404618850e-12
5.619140569138497085e+04 -5.481672919263683074e-12
5.620552695555176615e+04 -5.594508809112108004e-12
5.621964821959002438e+04 -5.600888117176967736e-12
5.623376948375615029e+04 -5.733554429207213534e-12
5.624789074785168486e+04 -5.847716549474336086e-12
5.626201201199020579e+04 -5.894634004406558925e-12
5.627613327604495862e+04 -6.012394477066478671e-12
5.629025454031449772e+04 -6.136687720677986223e-12
5.630437580437483120e+04 -6.103241991662141499e-12
5.631849706843699823e+04 -6.234756557272164019e-12
5.633261833260699495e+04 -6.223297507786576767e-12
5.634673959667308372e+04 -6.218316586056674190e-12
5.636086086093541235e+04 -6.335978092842794650e-12
5.637498212496624910e+04 -6.251286811092762508e-12
5.638910338914619206e+04 -6.326796223262227933e-12
5.640322465316887246e+04 -6.216233478668723777e-12
5.641734591730055399e+04 -6.341356515317210719e-12
5.643146718144401530e+04 -6.359995019997389286e-12
5.644558844558188139e+04 -6.627883682605234592e-12
5.645970970970456983e+04 -6.728364421333817535e-12
5.647383097373669443e+04 -6.894763331849249239e-12
5.648795223798407824e+04 -6.909574473888633743e-12
5.650207350204273826e+04 -6.925089486950683448e-12
5.651619476617756300e+04 -7.009968438403497893e-12
5.653031603025452205e+04 -7.024832907992014025e-12
5.654443729434785200e+04 -7.137631725838082935e-12
5.655855855863139732e+04 -7.184003421252960321e-12
5.657267982264920283e+04 -7.239407119462851469e-12
5.658680108676248346e+04 -7.306557262886380137e-12
5.660092235090979375e+04 -7.354187301346554158e-12
5.661504361496648926e+04 -7.321331976128495080e-12
5.662916487921191583e+04 -7.356920572132303400e-12
5.664328614330063283e+04 -7.365096644374481449e-12
5.665740740738698514e+04 -7.256447493391589881e-12
