5.300000000000032014e+04 1.778289667981603585e-13
5.301412126411059580e+04 -6.220784471210154977e-14
5.302824252819811954e+04 -1.151434100001540176e-13
5.304236379241972463e+04 -2.364769797958505036e-13
5.305648505650558218e+04 -4.156672556353238400e-13
5.307060632060501666e+04 -4.387412465909439556e-13
5.308472758469757537e+04 -3.959206733398914541e-13
5.309884884877558216e+04 -3.502624279143600545e-13
5.311297011302060127e+04 -3.432475557985720669e-13
5.312709137711530639e+04 -4.987074654376841360e-13
5.314121264121770946e+04 -7.126290594837932600e-13
5.315533390530519682e+04 -8.328925340347339712e-13
5.316945516950158344e+04 -8.396761478461542757e-13
5.318357643357277993e+04 -1.015621891805330642e-12
5.319769769770283892e+04 -1.080405088352161456e-12
5.321181896177455201e+04 -1.104825854643480631e-12
5.322594022589563247e+04 -1.192746499867249973e-12
5.324006149007051863e+04 -1.179508732340703437e-12
5.325418275420309510e+04 -1.198193407484453281e-12
5.326830401829868060e+04 -1.172072671356218917e-12
5.328242528237099759e+04 -1.109912098890786204e-12
5.329654654649063741e+04 -1.197086189196101455e-12
5.331066781067928969e+04 -1.358550516005793177e-12
5.332478907482147042e+04 -1.413786174729337850e-12
5.333891033890774270e+04 -1.378341468913690482e-12
5.335303160301609751e+04 -1.263205096087992096e-12
5.336715286722638848e+04 -1.289452194409330578e-12
5.338127413131027424e+04 -1.341577318289223737e-12
5.339539539540947590e+04 -1.368154872556013867e-12
5.340951665947140282e+04 -1.340849629179810351e-12
5.342363792357386410e+04 -1.260893564218426049e-12
5.343775918780018401e+04 -1.230817591861113103e-12
5.345188045188528486e+04 -1.132400807166524562e-12
5.346600171598724410e+04 -1.170772977555691400e-12
5.348012298008007201e+04 -1.164146652586213029e-12
5.349424424422686570e+04 -1.212062654026801759e-12
5.350836550840574637e+04 -1.175976289403963865e-12
5.352248677247179876e+04 -1.259134783956261568e-12
5.353660803660056263e+04 -1.208491206998057761e-12
5.355072930070160510e+04 -1.306776982203473367e-12
5.356485056492275180e+04 -1.095711843153453980e-12
5.357897182902062923e+04 -1.132652535703575428e-12
5.359309309311356628e+04 -1.150154529322811639e-12
5.360721435718676366e+04 -1.162170832532652551e-12
5.362133562127519690e+04 -1.199964635861087342e-12
5.363545688552810316e+04 -1.230405863559413629e-12
5.364957814959384268e+04 -1.225269273604697843e-12
5.366369941370312881e+04 -1.170514167424631093e-12
5.367782067780512443e+04 -1.142291580999451392e-12
5.369194194187607354e+04 -1.047781180600267683e-12
5.370606320608812530e+04 -1.049835506762415901e-12
5.372018447019992163e+04 -9.831604181160259004e-13
5.373430573427463969e+04 -9.648786192814639824e-13
5.374842699840234854e+04 -1.019255524081469125e-12
5.376254826251763734e+04 -9.246754142412560146e-13
5.377666952672348998e+04 -8.043371126911150045e-13
5.379079079079607618e+04 -9.149669914540699079e-13
5.380491205488803826e+04 -7.392489650022566054e-13
5.381903331899371551e+04 -8.662512678150037807e-13
5.383315458317686716e+04 -9.517614048279359503e-13
5.384727584728734655e+04 -7.916249875449026844e-13
5.386139711142399756e+04 -8.848248504527320777e-13
5.387551837551664357e+04 -9.219939244096550062e-13
5.388963963960665569e+04 -9.039235775462158034e-13
5.390376090380881942e+04 -8.335644002663704840e-13
5.391788216792923049e+04 -8.382897045190122724e-13
5.393200343198144401e+04 -7.422221279871174722e-13
5.394612469610371772e+04 -7.561194242807374621e-13
5.396024596019232558e+04 -7.299824779412160606e-13
5.397436722438914148e+04 -7.639951526682863461e-13
5.398848848851032380e+04 -8.222425911940241463e-13
5.400260975258136023e+04 -6.807421630959266028e-13
5.401673101670190954e+04 -6.610869776231772657e-13
5.403085228089962766e+04 -6.630855362325020230e-13
5.404497354498928325e+04 -7.582010809697655656e-13
5.405909480909082777e+04 -7.568555781079901294e-13
5.407321607321697229e+04 -8.617177198501463609e-13
5.408733733727822255e+04 -8.481872279962291822e-13
5.410145860150636872e+04 -7.411728349247640884e-13
5.411557986562455335e+04 -6.644356863903461734e-13
5.412970112970995979e+04 -8.511832955117139580e-13
5.414382239381281397e+04 -7.697750611787885483e-13
5.415794365790810843e+04 -8.140263930444946608e-13
5.417206492211671139e+04 -9.003339839328227271e-13
5.418618618621357018e+04 -7.814614616927098100e-13
5.420030745028772071e+04 -7.144996791388476208e-13
5.421442871438100701e+04 -8.200904505146217036e-13
5.422854997847081540e+04 -8.000508672670526763e-13
5.424267124269812484e+04 -6.211899408739670944e-13
5.425679250682390557e+04 -5.592456889755385491e-13
5.427091377088156878e+04 -6.385891960551144187e-13
5.428503503499164799e+04 -6.575016993561336449e-13
5.429915629920150968e+04 -4.615744633502463222e-13
5.431327756331666023e+04 -4.360489683934693589e-13
5.432739882738195593e+04 -3.415913479996365395e-13
5.434152009151790844e+04 -2.032130176604088592e-13
5.435564135558238195e+04 -2.002757052452203183e-13
5.436976261980723211e+04 -4.295717441728595892e-13
5.438388388390492764e+04 -3.077380091377764964e-13
5.439800514801707322e+04 -3.007982683084313605e-13
5.441212641210705624e+04 -2.506069326788331814e-14
5.442624767620133935e+04 -7.444861508830513166e-14
5.444036894042519270e+04 -5.106718336776372236e-14
5.445449020452843979e+04 9.385741673366483947e-14
5.446861146862435999e+04 7.931027353978107827e-14
5.448273273267387412e+04 8.225732314673247373e-14
5.449685399688015605e+04 -2.169118231831194687e-14
5.451097526099572133e+04 -4.962320208929575885e-14
5.452509652507967985e+04 -1.489417986821768888e-14
5.453921778920703946e+04 -2.817305383499035837e-14
5.455333905332141876e+04 -2.901399312360005329e-14
5.456746031747294182e+04 9.358951814911503240e-15
5.458158158159852610e+04 1.955047209342263196e-14
5.459570284568069474e+04 1.121730744395839976e-13
5.460982410977849213e+04 1.093997451856743377e-13
5.462394537388007302e+04 -1.227133448700660787e-14
5.463806663808629673e+04 6.915349733187829729e-14
5.465218790218704817e+04 2.922392951018763061e-14
5.466630916631532455e+04 -1.670751053423554319e-14
5.468043043040839257e+04 -2.039384384467411227e-13
5.469455169462171034e+04 -6.511883628080614561e-14
5.470867295869883674e+04 -7.476396732153376055e-14
5.472279422282087035e+04 -1.744731580839928097e-14
5.473691548690779746e+04 -8.102741592298644544e-14
5.475103675101035333e+04 -7.465021921775866090e-14
5.476515801519749948e+04 -1.023998879430018515e-13
5.477927927928131976e+04 -8.922657398693097327e-14
5.479340054340976349e+04 5.019429977035992174e-14
5.480752180748136016e+04 1.309454949591059019e-13
5.482164307160831231e+04 1.635854469474272606e-13
5.483576433581001766e+04 1.176714895882146471e-13
5.484988559989940404e+04 2.527484693202109099e-13
5.486400686400369887e+04 1.992755742554610923e-13
5.487812812809656316e+04 1.049642330378837796e-13
5.489224939219225053e+04 1.138808450949000512e-13
5.490637065638094646e+04 -9.323099409940266665e-14
5.492049192048494297e+04 4.471934240188522235e-14
5.493461318460721668e+04 2.253115927191841901e-14
5.494873444872883556e+04 -4.924654980792373657e-14
5.496285571289432119e+04 -7.958166424601614704e-14
5.497697697697376861e+04 -4.618176870056698160e-14
5.499109824109231704e+04 -2.587352748026842752e-14
5.500521950521146209e+04 -1.510852389807182526e-15
5.501934076933017059e+04 1.067723479971359702e-14
5.503346203352821612e+04 8.893482369791902786e-14
5.504758329758658510e+04 1.333547860209726852e-13
5.506170456167671364e+04 2.385804127056398721e-13
5.507582582579887821e+04 8.065422730286704394e-14
5.508994708987935155e+04 2.107046030871052249e-13
5.510406835410742497e+04 2.477723217297694107e-13
5.511818961820542609e+04 1.093827051000893548e-13
5.513231088227922010e+04 1.361077556921054559e-13
5.514643214639822691e+04 1.839596355119378372e-13
5.516055341059698549e+04 3.425176318802318919e-13
5.517467467469145049e+04 3.233293890124737961e-13
5.518879593881124310e+04 3.242880598014888158e-13
5.520291720290020021e+04 3.684993364010795664e-13
5.521703846700533177e+04 3.913571727645550428e-13
5.523115973118146940e+04 2.573543823238512973e-13
5.524528099531168846e+04 2.770819328353836020e-13
5.525940225937985815e+04 3.871285759417250564e-13
5.527352352352074377e+04 5.116758892812639240e-13
5.528764478759164194e+04 6.167899808602839614e-13
5.530176605183054198e+04 5.481425576323849933e-13
5.531588731592444674e+04 4.466976169494567590e-13
5.533000858001765300e+04 5.766650053038979881e-13
5.534412984410826175e+04 4.567880032135219306e-13
5.535825110829156620e+04 5.308032747005042670e-13
5.537237237243055279e+04 6.487166835519765869e-13
5.538649363651974272e+04 5.678079228965227119e-13
5.540061490059900098e+04 6.105387037485348447e-13
5.541473616469317494e+04 7.116497030139599210e-13
5.542885742892420240e+04 6.891864442166926173e-13
5.544297869300389721e+04 6.222436934467306608e-13
5.545709995708407951e+04 6.493635429047677233e-13
5.547122122122534347e+04 7.551070111513682357e-13
5.548534248532665515e+04 8.136164686554517028e-13
5.549946374951598409e+04 9.051161957515063791e-13
5.551358501360857917e+04 8.807333823780810479e-13
5.552770627770117426e+04 7.958458723884393735e-13
5.554182754178009782e+04 8.318725967117298277e-13
5.555594880589163222e+04 8.942955201052274662e-13
5.557007007012804388e+04 8.427822348827511137e-13
5.558419133418045385e+04 9.292122045675533043e-13
5.559831259828079055e+04 9.039399872465167781e-13
5.561243386237887171e+04 9.257904668621629113e-13
5.562655512657785584e+04 8.959371221165187370e-13
5.564067639071377198e+04 8.192341644031773085e-13
5.565479765478013724e+04 7.941706328056037143e-13
5.566891891887318343e+04 7.354690870640167207e-13
5.568304018302404438e+04 8.344507395307569445e-13
5.569716144722316676e+04 8.743794221531964563e-13
5.571128271131917427e+04 8.760630711289181874e-13
5.572540397541077982e+04 1.043969878088611398e-12
5.573952523950778414e+04 8.738403358092350867e-13
5.575364650359877851e+04 9.434563883177246168e-13
5.576776776777584746e+04 1.239481623695981687e-12
5.578188903188846598e+04 1.269774469869830798e-12
5.579601029599874892e+04 1.163483284586570005e-12
5.581013156010925741e+04 1.180283038574863885e-12
5.582425282428861101e+04 1.305476326067942582e-12
5.583837408840568241e+04 1.362408358506444615e-12
5.585249535247560561e+04 1.418480862472062382e-12
5.586661661657841614e+04 1.319644382682513570e-12
5.588073788068020076e+04 1.287155799766142085e-12
5.589485914487089758e+04 1.156001580515697296e-12
5.590898040902439971e+04 1.113393399759971925e-12
5.592310167311837722e+04 1.095953646713083611e-12
5.593722293720892048e+04 1.097472648628088120e-12
5.595134420129460341e+04 1.134229662333592215e-12
5.596546546551927895e+04 1.251064455897516319e-12
5.597958672960606054e+04 1.291414493363511790e-12
5.599370799372412876e+04 1.266262884440446877e-12
5.600782925780412916e+04 1.297924248656601954e-12
5.602195052198372287e+04 1.297559546565120712e-12
5.603607178607548121e+04 1.306990901986691318e-12
5.605019305021951004e+04 1.309149017761039106e-12
5.606431431427942152e+04 1.228255969392293381e-12
5.607843557837131812e+04 1.159674714808419296e-12
5.609255684260716225e+04 1.261637718353093620e-12
5.610667810669044411e+04 1.255495320749238163e-12
5.612079937082157267e+04 1.217730950295904725e-12
5.613492063487285486e+04 1.244332072992757181e-12
5.614904189898991899e+04 1.307262658156799889e-12
5.616316316321725026e+04 1.293015818808874910e-12
5.617728442731979158e+04 1.270383486954634409e-12
5.619140569137514831e+04 1.216368628648357044e-12
5.620552695549344207e+04 1.219781514361235687e-12
5.621964821961431880e+04 1.323290518398075044e-12
5.623376948378899397e+04 1.309736347464189121e-12
5.624789074789618462e+04 1.279746239434239405e-12
5.626201201197246701e+04 1.168252738151863721e-12
5.627613327612377179e+04 1.157780388410919484e-12
5.629025454031377740e+04 1.112995060096946193e-12
5.630437580438221630e+04 1.033328897890319642e-12
5.631849706852191593e+04 1.095985956485751267e-12
5.633261833262092114e+04 1.132749166586013647e-12
5.634673959671635384e+04 1.031190256499497462e-12
5.636086086090896424e+04 9.835382104106163377e-13
5.637498212503053946e+04 9.822621956900573636e-13
5.638910338907303958e+04 1.079488498041731305e-12
5.640322465317856404e+04 8.664936246241654086e-13
5.641734591730434477e+04 8.669924344021986276e-13
5.643146718151040841e+04 7.938647964643251765e-13
5.644558844558316923e+04 6.108104599186434167e-13
5.645970970971284987e+04 5.579715888175428136e-13
5.647383097379131505e+04 5.440115540269962406e-13
5.648795223801843531e+04 4.055531131555378617e-13
5.650207350207729178e+04 3.303089638081214547e-13
5.651619476618543558e+04 2.795396885562518443e-13
5.653031603029258986e+04 5.377758633908839364e-14
5.654443729438827722e+04 -1.024609666913324562e-13
5.655855855862511817e+04 -2.428535679265931571e-13
5.657267982270110224e+04 -2.943876553314720015e-13
5.658680108679601835e+04 -3.416665899359858108e-13
5.660092235091845941e+04 -4.841420650092449909e-13
5.661504361497605714e+04 -6.019173827775351378e-13
5.662916487920023792e+04 -7.202264756942797254e-13
5.664328614331129938e+04 -7.956365999012901370e-13
5.665740740737344458e+04 -1.001787555308449872e-12
