5.299999999999965075e+04 -1.024938056180694504e-12
5.301412126407797768e+04 -1.165375451580536998e-12
5.302824252822115523e+04 -1.130657967268585953e-12
5.304236379241243412e+04 -1.061376998918658806e-12
5.305648505648035643e+04 -1.204571768137217895e-12
5.307060632062097284e+04 -1.107940291355060287e-12
5.308472758469994733e+04 -1.131865869558653807e-12
5.309884884880189929e+04 -1.230955427636950235e-12
5.311297011297410063e+04 -1.203035188833339962e-12
5.312709137711656513e+04 -1.217964520968602180e-12
5.314121264122155844e+04 -1.109114584199308360e-12
5.315533390532369231e+04 -1.068064055981144605e-12
5.316945516951012542e+04 -1.093418619789790880e-12
5.318357643358176574e+04 -1.106281609505091345e-12
5.319769769769144477e+04 -9.369355397040606004e-13
5.321181896180373587e+04 -1.017333029242323198e-12
5.322594022587737709e+04 -8.966193113102524301e-13
5.324006149008724606e+04 -1.012505006538679207e-12
5.325418275420886494e+04 -1.077053183476472899e-12
5.326830401832573989e+04 -1.150782580700174042e-12
5.328242528240623506e+04 -1.108545315720069810e-12
5.329654654647890857e+04 -1.191919020856641888e-12
5.331066781069339777e+04 -1.186177755879030516e-12
5.332478907480723137e+04 -1.065712155537280649e-12
5.333891033888042148e+04 -1.017786009582427521e-12
5.335303160297575960e+04 -1.119947748143945043e-12
5.336715286720658332e+04 -1.138224331117707493e-12
5.338127413127951149e+04 -1.151933072514075759e-12
5.339539539537345263e+04 -1.286854592716257425e-12
5.340951665948600566e+04 -1.216869347531167050e-12
5.342363792361007654e+04 -1.243483029317327034e-12
5.343775918777888000e+04 -1.400780887140524312e-12
5.345188045188410615e+04 -1.347277040366374690e-12
5.346600171598644374e+04 -1.427867981201514917e-12
5.348012298008212383e+04 -1.352453818806917681e-12
5.349424424418578565e+04 -1.315378225677319336e-12
5.350836550840990822e+04 -1.198413876448044644e-12
5.352248677251886693e+04 -1.237706008453944488e-12
5.353660803659971134e+04 -1.354593194525475980e-12
5.355072930072167946e+04 -1.388386962479899842e-12
5.356485056492334115e+04 -1.372748924778942007e-12
5.357897182899215113e+04 -1.418049132399438652e-12
5.359309309307830699e+04 -1.460795782901152249e-12
5.360721435718436987e+04 -1.393688180097366884e-12
5.362133562130972132e+04 -1.397929110719138882e-12
5.363545688550417981e+04 -1.451110393757820743e-12
5.364957814957955270e+04 -1.515168856345204370e-12
5.366369941367495630e+04 -1.711825793364681441e-12
5.367782067780130456e+04 -1.793081206800444833e-12
5.369194194190139388e+04 -1.792225239152013782e-12
5.370606320609331306e+04 -1.754674386179019161e-12
5.372018447017975268e+04 -1.681844537485798408e-12
5.373430573427394847e+04 -1.708467348434283188e-12
5.374842699839421402e+04 -1.812731946065060837e-12
5.376254826247259916e+04 -1.863245557455902733e-12
5.377666952671703621e+04 -1.940934946198888112e-12
5.379079079080435622e+04 -2.052358980702195165e-12
5.380491205492025620e+04 -2.094226840649666529e-12
5.381903331900091143e+04 -2.068370879336444784e-12
5.383315458320224570e+04 -2.119407026589863405e-12
5.384727584732338437e+04 -2.051810144157683115e-12
5.386139711142650049e+04 -2.215261274748639202e-12
5.387551837547784089e+04 -2.231187750506851913e-12
5.388963963962887647e+04 -2.299343685450907099e-12
5.390376090377241053e+04 -2.156028661254822656e-12
5.391788216791966261e+04 -2.299499533293447899e-12
5.393200343200925272e+04 -2.214348141155176110e-12
5.394612469609292748e+04 -2.346303661726411546e-12
5.396024596022187325e+04 -2.409778944730061859e-12
5.397436722440689482e+04 -2.384432260257945794e-12
5.398848848852213268e+04 -2.386879093121934550e-12
5.400260975261880230e+04 -2.374896850209946060e-12
5.401673101670760661e+04 -2.329126273368727194e-12
5.403085228092289617e+04 -2.218851643874283000e-12
5.404497354501832888e+04 -2.373763529915654672e-12
5.405909480909966805e+04 -2.390026915235844845e-12
5.407321607318468887e+04 -2.259147766374876327e-12
5.408733733730894892e+04 -2.284654645909687819e-12
5.410145860151872330e+04 -2.228755046108365086e-12
5.411557986560415884e+04 -2.196378254563316915e-12
5.412970112970536138e+04 -2.011961350610993055e-12
5.414382239382314583e+04 -2.039663141601837205e-12
5.415794365791081509e+04 -1.997217753456833985e-12
5.417206492212005105e+04 -2.039563590260298368e-12
5.418618618620742927e+04 -1.967392780142507296e-12
5.420030745027263038e+04 -1.984465183133459326e-12
5.421442871440455929e+04 -2.175471603396051330e-12
5.422854997848545463e+04 -2.009466480964296449e-12
5.424267124268023326e+04 -2.062184785056518912e-12
5.425679250682936254e+04 -1.932062487224457546e-12
5.427091377089160233e+04 -2.039341012588384987e-12
5.428503503501885280e+04 -2.109734244384980234e-12
5.429915629921382788e+04 -2.143399117261821734e-12
5.431327756327426323e+04 -2.140133485481723011e-12
5.432739882740989560e+04 -2.096178742499059709e-12
5.434152009149390506e+04 -2.058600502039091510e-12
5.435564135557607369e+04 -2.125985892210752755e-12
5.436976261977715330e+04 -2.089428813765088772e-12
5.438388388392845081e+04 -2.072769396688818948e-12
5.439800514802407997e+04 -2.150409879205065794e-12
5.441212641209096182e+04 -2.243041315702265409e-12
5.442624767622254149e+04 -2.118879491424108537e-12
5.444036894038390892e+04 -1.977137508840948357e-12
5.445449020447501971e+04 -1.829500695728217406e-12
5.446861146858747088e+04 -1.909285661946703974e-12
5.448273273268542107e+04 -1.836146291178479337e-12
5.449685399689168116e+04 -1.797629485887143604e-12
5.451097526101953554e+04 -1.614029424601859969e-12
5.452509652509749867e+04 -1.495558111506010280e-12
5.453921778917409392e+04 -1.498639855873571310e-12
5.455333905332016730e+04 -1.493386675038812118e-12
5.456746031750637485e+04 -1.414920220693200859e-12
5.458158158161171741e+04 -1.212031543582175150e-12
5.459570284568312491e+04 -1.189815944426374191e-12
5.460982410979545966e+04 -1.113443980751225464e-12
5.462394537387844321e+04 -1.207296551389838461e-12
5.463806663811444014e+04 -1.114522960793585037e-12
5.465218790220815572e+04 -1.027018635746662476e-12
5.466630916632296430e+04 -9.166609743472664585e-13
5.468043043042763748e+04 -9.388478818500474104e-13
5.469455169457653392e+04 -1.146761510737718279e-12
5.470867295868101792e+04 -1.100148007908531836e-12
5.472279422281540610e+04 -1.043419393223736289e-12
5.473691548687554314e+04 -1.004999530941847142e-12
5.475103675100158580e+04 -8.004949920993750321e-13
5.476515801521425601e+04 -6.621321037423471754e-13
5.477927927930205624e+04 -5.391948913817274260e-13
5.479340054337729089e+04 -4.615070241657961461e-13
5.480752180748897808e+04 -4.511702040823052522e-13
5.482164307157589792e+04 -4.369282761339813171e-13
5.483576433578793512e+04 -4.062090796338634328e-13
5.484988559992146475e+04 -3.542980543243412586e-13
5.486400686402760766e+04 -1.728381295211429972e-13
5.487812812808546732e+04 -2.820898581132213313e-13
5.489224939218390500e+04 -2.891323547635936462e-13
5.490637065637137857e+04 -8.474562558730983805e-14
5.492049192047763063e+04 -5.336782523377751345e-14
5.493461318459949689e+04 -1.022862075210796414e-14
5.494873444871565880e+04 3.518722292449984654e-14
5.496285571291408996e+04 1.382285128037868836e-13
5.497697697700477147e+04 1.618834765527597013e-13
5.499109824107646273e+04 2.591803497198232761e-13
5.500521950519539678e+04 4.062863672516837444e-13
5.501934076928088325e+04 3.354414592810309564e-13
5.503346203351295117e+04 2.682364787457835629e-13
5.504758329762145149e+04 2.678243622751321398e-13
5.506170456170926627e+04 3.717307489651747900e-13
5.507582582578473375e+04 4.528585714894020981e-13
5.508994708988381171e+04 5.337551219014072269e-13
5.510406835412951477e+04 7.084664221366808524e-13
5.511818961818992830e+04 7.342458723751826126e-13
5.513231088228835142e+04 7.661322974867974032e-13
5.514643214641266968e+04 6.907732361076590835e-13
5.516055341060020874e+04 6.459751324150128641e-13
5.517467467470041447e+04 5.534775902985734498e-13
5.518879593878091691e+04 5.604183619973292614e-13
5.520291720291734237e+04 5.514083135050071831e-13
5.521703846697786503e+04 5.497207226410105628e-13
5.523115973121939169e+04 4.116347522078276008e-13
5.524528099531459884e+04 4.483765875100602136e-13
5.525940225938027288e+04 5.711577346671315424e-13
5.527352352348971181e+04 6.495685445947646582e-13
5.528764478759189660e+04 5.807050995705560938e-13
5.530176605181925697e+04 7.629909962031190468e-13
5.531588731589385861e+04 7.003301648954235699e-13
5.533000857999973232e+04 5.286071437943882296e-13
5.534412984412596415e+04 6.085673029851031386e-13
5.535825110830321501e+04 6.118138069965216890e-13
5.537237237239478418e+04 6.822935484741921976e-13
5.538649363650564919e+04 5.570770885865414377e-13
5.540061490058946220e+04 6.020795116264515486e-13
5.541473616470748675e+04 6.534932149502930624e-13
5.542885742891709378e+04 4.812441802105570547e-13
5.544297869299232843e+04 6.191127896360125500e-13
5.545709995708206407e+04 5.991555713505006589e-13
5.547122122117711115e+04 6.177042903059380365e-13
5.548534248530831974e+04 5.648986070886093258e-13
5.549946374952469341e+04 5.480453039934467339e-13
5.551358501362329116e+04 4.174069911290401789e-13
5.552770627770114515e+04 5.548721785241533012e-13
5.554182754182178905e+04 4.860313390447484491e-13
5.555594880590710090e+04 5.112904270307504953e-13
5.557007007007976063e+04 4.847367368827231799e-13
5.558419133418164711e+04 6.483130674141303169e-13
5.559831259830835188e+04 6.761839652689865128e-13
5.561243386239827669e+04 6.199648447863045184e-13
5.562655512659400847e+04 5.371859480473788129e-13
5.564067639069313009e+04 6.210533887130040256e-13
5.565479765477251203e+04 7.174599511924156142e-13
5.566891891891614796e+04 9.057145810971767703e-13
5.568304018302929035e+04 1.044606526147013492e-12
5.569716144719745353e+04 1.194635179788778472e-12
5.571128271132240479e+04 1.071867074292170769e-12
5.572540397540814593e+04 1.080583250702045194e-12
5.573952523949133320e+04 1.145299447698812276e-12
5.575364650358192739e+04 1.195912393070185439e-12
5.576776776781491935e+04 1.198631144554841654e-12
5.578188903188058612e+04 1.229453804894637660e-12
5.579601029598543391e+04 1.217471127260633829e-12
5.581013156010447710e+04 1.404214663439673134e-12
5.582425282432339009e+04 1.409426110960948642e-12
5.583837408838873671e+04 1.525848144475943222e-12
5.585249535252539499e+04 1.658880906201476258e-12
5.586661661658934463e+04 1.701950555160672958e-12
5.588073788072644675e+04 1.696142669034193092e-12
5.589485914492309530e+04 1.782468027975201499e-12
5.590898040897029568e+04 1.925809787575236407e-12
5.592310167309012468e+04 1.994511516009695648e-12
5.593722293722612085e+04 2.131860197904666569e-12
5.595134420130296348e+04 2.150174166971758480e-12
5.596546546547907928e+04 2.257940015715011103e-12
5.597958672957145609e+04 2.258147812838398837e-12
5.599370799368109147e+04 2.325281933685126895e-12
5.600782925780690130e+04 2.199896801655479734e-12
5.602195052199921338e+04 2.282766120573620187e-12
5.603607178607860988e+04 2.280809002060041294e-12
5.605019305020068714e+04 2.326180938813088058e-12
5.606431431428836368e+04 2.369534026526361692e-12
5.607843557837653498e+04 2.374562021357115050e-12
5.609255684259707778e+04 2.405713331540595213e-12
5.610667810669468599e+04 2.534297148159961149e-12
5.612079937077059731e+04 2.658667639005536437e-12
5.613492063491472800e+04 2.617327314223819940e-12
5.614904189902017970e+04 2.637254101968249853e-12
5.616316316320344777e+04 2.665173688688836811e-12
5.617728442732283293e+04 2.606102791784769689e-12
5.619140569142416643e+04 2.647451811006795035e-12
5.620552695549615601e+04 2.748402957435774083e-12
5.621964821962224232e+04 2.695424254856294445e-12
5.623376948378313682e+04 2.585134410091309060e-12
5.624789074789990264e+04 2.846382344167102365e-12
5.626201201201391814e+04 2.872361331810697847e-12
5.627613327612372814e+04 2.832422550806808482e-12
5.629025454032205744e+04 2.831914795492757204e-12
5.630437580441344471e+04 2.853072715984955976e-12
5.631849706851705560e+04 2.818233224222354947e-12
5.633261833262473374e+04 2.889022487775029440e-12
5.634673959667429153e+04 2.825162693148708953e-12
5.636086086092359619e+04 2.871631868268764274e-12
5.637498212501727539e+04 3.031932133691702070e-12
5.638910338908073754e+04 3.055502761369676308e-12
5.640322465322287462e+04 3.155619241528981690e-12
5.641734591731330147e+04 3.222253432057936636e-12
5.643146718147394131e+04 3.171803072720343580e-12
5.644558844560919533e+04 3.266670719265043993e-12
5.645970970971512725e+04 3.415126548654892684e-12
5.647383097377834201e+04 3.439077992818405785e-12
5.648795223799617816e+04 3.437176518722805136e-12
5.650207350208032585e+04 3.450456406850926891e-12
5.651619476617834880e+04 3.481226900548868595e-12
5.653031603031723353e+04 3.495402316028827973e-12
5.654443729437208094e+04 3.632304103691911169e-12
5.655855855862610042e+04 3.663661472110716892e-12
5.657267982268898049e+04 3.891241924977575840e-12
5.658680108680896228e+04 3.889685620162246363e-12
5.660092235087566951e+04 3.909328969152600148e-12
5.661504361499296647e+04 3.865781125976403062e-12
5.662916487919198698e+04 3.971566381217241891e-12
5.664328614329352422e+04 3.889274373135626329e-12
5.665740740742566413e+04 4.061936393790044847e-12
