5.300000000000400905e+04 -3.142352129099702046e-12
5.301412126418168918e+04 -3.107807537895922704e-12
5.302824252818210516e+04 -3.063499508986975796e-12
5.304236379246621073e+04 -3.145194828159517939e-12
5.305648505644709076e+04 -3.241958045722305070e-12
5.307060632056780742e+04 -3.224946361897931084e-12
5.308472758463475475e+04 -3.292068594342207926e-12
5.309884884873496048e+04 -3.343663924333530883e-12
5.311297011307235516e+04 -3.317874139607599901e-12
5.312709137701112923e+04 -3.525617447290709065e-12
5.314121264112700010e+04 -3.569302891592760624e-12
5.315533390527735901e+04 -3.572460714845426111e-12
5.316945516945827694e+04 -3.612556912776159924e-12
5.318357643357840425e+04 -3.679037292921068793e-12
5.319769769778396585e+04 -3.739873668011523799e-12
5.321181896183821664e+04 -3.765833528009440522e-12
5.322594022591292742e+04 -3.769219446102436887e-12
5.324006149002339953e+04 -3.922169073440086311e-12
5.325418275425829052e+04 -3.950230800546780803e-12
5.326830401839422848e+04 -4.123984339972960690e-12
5.328242528246861912e+04 -4.119763286481271829e-12
5.329654654643087270e+04 -4.081889497807281321e-12
5.331066781072688173e+04 -3.920623501416459467e-12
5.332478907485632226e+04 -4.042884414146925039e-12
5.333891033881389012e+04 -3.941701058036290939e-12
5.335303160303747427e+04 -3.853837955661328008e-12
5.336715286711890803e+04 -4.041509956551732291e-12
5.338127413128766784e+04 -4.008661528460165647e-12
5.339539539541412523e+04 -3.980085765297204375e-12
5.340951665948073787e+04 -3.835960308130305649e-12
5.342363792366523558e+04 -4.030022082019329686e-12
5.343775918781697692e+04 -4.185819344409922365e-12
5.345188045191369747e+04 -4.353218788542196288e-12
5.346600171595293796e+04 -4.386490846079055560e-12
5.348012298016121349e+04 -4.381297142152058802e-12
5.349424424413986708e+04 -4.313153765304901809e-12
5.350836550832583453e+04 -4.376633061628048088e-12
5.352248677241957193e+04 -4.313907500115169061e-12
5.353660803657863289e+04 -4.376595651995921048e-12
5.355072930073642783e+04 -4.368138304051306713e-12
5.356485056487807742e+04 -4.356834360210196265e-12
5.357897182895512378e+04 -4.246223776803501136e-12
5.359309309310526442e+04 -4.342107435029444254e-12
5.360721435720364389e+04 -4.169915054973611283e-12
5.362133562127876939e+04 -4.254893805434468411e-12
5.363545688549908664e+04 -4.254427570574808987e-12
5.364957814957259689e+04 -4.266864194944215810e-12
5.366369941361841484e+04 -4.294760696175682069e-12
5.367782067784570245e+04 -4.256719256928083969e-12
5.369194194189283007e+04 -4.163354513932040083e-12
5.370606320617180609e+04 -4.091764947917903958e-12
5.372018447011790704e+04 -3.986303038325459431e-12
5.373430573439343425e+04 -3.881592785230386255e-12
5.374842699831072969e+04 -3.979062196195945268e-12
5.376254826247247547e+04 -3.823098668773675597e-12
5.377666952660917013e+04 -3.873921039560443807e-12
5.379079079079335497e+04 -3.874224473243253549e-12
5.380491205491516303e+04 -3.767122082004933572e-12
5.381903331898368924e+04 -3.576692506287077131e-12
5.383315458328106615e+04 -3.587590486342510924e-12
5.384727584729265072e+04 -3.478236589466904209e-12
5.386139711144527246e+04 -3.500562519366240085e-12
5.387551837543764123e+04 -3.412819612753760040e-12
5.388963963959185639e+04 -3.178426098805793926e-12
5.390376090379816014e+04 -3.186663838354402315e-12
5.391788216797566565e+04 -3.066638497529021567e-12
5.393200343193822482e+04 -2.999493057257406751e-12
5.394612469609083200e+04 -2.961498726435450707e-12
5.396024596013646806e+04 -2.877303499936369565e-12
5.397436722446012573e+04 -2.894370605437968810e-12
5.398848848849698697e+04 -2.990330468470097419e-12
5.400260975253293873e+04 -2.966046075051804634e-12
5.401673101667372975e+04 -2.754832677603412659e-12
5.403085228097339859e+04 -2.596487403602376101e-12
5.404497354498806817e+04 -2.670666547484874949e-12
5.405909480915166205e+04 -2.623624627855852300e-12
5.407321607314168068e+04 -2.684987508879949497e-12
5.408733733723698242e+04 -2.695877868454764579e-12
5.410145860148732754e+04 -2.642060648784922293e-12
5.411557986559338315e+04 -2.522398319945368755e-12
5.412970112974850781e+04 -2.559309156977565574e-12
5.414382239387776644e+04 -2.423172734582725859e-12
5.415794365786884009e+04 -2.387582319010427129e-12
5.417206492205558607e+04 -2.355382324542399218e-12
5.418618618626066018e+04 -2.373283526286242604e-12
5.420030745029619720e+04 -2.352241300985642674e-12
5.421442871432741231e+04 -2.343684194022022225e-12
5.422854997855540569e+04 -2.296408117806721913e-12
5.424267124278961273e+04 -2.279861976071042454e-12
5.425679250672841590e+04 -2.086754840572228499e-12
5.427091377090757305e+04 -1.936817035006303421e-12
5.428503503503214597e+04 -1.866633794051764275e-12
5.429915629927605914e+04 -1.782355435036845041e-12
5.431327756322021742e+04 -1.704356352051577084e-12
5.432739882734234561e+04 -1.671305634838137414e-12
5.434152009146306227e+04 -1.515024818313751383e-12
5.435564135568768688e+04 -1.604963116115327202e-12
5.436976261989339400e+04 -1.452942841027653176e-12
5.438388388393680361e+04 -1.331882500380085861e-12
5.439800514807700529e+04 -1.249548056693851617e-12
5.441212641219921352e+04 -1.032451648207970406e-12
5.442624767624948436e+04 -1.015884723343331525e-12
5.444036894040198240e+04 -9.238694981877293644e-13
5.445449020451898832e+04 -9.429622659919212931e-13
5.446861146858217398e+04 -8.749861933328889402e-13
5.448273273268660705e+04 -7.670206094717816923e-13
5.449685399689053884e+04 -7.687913320591370890e-13
5.451097526093018678e+04 -6.811918290364783076e-13
5.452509652502816607e+04 -8.926379975292174453e-13
5.453921778921312216e+04 -6.969800793360986108e-13
5.455333905338201293e+04 -6.054982878237920513e-13
5.456746031741270417e+04 -5.963911207137082817e-13
5.458158158156567515e+04 -5.448711295648636842e-13
5.459570284573917161e+04 -5.054483050124198291e-13
5.460982410984142916e+04 -4.443639179163809972e-13
5.462394537387667515e+04 -2.877768966253239711e-13
5.463806663805289281e+04 -2.859271981479221851e-13
5.465218790228274884e+04 -2.460817833066337032e-13
5.466630916634594178e+04 -3.187936382845868970e-13
5.468043043031053094e+04 -2.519897340988742654e-13
5.469455169458079763e+04 -2.798654522013807995e-13
5.470867295876673597e+04 -3.358704425797006540e-13
5.472279422278866696e+04 -3.402986345900197975e-13
5.473691548691272328e+04 -3.382230927779240068e-13
5.475103675103896239e+04 -2.545155770384274138e-13
5.476515801516197098e+04 -3.501484521749255547e-13
5.477927927935688058e+04 -3.276430945955720264e-13
5.479340054332058935e+04 -3.415276102824957334e-13
5.480752180743329518e+04 -2.185427518932721986e-13
5.482164307160706085e+04 -2.576413596339467884e-13
5.483576433576444833e+04 -3.679789912803063613e-13
5.484988559995211108e+04 -4.334139800385485991e-13
5.486400686409041373e+04 -4.370745818192942770e-13
5.487812812814548670e+04 -5.568643805164665088e-13
5.489224939214157348e+04 -5.423868528832296827e-13
5.490637065642122616e+04 -4.524374707462088014e-13
5.492049192058938934e+04 -6.500587018550416996e-13
5.493461318462964118e+04 -4.234796443958739468e-13
5.494873444865785132e+04 -3.061283994966246650e-13
5.496285571281390003e+04 -3.077716522263613680e-13
5.497697697691963549e+04 -3.475367056356728594e-13
5.499109824102031416e+04 -4.014287445697696809e-13
5.500521950515079516e+04 -3.790550134738267510e-13
5.501934076932138123e+04 -4.017197083752036589e-13
5.503346203358263301e+04 -1.505181852666674655e-13
5.504758329762764333e+04 -1.160569863678383550e-13
5.506170456167310476e+04 -1.298625261647156980e-13
5.507582582589262893e+04 -1.419056566258214534e-13
5.508994708985806210e+04 -1.529040884712261308e-13
5.510406835419109120e+04 -1.712070973749545203e-13
5.511818961824569124e+04 -1.549740881155993652e-13
5.513231088222134713e+04 -2.245975701301604014e-13
5.514643214643816464e+04 -1.864148056056375444e-13
5.516055341050958668e+04 -2.385527484555466632e-13
5.517467467462938657e+04 -1.409496326936812255e-13
5.518879593882356130e+04 -2.546250348509477869e-13
5.520291720290988451e+04 -1.821833605494689977e-13
5.521703846697721747e+04 -2.240211846870149764e-13
5.523115973121472052e+04 -2.175507038709353800e-13
5.524528099521881086e+04 -2.226965308295006716e-14
5.525940225933215697e+04 -1.537908353068344808e-13
5.527352352351001173e+04 -1.448513187703579000e-13
5.528764478763365332e+04 -2.916300887344283160e-13
5.530176605185283552e+04 -2.238992569971188390e-13
5.531588731589292001e+04 -2.219594982942255765e-13
5.533000857996699779e+04 -8.052892018241797917e-14
5.534412984415752726e+04 -2.206931129696224235e-13
5.535825110835469241e+04 -1.846413119344208695e-13
5.537237237246149743e+04 -9.949421812899134047e-14
5.538649363650111627e+04 -8.337759439180976646e-14
5.540061490068615967e+04 -1.854615527573585946e-13
5.541473616464883526e+04 -2.473037555176321077e-14
5.542885742892054259e+04 3.932322790163294147e-14
5.544297869306353095e+04 -7.244760615286930303e-16
5.545709995712022646e+04 1.347316452453677230e-13
5.547122122119705455e+04 1.499559799792184159e-13
5.548534248521474365e+04 3.230711309608565050e-13
5.549946374955945794e+04 4.694037564232614678e-13
5.551358501352099120e+04 5.431921774813203752e-13
5.552770627761028300e+04 5.532983203233941715e-13
5.554182754175384616e+04 7.949922547038922188e-13
5.555594880599150929e+04 9.205223536196978743e-13
5.557007007007317588e+04 8.178426122239746868e-13
5.558419133426078770e+04 8.763512768709574646e-13
5.559831259823035361e+04 9.802225843270293961e-13
5.561243386234449281e+04 1.141311231350729247e-12
5.562655512660388922e+04 1.189065319532099698e-12
5.564067639063759270e+04 1.233768444382205108e-12
5.565479765474382293e+04 1.369005650064060608e-12
5.566891891899052280e+04 1.442633348258165635e-12
5.568304018299005838e+04 1.556511039537305451e-12
5.569716144717291172e+04 1.726331371807886148e-12
5.571128271126023901e+04 1.803215093538990446e-12
5.572540397533105715e+04 1.948890972126273120e-12
5.573952523956882942e+04 2.018979996229528556e-12
5.575364650368502043e+04 2.079359142482872643e-12
5.576776776789884025e+04 2.165864067380327390e-12
5.578188903183598450e+04 2.239827066721646795e-12
5.579601029608405224e+04 2.329496569388678710e-12
5.581013156002755568e+04 2.447758115336357269e-12
5.582425282421179872e+04 2.484594133104300008e-12
5.583837408830958157e+04 2.623483627315317427e-12
5.585249535249593464e+04 2.924938756248094964e-12
5.586661661656039360e+04 2.897546592279381277e-12
5.588073788072707248e+04 3.160140041141623392e-12
5.589485914491739095e+04 3.271487732855417751e-12
5.590898040907889663e+04 3.301659293936991776e-12
5.592310167317363812e+04 3.366325306923729897e-12
5.593722293720114976e+04 3.551688648572208122e-12
5.595134420139231224e+04 3.457779387597423826e-12
5.596546546544666489e+04 3.668146218926195846e-12
5.597958672956397641e+04 3.777338007395917373e-12
5.599370799367602012e+04 3.922387621030552145e-12
5.600782925774713658e+04 3.847543417021346542e-12
5.602195052208645211e+04 4.085424340008729194e-12
5.603607178601701162e+04 4.260246478648912727e-12
5.605019305017543229e+04 4.380372964035230594e-12
5.606431431432720274e+04 4.429983678403655736e-12
5.607843557843790040e+04 4.643936292248919000e-12
5.609255684255536471e+04 4.790260604459740002e-12
5.610667810660909890e+04 4.874867336912221012e-12
5.612079937089636951e+04 4.967859369128922671e-12
5.613492063492671150e+04 4.933492387081377522e-12
5.614904189899873018e+04 5.066415737739067412e-12
5.616316316321789054e+04 5.183424753781449361e-12
5.617728442721161264e+04 5.307125937348812046e-12
5.619140569142009190e+04 5.450188683854911373e-12
5.620552695549635973e+04 5.428435675543894848e-12
5.621964821951707563e+04 5.555290352545389892e-12
5.623376948388346500e+04 5.829974040294380046e-12
5.624789074785837875e+04 5.684705511034704629e-12
5.626201201201941876e+04 5.743934657485619421e-12
5.627613327606973326e+04 5.883026440818509867e-12
5.629025454026574880e+04 5.839966568698140908e-12
5.630437580440979218e+04 5.960079198665151956e-12
5.631849706856376724e+04 5.837453195635964079e-12
5.633261833260305866e+04 5.939376431137558611e-12
5.634673959671590274e+04 6.045813762249172237e-12
5.636086086087967124e+04 6.068672433020838413e-12
5.637498212507393328e+04 6.228799513944675379e-12
5.638910338918222988e+04 6.392598280984703287e-12
5.640322465317256137e+04 6.548646326464742055e-12
5.641734591738614836e+04 6.450682969800910786e-12
5.643146718151342793e+04 6.527561149364293083e-12
5.644558844553279778e+04 6.597993787866346505e-12
5.645970970972083887e+04 6.702707504816246185e-12
5.647383097381609696e+04 6.805489776314836891e-12
5.648795223800805252e+04 6.831446518843409761e-12
5.650207350219460932e+04 6.775961106689078789e-12
5.651619476621187641e+04 6.915116624950778506e-12
5.653031603028050449e+04 7.051534312357538344e-12
5.654443729441209871e+04 7.075703705795587997e-12
5.655855855867522769e+04 7.141827308893356958e-12
5.657267982275694521e+04 7.141447670404362534e-12
5.658680108681926504e+04 7.298338125378229454e-12
5.660092235096872901e+04 7.380960761786036221e-12
5.661504361497266655e+04 7.538854349117684264e-12
5.662916487913258607e+04 7.757994431951256580e-12
5.664328614325345552e+04 7.820341047746107291e-12
5.665740740736743464e+04 7.981742827246131295e-12
