5.300000000000096770e+04 8.062549930348092800e-12
5.301412126411807549e+04 7.932269281508653758e-12
5.302824252820688707e+04 7.970996040657944144e-12
5.304236379240802489e+04 7.952817166158705083e-12
5.305648505646154081e+04 8.125126920127957058e-12
5.307060632063081721e+04 8.204795495667207518e-12
5.308472758472018904e+04 8.186477951432884119e-12
5.309884884880392201e+04 8.070051707313066740e-12
5.311297011298380676e+04 8.077030591194711967e-12
5.312709137710758660e+04 8.096194158499306674e-12
5.314121264121066633e+04 8.048843774393482358e-12
5.315533390533529746e+04 8.113244123668703926e-12
5.316945516950439196e+04 8.138505697490974364e-12
5.318357643359724898e+04 8.124521493965421230e-12
5.319769769770040875e+04 8.273189611990705532e-12
5.321181896183583740e+04 8.126455238503797978e-12
5.322594022588110238e+04 8.137173995966986450e-12
5.324006149008306966e+04 8.130868437244403992e-12
5.325418275421653379e+04 8.031378704814270037e-12
5.326830401826615707e+04 8.082454328418957424e-12
5.328242528237713123e+04 8.085186967987144263e-12
5.329654654647112329e+04 8.071639269250381978e-12
5.331066781074130267e+04 7.970385107044936049e-12
5.332478907482479553e+04 7.765161452195910508e-12
5.333891033888651145e+04 7.887201204547648008e-12
5.335303160303062759e+04 7.854058154389331231e-12
5.336715286716577975e+04 7.835628966266166670e-12
5.338127413127715408e+04 7.809462597009305890e-12
5.339539539537360542e+04 7.997685696387451814e-12
5.340951665952931944e+04 7.874187885862341105e-12
5.342363792355849728e+04 7.712749091683948308e-12
5.343775918780712527e+04 7.534542156444567739e-12
5.345188045190380217e+04 7.592843397712019769e-12
5.346600171595998108e+04 7.541131112832837237e-12
5.348012298011614621e+04 7.643959461738739955e-12
5.349424424417920818e+04 7.473733923722529956e-12
5.350836550840980635e+04 7.367793865300278054e-12
5.352248677250409673e+04 7.379642436888746283e-12
5.353660803657244105e+04 7.491465711260286215e-12
5.355072930073089810e+04 7.431751100846142701e-12
5.356485056487748807e+04 7.299081969084581795e-12
5.357897182901528140e+04 7.159630490745341085e-12
5.359309309305799252e+04 7.230774162377757685e-12
5.360721435717852728e+04 7.079237764146963002e-12
5.362133562131468352e+04 7.075184910022914919e-12
5.363545688550452178e+04 6.912517482322214364e-12
5.364957814959991083e+04 6.757393373498614355e-12
5.366369941365832346e+04 6.864021391162608392e-12
5.367782067780823854e+04 6.805250600403536760e-12
5.369194194187138055e+04 6.699117938570514142e-12
5.370606320610014518e+04 6.542180777051724919e-12
5.372018447016450227e+04 6.449904545893318883e-12
5.373430573428372736e+04 6.397664017836064097e-12
5.374842699843549781e+04 6.189491516648916797e-12
5.376254826249616599e+04 6.122123438348243562e-12
5.377666952668518934e+04 5.976934140752158750e-12
5.379079079078276118e+04 5.883465467888828021e-12
5.380491205488835840e+04 5.876871948184453761e-12
5.381903331898227771e+04 5.503336830391624665e-12
5.383315458317830780e+04 5.469713058485018258e-12
5.384727584728853981e+04 5.183984325047997844e-12
5.386139711137660197e+04 5.190181623029886136e-12
5.387551837547210744e+04 5.037118874239871509e-12
5.388963963958744716e+04 5.063058965960219532e-12
5.390376090381966787e+04 4.987441356276282954e-12
5.391788216791964078e+04 4.813190029321198412e-12
5.393200343196852191e+04 4.635636435063455282e-12
5.394612469608176616e+04 4.542456037893371383e-12
5.396024596023939375e+04 4.517547570324181939e-12
5.397436722443534381e+04 4.345368303592169862e-12
5.398848848848156922e+04 4.278606674266263110e-12
5.400260975259423867e+04 4.119374007390990375e-12
5.401673101669784228e+04 3.992309886652048506e-12
5.403085228093236219e+04 3.918718389318680942e-12
5.404497354500737129e+04 3.707340551957172082e-12
5.405909480910436105e+04 3.691545184005163937e-12
5.407321607318269525e+04 3.533976711306623515e-12
5.408733733732847759e+04 3.312056040185555010e-12
5.410145860154175170e+04 3.175278665083776809e-12
5.411557986562446604e+04 3.215384863550962410e-12
5.412970112970018090e+04 3.096814804996214877e-12
5.414382239383998967e+04 2.896012531385638580e-12
5.415794365786643903e+04 2.969610322948116383e-12
5.417206492210631404e+04 2.750676263539831069e-12
5.418618618617489847e+04 2.763101701226246368e-12
5.420030745030469552e+04 2.586432760869939927e-12
5.421442871444031334e+04 2.524810369612498997e-12
5.422854997848390485e+04 2.486982052660289533e-12
5.424267124271760986e+04 2.294751260251962215e-12
5.425679250677013624e+04 2.220459215218630826e-12
5.427091377092366747e+04 2.055215559543131490e-12
5.428503503501251544e+04 2.016138467535461021e-12
5.429915629919410276e+04 1.869095834177882518e-12
5.431327756327937095e+04 1.904920698004320472e-12
5.432739882737213338e+04 1.719162890812906991e-12
5.434152009147569333e+04 1.875693445131177786e-12
5.435564135559863644e+04 1.854094168516668437e-12
5.436976261976176465e+04 1.797847678342236320e-12
5.438388388386429870e+04 1.754905300238001586e-12
5.439800514796515199e+04 1.756307025060839694e-12
5.441212641206281114e+04 1.547088108284124107e-12
5.442624767622740910e+04 1.371822151596477701e-12
5.444036894038309401e+04 1.302279731849691633e-12
5.445449020448265219e+04 1.284377685414504509e-12
5.446861146862573514e+04 1.214174371611149039e-12
5.448273273267663171e+04 1.137134895571222114e-12
5.449685399693678482e+04 1.041712493992089711e-12
5.451097526103587734e+04 1.121855024983337828e-12
5.452509652505948907e+04 1.127400240829410405e-12
5.453921778921005898e+04 9.265394308881091716e-13
5.455333905327238608e+04 9.505412147539762924e-13
5.456746031749462418e+04 1.038452083313014169e-12
5.458158158161446045e+04 8.983500963952362135e-13
5.459570284567900671e+04 9.588174966109579474e-13
5.460982410976401297e+04 8.077824337287892883e-13
5.462394537391824997e+04 7.247357454261021472e-13
5.463806663808137091e+04 7.176566259458774601e-13
5.465218790221119707e+04 7.557549653269141012e-13
5.466630916629148851e+04 6.405302895442299285e-13
5.468043043038371979e+04 6.053461782412088347e-13
5.469455169460658362e+04 6.665588151835765222e-13
5.470867295868657675e+04 6.197284917579807253e-13
5.472279422284026077e+04 6.892413286279488939e-13
5.473691548693370714e+04 6.131365456108843282e-13
5.475103675096340885e+04 5.415547956323984110e-13
5.476515801518371882e+04 5.862620755791289724e-13
5.477927927930315491e+04 4.872381161031490415e-13
5.479340054340911593e+04 4.692057791253810079e-13
5.480752180749586842e+04 3.361992766835142494e-13
5.482164307156549330e+04 5.204697575361908926e-13
5.483576433582528261e+04 5.420224568552851228e-13
5.484988559993547096e+04 4.102162639047305524e-13
5.486400686400483391e+04 4.000731136936680318e-13
5.487812812813007622e+04 4.945589339812048324e-13
5.489224939223386900e+04 3.441728061202961624e-13
5.490637065642303787e+04 3.773578702579226414e-13
5.492049192050631973e+04 2.688113715611444081e-13
5.493461318461289920e+04 1.015724452577163878e-13
5.494873444872619439e+04 -4.456193083926252959e-14
5.496285571289555082e+04 3.091091157513950070e-14
5.497697697697510739e+04 -9.390868706311013820e-14
5.499109824111958733e+04 -2.094581450678798250e-13
5.500521950516047218e+04 -7.341090054288281811e-14
5.501934076929721050e+04 -1.246522197288960053e-13
5.503346203353954479e+04 -1.401410587232383766e-13
5.504758329755775776e+04 -9.786398063595016661e-14
5.506170456172209379e+04 -1.564242294312860529e-13
5.507582582578642905e+04 -2.374322169251844343e-13
5.508994708986832848e+04 -2.386495208350941456e-13
5.510406835412239161e+04 -1.203368962509534143e-13
5.511818961818960815e+04 -2.517629177632528427e-13
5.513231088232484763e+04 -3.730741130954855719e-13
5.514643214642791281e+04 -4.437797063818337634e-13
5.516055341060133651e+04 -6.840228784426493640e-13
5.517467467469468829e+04 -6.011857879693312711e-13
5.518879593879682216e+04 -6.268599485097744387e-13
5.520291720294221159e+04 -8.068031468491992294e-13
5.521703846699653513e+04 -8.967464219879157528e-13
5.523115973122359719e+04 -1.086178800133854864e-12
5.524528099529189785e+04 -1.169175764026571564e-12
5.525940225943805854e+04 -1.185665385449433296e-12
5.527352352349097782e+04 -1.221075459577509997e-12
5.528764478763513034e+04 -1.418483884851875026e-12
5.530176605183265201e+04 -1.430969117714837390e-12
5.531588731592658587e+04 -1.449656683942975551e-12
5.533000858000054723e+04 -1.639500704672720694e-12
5.534412984406466421e+04 -1.604006287874567441e-12
5.535825110828612378e+04 -1.867291373861947101e-12
5.537237237235983048e+04 -1.910858768916823199e-12
5.538649363649135921e+04 -2.061971880239957969e-12
5.540061490058400523e+04 -2.193211592570595960e-12
5.541473616469998524e+04 -2.114633177513228815e-12
5.542885742890833353e+04 -2.187983605871676744e-12
5.544297869299307786e+04 -2.249587743864697821e-12
5.545709995712697855e+04 -2.237797393895500107e-12
5.547122122120020504e+04 -2.368084159938855885e-12
5.548534248534379003e+04 -2.468800637622564606e-12
5.549946374946001015e+04 -2.541758306084536713e-12
5.551358501359207003e+04 -2.751847085324279686e-12
5.552770627768614213e+04 -2.806987050021141423e-12
5.554182754183700308e+04 -2.771069661026783688e-12
5.555594880590628600e+04 -2.828753753129981747e-12
5.557007007007033098e+04 -2.874994936710864519e-12
5.558419133423021412e+04 -2.903130140833389688e-12
5.559831259834016237e+04 -3.022068411791082949e-12
5.561243386243261921e+04 -3.036380229941820692e-12
5.562655512661443208e+04 -2.984418850945602405e-12
5.564067639071849408e+04 -2.930875102751083696e-12
5.565479765476198372e+04 -2.877043078863318561e-12
5.566891891891795967e+04 -2.956730537089900141e-12
5.568304018300948519e+04 -3.093515465266610709e-12
5.569716144715818518e+04 -3.178068362595365152e-12
5.571128271133394446e+04 -3.404476819071995029e-12
5.572540397539572587e+04 -3.643058314647721816e-12
5.573952523949310853e+04 -3.850777946050391808e-12
5.575364650359182997e+04 -4.113181839962344926e-12
5.576776776784138201e+04 -4.352762859120769046e-12
5.578188903190213750e+04 -4.517219736157495420e-12
5.579601029595823638e+04 -4.721530413074089409e-12
5.581013156007161888e+04 -4.809572831021530424e-12
5.582425282431860978e+04 -4.943045735840461211e-12
5.583837408839641284e+04 -4.976757626954610150e-12
5.585249535252162605e+04 -5.120242132596201529e-12
5.586661661658946832e+04 -5.327263104567640687e-12
5.588073788071843592e+04 -5.375789093315520293e-12
5.589485914494108874e+04 -5.494451677038187203e-12
5.590898040899560146e+04 -5.631069178720567200e-12
5.592310167308018572e+04 -5.909048771988583396e-12
5.593722293718234141e+04 -5.871006451246627435e-12
5.595134420130591025e+04 -5.946372291766156891e-12
5.596546546554382076e+04 -6.219344196354110204e-12
5.597958672960851254e+04 -6.408706079134015066e-12
5.599370799369084853e+04 -6.425723156956310676e-12
5.600782925778183562e+04 -6.681730855246494545e-12
5.602195052202003717e+04 -6.793625883829891359e-12
5.603607178609677067e+04 -7.053966529439526507e-12
5.605019305018761224e+04 -7.171727779553614838e-12
5.606431431431585952e+04 -7.211269385669616394e-12
5.607843557843339659e+04 -7.439471697442649338e-12
5.609255684256376844e+04 -7.367210170720263404e-12
5.610667810666078003e+04 -7.595950009659306042e-12
5.612079937079379306e+04 -7.694021652270914218e-12
5.613492063486530242e+04 -7.700414071355218292e-12
5.614904189903828956e+04 -7.844164193465258996e-12
5.616316316319373436e+04 -7.894481519817897007e-12
5.617728442729761446e+04 -8.027530193594802395e-12
5.619140569137091370e+04 -8.170421782854213657e-12
5.620552695551707438e+04 -8.387721230962584456e-12
5.621964821963098075e+04 -8.503115850931244062e-12
5.623376948382038972e+04 -8.538041269417836024e-12
5.624789074788244761e+04 -8.522251566272026448e-12
5.626201201200431387e+04 -8.640088347135437642e-12
5.627613327607094106e+04 -8.808470305445275547e-12
5.629025454030110996e+04 -8.690396861567321965e-12
5.630437580442307080e+04 -8.780931794242395670e-12
5.631849706853944372e+04 -8.947227845025117293e-12
5.633261833263967856e+04 -9.030008287436444854e-12
5.634673959668252792e+04 -9.042653393718804412e-12
5.636086086088902084e+04 -9.082392638628866815e-12
5.637498212500627415e+04 -9.225337099412805051e-12
5.638910338909384882e+04 -9.195048010088773509e-12
5.640322465315907175e+04 -9.322439430741444556e-12
5.641734591734372952e+04 -9.385391792609868328e-12
5.643146718153925758e+04 -9.425120966753353704e-12
5.644558844556730037e+04 -9.441015154102390657e-12
5.645970970970569761e+04 -9.514880450402052794e-12
5.647383097379548417e+04 -9.521771372431882598e-12
5.648795223800476379e+04 -9.708200144446441298e-12
5.650207350209786091e+04 -9.782168666103509087e-12
5.651619476623189985e+04 -9.899722206656961158e-12
5.653031603031676059e+04 -9.918898205064050040e-12
5.654443729437588627e+04 -9.892393206281062945e-12
5.655855855860168231e+04 -9.937268542145034839e-12
5.657267982266259787e+04 -9.977915414892785252e-12
5.658680108682454738e+04 -1.011325267037415305e-11
5.660092235087887093e+04 -1.027505212388055961e-11
5.661504361496501224e+04 -1.020477453817370442e-11
5.662916487917925406e+04 -1.016475457064532796e-11
5.664328614327804826e+04 -1.020948136270230080e-11
5.665740740741979243e+04 -1.018507989528793737e-11
