5.300000000000138971e+04 9.121050018423537506e-13
5.301412126407049800e+04 8.498706049414751324e-13
5.302824252820476977e+04 7.870243950242559057e-13
5.304236379243247939e+04 9.287196127825454732e-13
5.305648505647780985e+04 8.349401771164886910e-13
5.307060632060930948e+04 9.446159051732331143e-13
5.308472758471332054e+04 1.040852051655376748e-12
5.309884884880301252e+04 9.705823619358077316e-13
5.311297011300087615e+04 9.713109800138793358e-13
5.312709137707376794e+04 1.007252593252170009e-12
5.314121264118843101e+04 1.079561631666945708e-12
5.315533390529685857e+04 1.134074429962068040e-12
5.316945516948842851e+04 1.218808819640369516e-12
5.318357643360451766e+04 1.298096524340066488e-12
5.319769769772790460e+04 1.338007659965957977e-12
5.321181896182486526e+04 1.331290181317723776e-12
5.322594022590944951e+04 1.364280790446483954e-12
5.324006149007064960e+04 1.354044025945160130e-12
5.325418275418251142e+04 1.566088323870770718e-12
5.326830401827199239e+04 1.548228899296274002e-12
5.328242528242195840e+04 1.555474428468316978e-12
5.329654654645645496e+04 1.473318662393225101e-12
5.331066781073953462e+04 1.473787396040265039e-12
5.332478907477189932e+04 1.391958104001308672e-12
5.333891033887107187e+04 1.387288003476674542e-12
5.335303160301051685e+04 1.336121921382525587e-12
5.336715286717022536e+04 1.188597822058002461e-12
5.338127413134456583e+04 1.248360731472217106e-12
5.339539539539347606e+04 1.221308115854164972e-12
5.340951665945559944e+04 1.374995999578925699e-12
5.342363792362776439e+04 1.350292096863126842e-12
5.343775918777898914e+04 1.372683103812751240e-12
5.345188045190844423e+04 1.396836969664167056e-12
5.346600171595943539e+04 1.426741966150856710e-12
5.348012298010326049e+04 1.422600252461168233e-12
5.349424424421606818e+04 1.411605316540618763e-12
5.350836550837090908e+04 1.433477731717159308e-12
5.352248677248110471e+04 1.461835402701911688e-12
5.353660803657608631e+04 1.293345120598089254e-12
5.355072930072314921e+04 1.179162949423699756e-12
5.356485056493077718e+04 1.186254406056155230e-12
5.357897182902082568e+04 9.357762612123329693e-13
5.359309309306724754e+04 9.138857693121845766e-13
5.360721435719827423e+04 8.685830616952463334e-13
5.362133562126598554e+04 9.166848869045172833e-13
5.363545688551923377e+04 9.384015900246778400e-13
5.364957814956986840e+04 7.602659045148599335e-13
5.366369941365918930e+04 6.577007607864815786e-13
5.367782067781648948e+04 7.815998014834558427e-13
5.369194194194296142e+04 7.017797162540625780e-13
5.370606320612388663e+04 7.510822562998137580e-13
5.372018447021288739e+04 6.168442545547932569e-13
5.373430573426967749e+04 3.498979622708947383e-13
5.374842699838925910e+04 3.809442726395115662e-13
5.376254826250609040e+04 3.245089096914673915e-13
5.377666952671578474e+04 3.220198709673469942e-13
5.379079079084056139e+04 1.677791758113239745e-13
5.380491205493046436e+04 9.275925943875687649e-14
5.381903331898018223e+04 7.685619878643947137e-14
5.383315458316745935e+04 6.103864524067625774e-14
5.384727584733083495e+04 8.907093520048790871e-14
5.386139711143370369e+04 1.923975542816356663e-15
5.387551837546883326e+04 -2.064715567420019871e-13
5.388963963959339162e+04 -2.594745282269502051e-13
5.390376090375796775e+04 -3.973382162609940821e-13
5.391788216792605817e+04 -5.527156430597041484e-13
5.393200343198003247e+04 -7.013734051877902503e-13
5.394612469606969535e+04 -8.978233340458561419e-13
5.396024596018556622e+04 -9.809301880160720961e-13
5.397436722441421443e+04 -8.800486178389635304e-13
5.398848848851637013e+04 -9.613400642922490192e-13
5.400260975263417640e+04 -1.034194809565520444e-12
5.401673101671035693e+04 -1.245028597592788900e-12
5.403085228090283636e+04 -1.445680902261859620e-12
5.404497354495911713e+04 -1.450404392179474894e-12
5.405909480910724960e+04 -1.591010697534854053e-12
5.407321607321891497e+04 -1.559178175805973389e-12
5.408733733734249108e+04 -1.677722134270253372e-12
5.410145860151795205e+04 -1.847128443833179045e-12
5.411557986560275458e+04 -2.094763414325736047e-12
5.412970112967796740e+04 -2.058859509973668932e-12
5.414382239375992503e+04 -1.925774466883690441e-12
5.415794365787421702e+04 -2.014239093575695708e-12
5.417206492214356695e+04 -2.069553867815623781e-12
5.418618618622350914e+04 -2.084381825841089095e-12
5.420030745030051185e+04 -1.971482513498364825e-12
5.421442871435685083e+04 -2.088171379731561520e-12
5.422854997849903884e+04 -2.226767553421751361e-12
5.424267124273932859e+04 -2.207673488624840442e-12
5.425679250681573467e+04 -2.240098590576920542e-12
5.427091377085540444e+04 -2.185946443937220454e-12
5.428503503500051738e+04 -2.092934218052193041e-12
5.429915629918751074e+04 -2.130207581353674735e-12
5.431327756333080470e+04 -2.177840000293632091e-12
5.432739882740502071e+04 -2.234233324349564785e-12
5.434152009154304687e+04 -2.225058083912940885e-12
5.435564135564448952e+04 -2.247429500738841481e-12
5.436976261979156698e+04 -2.388301155581226790e-12
5.438388388392025081e+04 -2.270640686473555798e-12
5.439800514804624981e+04 -2.406679213967699468e-12
5.441212641211436858e+04 -2.430165165901252344e-12
5.442624767616055760e+04 -2.504328161497024365e-12
5.444036894041712367e+04 -2.478415052088538782e-12
5.445449020451678371e+04 -2.403874715397176497e-12
5.446861146862988971e+04 -2.294226186503628065e-12
5.448273273273462110e+04 -2.427003504903352651e-12
5.449685399690747727e+04 -2.284503095225011038e-12
5.451097526098749950e+04 -2.332889860045011639e-12
5.452509652510847809e+04 -2.380138547977777627e-12
5.453921778923926468e+04 -2.381688269696564962e-12
5.455333905331712594e+04 -2.274740991854514442e-12
5.456746031751023838e+04 -2.094751643435944881e-12
5.458158158156011632e+04 -2.131080308753903399e-12
5.459570284574439574e+04 -2.167558968838914762e-12
5.460982410979948327e+04 -2.204095474439471319e-12
5.462394537388980825e+04 -2.168541333669769589e-12
5.463806663814696367e+04 -2.307398148491048670e-12
5.465218790217718197e+04 -2.259798688042506661e-12
5.466630916628078558e+04 -2.237960996990849874e-12
5.468043043042741920e+04 -2.226543233893445852e-12
5.469455169456296426e+04 -2.111948577109661233e-12
5.470867295866590575e+04 -1.964193305917418488e-12
5.472279422280326980e+04 -1.939539681716584443e-12
5.473691548693632649e+04 -1.953159610138342309e-12
5.475103675101191766e+04 -1.902263964237144596e-12
5.476515801523026312e+04 -1.863202098309683861e-12
5.477927927933132742e+04 -1.790039292035021451e-12
5.479340054340175993e+04 -1.795019723661220499e-12
5.480752180746914382e+04 -1.806420671201780171e-12
5.482164307160929457e+04 -1.769622179225586657e-12
5.483576433578443539e+04 -1.613039077001127043e-12
5.484988559992946102e+04 -1.665080534945707786e-12
5.486400686398056132e+04 -1.656942141744114713e-12
5.487812812807839509e+04 -1.537338803198632208e-12
5.489224939220593660e+04 -1.391573821314502520e-12
5.490637065638120112e+04 -1.315238592085560090e-12
5.492049192051979480e+04 -1.453061250160903376e-12
5.493461318463447969e+04 -1.452318338859514013e-12
5.494873444866119098e+04 -1.242340798986766750e-12
5.496285571288052597e+04 -1.155224443642552085e-12
5.497697697701328434e+04 -1.117595599469378065e-12
5.499109824108217435e+04 -1.139565124486695427e-12
5.500521950519733946e+04 -1.183983754202535040e-12
5.501934076929581352e+04 -1.197905017402945909e-12
5.503346203348313429e+04 -1.169780998580547428e-12
5.504758329757217871e+04 -1.112012498285872808e-12
5.506170456167403609e+04 -1.012975258383467103e-12
5.507582582579960581e+04 -9.309634334749638463e-13
5.508994708989640640e+04 -9.022821470987393258e-13
5.510406835406749451e+04 -8.310595197727933984e-13
5.511818961824489088e+04 -8.736294471691504222e-13
5.513231088231528702e+04 -6.955113339162349440e-13
5.514643214644030377e+04 -7.513426820624252940e-13
5.516055341056753969e+04 -6.325895380709997568e-13
5.517467467466116068e+04 -5.280653819702391952e-13
5.518879593880418543e+04 -6.079655092502122680e-13
5.520291720287656790e+04 -5.999814828604515671e-13
5.521703846701228758e+04 -5.202703624394105052e-13
5.523115973116683745e+04 -5.788503815074001084e-13
5.524528099532654596e+04 -5.897650231440173134e-13
5.525940225940886739e+04 -7.231591361687974266e-13
5.527352352350187721e+04 -4.456187067617376123e-13
5.528764478760852944e+04 -5.150713285742331925e-13
5.530176605179392936e+04 -2.074367697048753325e-13
5.531588731591054238e+04 -2.639471300364458791e-13
5.533000857997626736e+04 -1.878294941130709258e-13
5.534412984412922378e+04 -1.389614680561811427e-13
5.535825110830570338e+04 -2.590955055756755464e-13
5.537237237237239606e+04 -3.234007570577658219e-14
5.538649363646600978e+04 -5.954260201309720169e-14
5.540061490056805633e+04 -5.780925441356786836e-14
5.541473616465902160e+04 -7.117749372462309662e-15
5.542885742892104463e+04 1.433414633603732887e-13
5.544297869301584433e+04 2.787746308081155429e-13
5.545709995714190154e+04 3.647270133075549588e-13
5.547122122117235267e+04 3.699532883748203728e-13
5.548534248529387696e+04 3.540111315528395564e-13
5.549946374954577914e+04 3.318956475021119976e-13
5.551358501359710499e+04 3.162810577274617497e-13
5.552770627770474675e+04 4.252646995033793035e-13
5.554182754177039169e+04 2.386244620416796378e-13
5.555594880593519338e+04 2.454092029172917936e-13
5.557007007007999346e+04 2.955605922725525274e-13
5.558419133417334524e+04 2.451408266300538333e-13
5.559831259827722533e+04 4.100449390034374779e-13
5.561243386244004796e+04 5.582337152511308820e-13
5.562655512660089880e+04 4.858851182388784877e-13
5.564067639072465681e+04 5.009579107719995304e-13
5.565479765480686910e+04 4.888792962906071269e-13
5.566891891892274725e+04 7.046074202930309016e-13
5.568304018296682625e+04 8.058585964095812133e-13
5.569716144716887356e+04 6.948789480362235095e-13
5.571128271127004700e+04 7.830482935500396944e-13
5.572540397543306608e+04 8.938322088417276069e-13
5.573952523947181180e+04 1.073182229789069946e-12
5.575364650355961203e+04 1.004376670603950156e-12
5.576776776784087997e+04 1.069356354295813183e-12
5.578188903186073730e+04 1.026292385839365073e-12
5.579601029600433685e+04 1.083277953807360729e-12
5.581013156013551634e+04 1.072966990661460571e-12
5.582425282426862395e+04 1.247028182670075997e-12
5.583837408843782760e+04 1.370569724628536460e-12
5.585249535250811459e+04 1.291605887553664388e-12
5.586661661660182290e+04 1.458224850414048318e-12
5.588073788074457843e+04 1.494253189886764470e-12
5.589485914491600852e+04 1.560253577879087733e-12
5.590898040903048968e+04 1.568844982182071048e-12
5.592310167307266966e+04 1.555852946652886318e-12
5.593722293721761525e+04 1.672571408266129368e-12
5.595134420133533422e+04 1.705581355285260689e-12
5.596546546547838807e+04 1.796895882551268995e-12
5.597958672957855742e+04 1.727595945994921442e-12
5.599370799373256159e+04 1.680185828716448323e-12
5.600782925775554031e+04 1.703324371245594168e-12
5.602195052197579207e+04 1.548907449053840940e-12
5.603607178613266296e+04 1.557487755089307049e-12
5.605019305020619504e+04 1.760587732212660697e-12
5.606431431425672054e+04 1.803272005395560188e-12
5.607843557838669221e+04 1.772982479162729280e-12
5.609255684263301373e+04 1.777908092073615449e-12
5.610667810674381326e+04 1.636369195935641362e-12
5.612079937084205449e+04 1.512879445892261869e-12
5.613492063488042913e+04 1.608517925445260570e-12
5.614904189902509097e+04 1.588639246765986091e-12
5.616316316324521904e+04 1.579096754567878698e-12
5.617728442731651012e+04 1.621756813348922302e-12
5.619140569138638239e+04 1.391845103459313720e-12
5.620552695548105112e+04 1.313023525995345874e-12
5.621964821957030654e+04 1.411436908738821192e-12
5.623376948376066139e+04 1.303191469908376443e-12
5.624789074785622506e+04 1.495532853762629753e-12
5.626201201203178061e+04 1.502811972009469722e-12
5.627613327607065730e+04 1.496263657863090868e-12
5.629025454033682763e+04 1.398260911017757837e-12
5.630437580440875172e+04 1.411944065933250758e-12
5.631849706849497306e+04 1.382386016423154925e-12
5.633261833263309381e+04 1.303208621776357874e-12
5.634673959665625443e+04 1.341719946372730249e-12
5.636086086093056656e+04 1.399783727845594253e-12
5.637498212502073147e+04 1.365819666131106943e-12
5.638910338910360588e+04 1.300160633942726689e-12
5.640322465318989998e+04 1.320841414683483037e-12
5.641734591732880654e+04 1.230555999496357142e-12
5.643146718151347886e+04 1.131338496824578479e-12
5.644558844557764678e+04 1.187392482943389843e-12
5.645970970970107737e+04 1.088008506258850865e-12
5.647383097378116508e+04 1.060570225844570512e-12
5.648795223796631035e+04 1.111133932653658028e-12
5.650207350205686816e+04 1.079787380517582953e-12
5.651619476615833264e+04 1.131937803270515898e-12
5.653031603030775295e+04 1.010054947839195176e-12
5.654443729438907758e+04 1.140840631686259190e-12
5.655855855855943810e+04 1.048395090066890930e-12
5.657267982269591448e+04 1.090902127280649577e-12
5.658680108681393176e+04 9.818128838077485587e-13
5.660092235089413589e+04 9.635202484500459530e-13
5.661504361498350772e+04 1.168735286313298776e-12
5.662916487921289081e+04 1.261187554155404815e-12
5.664328614328411641e+04 1.348806694649269418e-12
5.665740740737558372e+04 1.455920782815217334e-12
