5.300000000000630826e+04 5.021352694709469679e-12
5.301412126412432553e+04 5.060642320929853617e-12
5.302824252819600952e+04 5.078718986935565770e-12
5.304236379241860413e+04 5.128221323258582954e-12
5.305648505649105937e+04 5.159395651019694703e-12
5.307060632054175949e+04 5.217636662211749833e-12
5.308472758468143002e+04 5.237996229495533908e-12
5.309884884884684288e+04 5.247115413950032002e-12
5.311297011300215672e+04 5.210384169823389268e-12
5.312709137707037735e+04 5.203597959864839450e-12
5.314121264117750979e+04 5.099218892028891321e-12
5.315533390523173148e+04 5.269380028916142746e-12
5.316945516944084375e+04 5.336461892463949975e-12
5.318357643359500071e+04 5.348839976299731410e-12
5.319769769767142134e+04 5.293671945208852272e-12
5.321181896176377631e+04 5.233339732702330075e-12
5.322594022599174059e+04 5.100971142185215687e-12
5.324006149008230568e+04 5.224691049014250546e-12
5.325418275417606492e+04 5.218363075399020284e-12
5.326830401831160998e+04 4.868436742812196241e-12
5.328242528232802579e+04 4.877185260466652157e-12
5.329654654653405305e+04 4.860566264110845407e-12
5.331066781066965632e+04 4.964940723023463701e-12
5.332478907476663881e+04 5.103692750470461001e-12
5.333891033893649001e+04 5.113838006246047676e-12
5.335303160300468880e+04 5.155537982192189321e-12
5.336715286722113524e+04 4.893459290628784035e-12
5.338127413123633596e+04 4.910838212512686683e-12
5.339539539533392963e+04 4.952631616802948909e-12
5.340951665942758700e+04 4.997233495865632254e-12
5.342363792361193919e+04 4.989767040070460077e-12
5.343775918774977617e+04 5.010162541332751446e-12
5.345188045184312068e+04 5.070201345093023158e-12
5.346600171605539799e+04 5.106428419877732102e-12
5.348012298002577882e+04 5.158551436876794622e-12
5.349424424415503745e+04 5.282618340950463374e-12
5.350836550839895790e+04 5.319635338323588227e-12
5.352248677244807914e+04 5.407252376945800386e-12
5.353660803652604955e+04 5.348248784235932845e-12
5.355072930068697315e+04 5.423847625628853962e-12
5.356485056485166569e+04 5.392767233974601741e-12
5.357897182894588332e+04 5.278136905126468600e-12
5.359309309316648432e+04 5.249713753065527309e-12
5.360721435719927831e+04 5.468622925196509365e-12
5.362133562124903983e+04 5.497603522628390724e-12
5.363545688550206978e+04 5.425859928425293143e-12
5.364957814962182601e+04 5.403409316061731778e-12
5.366369941378893418e+04 5.522684502218725618e-12
5.367782067782023660e+04 5.493462365957396100e-12
5.369194194197507750e+04 5.404561078190252213e-12
5.370606320613870048e+04 5.392188853155314789e-12
5.372018447022213513e+04 5.492882110321839096e-12
5.373430573422712769e+04 5.434344721924439031e-12
5.374842699838207045e+04 5.486813954994689791e-12
5.376254826243587740e+04 5.273856387112739969e-12
5.377666952672576008e+04 5.376254789676805122e-12
5.379079079087375430e+04 5.370022900395411953e-12
5.380491205485221872e+04 5.331826331119094643e-12
5.381903331895128940e+04 5.389411312851348302e-12
5.383315458324921929e+04 5.426343943492324085e-12
5.384727584738165024e+04 5.394207405339320807e-12
5.386139711137202539e+04 5.430653833627616851e-12
5.387551837547759351e+04 5.340331435127832348e-12
5.388963963964593131e+04 5.215789577599102550e-12
5.390376090386327996e+04 5.186702740578589805e-12
5.391788216798264330e+04 5.097877070401001417e-12
5.393200343201614305e+04 5.087767123665166968e-12
5.394612469606407103e+04 5.110653943280874990e-12
5.396024596017212025e+04 4.829994572604512730e-12
5.397436722444796760e+04 4.883209982550213963e-12
5.398848848843071755e+04 4.749831178532961945e-12
5.400260975268887705e+04 4.791275866997008387e-12
5.401673101663897978e+04 4.592523469523273405e-12
5.403085228089279553e+04 4.457014874223331321e-12
5.404497354504498799e+04 4.486223261832013798e-12
5.405909480916265602e+04 4.373800529141775018e-12
5.407321607316374138e+04 4.371964459074713376e-12
5.408733733724914782e+04 4.266621657558653645e-12
5.410145860145858023e+04 4.242292166823200631e-12
5.411557986563326995e+04 4.243453927971827197e-12
5.412970112965536828e+04 4.275990739398470645e-12
5.414382239376985672e+04 4.172294651506204660e-12
5.415794365785463742e+04 4.214242415669361302e-12
5.417206492205854011e+04 4.064873928624257189e-12
5.418618618621820497e+04 3.931847590065760248e-12
5.420030745030743128e+04 3.920233103273270733e-12
5.421442871435141569e+04 3.812228687592604095e-12
5.422854997847534833e+04 3.755638608360950527e-12
5.424267124262516154e+04 3.626811858247194907e-12
5.425679250674823561e+04 3.518023769365679600e-12
5.427091377096278302e+04 3.499067502059971868e-12
5.428503503506800917e+04 3.325041431432168309e-12
5.429915629921996151e+04 3.459746980429805337e-12
5.431327756328027317e+04 3.527350355370043723e-12
5.432739882747149386e+04 3.466922527233752956e-12
5.434152009150793310e+04 3.376429520453401068e-12
5.435564135565650213e+04 3.221968407480290142e-12
5.436976261987694306e+04 3.268965051858486948e-12
5.438388388398080133e+04 3.174904269716374322e-12
5.439800514808806474e+04 3.108317670133218745e-12
5.441212641213674942e+04 2.963665595884612387e-12
5.442624767622503714e+04 2.831075464578262506e-12
5.444036894032395503e+04 2.883446582263718366e-12
5.445449020455430582e+04 2.675834428036842611e-12
5.446861146858141001e+04 2.617578262079938507e-12
5.448273273263587180e+04 2.721411211559912572e-12
5.449685399690361373e+04 2.701973116472821483e-12
5.451097526103278506e+04 2.679100357979137634e-12
5.452509652518967778e+04 2.586475685099825225e-12
5.453921778918908240e+04 2.397456083822282627e-12
5.455333905325234082e+04 2.311140167691432657e-12
5.456746031745574146e+04 2.229481920113955404e-12
5.458158158167592046e+04 2.078430472997171101e-12
5.459570284566665941e+04 2.060610344351067518e-12
5.460982410980519489e+04 2.062519532252657521e-12
5.462394537385890726e+04 1.888487837176044212e-12
5.463806663814601779e+04 1.764538734058005091e-12
5.465218790217506466e+04 1.822122465912745383e-12
5.466630916625302780e+04 1.670356088858344188e-12
5.468043043039736222e+04 1.729230944184339931e-12
5.469455169457836746e+04 1.787192139048101841e-12
5.470867295865452616e+04 1.879675575768409384e-12
5.472279422277407139e+04 1.888771559371566908e-12
5.473691548695987149e+04 1.638119872973653290e-12
5.475103675109117466e+04 1.451134447349032389e-12
5.476515801524034759e+04 1.335710758749321983e-12
5.477927927925367840e+04 1.137898894104357425e-12
5.479340054340464849e+04 1.070781721516798980e-12
5.480752180745915393e+04 9.218550661726518790e-13
5.482164307161109173e+04 8.050427636556471980e-13
5.483576433575177361e+04 5.366409417523756460e-13
5.484988559983202140e+04 3.789557697336662448e-13
5.486400686407567264e+04 3.058735567138069159e-13
5.487812812803983252e+04 1.568000407618450988e-13
5.489224939225273556e+04 9.877822683868748093e-14
5.490637065646756673e+04 1.571574187499948143e-14
5.492049192056365428e+04 -4.900604045828881611e-14
5.493461318464199576e+04 -2.337073149273245856e-13
5.494873444875743735e+04 -3.400618922904138079e-13
5.496285571287015773e+04 -4.112661643465158061e-13
5.497697697697854892e+04 -5.923734160260113266e-13
5.499109824105226289e+04 -7.387384474066171785e-13
5.500521950514816126e+04 -7.479150481093836710e-13
5.501934076925804402e+04 -8.234920166458217666e-13
5.503346203344190144e+04 -9.887270737837168347e-13
5.504758329766891256e+04 -1.081450486986581232e-12
5.506170456176061998e+04 -1.255008478485647668e-12
5.507582582577869471e+04 -1.365382661931561429e-12
5.508994708982439624e+04 -1.458619774792398639e-12
5.510406835407798644e+04 -1.467173936493533592e-12
5.511818961827114981e+04 -1.647781237167702787e-12
5.513231088226241991e+04 -1.791252177166225384e-12
5.514643214644585532e+04 -2.008645872812312429e-12
5.516055341053102893e+04 -2.025365484307941220e-12
5.517467467463042703e+04 -2.182435091651342552e-12
5.518879593875080900e+04 -2.195965015732988502e-12
5.520291720295412961e+04 -2.273441173150910367e-12
5.521703846701842849e+04 -2.365638387920668883e-12
5.523115973115278030e+04 -2.493625845284232196e-12
5.524528099536583613e+04 -2.624613008679754172e-12
5.525940225944745907e+04 -2.598255591678945288e-12
5.527352352351168520e+04 -2.594422217345604874e-12
5.528764478758499172e+04 -2.659175871555483035e-12
5.530176605181782361e+04 -2.692003904442728979e-12
5.531588731595585705e+04 -2.661788115558313544e-12
5.533000857994634134e+04 -2.730091421906009019e-12
5.534412984411260550e+04 -2.830827799846742484e-12
5.535825110825783486e+04 -2.811703424015493697e-12
5.537237237236280635e+04 -2.862779668597153801e-12
5.538649363656921196e+04 -2.945185342927594490e-12
5.540061490064969257e+04 -2.924712349259477571e-12
5.541473616477305040e+04 -2.995409171045173140e-12
5.542885742899157049e+04 -3.124202799404825330e-12
5.544297869303844345e+04 -3.231577276818780629e-12
5.545709995709356008e+04 -3.144210838637988545e-12
5.547122122123745794e+04 -3.114547495614458900e-12
5.548534248522399866e+04 -3.109256764100592234e-12
5.549946374946161086e+04 -3.056774407316451116e-12
5.551358501352131134e+04 -3.183583230184957401e-12
5.552770627774955938e+04 -3.367883918910975511e-12
5.554182754183363431e+04 -3.382183767540824299e-12
5.555594880586372165e+04 -3.395648697991778373e-12
5.557007007018189324e+04 -3.353656563176898803e-12
5.558419133420643630e+04 -3.433383749996302932e-12
5.559831259829736518e+04 -3.493500358631778536e-12
5.561243386249144532e+04 -3.513460902519435807e-12
5.562655512654189806e+04 -3.653138464265043729e-12
5.564067639078392676e+04 -3.770215740814871402e-12
5.565479765479642083e+04 -3.731464538392021121e-12
5.566891891887747624e+04 -3.750073964687783930e-12
5.568304018293618719e+04 -3.954476433460463773e-12
5.569716144727051869e+04 -3.870275935020900952e-12
5.571128271136013791e+04 -3.901882837577637800e-12
5.572540397541210405e+04 -4.081857700230068516e-12
5.573952523952752381e+04 -4.066492955958874291e-12
5.575364650356033962e+04 -4.100628360725049262e-12
5.576776776781705848e+04 -4.235136429075581908e-12
5.578188903183250659e+04 -4.218778032181301768e-12
5.579601029592272243e+04 -4.368997060874217687e-12
5.581013156014941342e+04 -4.447045662193238817e-12
5.582425282429711660e+04 -4.530105022463143212e-12
5.583837408839006821e+04 -4.657156321569232683e-12
5.585249535243839637e+04 -4.613880562548178068e-12
5.586661661667122826e+04 -4.539041646683352849e-12
5.588073788071994932e+04 -4.713449554891474409e-12
5.589485914487260743e+04 -4.693816478912305673e-12
5.590898040902852517e+04 -4.782171570206130608e-12
5.592310167303440539e+04 -4.870080455227701946e-12
5.593722293713880936e+04 -5.108209618819701763e-12
5.595134420133964159e+04 -4.933324257401494037e-12
5.596546546552274958e+04 -5.037682780375817300e-12
5.597958672954307985e+04 -5.038831417810554316e-12
5.599370799362085381e+04 -5.227707908112822805e-12
5.600782925785396947e+04 -5.516318374590144867e-12
5.602195052192995354e+04 -5.542794529954718407e-12
5.603607178607612150e+04 -5.624775245930631939e-12
5.605019305018191517e+04 -5.746959521999868939e-12
5.606431431436008279e+04 -5.700367837935986219e-12
5.607843557843407325e+04 -5.690485056438196204e-12
5.609255684252488572e+04 -5.814515401594600978e-12
5.610667810671436018e+04 -6.014547048703215027e-12
5.612079937077488285e+04 -6.068486762667881994e-12
5.613492063492698071e+04 -6.081174269305553833e-12
5.614904189907319233e+04 -6.002544474942841079e-12
5.616316316326387459e+04 -6.197925327824405529e-12
5.617728442729636299e+04 -6.325499075731061587e-12
5.619140569140218577e+04 -6.446083508583253697e-12
5.620552695554448292e+04 -6.497770943268925436e-12
5.621964821954604122e+04 -6.512373262256997027e-12
5.623376948383531271e+04 -6.722333936331393263e-12
5.624789074792022438e+04 -6.818215790010407526e-12
5.626201201200923242e+04 -6.735032691866684602e-12
5.627613327614383161e+04 -6.839732431402143443e-12
5.629025454025279032e+04 -6.784315362216736749e-12
5.630437580435405107e+04 -6.848095361843740853e-12
5.631849706845417677e+04 -6.909914303652353033e-12
5.633261833260328422e+04 -6.799965078560966632e-12
5.634673959662459674e+04 -6.898462925875351507e-12
5.636086086086563591e+04 -7.013929110310514791e-12
5.637498212505769334e+04 -6.940883768677298337e-12
5.638910338904606033e+04 -6.951300247873273630e-12
5.640322465316421585e+04 -7.023849388133704213e-12
5.641734591736621223e+04 -7.079672667510938361e-12
5.643146718153683469e+04 -7.019477316592124244e-12
5.644558844558663259e+04 -7.051685410232765788e-12
5.645970970975017553e+04 -7.163999403579345640e-12
5.647383097377376544e+04 -7.279328101488044160e-12
5.648795223792507022e+04 -7.221207547241334364e-12
5.650207350212290476e+04 -7.341102047706176728e-12
5.651619476626656251e+04 -7.316756933501807429e-12
5.653031603039158654e+04 -7.290603246535668147e-12
5.654443729432874534e+04 -7.224609713832580783e-12
5.655855855858723953e+04 -7.041416416583361391e-12
5.657267982271891378e+04 -6.806669421542394114e-12
5.658680108684972947e+04 -6.801329944805508137e-12
5.660092235092321789e+04 -7.010319464052057455e-12
5.661504361495043122e+04 -7.163833169870075041e-12
5.662916487926377886e+04 -7.269486565948193655e-12
5.664328614335970633e+04 -7.102886642565757789e-12
5.665740740735705185e+04 -7.051941635122995612e-12
