5.299999999999942520e+04 3.315045206351740747e-12
5.301412126410898782e+04 3.256160089877330188e-12
5.302824252819347748e+04 3.079399583827615903e-12
5.304236379239275993e+04 3.155870721079224861e-12
5.305648505651110463e+04 3.181494245533308740e-12
5.307060632059746422e+04 3.112407913697289481e-12
5.308472758467982931e+04 3.034055868481448965e-12
5.309884884879995661e+04 3.178030572217368730e-12
5.311297011301336170e+04 3.057468017064089351e-12
5.312709137708794879e+04 2.941196791541723412e-12
5.314121264119051193e+04 3.009070669178720283e-12
5.315533390530191537e+04 2.929412280595101600e-12
5.316945516951136960e+04 2.679419245508737923e-12
5.318357643360429938e+04 2.670217955475448893e-12
5.319769769771906431e+04 2.634644830299784281e-12
5.321181896178235183e+04 2.627269588020584317e-12
5.322594022591314570e+04 2.329170000142722846e-12
5.324006149010884110e+04 2.388523861795473362e-12
5.325418275420065038e+04 2.431461548836627325e-12
5.326830401831455674e+04 2.278677018741585049e-12
5.328242528239969397e+04 2.063777853670969284e-12
5.329654654649313306e+04 1.974065484152340394e-12
5.331066781071719743e+04 1.797694131474536268e-12
5.332478907481547503e+04 1.757827858725199010e-12
5.333891033891836560e+04 1.806334207428510475e-12
5.335303160301605385e+04 1.724234851952473390e-12
5.336715286719473806e+04 1.632875653536775013e-12
5.338127413131038338e+04 1.507285350439841047e-12
5.339539539538417011e+04 1.408202622211309298e-12
5.340951665949239396e+04 1.467109118450045137e-12
5.342363792361267406e+04 1.376565267361887287e-12
5.343775918781472137e+04 1.290307519319209681e-12
5.345188045189765398e+04 1.349998760849037966e-12
5.346600171598164161e+04 1.169104972567046320e-12
5.348012298011874373e+04 1.093411592889048764e-12
5.349424424420153809e+04 9.162970046131559115e-13
5.350836550841855205e+04 9.263626506808714441e-13
5.352248677251450135e+04 9.038962110711356116e-13
5.353660803658608347e+04 8.290266624535552470e-13
5.355072930067910056e+04 7.562625945416899331e-13
5.356485056490903662e+04 6.971449139524167760e-13
5.357897182899252221e+04 6.689783148209346831e-13
5.359309309309069067e+04 6.658332738473671076e-13
5.360721435719530564e+04 5.167446971295715610e-13
5.362133562131978397e+04 4.353366143877535411e-13
5.363545688549107581e+04 3.191146248151183521e-13
5.364957814958053496e+04 3.467491726990489870e-13
5.366369941369006847e+04 2.660200915778248878e-13
5.367782067779066711e+04 2.659040462316903906e-13
5.369194194189901464e+04 1.011926754214970405e-13
5.370606320611651608e+04 -5.132363236893524927e-14
5.372018447020305030e+04 -3.085268792797735078e-14
5.373430573429806100e+04 2.802199431247098610e-14
5.374842699838792032e+04 2.306264646513444162e-14
5.376254826250788756e+04 -1.072293110930070719e-13
5.377666952669018065e+04 -4.955962191150652802e-14
5.379079079079099756e+04 2.377497703631529636e-14
5.380491205490306311e+04 1.472374302828227032e-14
5.381903331900635385e+04 1.672560099671778808e-14
5.383315458319256868e+04 -1.034464752013894750e-13
5.384727584731033858e+04 -1.571260830167136403e-13
5.386139711141088628e+04 -3.626978382751147055e-13
5.387551837548201001e+04 -4.053252630853499803e-13
5.388963963958727254e+04 -4.521781928490893576e-13
5.390376090381018003e+04 -4.254798854861918484e-13
5.391788216789654689e+04 -4.249832841224464213e-13
5.393200343199168128e+04 -4.278856297376490957e-13
5.394612469610964035e+04 -4.824645132379008702e-13
5.396024596021576144e+04 -5.807440137572873703e-13
5.397436722440546146e+04 -6.756997089317763647e-13
5.398848848849216301e+04 -6.015009811923730901e-13
5.400260975260956911e+04 -5.395115570243454405e-13
5.401673101669669995e+04 -6.780239487495254923e-13
5.403085228091295721e+04 -7.118567724712471866e-13
5.404497354499853100e+04 -5.774362669067635912e-13
5.405909480909899867e+04 -7.710547455323888751e-13
5.407321607318871975e+04 -8.865950065702911830e-13
5.408733733731042594e+04 -8.846749560260236222e-13
5.410145860150194494e+04 -9.540022031514557782e-13
5.411557986560006248e+04 -8.542362314358919281e-13
5.412970112970341142e+04 -8.767932651931322636e-13
5.414382239377879159e+04 -9.074207528397700255e-13
5.415794365791147720e+04 -8.809981667953644732e-13
5.417206492211014847e+04 -1.011157414532078051e-12
5.418618618621956557e+04 -1.002670651750803678e-12
5.420030745029595710e+04 -1.157053986755024381e-12
5.421442871439368173e+04 -1.064586449237080356e-12
5.422854997849831852e+04 -1.057581915785545355e-12
5.424267124270437489e+04 -1.097649071209783858e-12
5.425679250680500263e+04 -1.083550016140129020e-12
5.427091377088317677e+04 -1.128958893372074219e-12
5.428503503499136423e+04 -1.134889628633790102e-12
5.429915629920692299e+04 -1.047819563168170914e-12
5.431327756329801196e+04 -1.085140716054505524e-12
5.432739882738917368e+04 -1.166403363375580655e-12
5.434152009150958474e+04 -1.211426836742557025e-12
5.435564135559619172e+04 -1.088730850013638819e-12
5.436976261982002325e+04 -1.057859455046796518e-12
5.438388388387975283e+04 -1.092938175539549903e-12
5.439800514798044605e+04 -1.061269915663219977e-12
5.441212641209744470e+04 -1.149853721466406120e-12
5.442624767619158956e+04 -1.295892699205496645e-12
5.444036894041975756e+04 -1.346759949572203008e-12
5.445449020448592637e+04 -1.321694457797605593e-12
5.446861146860106237e+04 -1.268220883495000621e-12
5.448273273271599464e+04 -1.350143141047237167e-12
5.449685399690701161e+04 -1.322068651015558949e-12
5.451097526101542462e+04 -1.432095394655001923e-12
5.452509652509211446e+04 -1.430430765068414210e-12
5.453921778920168435e+04 -1.509111024699921254e-12
5.455333905330422567e+04 -1.450738700641955964e-12
5.456746031752014096e+04 -1.577096327078539195e-12
5.458158158160047606e+04 -1.538421412817455026e-12
5.459570284570108925e+04 -1.466439969263463017e-12
5.460982410979229462e+04 -1.337425419484180822e-12
5.462394537390999903e+04 -1.287421085947216395e-12
5.463806663810867030e+04 -1.343932442600591045e-12
5.465218790218140202e+04 -1.439307173581095694e-12
5.466630916631213040e+04 -1.447155838453860098e-12
5.468043043040354678e+04 -1.531358705197622808e-12
5.469455169460398611e+04 -1.640343767635994117e-12
5.470867295871753595e+04 -1.865512945839515255e-12
5.472279422281265579e+04 -1.891527100744000959e-12
5.473691548689730553e+04 -1.718138386153268038e-12
5.475103675100831606e+04 -1.556145142758669486e-12
5.476515801518479566e+04 -1.548201944862422334e-12
5.477927927927907876e+04 -1.530940578362986656e-12
5.479340054338576738e+04 -1.582334426148966506e-12
5.480752180749321997e+04 -1.469266870254155312e-12
5.482164307160262979e+04 -1.595509663306443483e-12
5.483576433581435413e+04 -1.609331482105306992e-12
5.484988559991647344e+04 -1.519120920523018445e-12
5.486400686399573897e+04 -1.412008945107633359e-12
5.487812812809216121e+04 -1.380706394716380023e-12
5.489224939220657689e+04 -1.499406543260384196e-12
5.490637065637968044e+04 -1.353600262194482333e-12
5.492049192050947022e+04 -1.035880224096549693e-12
5.493461318461580959e+04 -1.044522723974202977e-12
5.494873444870042294e+04 -1.020155019228712119e-12
5.496285571290013468e+04 -1.081542704343415534e-12
5.497697697700632853e+04 -1.106562444558570947e-12
5.499109824108897010e+04 -1.285587993664934926e-12
5.500521950519611710e+04 -1.337319372823222563e-12
5.501934076931342133e+04 -1.152580029624417572e-12
5.503346203350435098e+04 -1.044655433795630868e-12
5.504758329760241031e+04 -1.139150886461560322e-12
5.506170456169867248e+04 -1.092761229110979381e-12
5.507582582580434973e+04 -1.260342828547627877e-12
5.508994708987948979e+04 -1.319991348422612903e-12
5.510406835411993234e+04 -1.305641720242636168e-12
5.511818961819754622e+04 -1.146173599340688191e-12
5.513231088230380556e+04 -1.217435137562002327e-12
5.514643214641648956e+04 -1.108258585152986243e-12
5.516055341058972408e+04 -1.042875061853368593e-12
5.517467467470403790e+04 -1.021397886095145066e-12
5.518879593877974548e+04 -9.515888841385015197e-13
5.520291720289249497e+04 -7.756514137992475388e-13
5.521703846699429414e+04 -8.758485409392225237e-13
5.523115973121298157e+04 -9.316575657065921977e-13
5.524528099529610336e+04 -7.798338941074484981e-13
5.525940225940768141e+04 -7.179529405240582839e-13
5.527352352348338172e+04 -5.975196865495333111e-13
5.528764478760957718e+04 -4.257998434118264359e-13
5.530176605178180762e+04 -3.078462633609698189e-13
5.531588731591577380e+04 -4.974770845440978001e-13
5.533000858000422886e+04 -2.879749370401169190e-13
5.534412984408812190e+04 -2.286900057169893414e-13
5.535825110830640915e+04 -1.813653198072148379e-13
5.537237237241022376e+04 -1.727173661012837851e-13
5.538649363651617750e+04 -1.949714093986429131e-13
5.540061490061864606e+04 -1.651159414437826003e-13
5.541473616470094566e+04 -3.158937747544639023e-17
5.542885742889314133e+04 8.601042945776662683e-14
5.544297869299668673e+04 5.932666563694339640e-14
5.545709995708294446e+04 2.182068857008113853e-14
5.547122122120224958e+04 2.125695445501709604e-13
5.548534248529688921e+04 3.273932331504541507e-13
5.549946374949624442e+04 3.695598094712100147e-13
5.551358501358921058e+04 4.237678326485671124e-13
5.552770627771192085e+04 3.836131129814228501e-13
5.554182754180671327e+04 4.289907821960003510e-13
5.555594880590526736e+04 5.331389049328270194e-13
5.557007007009547669e+04 6.020868080024879349e-13
5.558419133417974081e+04 6.052130635675427730e-13
5.559831259828016482e+04 6.590532563266040388e-13
5.561243386238374660e+04 7.092460499296145977e-13
5.562655512661495595e+04 6.632811852037871667e-13
5.564067639070743462e+04 6.320174175913987427e-13
5.565479765479361959e+04 6.713764843108948182e-13
5.566891891888905957e+04 6.780168232296526016e-13
5.568304018298049050e+04 7.596551787209804604e-13
5.569716144717868883e+04 7.398038497704797348e-13
5.571128271128487540e+04 7.025941973733813046e-13
5.572540397541157290e+04 7.616870327449441355e-13
5.573952523948309681e+04 7.301596634324590333e-13
5.575364650360437372e+04 7.995850794668927541e-13
5.576776776781907392e+04 1.010387056043764260e-12
5.578188903191917052e+04 9.424166001976804077e-13
5.579601029598688183e+04 9.707413603492204873e-13
5.581013156010174134e+04 1.002892284028141305e-12
5.582425282428442006e+04 1.070765176946143463e-12
5.583837408837997646e+04 1.042208932083254057e-12
5.585249535249245673e+04 1.020125775405267812e-12
5.586661661660003301e+04 1.018935628878854261e-12
5.588073788071551826e+04 1.072602511094863417e-12
5.589485914490502182e+04 1.062374765131111449e-12
5.590898040900331398e+04 9.939758807747554725e-13
5.592310167310506222e+04 1.036172756141499382e-12
5.593722293719712616e+04 1.093357963577649865e-12
5.595134420129132923e+04 1.029977207217847384e-12
5.596546546549221239e+04 1.165001875759334087e-12
5.597958672960359399e+04 1.193789605333572820e-12
5.599370799370205350e+04 1.195154274364878221e-12
5.600782925780145160e+04 1.035691607291207861e-12
5.602195052201911312e+04 9.551440174554526528e-13
5.603607178608604590e+04 9.408010550655934768e-13
5.605019305020866886e+04 8.062320841757679963e-13
5.606431431430953671e+04 8.620053560688717045e-13
5.607843557840163703e+04 7.581311367077776356e-13
5.609255684258938709e+04 7.326835739632699692e-13
5.610667810671660118e+04 5.945768864638708561e-13
5.612079937080427771e+04 4.503431258847528317e-13
5.613492063488180429e+04 4.277291299210547675e-13
5.614904189899678749e+04 4.813457157207236532e-13
5.616316316321839986e+04 4.851234007745232768e-13
5.617728442730351526e+04 4.546655877854189609e-13
5.619140569137888815e+04 4.422205576362558790e-13
5.620552695548488555e+04 4.918140361096212796e-13
5.621964821959842084e+04 3.744852223870398656e-13
5.623376948382014962e+04 3.192694529401176601e-13
5.624789074789721053e+04 1.207173806562457451e-13
5.626201201199499337e+04 -2.319096816895980581e-14
5.627613327609108819e+04 1.015598998588731413e-13
5.629025454028990498e+04 1.305960816102145169e-13
5.630437580441629689e+04 4.732824342564529952e-14
5.631849706849915674e+04 1.185188818793472922e-13
5.633261833260209096e+04 -1.885207425077708004e-13
5.634673959668375755e+04 -3.036093441159005653e-14
5.636086086088184675e+04 8.877006656636518362e-14
5.637498212499395595e+04 5.950118814183499416e-14
5.638910338908255653e+04 -1.663018461037578692e-13
5.640322465320486663e+04 -2.529583295916391471e-13
5.641734591730433749e+04 -2.777502209809637461e-13
5.643146718151648383e+04 -2.994104029769556366e-13
5.644558844561180013e+04 -3.841592585294244410e-13
5.645970970969717746e+04 -4.247357409167234694e-13
5.647383097381336120e+04 -5.808352138857115413e-13
5.648795223800805252e+04 -5.211582129074976756e-13
5.650207350208970456e+04 -6.546388420654295820e-13
5.651619476618922636e+04 -5.219690153781398849e-13
5.653031603030728002e+04 -5.552131286363123277e-13
5.654443729440111201e+04 -7.607121661843418475e-13
5.655855855860743759e+04 -8.166769280480905334e-13
5.657267982267873595e+04 -1.056708394289707612e-12
5.658680108677886165e+04 -1.224597832033595517e-12
5.660092235088512825e+04 -1.133820678291328933e-12
5.661504361498904473e+04 -1.240508467062880582e-12
5.662916487921592488e+04 -1.288304606128230276e-12
5.664328614328343974e+04 -1.192219059528843987e-12
5.665740740741702029e+04 -1.310985259993102272e-12
