5.300000000000037835e+04 -3.154618842433731160e-12
5.301412126410807105e+04 -3.065900633107105145e-12
5.302824252818388777e+04 -3.037072902516331246e-12
5.304236379238872178e+04 -3.016582866285245220e-12
5.305648505649893923e+04 -2.970372979281560052e-12
5.307060632059803902e+04 -2.994971059026605517e-12
5.308472758469198743e+04 -3.085151020447969979e-12
5.309884884878733283e+04 -3.222780551062072079e-12
5.311297011300678423e+04 -3.160561751446719722e-12
5.312709137708935305e+04 -3.011775164378224603e-12
5.314121264118865656e+04 -2.846939423060482047e-12
5.315533390531370242e+04 -2.725595601592912270e-12
5.316945516951495665e+04 -2.626786381245329832e-12
5.318357643358560017e+04 -2.615844085603161185e-12
5.319769769769963023e+04 -2.701336104364138722e-12
5.321181896179279283e+04 -2.602659280169653984e-12
5.322594022588402731e+04 -2.465441656098262432e-12
5.324006149011008529e+04 -2.477785432950585672e-12
5.325418275420973077e+04 -2.605271623430403375e-12
5.326830401830239134e+04 -2.562833311900190850e-12
5.328242528238664090e+04 -2.636082715658218960e-12
5.329654654649732402e+04 -2.694972298123998690e-12
5.331066781068920682e+04 -2.626814785148396331e-12
5.332478907481813076e+04 -2.550149021199382801e-12
5.333891033889230312e+04 -2.518483031427162378e-12
5.335303160301037133e+04 -2.460087570318479725e-12
5.336715286718667630e+04 -2.450011726915163199e-12
5.338127413131286448e+04 -2.404161250846704217e-12
5.339539539540868282e+04 -2.381989923326369251e-12
5.340951665950555616e+04 -2.373980622040587183e-12
5.342363792359657236e+04 -2.384248316660219567e-12
5.343775918779618223e+04 -2.364337280507116934e-12
5.345188045190754201e+04 -2.228658328830679232e-12
5.346600171598965244e+04 -2.301897076962703344e-12
5.348012298010548693e+04 -2.079247238831281029e-12
5.349424424418909621e+04 -2.091006554597294170e-12
5.350836550841499411e+04 -2.171558658441725216e-12
5.352248677250740002e+04 -2.153586579934176335e-12
5.353660803659845260e+04 -2.037812004644588969e-12
5.355072930068415008e+04 -1.991783962558425372e-12
5.356485056491741125e+04 -1.888988072936833546e-12
5.357897182900430926e+04 -1.949328285687709837e-12
5.359309309310314711e+04 -1.822232474056191986e-12
5.360721435719903093e+04 -1.706060876801468111e-12
5.362133562130386417e+04 -1.613195597730643638e-12
5.363545688549661281e+04 -1.630525008794835963e-12
5.364957814959008829e+04 -1.571065616728501430e-12
5.366369941370746528e+04 -1.529408712222098320e-12
5.367782067781584192e+04 -1.457138860183303928e-12
5.369194194188544498e+04 -1.379986467114227560e-12
5.370606320610716648e+04 -1.205015727019431618e-12
5.372018447019387531e+04 -1.086383079743797024e-12
5.373430573430310324e+04 -1.040056546934201008e-12
5.374842699839235138e+04 -1.069881044739971088e-12
5.376254826248592144e+04 -1.052981022104901994e-12
5.377666952671585022e+04 -1.064124142998411985e-12
5.379079079079924122e+04 -8.518988369818659292e-13
5.380491205488921696e+04 -8.842533799869214848e-13
5.381903331900434569e+04 -8.447065225210964724e-13
5.383315458321249753e+04 -8.369847233444302504e-13
5.384727584730896342e+04 -6.208106088250194102e-13
5.386139711140584404e+04 -5.912325223705880558e-13
5.387551837550033088e+04 -7.135512503704304397e-13
5.388963963961516856e+04 -5.596292009988027698e-13
5.390376090381845279e+04 -2.779242186125664485e-13
5.391788216788316640e+04 -2.500971179012151680e-13
5.393200343199482450e+04 -1.384573250870906412e-13
5.394612469609743857e+04 2.230236994786919870e-15
5.396024596018829470e+04 1.614428683293150579e-14
5.397436722441209713e+04 8.695218698399980752e-14
5.398848848851276853e+04 5.839870556749960153e-14
5.400260975259650149e+04 1.464690528330924497e-13
5.401673101669842436e+04 2.720468040462076417e-13
5.403085228089461452e+04 3.255973185051032066e-13
5.404497354500721121e+04 3.860163162907454903e-13
5.405909480911841092e+04 3.854793393378147394e-13
5.407321607321231568e+04 5.767389686175285543e-13
5.408733733728677907e+04 6.896381898276437756e-13
5.410145860149865621e+04 7.164923652871825094e-13
5.411557986559058190e+04 7.522645671376429089e-13
5.412970112970886112e+04 8.852339929142930644e-13
5.414382239380652754e+04 7.281333037080590723e-13
5.415794365789801668e+04 8.010923749563140496e-13
5.417206492209967837e+04 8.981068881953692180e-13
5.418618618618297478e+04 1.013268931483892560e-12
5.420030745030646358e+04 1.014396563105748274e-12
5.421442871438597649e+04 1.074505282381691459e-12
5.422854997849671054e+04 1.183449335012170693e-12
5.424267124269071792e+04 1.163061725986046627e-12
5.425679250680387486e+04 1.035927454204421276e-12
5.427091377091230970e+04 9.966478864571362751e-13
5.428503503499129147e+04 1.039922281692090253e-12
5.429915629918323248e+04 1.100421096776267429e-12
5.431327756330308330e+04 1.241304522583627876e-12
5.432739882741006295e+04 1.165483882972043236e-12
5.434152009148560319e+04 1.265627187695305625e-12
5.435564135560370050e+04 1.289195900669549650e-12
5.436976261980074196e+04 1.411109914674233721e-12
5.438388388390283944e+04 1.450836485932379747e-12
5.439800514799135271e+04 1.310119787373147889e-12
5.441212641208208515e+04 1.439457675911197483e-12
5.442624767619411432e+04 1.494795272046261171e-12
5.444036894040383049e+04 1.739195174183722927e-12
5.445449020449551608e+04 1.668043563496368397e-12
5.446861146858739085e+04 1.585681168690379617e-12
5.448273273270264326e+04 1.672629078951793564e-12
5.449685399690773920e+04 1.570779675309992308e-12
5.451097526100577670e+04 1.662763034834843263e-12
5.452509652509042644e+04 1.495292956378302734e-12
5.453921778920710494e+04 1.430219780947173150e-12
5.455333905329997651e+04 1.319240570347623891e-12
5.456746031749939721e+04 1.267407210019246120e-12
5.458158158159764571e+04 1.411499843988311728e-12
5.459570284568299394e+04 1.451658034697275375e-12
5.460982410981241264e+04 1.627711086704579569e-12
5.462394537389079051e+04 1.782566102730505347e-12
5.463806663811198086e+04 1.793145008227112351e-12
5.465218790220876690e+04 1.808796324689856976e-12
5.466630916630263528e+04 1.675628504476547936e-12
5.468043043039994518e+04 1.841147338018798717e-12
5.469455169459761237e+04 1.858151253007405381e-12
5.470867295870318776e+04 1.851758942967705016e-12
5.472279422281513689e+04 1.915382353883350450e-12
5.473691548691075150e+04 1.950110370983097725e-12
5.475103675098772510e+04 1.978611440039191449e-12
5.476515801520931564e+04 1.822251583230873949e-12
5.477927927928905410e+04 1.830596003954476675e-12
5.479340054340644565e+04 1.789710500173088897e-12
5.480752180750022671e+04 1.679201202680308573e-12
5.482164307160530007e+04 1.686578625344063396e-12
5.483576433578935394e+04 1.501621199466655008e-12
5.484988559991579677e+04 1.430356905534310053e-12
5.486400686398404650e+04 1.499870546711887458e-12
5.487812812808290619e+04 1.622766609848150261e-12
5.489224939221175009e+04 1.520966088890641358e-12
5.490637065640307992e+04 1.417182489336156629e-12
5.492049192049464909e+04 1.563861776517652844e-12
5.493461318461433984e+04 1.596820959700763460e-12
5.494873444870476669e+04 1.397006394486208577e-12
5.496285571288613573e+04 1.478060544809576537e-12
5.497697697698268894e+04 1.671108787511696489e-12
5.499109824110858608e+04 1.525667817267170966e-12
5.500521950521084364e+04 1.475175800459688439e-12
5.501934076930911397e+04 1.347805706355065705e-12
5.503346203351671284e+04 1.340362684993724828e-12
5.504758329758774926e+04 1.252776902320656286e-12
5.506170456171562546e+04 1.208843756306846730e-12
5.507582582578370784e+04 1.274238931436279640e-12
5.508994708989353967e+04 1.289843030156294986e-12
5.510406835409635823e+04 1.144058016387170436e-12
5.511818961820256663e+04 1.146804037806021111e-12
5.513231088229925808e+04 9.452034564778985856e-13
5.514643214638432255e+04 8.642834338468538548e-13
5.516055341059294733e+04 9.603793322278848129e-13
5.517467467470265547e+04 7.720017167938954900e-13
5.518879593881659821e+04 7.911512086760366312e-13
5.520291720290583180e+04 7.149400403714113893e-13
5.521703846701521979e+04 6.551620450875622341e-13
5.523115973119845876e+04 6.637029955132733062e-13
5.524528099528533494e+04 6.728760243539992895e-13
5.525940225939632364e+04 7.284122147187094269e-13
5.527352352350843285e+04 7.027119103600609705e-13
5.528764478761742066e+04 6.781685405947788199e-13
5.530176605180574552e+04 7.167341813998070405e-13
5.531588731589054078e+04 6.712495762398389769e-13
5.533000857999402797e+04 4.902349317768369478e-13
5.534412984409915225e+04 5.015986241286262305e-13
5.535825110831484926e+04 3.741127832865368922e-13
5.537237237240612012e+04 3.052040486776645163e-13
5.538649363650419400e+04 2.691304924042831840e-13
5.540061490059946664e+04 3.826259624869754375e-13
5.541473616471798596e+04 2.712437694314936473e-13
5.542885742889558605e+04 2.797395000443508876e-13
5.544297869301475293e+04 3.910822672836185304e-13
5.545709995711317606e+04 4.094620899799701213e-13
5.547122122120765562e+04 3.943827142429812104e-13
5.548534248530482728e+04 2.481943184319490996e-13
5.549946374949480378e+04 1.851822740582737045e-13
5.551358501360614173e+04 1.190055087614594526e-13
5.552770627768779377e+04 2.767160964154220500e-14
5.554182754179018957e+04 3.925107841990917518e-14
5.555594880588800152e+04 -9.097825312985492354e-14
5.557007007008346409e+04 -3.936326653689334367e-14
5.558419133418429556e+04 -9.877510787218568291e-14
5.559831259830672207e+04 -2.490355511605831427e-13
5.561243386240433756e+04 -3.002182523261016624e-13
5.562655512661499961e+04 -3.215785202133883065e-13
5.564067639071628946e+04 -2.228450880057582862e-13
5.565479765478849731e+04 -2.696099666300870277e-13
5.566891891889034741e+04 -3.017505313454530332e-13
5.568304018298287701e+04 -2.186028169029816591e-13
5.569716144719732256e+04 -3.649125536551324176e-13
5.571128271129105269e+04 -3.268498583974852538e-13
5.572540397538306570e+04 -2.385392267655059644e-13
5.573952523949241731e+04 -4.146828515938426795e-13
5.575364650358950166e+04 -5.643080863770865183e-13
5.576776776781379158e+04 -5.377734465023378778e-13
5.578188903190382553e+04 -5.113791945001896331e-13
5.579601029600935726e+04 -5.453274195694436506e-13
5.581013156010115927e+04 -3.937309605731529702e-13
5.582425282429826621e+04 -4.529389464634594543e-13
5.583837408841640718e+04 -4.685758112334364493e-13
5.585249535250443296e+04 -3.809852335286662998e-13
5.586661661661008111e+04 -3.523791399587721725e-13
5.588073788069763395e+04 -5.433583264815975682e-13
5.589485914489137940e+04 -6.168768180950538745e-13
5.590898040900059277e+04 -6.025620501215025338e-13
5.592310167311735859e+04 -6.152555645985704505e-13
5.593722293721650931e+04 -4.103939621272992918e-13
5.595134420130337094e+04 -5.555917843059498852e-13
5.596546546548743208e+04 -5.093596869818129313e-13
5.597958672959748219e+04 -5.156430432456240488e-13
5.599370799371077737e+04 -4.554600675759666626e-13
5.600782925778644858e+04 -4.699756940996902211e-13
5.602195052200141072e+04 -4.285492841032825965e-13
5.603607178608923277e+04 -3.908406220196128545e-13
5.605019305020167667e+04 -3.528104264212773705e-13
5.606431431428899668e+04 -2.908186582374691383e-13
5.607843557838848938e+04 -2.222262625255855905e-13
5.609255684259151894e+04 -2.582108443218349453e-13
5.610667810669293249e+04 -2.973023402701523344e-13
5.612079937078215880e+04 -1.874750694392800833e-13
5.613492063491012232e+04 -1.607006779794451156e-13
5.614904189900775964e+04 -9.803867091999566822e-14
5.616316316319658654e+04 1.891481619159100372e-14
5.617728442731143150e+04 1.381430130643462471e-13
5.619140569139145373e+04 2.633988311768205674e-13
5.620552695551712532e+04 3.310186346252041179e-13
5.621964821958715038e+04 3.367859921997795533e-13
5.623376948381099646e+04 1.058575318353280556e-13
5.624789074789206643e+04 2.595894448804497330e-13
5.626201201201377262e+04 2.921716852936747138e-13
5.627613327611087880e+04 3.963005937283463635e-13
5.629025454028592503e+04 2.992739264158805107e-13
5.630437580441866157e+04 3.264958541678765415e-13
5.631849706849703944e+04 3.121480537537133817e-13
5.633261833259880223e+04 3.773271860659186389e-13
5.634673959668976022e+04 3.953703575782116081e-13
5.636086086090022582e+04 4.785111458637804893e-13
5.637498212499662623e+04 4.840089161004589678e-13
5.638910338908954873e+04 6.035296099070194376e-13
5.640322465320220363e+04 5.456365282655861716e-13
5.641734591731140245e+04 5.856404121904818309e-13
5.643146718151401001e+04 5.240855246728308655e-13
5.644558844559218414e+04 7.807958049348601395e-13
5.645970970968622714e+04 8.430225296720529400e-13
5.647383097378943057e+04 8.504239274943163550e-13
5.648795223800907843e+04 1.040806398960927084e-12
5.650207350209226570e+04 1.037866511746469063e-12
5.651619476621377544e+04 1.082709381830356243e-12
5.653031603030743281e+04 1.177135010835286011e-12
5.654443729441131291e+04 1.299169633206801152e-12
5.655855855858897121e+04 1.384069931736253296e-12
5.657267982271483197e+04 1.389874584001842119e-12
5.658680108679400291e+04 1.419017188341029363e-12
5.660092235088525922e+04 1.420568647487187567e-12
5.661504361499808874e+04 1.540708965945871068e-12
5.662916487918473285e+04 1.551976757663625981e-12
5.664328614328564436e+04 1.793574962736366898e-12
5.665740740740401816e+04 1.935108048741648975e-12
