5.300000000000042201e+04 -4.426308442823706306e-13
5.301412126411982899e+04 -4.778320503669798769e-13
5.302824252822616108e+04 -5.418407114844747935e-13
5.304236379241423856e+04 -4.235114495806900193e-13
5.305648505647883576e+04 -2.621176118515978191e-13
5.307060632061679644e+04 -2.686244497889980745e-13
5.308472758471096313e+04 -1.939867646924960717e-13
5.309884884879973833e+04 -1.222456995887626205e-13
5.311297011297701829e+04 -2.376672006536527061e-13
5.312709137712320808e+04 -2.286736674809421916e-13
5.314121264121028798e+04 -2.836724733564021263e-13
5.315533390529108874e+04 -3.571069470712926095e-13
5.316945516947783472e+04 -2.770480484098899695e-13
5.318357643360082147e+04 -2.476917242678606061e-13
5.319769769769169216e+04 -2.781765820674689423e-13
5.321181896180938929e+04 -2.373261642722400822e-13
5.322594022589032829e+04 -2.157526211739318550e-13
5.324006149010176887e+04 -2.619091466740866483e-13
5.325418275417877157e+04 -2.435654759526663492e-13
5.326830401830347546e+04 -2.181801093798299722e-13
5.328242528237439547e+04 -3.465452789938640461e-13
5.329654654649724398e+04 -4.231172387677675708e-13
5.331066781067531701e+04 -2.838793330844715395e-13
5.332478907478356996e+04 -1.797350926981795136e-13
5.333891033890858671e+04 -4.571402200085190992e-14
5.335303160300603486e+04 -2.708106827287870648e-13
5.336715286717763956e+04 -3.366640295798359154e-13
5.338127413129069464e+04 -4.817772477701303081e-13
5.339539539539484394e+04 -6.177586208858089127e-13
5.340951665952248004e+04 -5.677176374863829003e-13
5.342363792358846695e+04 -4.425107761241214814e-13
5.343775918777786137e+04 -4.210575930839608750e-13
5.345188045192347636e+04 -5.506656238158192756e-13
5.346600171601005422e+04 -5.111014142733417663e-13
5.348012298008674406e+04 -6.010249727045411269e-13
5.349424424419631396e+04 -7.123886759804349044e-13
5.350836550841523422e+04 -7.247399336855758193e-13
5.352248677250347100e+04 -6.864384831040035510e-13
5.353660803660994134e+04 -6.752814851835869969e-13
5.355072930067856214e+04 -6.353735148606441767e-13
5.356485056490312127e+04 -6.845851133484693253e-13
5.357897182902436180e+04 -6.839499391693361962e-13
5.359309309310361277e+04 -8.168107077701315150e-13
5.360721435721692978e+04 -9.110204270109194199e-13
5.362133562132688530e+04 -7.229231487173199574e-13
5.363545688552125648e+04 -7.671785788285359484e-13
5.364957814962266275e+04 -7.871410290870638661e-13
5.366369941368851141e+04 -9.288741924026926781e-13
5.367782067782218655e+04 -1.077433337544747212e-12
5.369194194187902758e+04 -1.083257713519457557e-12
5.370606320610845432e+04 -1.033426411547119760e-12
5.372018447019949235e+04 -1.134427571126344148e-12
5.373430573431395169e+04 -1.213645019680341239e-12
5.374842699837690452e+04 -9.948298501681654824e-13
5.376254826249928010e+04 -1.039876329004312791e-12
5.377666952672624029e+04 -1.212921983631759923e-12
5.379079079078925133e+04 -1.234536587315790510e-12
5.380491205491832079e+04 -1.317766199974651817e-12
5.381903331898678152e+04 -1.335710259735027553e-12
5.383315458320997277e+04 -1.342741739089996017e-12
5.384727584728925285e+04 -1.170931502132961543e-12
5.386139711138548591e+04 -1.201451874420220472e-12
5.387551837550490745e+04 -1.111673584838507301e-12
5.388963963958770910e+04 -9.788746990161936020e-13
5.390376090380745154e+04 -1.005980912790645986e-12
5.391788216792328603e+04 -1.113408637835183459e-12
5.393200343198250630e+04 -1.128469407698155153e-12
5.394612469609746040e+04 -1.041017949507341213e-12
5.396024596021625621e+04 -9.401473664827117577e-13
5.397436722441753227e+04 -9.568954150589721522e-13
5.398848848849580099e+04 -9.673177982348338366e-13
5.400260975261548447e+04 -1.084291817559872343e-12
5.401673101669875177e+04 -1.028763116068670955e-12
5.403085228092451871e+04 -1.059635616933485537e-12
5.404497354502455710e+04 -1.150390408975643059e-12
5.405909480908715341e+04 -1.173431430163670323e-12
5.407321607319534087e+04 -1.123040945285775280e-12
5.408733733731882967e+04 -1.180875266775251496e-12
5.410145860148705106e+04 -1.155956745440080637e-12
5.411557986557736876e+04 -1.082617868941948379e-12
5.412970112971126946e+04 -1.185618834725787370e-12
5.414382239379963721e+04 -1.238444153957026158e-12
5.415794365789298172e+04 -1.212317167042070762e-12
5.417206492208499549e+04 -9.425522324464762988e-13
5.418618618618125038e+04 -9.733247089460720456e-13
5.420030745030946855e+04 -1.025826603089774183e-12
5.421442871442388423e+04 -9.798975162605329768e-13
5.422854997851372173e+04 -1.214774574987564925e-12
5.424267124271203647e+04 -1.129488430243814120e-12
5.425679250678221433e+04 -1.118480690471496595e-12
5.427091377092703624e+04 -1.099553511852977248e-12
5.428503503500814259e+04 -1.141490964870215329e-12
5.429915629920547508e+04 -1.025538205990057548e-12
5.431327756329950353e+04 -9.620608756628048629e-13
5.432739882741991460e+04 -7.593757053418015163e-13
5.434152009149368678e+04 -6.897953319367384106e-13
5.435564135558752605e+04 -7.088443301128977865e-13
5.436976261980972777e+04 -6.788269013507519869e-13
5.438388388391077024e+04 -7.444697397250002397e-13
5.439800514797990763e+04 -7.849943972335045245e-13
5.441212641208944115e+04 -7.226188917231181801e-13
5.442624767622249055e+04 -6.532580270417260651e-13
5.444036894040491461e+04 -7.177538934148068391e-13
5.445449020451474644e+04 -7.493888368144999531e-13
5.446861146857527638e+04 -7.249937892973035167e-13
5.448273273271127255e+04 -4.435384583667691863e-13
5.449685399688022881e+04 -3.325573385578410436e-13
5.451097526098107483e+04 -3.259973748389139707e-13
5.452509652508457657e+04 -3.283232332301514952e-13
5.453921778922637895e+04 -3.534418032957600752e-13
5.455333905331077403e+04 -3.376963335708765112e-13
5.456746031752398267e+04 -3.860773795475066574e-13
5.458158158160430321e+04 -4.229606831222061224e-13
5.459570284567558701e+04 -3.315170073195917107e-13
5.460982410979635461e+04 -4.009498739759468691e-13
5.462394537389229663e+04 -3.179681816308769058e-13
5.463806663810342434e+04 -5.008808312273089349e-13
5.465218790222331154e+04 -3.860446867588748163e-13
5.466630916631143191e+04 -4.966506178982659597e-13
5.468043043038314499e+04 -5.400117640204481821e-13
5.469455169459033641e+04 -4.561154519934156899e-13
5.470867295867896610e+04 -5.496273358768594202e-13
5.472279422279491700e+04 -4.401496951451318104e-13
5.473691548689372576e+04 -3.199783989318711777e-13
5.475103675097950327e+04 -3.228993439161813042e-13
5.476515801518202352e+04 -1.734897970698340374e-13
5.477927927932018065e+04 -1.387128431627011061e-13
5.479340054337765469e+04 -1.997907563242945992e-13
5.480752180751314154e+04 -2.863538658240109984e-13
5.482164307157918665e+04 -3.979133366318312107e-13
5.483576433581267338e+04 -2.661722960416768534e-13
5.484988559990129579e+04 -1.830543837439741768e-13
5.486400686400414270e+04 -2.500528052468502771e-13
5.487812812812033371e+04 -1.720411951735512522e-13
5.489224939218678628e+04 -1.848081183341542549e-13
5.490637065640155197e+04 -1.461282681841615985e-13
5.492049192049722478e+04 -2.336990161334954895e-13
5.493461318458716414e+04 -3.233663837537792289e-13
5.494873444869793457e+04 -2.603965700500495568e-13
5.496285571288398205e+04 -3.340907860246207810e-13
5.497697697701931611e+04 -2.728996157024098060e-13
5.499109824108518660e+04 -2.648482381020867841e-13
5.500521950517558435e+04 -1.727857345146552143e-13
5.501934076927502610e+04 -1.251262650871137736e-13
5.503346203349524876e+04 -9.594211323521557511e-14
5.504758329759479238e+04 -1.901782980668006853e-13
5.506170456171625119e+04 -8.667759965673208004e-14
5.507582582581278984e+04 -5.941843033546651357e-14
5.508994708987610647e+04 -2.184702140003952460e-14
5.510406835409254563e+04 4.594303262756500976e-14
5.511818961819535616e+04 1.423077515190025036e-13
5.513231088227769214e+04 9.480279443773302120e-14
5.514643214639837242e+04 8.735662262696398700e-14
5.516055341057492478e+04 -1.101675676600909919e-14
5.517467467468679388e+04 1.546634802511463699e-14
5.518879593879541790e+04 7.861791806564278802e-14
5.520291720289771911e+04 4.363429903037276837e-14
5.521703846700127906e+04 6.094201701202126827e-14
5.523115973118371767e+04 2.494336472970517491e-14
5.524528099527769518e+04 3.054044798345122847e-14
5.525940225938426738e+04 1.704932165181705331e-13
5.527352352349476132e+04 1.446347775098339900e-13
5.528764478762174258e+04 2.378290743037111052e-13
5.530176605178382306e+04 3.085361813169791455e-13
5.531588731592646218e+04 3.281685900902711513e-13
5.533000857998555148e+04 3.250351419798539567e-13
5.534412984411606885e+04 2.948242808849697470e-13
5.535825110829429468e+04 2.370347173799300567e-13
5.537237237241399998e+04 3.523203876920520913e-13
5.538649363652565808e+04 6.014748542544515484e-13
5.540061490057919582e+04 4.874591431007311096e-13
5.541473616471074638e+04 4.860300011976815944e-13
5.542885742892219423e+04 4.272405832403177606e-13
5.544297869301564788e+04 3.951510543986960187e-13
5.545709995709279610e+04 4.118811997811817927e-13
5.547122122117372783e+04 4.859214144354400861e-13
5.548534248530240438e+04 6.085236530033977903e-13
5.549946374949498568e+04 5.639166781144232410e-13
5.551358501361800154e+04 5.078785140003755788e-13
5.552770627770183637e+04 6.505665791839598790e-13
5.554182754182443750e+04 7.535048837895877234e-13
5.555594880590337561e+04 6.587491171386749782e-13
5.557007007008318760e+04 5.811076361366722408e-13
5.558419133419119316e+04 7.931114188173475180e-13
5.559831259829947521e+04 8.205219868859676933e-13
5.561243386241621192e+04 8.451583383192564152e-13
5.562655512661654211e+04 8.532027103220154639e-13
5.564067639067837445e+04 8.832076846884919667e-13
5.565479765479735943e+04 7.525159269334741769e-13
5.566891891888685495e+04 6.013304611046609001e-13
5.568304018298217852e+04 5.536246768932243596e-13
5.569716144721894671e+04 6.728140218479354189e-13
5.571128271128272172e+04 6.688223880359320925e-13
5.572540397540215781e+04 7.293997901715665708e-13
5.573952523949040187e+04 6.528348359952270193e-13
5.575364650360680389e+04 7.974354293137746294e-13
5.576776776779092324e+04 7.589295515032871887e-13
5.578188903188128461e+04 9.179250910163311514e-13
5.579601029601426126e+04 9.342212785497155042e-13
5.581013156010847888e+04 1.052380800662523266e-12
5.582425282427682396e+04 1.139781079071134004e-12
5.583837408840821445e+04 1.146254251220240762e-12
5.585249535247370659e+04 1.043543628535441919e-12
5.586661661659250967e+04 1.124408462816599313e-12
5.588073788070985029e+04 1.073368014164713870e-12
5.589485914490172581e+04 1.014303431903032024e-12
5.590898040901062632e+04 9.671382463036148485e-13
5.592310167307646043e+04 8.718438270400059489e-13
5.593722293721626920e+04 8.507850007627170645e-13
5.595134420132361265e+04 7.824165957362204575e-13
5.596546546549816412e+04 8.433773597385497944e-13
5.597958672958748502e+04 7.193420872688959513e-13
5.599370799369527231e+04 7.468736964954269317e-13
5.600782925780717051e+04 8.469704528891362276e-13
5.602195052202459192e+04 9.257982150786375453e-13
5.603607178609355469e+04 9.182605812996723365e-13
5.605019305020203319e+04 7.567336858668477542e-13
5.606431431431169040e+04 8.624392015102431295e-13
5.607843557842043083e+04 9.873256540839190301e-13
5.609255684262540308e+04 1.020353154599383296e-12
5.610667810668194579e+04 1.024029147321143420e-12
5.612079937081077514e+04 9.752153110950057383e-13
5.613492063488073472e+04 1.082555855369858437e-12
5.614904189901302016e+04 9.237486885913121720e-13
5.616316316321727209e+04 9.372118903098007505e-13
5.617728442731407267e+04 9.772835191758351073e-13
5.619140569140420121e+04 1.142585653295909223e-12
5.620552695552046498e+04 9.887310547952241407e-13
5.621964821959393157e+04 1.104923560792015356e-12
5.623376948377479130e+04 1.162602591535490277e-12
5.624789074790955783e+04 1.166066081131143333e-12
5.626201201197777846e+04 1.352314562767618100e-12
5.627613327607789688e+04 1.294507874468533316e-12
5.629025454028429522e+04 1.180677811650257837e-12
5.630437580439572048e+04 1.185649061521622813e-12
5.631849706850897928e+04 1.253648894276281732e-12
5.633261833257807302e+04 1.216034673355741538e-12
5.634673959670996555e+04 1.349406072178977220e-12
5.636086086092002370e+04 1.432717806009283095e-12
5.637498212498858629e+04 1.315421529196302126e-12
5.638910338909058191e+04 1.179553802441105640e-12
5.640322465319059120e+04 1.379343714968866728e-12
5.641734591728662781e+04 1.390897891351173857e-12
5.643146718149128719e+04 1.531660584804260888e-12
5.644558844562220474e+04 1.443233207952799490e-12
5.645970970969583868e+04 1.387228904226977858e-12
5.647383097378373350e+04 1.543111623222431883e-12
5.648795223798637016e+04 1.465920057263981774e-12
5.650207350211907760e+04 1.445415840793840403e-12
5.651619476618611225e+04 1.439298008121172611e-12
5.653031603028121754e+04 1.362606563988817082e-12
5.654443729439722665e+04 1.409272406161869003e-12
5.655855855861654709e+04 1.478495883291034291e-12
5.657267982271143410e+04 1.358204713519456992e-12
5.658680108681395359e+04 1.295382017364570655e-12
5.660092235090506438e+04 1.170375691232577835e-12
5.661504361502663232e+04 1.251544490608038560e-12
5.662916487922301894e+04 1.378310778528046132e-12
5.664328614328711410e+04 1.385409005659804697e-12
5.665740740740729962e+04 1.407788387077901689e-12
