5.299999999999879219e+04 3.828364447961483457e-12
5.301412126408067707e+04 3.769837757843908516e-12
5.302824252820735273e+04 3.767688012123987985e-12
5.304236379241237591e+04 3.798560984462155862e-12
5.305648505650449806e+04 3.691947624992282822e-12
5.307060632059295313e+04 3.556121517855666969e-12
5.308472758470125700e+04 3.463758125488510235e-12
5.309884884882074402e+04 3.482348812426582996e-12
5.311297011302207829e+04 3.542347914314662359e-12
5.312709137710327195e+04 3.595952958704187656e-12
5.314121264120786509e+04 3.577572887770272907e-12
5.315533390532482008e+04 3.379802006367283896e-12
5.316945516951687750e+04 3.469347772250305719e-12
5.318357643359572830e+04 3.352499379405224008e-12
5.319769769769589038e+04 3.393761931467014928e-12
5.321181896181061893e+04 3.338517613358510513e-12
5.322594022591086105e+04 3.256271919411299310e-12
5.324006149010439549e+04 3.253732307976966144e-12
5.325418275420025748e+04 3.267444574056732460e-12
5.326830401832274947e+04 3.160558731935522590e-12
5.328242528239249805e+04 3.270377033889867911e-12
5.329654654649330041e+04 3.092265939347383283e-12
5.331066781069305580e+04 3.108291325279121994e-12
5.332478907481130591e+04 2.923823071930452011e-12
5.333891033891592815e+04 2.999085050918404202e-12
5.335303160298850707e+04 2.713260852306901491e-12
5.336715286717419804e+04 2.740923806786353495e-12
5.338127413131098001e+04 2.804962329278623550e-12
5.339539539540329861e+04 2.605175008904804831e-12
5.340951665949876769e+04 2.521735086614235480e-12
5.342363792358194769e+04 2.342468442409832026e-12
5.343775918780375650e+04 2.337012246720566571e-12
5.345188045191590936e+04 2.320654628234073092e-12
5.346600171598791349e+04 2.257197536766530617e-12
5.348012298007305071e+04 2.134544936314851255e-12
5.349424424422233278e+04 2.084847449014806978e-12
5.350836550842081488e+04 2.050501164758819481e-12
5.352248677251781191e+04 2.037744704702491940e-12
5.353660803660959937e+04 1.879621251764307924e-12
5.355072930069197173e+04 1.753654023015118128e-12
5.356485056488762348e+04 1.733095437889266782e-12
5.357897182897247694e+04 1.596020115179335508e-12
5.359309309307261719e+04 1.662702354412699301e-12
5.360721435718296561e+04 1.707587905851638016e-12
5.362133562129643542e+04 1.562922324879472452e-12
5.363545688551657804e+04 1.474238266138177415e-12
5.364957814960842370e+04 1.372821223953170119e-12
5.366369941371296591e+04 1.303987988196754495e-12
5.367782067779323552e+04 1.335918105665889666e-12
5.369194194190947019e+04 1.363667654208266665e-12
5.370606320609556860e+04 1.363231412562376654e-12
5.372018447018582810e+04 1.321565428382981677e-12
5.373430573431023367e+04 1.304423460117640863e-12
5.374842699840846763e+04 1.175663861486002856e-12
5.376254826249249891e+04 1.195024562074728089e-12
5.377666952670933824e+04 1.250456115790400766e-12
5.379079079078156064e+04 1.213633241334764084e-12
5.380491205489690765e+04 1.151333238979147522e-12
5.381903331898370379e+04 1.160500856205369852e-12
5.383315458317975572e+04 1.055304271820571777e-12
5.384727584729936643e+04 1.029998600165183337e-12
5.386139711138500570e+04 1.045588417960410149e-12
5.387551837548339972e+04 9.485899821595784738e-13
5.388963963961810077e+04 8.499127761255116479e-13
5.390376090379935340e+04 8.034629510476492652e-13
5.391788216787765850e+04 8.388972415964742656e-13
5.393200343199040071e+04 7.926215668007161770e-13
5.394612469611794950e+04 6.941250537112856290e-13
5.396024596018127340e+04 8.551815437763578798e-13
5.397436722438607103e+04 8.720085020839035153e-13
5.398848848852202354e+04 1.091664156686437325e-12
5.400260975261109706e+04 1.057548405069080487e-12
5.401673101671018958e+04 1.093987186747833177e-12
5.403085228091596946e+04 1.106566802484543164e-12
5.404497354501347581e+04 1.038770193876962870e-12
5.405909480907326360e+04 1.107404263288651428e-12
5.407321607321858028e+04 1.145029191198222691e-12
5.408733733729521191e+04 1.161981614681383908e-12
5.410145860150631779e+04 1.155418939299190262e-12
5.411557986561358848e+04 1.176484773202530048e-12
5.412970112967467139e+04 1.117590034263618400e-12
5.414382239378369559e+04 1.030661140962183460e-12
5.415794365789733274e+04 9.829928412033438017e-13
5.417206492212138983e+04 8.864008202045058341e-13
5.418618618621257338e+04 8.715489762566492839e-13
5.420030745030614344e+04 9.768981586234458848e-13
5.421442871439372539e+04 1.055356997983330378e-12
5.422854997851224471e+04 1.052585218244733331e-12
5.424267124269392662e+04 1.083386533995830999e-12
5.425679250677546952e+04 1.044643965380776991e-12
5.427091377092454059e+04 1.143398143915221546e-12
5.428503503501935484e+04 1.093937924347591478e-12
5.429915629921964864e+04 1.113385026567990443e-12
5.431327756331997807e+04 9.512786315977678323e-13
5.432739882738416054e+04 9.411274982479708986e-13
5.434152009151187667e+04 8.872305837585763450e-13
5.435564135559036367e+04 8.226891421919644336e-13
5.436976261980701383e+04 7.057933150435250077e-13
5.438388388387820305e+04 7.271947490485110342e-13
5.439800514797463256e+04 6.880480748064746545e-13
5.441212641208000423e+04 8.080166441699876330e-13
5.442624767619676277e+04 8.385708781948732674e-13
5.444036894039159233e+04 7.883732620736258226e-13
5.445449020451268007e+04 7.493589805322390321e-13
5.446861146861310408e+04 7.360542838419719908e-13
5.448273273267850163e+04 7.987922597247369146e-13
5.449685399689198675e+04 7.044108889367434878e-13
5.451097526101727999e+04 6.485542545877354554e-13
5.452509652509707666e+04 5.095326822057567952e-13
5.453921778918732889e+04 5.833123632676874404e-13
5.455333905332431459e+04 6.440205743154951639e-13
5.456746031748882524e+04 6.657014184968518263e-13
5.458158158161636675e+04 5.905585544532340935e-13
5.459570284570198419e+04 4.861161081408854298e-13
5.460982410979377164e+04 5.054716130858350055e-13
5.462394537391617632e+04 4.972578775705420375e-13
5.463806663811742328e+04 5.522431832152757146e-13
5.465218790221836389e+04 5.742988834734712274e-13
5.466630916629820422e+04 7.742172495291827042e-13
5.468043043039872282e+04 7.500717458857354592e-13
5.469455169462035701e+04 6.878156178553343809e-13
5.470867295868245128e+04 6.315741210044383084e-13
5.472279422278998391e+04 5.358557378848861332e-13
5.473691548690775380e+04 4.393060517612559066e-13
5.475103675100047258e+04 4.588570668571645328e-13
5.476515801520791865e+04 5.086043938512030899e-13
5.477927927931482554e+04 4.720801726970312740e-13
5.479340054338252230e+04 5.052599387097966542e-13
5.480752180747612874e+04 5.072496778445573990e-13
5.482164307161902980e+04 4.033006252596291594e-13
5.483576433581458696e+04 3.267537828091240376e-13
5.484988559988271300e+04 4.019258964028853418e-13
5.486400686400340055e+04 2.756440425584021884e-13
5.487812812810778996e+04 2.207588011641593724e-13
5.489224939221517707e+04 1.792752418106593022e-13
5.490637065639894718e+04 2.082646249028684350e-13
5.492049192048739496e+04 1.493437153138284234e-13
5.493461318460060284e+04 4.970897137506425762e-14
5.494873444868363003e+04 6.522354855117194324e-14
5.496285571291457018e+04 6.035888652730804486e-14
5.497697697697570402e+04 1.197077632184474814e-13
5.499109824112406932e+04 -4.569459421794361168e-14
5.500521950519648090e+04 -5.382673888283633014e-14
5.501934076931075833e+04 -1.769611871868796892e-13
5.503346203349357529e+04 -1.433203558968525877e-13
5.504758329760859488e+04 -1.096664392817613041e-13
5.506170456169030513e+04 1.037525395711036622e-14
5.507582582578105939e+04 2.943056615058733653e-14
5.508994708988170896e+04 2.011000245677220819e-13
5.510406835408046027e+04 2.786644434732189618e-13
5.511818961820278491e+04 2.301209663850860210e-13
5.513231088231298054e+04 1.347635842923047311e-13
5.514643214638229256e+04 2.676981713444232272e-13
5.516055341059373313e+04 2.073309484732882371e-13
5.517467467468525138e+04 8.252696663605488121e-14
5.518879593881426990e+04 3.897361674740133817e-14
5.520291720290997182e+04 -2.541387981845535782e-14
5.521703846701091243e+04 -7.006947591251603671e-14
5.523115973118008696e+04 2.568354483220609838e-14
5.524528099529739848e+04 -6.704943876677559788e-15
5.525940225937648211e+04 -6.635668626337726122e-15
5.527352352352118032e+04 -3.167328354916123532e-14
5.528764478761141800e+04 -5.146676202125931839e-14
5.530176605179284525e+04 -1.548908621536123907e-13
5.531588731589376403e+04 -1.058886289632290267e-13
5.533000858000007429e+04 -8.316942575177862081e-14
5.534412984408710327e+04 -1.159897301877805803e-13
5.535825110831901111e+04 -1.350296478811820168e-13
5.537237237242233823e+04 -1.069023567932019336e-13
5.538649363648850704e+04 -1.549108750037105680e-13
5.540061490062281518e+04 -5.837427420514453615e-14
5.541473616470043635e+04 -1.652375056543684758e-13
5.542885742887963715e+04 -2.228406460369440954e-13
5.544297869298333535e+04 -2.067210650078685460e-13
5.545709995707642520e+04 -2.713548735749335405e-13
5.547122122119656706e+04 -3.765785907661147114e-13
5.548534248530441255e+04 -5.038687843655443297e-13
5.549946374947568256e+04 -5.771111973748393704e-13
5.551358501361780509e+04 -5.838639948329655994e-13
5.552770627772284206e+04 -5.308153172977321431e-13
5.554182754180578195e+04 -4.945127769446478682e-13
5.555594880592379923e+04 -6.090632520065820302e-13
5.557007007008024812e+04 -7.633969638886753178e-13
5.558419133420507569e+04 -6.502258360335075948e-13
5.559831259830430645e+04 -7.563716837792123597e-13
5.561243386241846747e+04 -7.509381949775580378e-13
5.562655512661978719e+04 -9.127228448962023221e-13
5.564067639071270969e+04 -8.483899988056136812e-13
5.565479765479650086e+04 -1.045637419098222540e-12
5.566891891892172134e+04 -1.142671262249227897e-12
5.568304018302423356e+04 -1.189843859105635796e-12
5.569716144718792202e+04 -1.170598424836226296e-12
5.571128271129695349e+04 -1.343188474357877000e-12
5.572540397537656827e+04 -1.361178487146128052e-12
5.573952523951046169e+04 -1.379043034758763724e-12
5.575364650359015650e+04 -1.482893562543208668e-12
5.576776776777538180e+04 -1.478006578494235193e-12
5.578188903189190023e+04 -1.519544788323003454e-12
5.579601029597520392e+04 -1.522554413087767293e-12
5.581013156010671082e+04 -1.648180461229033369e-12
5.582425282431246887e+04 -1.694039907228999623e-12
5.583837408837750991e+04 -1.760106943753095376e-12
5.585249535251672205e+04 -1.914123528933632707e-12
5.586661661658836238e+04 -2.074208626043939816e-12
5.588073788067643181e+04 -2.174772428062261622e-12
5.589485914488480194e+04 -2.203599399178673950e-12
5.590898040899639454e+04 -2.111033809674588036e-12
5.592310167312109115e+04 -2.178307005279600742e-12
5.593722293720786547e+04 -2.265766239108637077e-12
5.595134420128818601e+04 -2.169286597960350319e-12
5.596546546549296181e+04 -2.116878331628258434e-12
5.597958672961024422e+04 -1.981238930912871531e-12
5.599370799369375891e+04 -2.118817268912770294e-12
5.600782925778944627e+04 -2.208431732752379411e-12
5.602195052202385705e+04 -2.334138602019041638e-12
5.603607178612254938e+04 -2.530115976055420490e-12
5.605019305020291358e+04 -2.667461857104178777e-12
5.606431431427609641e+04 -2.741646413518095437e-12
5.607843557837726985e+04 -2.621476176203593499e-12
5.609255684258791734e+04 -2.646243617650091427e-12
5.610667810669050959e+04 -2.847397392336863376e-12
5.612079937079470983e+04 -2.714579803485318863e-12
5.613492063487434643e+04 -2.845254477926351322e-12
5.614904189900205529e+04 -2.899059795140296386e-12
5.616316316318498866e+04 -2.795985150159657684e-12
5.617728442729540257e+04 -2.800574250632169633e-12
5.619140569139783474e+04 -2.793454294347242408e-12
5.620552695551625220e+04 -2.871567527180431370e-12
5.621964821959941037e+04 -2.926158733623231663e-12
5.623376948382288538e+04 -2.985741606715518989e-12
5.624789074790147424e+04 -3.166211331100824214e-12
5.626201201198688068e+04 -2.993965348655861147e-12
5.627613327610439592e+04 -3.155759235274550775e-12
5.629025454030293622e+04 -3.233270543154787131e-12
5.630437580437239376e+04 -3.241827576021763890e-12
5.631849706850240909e+04 -3.223302604355888772e-12
5.633261833259474224e+04 -3.198141063707457259e-12
5.634673959671422926e+04 -3.103212418441779139e-12
5.636086086090190656e+04 -3.420042775871009494e-12
5.637498212500650698e+04 -3.515634154364938396e-12
5.638910338911524013e+04 -3.535047388685171370e-12
5.640322465318876493e+04 -3.454568021190374818e-12
5.641734591731533146e+04 -3.646082529654860744e-12
5.643146718150775996e+04 -3.689165577566207076e-12
5.644558844562314334e+04 -3.788117575426622068e-12
5.645970970971635688e+04 -3.794009820330526877e-12
5.647383097379673563e+04 -3.810677445562290940e-12
5.648795223797695508e+04 -3.873617089396044722e-12
5.650207350212423626e+04 -3.716112880223398837e-12
5.651619476622177172e+04 -3.744761275138935059e-12
5.653031603029589314e+04 -3.806355439666088899e-12
5.654443729440317838e+04 -3.782985049101444151e-12
5.655855855857917049e+04 -3.856473774111947480e-12
5.657267982267937623e+04 -3.853073129045265440e-12
5.658680108680245030e+04 -3.848052982570638530e-12
5.660092235091693874e+04 -3.816097849038881395e-12
5.661504361497845821e+04 -3.876870716987006322e-12
5.662916487919093925e+04 -3.954314289066909889e-12
5.664328614330261917e+04 -3.997265714002611084e-12
5.665740740738499153e+04 -3.958115960860558917e-12
