5.299999999999967258e+04 5.535231400912202131e-12
5.301412126411357167e+04 5.424348027307049618e-12
5.302824252821825212e+04 5.324925739394651108e-12
5.304236379241637042e+04 5.303276931877039298e-12
5.305648505650160951e+04 5.368840155781695272e-12
5.307060632061591605e+04 5.424527931196509856e-12
5.308472758467347739e+04 5.526594112840329622e-12
5.309884884879455058e+04 5.624047440201880243e-12
5.311297011299694714e+04 5.485955518674263920e-12
5.312709137709371862e+04 5.420017919081701013e-12
5.314121264121207787e+04 5.175209744954562553e-12
5.315533390529573080e+04 5.268710806996931506e-12
5.316945516947866417e+04 5.279026732013144701e-12
5.318357643358596397e+04 5.370751935192669971e-12
5.319769769767281832e+04 5.283076610710955561e-12
5.321181896182783385e+04 5.067290255772622533e-12
5.322594022592859983e+04 4.992554254304787451e-12
5.324006149012692913e+04 4.936284237875014597e-12
5.325418275418672420e+04 4.719897942331727286e-12
5.326830401829326001e+04 4.737101300693927817e-12
5.328242528240948741e+04 4.770711396061359698e-12
5.329654654647425195e+04 4.738995184784844213e-12
5.331066781068694399e+04 4.676174167026178665e-12
5.332478907481396891e+04 4.647253540280015539e-12
5.333891033888715901e+04 4.600416342783017393e-12
5.335303160301386379e+04 4.484550688382142790e-12
5.336715286718804418e+04 4.363137261071705016e-12
5.338127413127617183e+04 4.428217451141976584e-12
5.339539539538123790e+04 4.233775962894639723e-12
5.340951665947280708e+04 4.349735959185946611e-12
5.342363792360345542e+04 4.226991343754674412e-12
5.343775918777732295e+04 4.191247678853295887e-12
5.345188045192325808e+04 4.094369350494368128e-12
5.346600171600533213e+04 4.062992479224457082e-12
5.348012298012767860e+04 4.115548909166327175e-12
5.349424424418584385e+04 4.208373388303306381e-12
5.350836550841975259e+04 4.020459050278596968e-12
5.352248677251836489e+04 3.888010809391480880e-12
5.353660803658925579e+04 3.972957880484561327e-12
5.355072930067019479e+04 3.759416381601787516e-12
5.356485056487307884e+04 3.732732669862907411e-12
5.357897182901421183e+04 3.821178276027378813e-12
5.359309309308735828e+04 3.447894146721620433e-12
5.360721435719943111e+04 3.437365211473838816e-12
5.362133562130006612e+04 3.456467179409908355e-12
5.363545688547971076e+04 3.413856632819171750e-12
5.364957814956892980e+04 3.428008028229747828e-12
5.366369941371105233e+04 3.275614837986067544e-12
5.367782067778332566e+04 3.051999168676492447e-12
5.369194194187606627e+04 2.960946661762532448e-12
5.370606320610608964e+04 2.966533133301721618e-12
5.372018447020654276e+04 2.928524815646969540e-12
5.373430573428893695e+04 2.758181948310346457e-12
5.374842699841782451e+04 2.691257254047944858e-12
5.376254826250940823e+04 2.676035718497884526e-12
5.377666952670244063e+04 2.583906584390919380e-12
5.379079079079600342e+04 2.491131652921351358e-12
5.380491205489708227e+04 2.388504452993705491e-12
5.381903331898336910e+04 2.370821639861131649e-12
5.383315458319996105e+04 2.229553970097675123e-12
5.384727584727979411e+04 2.207292191945192305e-12
5.386139711142751185e+04 2.313777622877400531e-12
5.387551837549461925e+04 2.199665653919361042e-12
5.388963963957129454e+04 2.044610087434012312e-12
5.390376090378728259e+04 2.129847733786539211e-12
5.391788216787863348e+04 1.814797492479760438e-12
5.393200343199841154e+04 1.705256435647603244e-12
5.394612469612884888e+04 1.702955544871111749e-12
5.396024596019675664e+04 1.602837716198636081e-12
5.397436722439587174e+04 1.543607785869788024e-12
5.398848848849861679e+04 1.492876790419611883e-12
5.400260975259135739e+04 1.530001079263485533e-12
5.401673101670190226e+04 1.454470749276564709e-12
5.403085228089589509e+04 1.209913529051805549e-12
5.404497354501176596e+04 1.239448188967468185e-12
5.405909480908347905e+04 1.265052589215334115e-12
5.407321607322938507e+04 1.182321853511469358e-12
5.408733733730334643e+04 1.065119139087866401e-12
5.410145860149313376e+04 9.814905057000781519e-13
5.411557986562931183e+04 7.168639077214746109e-13
5.412970112972812058e+04 6.234120857707028552e-13
5.414382239380449755e+04 5.412882251083140041e-13
5.415794365789256699e+04 3.458447107834651888e-13
5.417206492212315061e+04 2.482174632800984916e-13
5.418618618620392954e+04 2.330930098413544630e-13
5.420030745028703677e+04 1.930347832739280137e-13
5.421442871440067393e+04 1.162788475545167069e-13
5.422854997850923974e+04 4.874168596312098790e-14
5.424267124267516192e+04 -1.099195638224676135e-13
5.425679250682446582e+04 -2.046983237555598491e-13
5.427091377088455192e+04 -3.365492524128561463e-13
5.428503503501918749e+04 -3.251454597057262737e-13
5.429915629922896915e+04 -3.061249713987970636e-13
5.431327756328712712e+04 -4.001243901433517989e-13
5.432739882741639303e+04 -5.815122490199364773e-13
5.434152009147571516e+04 -5.986763215623213127e-13
5.435564135558124690e+04 -7.805059711528444363e-13
5.436976261982288270e+04 -8.199696257113350122e-13
5.438388388388857129e+04 -8.724331118346520729e-13
5.439800514796958305e+04 -8.506247563541457788e-13
5.441212641210535367e+04 -1.010324605777615968e-12
5.442624767619624618e+04 -1.110156109329159596e-12
5.444036894037494494e+04 -1.199686619272163797e-12
5.445449020450650278e+04 -1.179381470676551921e-12
5.446861146857215499e+04 -1.232823607115555304e-12
5.448273273268480261e+04 -1.178710172482866205e-12
5.449685399688470352e+04 -1.356270446090488448e-12
5.451097526102905977e+04 -1.423755711253715216e-12
5.452509652508587169e+04 -1.471836633494762994e-12
5.453921778917205665e+04 -1.265946055011399439e-12
5.455333905326983950e+04 -1.401753862625078925e-12
5.456746031750800466e+04 -1.468034101673882263e-12
5.458158158159938466e+04 -1.387135175669481664e-12
5.459570284567478666e+04 -1.343051396854948257e-12
5.460982410980553686e+04 -1.581747228686123215e-12
5.462394537388713798e+04 -1.496110740387797575e-12
5.463806663810737518e+04 -1.642662898164460016e-12
5.465218790218685899e+04 -1.622197362762825721e-12
5.466630916632957087e+04 -1.722106263573621348e-12
5.468043043042399950e+04 -1.775713708031662860e-12
5.469455169459107128e+04 -1.730569407812176658e-12
5.470867295870282396e+04 -1.703144382439882808e-12
5.472279422282110318e+04 -1.829373048917873733e-12
5.473691548687071190e+04 -1.711471745937496067e-12
5.475103675097623636e+04 -1.540374143477415713e-12
5.476515801519655361e+04 -1.571392549117409282e-12
5.477927927929444559e+04 -1.678877657366372397e-12
5.479340054341511859e+04 -1.714050908940893728e-12
5.480752180752773711e+04 -1.663749401172115848e-12
5.482164307160647149e+04 -1.839948064614804914e-12
5.483576433581714809e+04 -1.829800075992763937e-12
5.484988559990905924e+04 -1.937525652605009891e-12
5.486400686397229583e+04 -1.865427868696765031e-12
5.487812812811545882e+04 -1.918075900308183240e-12
5.489224939220642409e+04 -1.992968038443526127e-12
5.490637065640303626e+04 -1.941505571785968469e-12
5.492049192048038094e+04 -2.071810568481731311e-12
5.493461318462867348e+04 -2.117547203795146250e-12
5.494873444870603271e+04 -2.111220760771547546e-12
5.496285571289834479e+04 -2.095460352396233020e-12
5.497697697699460696e+04 -2.153507178377728785e-12
5.499109824109142937e+04 -2.104404657052854981e-12
5.500521950520574319e+04 -2.044548837904969071e-12
5.501934076930909941e+04 -2.168619999858435089e-12
5.503346203349140706e+04 -2.094069438644704332e-12
5.504758329757756292e+04 -1.947232745279115400e-12
5.506170456168669625e+04 -1.934104291101370368e-12
5.507582582582777832e+04 -1.848463552664530922e-12
5.508994708992233791e+04 -1.892406629525106164e-12
5.510406835412698274e+04 -1.715558142272801184e-12
5.511818961820193363e+04 -1.916361976029602830e-12
5.513231088231841568e+04 -1.734997604760594472e-12
5.514643214640468068e+04 -1.901265931411451186e-12
5.516055341060454521e+04 -1.796386158071470879e-12
5.517467467472655699e+04 -1.709449351079411306e-12
5.518879593881943583e+04 -1.634593003584185025e-12
5.520291720291104866e+04 -1.669940510837773636e-12
5.521703846697109839e+04 -1.654220143241089321e-12
5.523115973117516842e+04 -1.566112534934217944e-12
5.524528099529927567e+04 -1.426305346979016597e-12
5.525940225937018840e+04 -1.407698016873932577e-12
5.527352352352927119e+04 -1.492766999834910617e-12
5.528764478758092446e+04 -1.390031309529411289e-12
5.530176605180207116e+04 -1.375992654635202479e-12
5.531588731591635587e+04 -1.346137892181997717e-12
5.533000858000187145e+04 -1.279574236001771733e-12
5.534412984408884222e+04 -1.282810380942808306e-12
5.535825110828666220e+04 -1.086744333171432670e-12
5.537237237237796217e+04 -1.094214063455253417e-12
5.538649363650468149e+04 -1.015262148273192300e-12
5.540061490057282208e+04 -9.450921377182242071e-13
5.541473616470884735e+04 -9.577866303845564027e-13
5.542885742892499547e+04 -1.043142385849468020e-12
5.544297869302913023e+04 -9.914457141906478473e-13
5.545709995712447562e+04 -7.617923875849145461e-13
5.547122122120385757e+04 -7.419133712981899991e-13
5.548534248532143101e+04 -8.313150349367747825e-13
5.549946374952175393e+04 -8.688258626939070887e-13
5.551358501361180970e+04 -7.567584340525243687e-13
5.552770627772597800e+04 -7.140689243620306832e-13
5.554182754177547758e+04 -6.812366043426311584e-13
5.555594880591967376e+04 -7.291759298637178967e-13
5.557007007012932445e+04 -6.980514944523791250e-13
5.558419133422792220e+04 -6.706694178482252824e-13
5.559831259827576287e+04 -5.674921605202881771e-13
5.561243386241228291e+04 -6.440579584640803938e-13
5.562655512658902444e+04 -5.752095172954152667e-13
5.564067639070051519e+04 -4.541250842596738311e-13
5.565479765482174116e+04 -4.286880052543527003e-13
5.566891891886998201e+04 -3.686655359384242483e-13
5.568304018300706230e+04 -4.524907941553527075e-13
5.569716144718141732e+04 -3.856443919182060824e-13
5.571128271130641951e+04 -3.635515008487733470e-13
5.572540397538326943e+04 -4.416332560930014519e-13
5.573952523951633339e+04 -3.915001880242720655e-13
5.575364650358200743e+04 -3.984681782719593350e-13
5.576776776778770727e+04 -2.492760134037013264e-13
5.578188903187841788e+04 -2.655133320585687469e-13
5.579601029598554305e+04 -2.450180456873377049e-13
5.581013156012434774e+04 -3.467048465459219633e-13
5.582425282427896309e+04 -3.393771603650635923e-13
5.583837408839951240e+04 -3.169666273645966360e-13
5.585249535249986366e+04 -2.819049978489387273e-13
5.586661661657484365e+04 -4.163579060427068502e-13
5.588073788072023308e+04 -3.284950162376321701e-13
5.589485914491759468e+04 -3.845847652792560104e-13
5.590898040901299828e+04 -2.831576702530173081e-13
5.592310167310031102e+04 -4.042743148648636486e-13
5.593722293719377922e+04 -4.304697080576538016e-13
5.595134420132655214e+04 -4.938522474060223323e-13
5.596546546549177583e+04 -5.005603081298632766e-13
5.597958672961732373e+04 -5.434817859066122899e-13
5.599370799368694134e+04 -6.705819544714404883e-13
5.600782925777760101e+04 -6.372546051609292489e-13
5.602195052198387566e+04 -8.695913350093994623e-13
5.603607178608480172e+04 -1.093665348203966793e-12
5.605019305017399165e+04 -9.846595851330526978e-13
5.606431431432663521e+04 -1.159988536020909937e-12
5.607843557842096197e+04 -1.311313151965611149e-12
5.609255684261711576e+04 -1.275375322841600319e-12
5.610667810669609025e+04 -1.321183763126749037e-12
5.612079937079334195e+04 -1.309074000043320638e-12
5.613492063492224406e+04 -1.357105039079705977e-12
5.614904189899045741e+04 -1.444168008078176141e-12
5.616316316321799241e+04 -1.643945321538135445e-12
5.617728442731028917e+04 -1.839324860093775887e-12
5.619140569139728905e+04 -2.022651229515672234e-12
5.620552695549622149e+04 -2.072865497599166089e-12
5.621964821957382082e+04 -2.226274470947653612e-12
5.623376948377300869e+04 -2.364752931388528389e-12
5.624789074789185543e+04 -2.459436622433811433e-12
5.626201201202310767e+04 -2.507605455434645139e-12
5.627613327608340478e+04 -2.589369620163862788e-12
5.629025454029622051e+04 -2.612941335744610392e-12
5.630437580441027239e+04 -2.748226823704089576e-12
5.631849706847337802e+04 -2.878299404930595855e-12
5.633261833257002581e+04 -2.892822799306882613e-12
5.634673959671498596e+04 -2.888550739025973209e-12
5.636086086087296280e+04 -3.029718418688604291e-12
5.637498212501488888e+04 -3.178390948200670418e-12
5.638910338906923425e+04 -3.212929363296124745e-12
5.640322465318701870e+04 -3.449635235536820413e-12
5.641734591730897955e+04 -3.423835552608818535e-12
5.643146718148393120e+04 -3.643981543050596448e-12
5.644558844562716695e+04 -3.602661696419062519e-12
5.645970970973029762e+04 -3.818701158290470330e-12
5.647383097381106199e+04 -3.994544152247001433e-12
5.648795223800004169e+04 -4.058040326877740107e-12
5.650207350210079312e+04 -4.287139345944668161e-12
5.651619476618804765e+04 -4.533218786831883686e-12
5.653031603030172846e+04 -4.639445406697749433e-12
5.654443729442584299e+04 -4.586706108954034364e-12
5.655855855861361488e+04 -4.727634886093887183e-12
5.657267982269641652e+04 -4.822831278058839071e-12
5.658680108681869751e+04 -4.893865856264122512e-12
5.660092235091103794e+04 -5.042658284420579107e-12
5.661504361502975371e+04 -5.220038486370114879e-12
5.662916487920885265e+04 -5.409557531298173792e-12
5.664328614329961420e+04 -5.487791844145898455e-12
5.665740740739166358e+04 -5.422724460414044660e-12
