5.299999999999919237e+04 -5.077837921616391162e-12
5.301412126412523503e+04 -5.061649639514083957e-12
5.302824252823047573e+04 -5.119490735334603170e-12
5.304236379240659153e+04 -5.068298965938016201e-12
5.305648505650565494e+04 -4.924840954951830696e-12
5.307060632063269441e+04 -4.986551840052969209e-12
5.308472758471940324e+04 -4.905545784488345478e-12
5.309884884879043238e+04 -4.852369278022448324e-12
5.311297011301314342e+04 -4.822256476117478676e-12
5.312709137708126218e+04 -4.754662229185477687e-12
5.314121264117432293e+04 -4.904770782827839504e-12
5.315533390530369070e+04 -4.850588098202943604e-12
5.316945516949740704e+04 -4.801868851982370809e-12
5.318357643356741755e+04 -4.873147328103333021e-12
5.319769769768985861e+04 -4.846371744314066975e-12
5.321181896182809578e+04 -4.725112835321187960e-12
5.322594022587318614e+04 -4.816329637832716972e-12
5.324006149012313108e+04 -4.821611842237289561e-12
5.325418275422097213e+04 -4.731142391346889204e-12
5.326830401829525363e+04 -4.721447265290203673e-12
5.328242528241291438e+04 -4.574426155688454153e-12
5.329654654652466706e+04 -4.696432908953497129e-12
5.331066781072871527e+04 -4.812609876187807082e-12
5.332478907480232738e+04 -4.804444677922429050e-12
5.333891033887892991e+04 -4.784641337915639337e-12
5.335303160300744639e+04 -4.821293097017203796e-12
5.336715286720295990e+04 -5.003985590159512739e-12
5.338127413129914203e+04 -5.185894521829570613e-12
5.339539539539319958e+04 -5.220975463103866525e-12
5.340951665949875314e+04 -5.164334388229541570e-12
5.342363792361661763e+04 -5.106811221675830948e-12
5.343775918782188819e+04 -5.022425518425055016e-12
5.345188045188855904e+04 -5.143614717296384997e-12
5.346600171598945599e+04 -5.118978963280599874e-12
5.348012298006677156e+04 -5.306525547077473823e-12
5.349424424421567528e+04 -5.215439789741436224e-12
5.350836550841821736e+04 -5.352797549278300840e-12
5.352248677247634623e+04 -5.357420093946096190e-12
5.353660803663229308e+04 -5.453145392410660908e-12
5.355072930072075542e+04 -5.361667238524702835e-12
5.356485056492788863e+04 -5.319188402973101956e-12
5.357897182902520581e+04 -5.352298740104673611e-12
5.359309309307012882e+04 -5.381999932069332140e-12
5.360721435722382739e+04 -5.348694751453148549e-12
5.362133562129617349e+04 -5.143348193086081998e-12
5.363545688551981584e+04 -5.009756504391480718e-12
5.364957814963100827e+04 -4.870919806445501491e-12
5.366369941368288710e+04 -5.002551482994644850e-12
5.367782067776843178e+04 -5.063553012185782327e-12
5.369194194188270194e+04 -5.034338313118859506e-12
5.370606320611203409e+04 -4.902340104199168594e-12
5.372018447022800683e+04 -4.840742467254857555e-12
5.373430573431071389e+04 -4.871574293346403984e-12
5.374842699842432194e+04 -4.829479971928152231e-12
5.376254826251566556e+04 -4.537836716942902685e-12
5.377666952668804151e+04 -4.525382498760885541e-12
5.379079079077936331e+04 -4.640974689215842842e-12
5.380491205490613356e+04 -4.599031365340027721e-12
5.381903331897967291e+04 -4.431160278606183980e-12
5.383315458316716831e+04 -4.475342455113651542e-12
5.384727584730973467e+04 -4.352726046191953603e-12
5.386139711143116438e+04 -4.272016504969430717e-12
5.387551837551340577e+04 -4.187661838733903261e-12
5.388963963962042908e+04 -4.140549620191722235e-12
5.390376090377633227e+04 -3.991313797859068820e-12
5.391788216789168655e+04 -3.781112409860882689e-12
5.393200343200247153e+04 -3.553559852386009313e-12
5.394612469612840505e+04 -3.549922117138540383e-12
5.396024596022973128e+04 -3.437551371805901856e-12
5.397436722437670687e+04 -3.365986419107690619e-12
5.398848848847398767e+04 -3.321754731171136894e-12
5.400260975258095277e+04 -3.235689580539724766e-12
5.401673101672732446e+04 -3.085893121328466437e-12
5.403085228089852171e+04 -2.904496054084481080e-12
5.404497354501616064e+04 -2.636002717591403326e-12
5.405909480908475962e+04 -2.454846556703866103e-12
5.407321607319301256e+04 -2.380144894861473655e-12
5.408733733730164386e+04 -2.302094191278521388e-12
5.410145860152200476e+04 -2.192503475740231111e-12
5.411557986559919664e+04 -2.015487061505521956e-12
5.412970112967285968e+04 -1.748673172393081002e-12
5.414382239382131957e+04 -1.736145549206747005e-12
5.415794365791601012e+04 -1.570952267177348087e-12
5.417206492211158184e+04 -1.313576093955449480e-12
5.418618618617521133e+04 -1.225913276015323657e-12
5.420030745031370316e+04 -9.155441088383189216e-13
5.421442871441665193e+04 -8.293873251142702091e-13
5.422854997853284294e+04 -7.633563214998645933e-13
5.424267124271944340e+04 -6.454984289318101060e-13
5.425679250681988196e+04 -6.349685056951628643e-13
5.427091377089297021e+04 -2.560301967679238155e-13
5.428503503499588260e+04 -6.895335573357153216e-14
5.429915629919019557e+04 9.684095232877015749e-15
5.431327756326796953e+04 2.300045272733641939e-14
5.432739882740531903e+04 1.934114018756336608e-13
5.434152009148242360e+04 3.912319766961187697e-13
5.435564135557227564e+04 4.711266731056253650e-13
5.436976261979167612e+04 4.789834718226671237e-13
5.438388388389805914e+04 6.654129693961344713e-13
5.439800514800551173e+04 4.887532345112584791e-13
5.441212641207216075e+04 6.563846465162431580e-13
5.442624767619780323e+04 7.780059003458652873e-13
5.444036894037201273e+04 8.210611376092126679e-13
5.445449020447646762e+04 7.975365580044057351e-13
5.446861146858066058e+04 9.092791732665511068e-13
5.448273273273016093e+04 1.054208240245280581e-12
5.449685399691842758e+04 1.243065029471548387e-12
5.451097526098217349e+04 1.362956585514894292e-12
5.452509652507684950e+04 1.528389788598670127e-12
5.453921778919989447e+04 1.598391066909629391e-12
5.455333905328038963e+04 1.524122937978636320e-12
5.456746031751243572e+04 1.584962877630070424e-12
5.458158158157738944e+04 1.566161343504337891e-12
5.459570284567573253e+04 1.737054105365531175e-12
5.460982410982560395e+04 1.829282320453313497e-12
5.462394537392287748e+04 1.859976450580387043e-12
5.463806663810741156e+04 1.921359291673141737e-12
5.465218790217375499e+04 1.885190330586544560e-12
5.466630916632695153e+04 1.984571838712415895e-12
5.468043043036628660e+04 2.078986439096550846e-12
5.469455169460527395e+04 2.272526369068003220e-12
5.470867295866784116e+04 2.169760348327002610e-12
5.472279422278513084e+04 2.080195404738112088e-12
5.473691548690347554e+04 2.039771416656337321e-12
5.475103675100112741e+04 1.964081496836368892e-12
5.476515801519852539e+04 2.068941284479013824e-12
5.477927927932749299e+04 2.157462793174331746e-12
5.479340054338853224e+04 2.190395529607540080e-12
5.480752180752833374e+04 2.271208034896520563e-12
5.482164307161393663e+04 2.142213273015859767e-12
5.483576433581218589e+04 2.186932192826702158e-12
5.484988559992018418e+04 2.333235756194981620e-12
5.486400686398950347e+04 2.477725378449883509e-12
5.487812812807465525e+04 2.495119901217711157e-12
5.489224939220966917e+04 2.419706851279795219e-12
5.490637065641481604e+04 2.474180261597122683e-12
5.492049192047127872e+04 2.593697402853350898e-12
5.493461318457382731e+04 2.698872487158832034e-12
5.494873444867927901e+04 2.718355850317946910e-12
5.496285571291649103e+04 2.741171505082408698e-12
5.497697697697574040e+04 2.811428469280886770e-12
5.499109824108687462e+04 2.917268632484537141e-12
5.500521950518697122e+04 2.913490984342934433e-12
5.501934076927389833e+04 2.955721031121516233e-12
5.503346203351065196e+04 2.871637322955613161e-12
5.504758329760183551e+04 2.870715080216818192e-12
5.506170456169519457e+04 3.089702406785340576e-12
5.507582582578079018e+04 2.978288389763994652e-12
5.508994708991859807e+04 3.051701276497045388e-12
5.510406835408597544e+04 3.098038062309064346e-12
5.511818961821745324e+04 3.145066530175179631e-12
5.513231088232566253e+04 3.171959364910938037e-12
5.514643214642188104e+04 3.170452838043825318e-12
5.516055341057628539e+04 3.080679010415806155e-12
5.517467467467972892e+04 2.900484011698882918e-12
5.518879593879970344e+04 2.922630646356889797e-12
5.520291720292143145e+04 2.909403951350924437e-12
5.521703846702959709e+04 3.013407511493555817e-12
5.523115973116596433e+04 3.092215912369385423e-12
5.524528099529031169e+04 2.991820528412082433e-12
5.525940225942947291e+04 3.114377326558462774e-12
5.527352352353133028e+04 3.175573452908694534e-12
5.528764478756755125e+04 3.055387291546011410e-12
5.530176605176857265e+04 3.113800924846715969e-12
5.531588731587120856e+04 3.095562983505802808e-12
5.533000857999567233e+04 3.044218892567121319e-12
5.534412984409841010e+04 3.010954109335863874e-12
5.535825110832951759e+04 3.000190669508303836e-12
5.537237237238156376e+04 3.031955822986948089e-12
5.538649363651016756e+04 2.976457698515403769e-12
5.540061490063183737e+04 2.980223523032149857e-12
5.541473616468461114e+04 2.919063852858558972e-12
5.542885742891104019e+04 2.808161207612249855e-12
5.544297869299697049e+04 2.802667163262334368e-12
5.545709995707453345e+04 2.811918164410353579e-12
5.547122122121700522e+04 2.836639393380830031e-12
5.548534248526958982e+04 2.757782712703503333e-12
5.549946374948435550e+04 2.718847516051556556e-12
5.551358501362209790e+04 2.751129953117666128e-12
5.552770627771542786e+04 2.719383520378377618e-12
5.554182754181219207e+04 2.877889064598405988e-12
5.555594880587991065e+04 2.873232527009148713e-12
5.557007007009625522e+04 2.910298605631721298e-12
5.558419133417064586e+04 2.891907942469746724e-12
5.559831259832120850e+04 2.821652948875411490e-12
5.561243386239242682e+04 2.732878217547753509e-12
5.562655512659908709e+04 2.713843166831108280e-12
5.564067639071567100e+04 2.814601141950672744e-12
5.565479765481268259e+04 2.871583131341688365e-12
5.566891891891610430e+04 2.811442263509885824e-12
5.568304018298188748e+04 2.662101013855596669e-12
5.569716144723194884e+04 2.543020361416981885e-12
5.571128271131868678e+04 2.504760096683918126e-12
5.572540397539016703e+04 2.358348150087788668e-12
5.573952523951455078e+04 2.397100080554462073e-12
5.575364650362790417e+04 2.424053018716573383e-12
5.576776776778083149e+04 2.361810501566555171e-12
5.578188903187115648e+04 2.262696010302022948e-12
5.579601029600356560e+04 2.164040669802745574e-12
5.581013156011595129e+04 2.097986018938627021e-12
5.582425282430976222e+04 2.149405978136803305e-12
5.583837408837884868e+04 1.920003023371911884e-12
5.585249535251125053e+04 1.913162071090444214e-12
5.586661661656985962e+04 1.984920635645678315e-12
5.588073788071177842e+04 1.967394082400288239e-12
5.589485914489530842e+04 1.854197653931848119e-12
5.590898040898650652e+04 1.825576599362920718e-12
5.592310167313196871e+04 1.759012547327907992e-12
5.593722293722228642e+04 1.807899294900612268e-12
5.595134420133085223e+04 1.789282997564295944e-12
5.596546546552829386e+04 1.752689863935977060e-12
5.597958672960098193e+04 1.742549135017517879e-12
5.599370799367685686e+04 1.744426135463462815e-12
5.600782925779165816e+04 1.647951268448109759e-12
5.602195052196778124e+04 1.682175735896873860e-12
5.603607178607018432e+04 1.684913890353189239e-12
5.605019305021837499e+04 1.667106526017461199e-12
5.606431431430889643e+04 1.757930685653552488e-12
5.607843557837713888e+04 1.674805676403084855e-12
5.609255684261080023e+04 1.684171957893453589e-12
5.610667810668698803e+04 1.727265129286548266e-12
5.612079937079000229e+04 1.558500619899497139e-12
5.613492063492986927e+04 1.803243742613426211e-12
5.614904189901349309e+04 1.798789191948797850e-12
5.616316316317251039e+04 1.832671759578799462e-12
5.617728442732934491e+04 1.931161569330088192e-12
5.619140569140686421e+04 1.863518611526934017e-12
5.620552695553022932e+04 1.937967050736986406e-12
5.621964821959855180e+04 2.013816589492515775e-12
5.623376948380398971e+04 2.050134823842924399e-12
5.624789074787750724e+04 2.078751937203566530e-12
5.626201201200408104e+04 2.109901276887609654e-12
5.627613327610351553e+04 1.974749362363006569e-12
5.629025454028998502e+04 1.945150888139287984e-12
5.630437580436632561e+04 1.991006846540482094e-12
5.631849706850280199e+04 2.080495921869877820e-12
5.633261833262997243e+04 2.226501924012605807e-12
5.634673959671398188e+04 2.240958276003631393e-12
5.636086086086851719e+04 2.348712881131938388e-12
5.637498212500594673e+04 2.220036371820327648e-12
5.638910338907331607e+04 2.296882050970003943e-12
5.640322465317846218e+04 2.361338541874372687e-12
5.641734591730329703e+04 2.330837530953286296e-12
5.643146718149109802e+04 2.320866273991101232e-12
5.644558844561006117e+04 2.229710067556961237e-12
5.645970970971191855e+04 2.166969972860904868e-12
5.647383097377821105e+04 2.286609291573982132e-12
5.648795223800423264e+04 2.431633932853633664e-12
5.650207350207485433e+04 2.357828895896180915e-12
5.651619476616752945e+04 2.300649846090892868e-12
5.653031603026620724e+04 2.311706905935718707e-12
5.654443729438093578e+04 2.528928571192360205e-12
5.655855855858595169e+04 2.561518422504734632e-12
5.657267982272026711e+04 2.535033502826520132e-12
5.658680108677718090e+04 2.622086911435508644e-12
5.660092235089122551e+04 2.767824911414826099e-12
5.661504361497423815e+04 2.661843850014970935e-12
5.662916487922237138e+04 2.812524125184241328e-12
5.664328614330618439e+04 2.926283161135429199e-12
5.665740740741205082e+04 2.956839348972512209e-12
