5.299999999999656575e+04 -1.427128076752260250e-12
5.301412126412247744e+04 -1.362548041020915647e-12
5.302824252822332346e+04 -1.051698205042382773e-12
5.304236379243126430e+04 -9.740029138715350822e-13
5.305648505653408938e+04 -9.973636807189577286e-13
5.307060632056280883e+04 -1.020601149191165763e-12
5.308472758465505467e+04 -9.234060746214470898e-13
5.309884884883651830e+04 -8.702104356715793903e-13
5.311297011302223109e+04 -7.716893050325025427e-13
5.312709137710377399e+04 -6.881855017947485236e-13
5.314121264123992296e+04 -4.804700859662770103e-13
5.315533390531779878e+04 -5.588400552436644077e-13
5.316945516951323225e+04 -6.536487675707603759e-13
5.318357643358498899e+04 -6.139280933892657477e-13
5.319769769765141245e+04 -4.786218929147778196e-13
5.321181896183885692e+04 -4.669911452100762359e-13
5.322594022594325361e+04 -4.718430474314165683e-13
5.324006149013083632e+04 -4.326917304315860043e-13
5.325418275418495614e+04 -3.388678446378652624e-13
5.326830401829051698e+04 -3.923573646665210252e-13
5.328242528237845545e+04 -3.436277433559247554e-13
5.329654654651328019e+04 -3.808386714144676096e-13
5.331066781072632148e+04 -3.810765466432101526e-13
5.332478907476958557e+04 -4.763336050385705796e-13
5.333891033888397942e+04 -3.899660003746957696e-13
5.335303160300393938e+04 -3.549916082217648284e-13
5.336715286723498139e+04 -3.597639265577161139e-13
5.338127413133048685e+04 -3.630838336412487873e-13
5.339539539538362442e+04 -3.538401322200865242e-13
5.340951665948767186e+04 -2.891753929846177686e-13
5.342363792362937238e+04 -2.981643746694665385e-13
5.343775918781922519e+04 -1.006820185666048698e-13
5.345188045190551202e+04 -6.518559631292608418e-14
5.346600171602857881e+04 -1.997129734513241895e-13
5.348012298013494001e+04 -3.167656703244024818e-13
5.349424424418507260e+04 -4.021279913562404603e-13
5.350836550838016410e+04 -4.744859250177588377e-13
5.352248677248298918e+04 -6.185522954904976023e-13
5.353660803655043856e+04 -5.640679234537829994e-13
5.355072930068759888e+04 -6.233126217341299861e-13
5.356485056489502313e+04 -6.683842487381712713e-13
5.357897182897670427e+04 -6.376921023570153930e-13
5.359309309313833364e+04 -6.044203521743015566e-13
5.360721435722085880e+04 -6.070288994571426903e-13
5.362133562128012272e+04 -6.062608497654891159e-13
5.363545688550377963e+04 -4.494328409427039057e-13
5.364957814961318945e+04 -4.287253833056014696e-13
5.366369941369006847e+04 -4.354910610013185209e-13
5.367782067784303945e+04 -4.901174570333392136e-13
5.369194194188430265e+04 -5.145411379600209648e-13
5.370606320613364369e+04 -5.994867070634292601e-13
5.372018447018633015e+04 -6.825320105005633695e-13
5.373430573430888035e+04 -6.861546056896850923e-13
5.374842699839152192e+04 -7.613065044749965394e-13
5.376254826246789162e+04 -7.559711563358594895e-13
5.377666952667744772e+04 -9.062123641626147382e-13
5.379079079077591450e+04 -8.730750280200098678e-13
5.380491205486656690e+04 -8.941726454949096607e-13
5.381903331898062606e+04 -1.006338896080360140e-12
5.383315458315560682e+04 -9.641593513190847196e-13
5.384727584731725801e+04 -1.082202154666363127e-12
5.386139711140387953e+04 -1.095800460562508039e-12
5.387551837549725315e+04 -1.113362954580494366e-12
5.388963963958789827e+04 -9.793920874802958181e-13
5.390376090377160290e+04 -9.211295009459364128e-13
5.391788216786897829e+04 -1.008083243170210142e-12
5.393200343195834284e+04 -1.012420832127392775e-12
5.394612469613865687e+04 -1.006390070891432226e-12
5.396024596023451159e+04 -1.085850401389856786e-12
5.397436722435626871e+04 -1.137005717295779498e-12
5.398848848847745830e+04 -9.304590495021300791e-13
5.400260975255199446e+04 -1.068627704697184030e-12
5.401673101665066497e+04 -1.082465681429477657e-12
5.403085228087366704e+04 -1.108822975017117162e-12
5.404497354496178741e+04 -1.150987599135899540e-12
5.405909480906303361e+04 -1.018352321925334046e-12
5.407321607316675363e+04 -1.063329807798230240e-12
5.408733733727355866e+04 -9.929892818099513750e-13
5.410145860150778753e+04 -1.017789869281671725e-12
5.411557986561033613e+04 -9.458621118515709552e-13
5.412970112968235480e+04 -9.126001947570329015e-13
5.414382239381975523e+04 -1.027675201082590979e-12
5.415794365788446885e+04 -9.732633373830344631e-13
5.417206492205816176e+04 -9.800379076106670079e-13
5.418618618622221402e+04 -1.124405170581588801e-12
5.420030745030174876e+04 -1.059011457491826483e-12
5.421442871441449097e+04 -1.071541633496723345e-12
5.422854997852935048e+04 -1.198614974014532968e-12
5.424267124269200576e+04 -1.214624780656985274e-12
5.425679250682597922e+04 -1.319585729000140621e-12
5.427091377085564454e+04 -1.320830683468326067e-12
5.428503503496264602e+04 -1.270326489009878149e-12
5.429915629916016769e+04 -1.203668069770463960e-12
5.431327756331463752e+04 -1.241460218845317993e-12
5.432739882740754547e+04 -1.300421125650396676e-12
5.434152009150753292e+04 -1.213554427632758111e-12
5.435564135563931632e+04 -1.263759781715772896e-12
5.436976261979073752e+04 -1.425286638604812351e-12
5.438388388386728184e+04 -1.483997186434420856e-12
5.439800514797095093e+04 -1.328377364880554447e-12
5.441212641206468834e+04 -1.380591747135580448e-12
5.442624767620522471e+04 -1.171920961285704383e-12
5.444036894043612119e+04 -1.080465374779152768e-12
5.445449020453407866e+04 -1.155452163188223282e-12
5.446861146856986306e+04 -1.277723792986947191e-12
5.448273273272217921e+04 -1.311737727564156423e-12
5.449685399689446785e+04 -1.420463808122427081e-12
5.451097526103504060e+04 -1.451325340135552297e-12
5.452509652508702857e+04 -1.435746222755205148e-12
5.453921778920679935e+04 -1.283131991483700560e-12
5.455333905332868744e+04 -1.368878230479972103e-12
5.456746031747628149e+04 -1.374600916788125642e-12
5.458158158155845740e+04 -1.418729422378424750e-12
5.459570284568639181e+04 -1.486057346664946828e-12
5.460982410980206623e+04 -1.581871812902209747e-12
5.462394537388320168e+04 -1.516519569793015418e-12
5.463806663810965256e+04 -1.377093390877933676e-12
5.465218790220326628e+04 -1.385937697908924504e-12
5.466630916631440778e+04 -1.491501628320050124e-12
5.468043043036083691e+04 -1.490405794771680242e-12
5.469455169459730678e+04 -1.494589902048203946e-12
5.470867295872560499e+04 -1.508502781260863687e-12
5.472279422281541338e+04 -1.537086115001301321e-12
5.473691548688645707e+04 -1.454340079465173336e-12
5.475103675099238899e+04 -1.456512593416248479e-12
5.476515801517687942e+04 -1.513564342023137230e-12
5.477927927927181008e+04 -1.586044804513839097e-12
5.479340054341482028e+04 -1.484592302031850180e-12
5.480752180752895947e+04 -1.459556404484824480e-12
5.482164307163748890e+04 -1.529097372146729452e-12
5.483576433576091222e+04 -1.419780451246758176e-12
5.484988559987865301e+04 -1.368868140876452445e-12
5.486400686397740355e+04 -1.351776865544878823e-12
5.487812812808385934e+04 -1.189248230733500020e-12
5.489224939222534886e+04 -1.166537730282406385e-12
5.490637065642931702e+04 -9.968386365629211350e-13
5.492049192053268780e+04 -9.519975313477690439e-13
5.493461318461968040e+04 -8.930147352333596824e-13
5.494873444872369146e+04 -8.977737789002734947e-13
5.496285571291035012e+04 -8.810977164050672098e-13
5.497697697702595906e+04 -1.002209041799033013e-12
5.499109824113812647e+04 -1.012182529373077391e-12
5.500521950519763050e+04 -9.307315543022747107e-13
5.501934076925004774e+04 -9.721892221337661432e-13
5.503346203351956501e+04 -1.068574520515919479e-12
5.504758329760660126e+04 -1.041950792991270069e-12
5.506170456165338692e+04 -1.008766771056108164e-12
5.507582582578193251e+04 -9.074185848138985549e-13
5.508994708987152990e+04 -6.946319247689279645e-13
5.510406835405770107e+04 -7.324354460240201271e-13
5.511818961820352706e+04 -8.987834232931535908e-13
5.513231088227237342e+04 -7.703850100148033616e-13
5.514643214642706153e+04 -6.673154348060065555e-13
5.516055341055578174e+04 -5.698421693460240848e-13
5.517467467468556424e+04 -7.116867749216935276e-13
5.518879593881413894e+04 -5.226400969072775507e-13
5.520291720290025842e+04 -5.333048078275313804e-13
5.521703846700522990e+04 -3.657984072661606411e-13
5.523115973122496507e+04 -1.398998799218519663e-13
5.524528099534264766e+04 -3.881573347344428534e-14
5.525940225939000084e+04 2.284488002195333659e-13
5.527352352348222485e+04 3.130986926367476281e-13
5.528764478756563039e+04 4.171074560240162383e-13
5.530176605183434003e+04 4.629747936242754494e-13
5.531588731593058765e+04 5.003294130278584758e-13
5.533000857996087871e+04 4.466443428021738395e-13
5.534412984414043603e+04 5.389519022703325237e-13
5.535825110831535130e+04 7.036063652402296377e-13
5.537237237239016395e+04 8.072255673255028475e-13
5.538649363650973100e+04 7.729149300007248370e-13
5.540061490063574456e+04 6.539730403737094846e-13
5.541473616472943831e+04 9.148438436193633870e-13
5.542885742888368259e+04 8.713048102889317677e-13
5.544297869302714389e+04 8.927276037145533961e-13
5.545709995713476383e+04 1.037232615425052522e-12
5.547122122116488026e+04 1.015930555221208262e-12
5.548534248530465993e+04 1.175201616177578161e-12
5.549946374953354098e+04 1.323295106536484421e-12
5.551358501355199405e+04 1.432994748329285248e-12
5.552770627771328145e+04 1.484787761379694627e-12
5.554182754182312783e+04 1.459351870906695637e-12
5.555594880590296088e+04 1.555746916871910399e-12
5.557007007005375635e+04 1.583849027827530126e-12
5.558419133424315805e+04 1.563247425522269395e-12
5.559831259833785589e+04 1.573682982735467059e-12
5.561243386241056578e+04 1.739764184047132285e-12
5.562655512657005602e+04 2.006671648381652347e-12
5.564067639073899772e+04 2.188651328676595202e-12
5.565479765481813229e+04 2.116703221029225999e-12
5.566891891888993268e+04 2.097656785747822177e-12
5.568304018301267934e+04 2.124592435930434613e-12
5.569716144719498698e+04 2.171200589843356039e-12
5.571128271134038368e+04 2.156761341145383905e-12
5.572540397540421691e+04 2.216969767572085176e-12
5.573952523950005707e+04 2.347755996680005798e-12
5.575364650360436644e+04 2.405678016343020509e-12
5.576776776781250373e+04 2.344864042694912023e-12
5.578188903191418649e+04 2.631494287767109645e-12
5.579601029600505717e+04 2.680374996615156614e-12
5.581013156013256230e+04 2.766286602503012966e-12
5.582425282434219844e+04 2.693474722188225421e-12
5.583837408841182332e+04 2.840533942681254647e-12
5.585249535252362693e+04 2.823593498371787950e-12
5.586661661661583639e+04 2.707067812272381590e-12
5.588073788071870513e+04 2.965120195931474500e-12
5.589485914485482499e+04 2.906734909557702489e-12
5.590898040897002647e+04 2.967746229010245516e-12
5.592310167305304640e+04 3.058800796529448942e-12
5.593722293724097835e+04 3.026833512374663504e-12
5.595134420133920503e+04 3.068665179577298160e-12
5.596546546547842445e+04 2.987644979273715093e-12
5.597958672962190030e+04 2.947232183942307701e-12
5.599370799371315661e+04 2.874421158678666342e-12
5.600782925781474478e+04 2.953216857921513322e-12
5.602195052200117789e+04 2.789549123973791031e-12
5.603607178605950321e+04 2.695251176448597749e-12
5.605019305015577265e+04 2.650724217024387798e-12
5.606431431433351099e+04 2.748335658749520593e-12
5.607843557839879213e+04 2.689104213761932213e-12
5.609255684257069515e+04 2.722525084864461713e-12
5.610667810672435735e+04 2.523733559952370377e-12
5.612079937079966476e+04 2.473567025191371779e-12
5.613492063486446568e+04 2.565148817247033178e-12
5.614904189895657328e+04 2.515592275973400021e-12
5.616316316315529548e+04 2.355810578472798818e-12
5.617728442728763912e+04 2.298874945811500597e-12
5.619140569141178275e+04 2.107610949165972818e-12
5.620552695553597732e+04 2.125158308778680061e-12
5.621964821963538998e+04 1.935143028826379086e-12
5.623376948381625698e+04 1.860456705389918610e-12
5.624789074793813779e+04 1.730714664741165564e-12
5.626201201198038325e+04 1.641350533337073997e-12
5.627613327613824367e+04 1.659536616155642603e-12
5.629025454027192609e+04 1.563996108305472104e-12
5.630437580441980390e+04 1.483873711704907512e-12
5.631849706852966483e+04 1.318108024266017354e-12
5.633261833256205864e+04 1.183584195589874137e-12
5.634673959669436590e+04 1.076858421681928366e-12
5.636086086091743346e+04 1.146192466966566285e-12
5.637498212502260139e+04 1.074365092540974551e-12
5.638910338912198495e+04 8.424210115758839957e-13
5.640322465322435164e+04 6.447398560816397204e-13
5.641734591726307553e+04 4.925044979728088680e-13
5.643146718148661603e+04 4.575075965984665767e-13
5.644558844559884164e+04 4.073106220166800888e-13
5.645970970969666814e+04 2.988501203442737548e-13
5.647383097382048436e+04 3.150061407326460470e-13
5.648795223799681844e+04 2.868694857107387390e-13
5.650207350211888115e+04 7.910231791167183554e-14
5.651619476621248759e+04 3.214393504945891000e-14
5.653031603028926475e+04 -1.126555562756303116e-13
5.654443729437384900e+04 -2.509764960797392030e-13
5.655855855859688745e+04 -2.486651218225971195e-13
5.657267982271729852e+04 -5.060190997058563959e-13
5.658680108681545971e+04 -5.800436135555204133e-13
5.660092235085017455e+04 -6.389200413074007722e-13
5.661504361499071820e+04 -8.400762956681281118e-13
5.662916487917510676e+04 -9.558375660432504701e-13
5.664328614332871075e+04 -1.138390643636521086e-12
5.665740740736391308e+04 -1.218764425273930956e-12
