5.299999999999989814e+04 -2.364444886666794423e-12
5.301412126409928896e+04 -2.288468755834841091e-12
5.302824252818350942e+04 -2.176519623671581343e-12
5.304236379239803500e+04 -2.024010206430013054e-12
5.305648505651899904e+04 -2.058261094107151973e-12
5.307060632060734497e+04 -1.970138646263877561e-12
5.308472758470098779e+04 -1.721123591550846330e-12
5.309884884882084589e+04 -1.942936752899062000e-12
5.311297011300792656e+04 -1.805572125931539226e-12
5.312709137710856157e+04 -1.744418532504208275e-12
5.314121264121384593e+04 -1.672876837428924696e-12
5.315533390528579184e+04 -1.745758348681654324e-12
5.316945516951876198e+04 -1.494195248941665743e-12
5.318357643360213115e+04 -1.568926358933660651e-12
5.319769769769602135e+04 -1.544274719495791513e-12
5.321181896179260366e+04 -1.514421199472376514e-12
5.322594022591754037e+04 -1.387228793623494123e-12
5.324006149008484499e+04 -1.426428011723119759e-12
5.325418275418515259e+04 -1.323294313443546885e-12
5.326830401830771007e+04 -1.322616102257542543e-12
5.328242528241496620e+04 -1.270620568741258883e-12
5.329654654650915472e+04 -1.321980885732044516e-12
5.331066781071953301e+04 -1.316896155735217773e-12
5.332478907481981150e+04 -1.325902472105927530e-12
5.333891033890545077e+04 -1.342334636904994251e-12
5.335303160300350282e+04 -1.396368196218560195e-12
5.336715286718199059e+04 -1.549618364127079894e-12
5.338127413131548383e+04 -1.730536503298160362e-12
5.339539539538133977e+04 -1.818413329351551658e-12
5.340951665950161987e+04 -1.766736902994438277e-12
5.342363792358912906e+04 -1.901383241857255841e-12
5.343775918780537904e+04 -1.760839140022973675e-12
5.345188045189261175e+04 -1.916076055693309463e-12
5.346600171599647001e+04 -2.062993938446752769e-12
5.348012298009860388e+04 -2.143408311443392976e-12
5.349424424420730793e+04 -2.256785467866261447e-12
5.350836550840696145e+04 -2.261214627901974215e-12
5.352248677250720357e+04 -2.387766926089668159e-12
5.353660803658406803e+04 -2.454309249374854861e-12
5.355072930068608548e+04 -2.373336024680918502e-12
5.356485056488034024e+04 -2.375738361197866655e-12
5.357897182898904430e+04 -2.503283717709326958e-12
5.359309309310581739e+04 -2.620281892328961365e-12
5.360721435719053989e+04 -2.605869924348691839e-12
5.362133562127962796e+04 -2.829348596288848785e-12
5.363545688551251078e+04 -2.902171926693646087e-12
5.364957814960367250e+04 -2.899132164751210431e-12
5.366369941371492314e+04 -3.038533318619593922e-12
5.367782067778260534e+04 -3.188700651035886910e-12
5.369194194188715483e+04 -3.299115041458804567e-12
5.370606320609521208e+04 -3.270322030098115762e-12
5.372018447020804888e+04 -3.269629066615754205e-12
5.373430573430626828e+04 -3.259649729799752251e-12
5.374842699840271234e+04 -3.436920422863480228e-12
5.376254826251052873e+04 -3.604624212294925095e-12
5.377666952668824524e+04 -3.554255296952914168e-12
5.379079079080315569e+04 -3.601468956438762782e-12
5.380491205488334526e+04 -3.511201311704082385e-12
5.381903331897925091e+04 -3.680612265270124170e-12
5.383315458321676851e+04 -3.689682324183382717e-12
5.384727584728901275e+04 -3.864039004825495822e-12
5.386139711139178689e+04 -3.927663529003371465e-12
5.387551837551175413e+04 -3.916517735214442072e-12
5.388963963961969421e+04 -4.108729585584450606e-12
5.390376090378838853e+04 -4.148644723948469550e-12
5.391788216792039748e+04 -4.140823640200596671e-12
5.393200343199347117e+04 -4.236096652311059609e-12
5.394612469611111737e+04 -4.109100365225513809e-12
5.396024596018572629e+04 -4.000311409637589103e-12
5.397436722440410085e+04 -3.948552780645159278e-12
5.398848848850218201e+04 -4.035387479239306688e-12
5.400260975259776023e+04 -4.116286232447889266e-12
5.401673101671433687e+04 -3.937803642182881617e-12
5.403085228090143210e+04 -4.010365691274656911e-12
5.404497354498451750e+04 -3.992214528948193039e-12
5.405909480909798003e+04 -3.941811848992059825e-12
5.407321607321851479e+04 -3.952237225827332219e-12
5.408733733728648076e+04 -3.976433516310261542e-12
5.410145860150817316e+04 -3.865615843860723926e-12
5.411557986560565769e+04 -3.836006801732554935e-12
5.412970112970120681e+04 -3.808456138837283168e-12
5.414382239378037775e+04 -3.907183239416748498e-12
5.415794365791707241e+04 -3.856754683775025947e-12
5.417206492207846168e+04 -3.843614253295747313e-12
5.418618618619938934e+04 -3.844824730489889956e-12
5.420030745029474201e+04 -3.724100772702567945e-12
5.421442871439696319e+04 -3.687685478593044606e-12
5.422854997850403015e+04 -3.664630558290307245e-12
5.424267124268959014e+04 -3.725959404265003889e-12
5.425679250680926634e+04 -3.618682914055475328e-12
5.427091377088642184e+04 -3.533899336879974956e-12
5.428503503501283558e+04 -3.454409230750291407e-12
5.429915629921262007e+04 -3.400097113370216190e-12
5.431327756328239775e+04 -3.446632009445063445e-12
5.432739882740666508e+04 -3.268866049448017416e-12
5.434152009149709920e+04 -3.251394912761120433e-12
5.435564135559471470e+04 -3.085915801176054376e-12
5.436976261979052651e+04 -3.133324790532386932e-12
5.438388388390718319e+04 -3.063104175429282636e-12
5.439800514801563259e+04 -3.209333670278913626e-12
5.441212641208848800e+04 -3.139661809044583257e-12
5.442624767621369392e+04 -2.944574286445630571e-12
5.444036894040116022e+04 -2.885022658290906076e-12
5.445449020450648095e+04 -2.806525926042130672e-12
5.446861146858408756e+04 -2.601251903363892665e-12
5.448273273269780475e+04 -2.598449440391737571e-12
5.449685399691750354e+04 -2.591197306169683474e-12
5.451097526098580420e+04 -2.478440535086670267e-12
5.452509652511761669e+04 -2.357365046643906163e-12
5.453921778921977238e+04 -2.243714933293786950e-12
5.455333905329013214e+04 -2.204586163325963476e-12
5.456746031751277042e+04 -2.086891869652554492e-12
5.458158158160785388e+04 -2.221190148988484364e-12
5.459570284569249634e+04 -2.057631833722696533e-12
5.460982410980656277e+04 -1.834425645374078255e-12
5.462394537390967889e+04 -1.763142549376114730e-12
5.463806663808204758e+04 -1.614766003736871729e-12
5.465218790220357914e+04 -1.557188816615451217e-12
5.466630916631810396e+04 -1.378673092850604046e-12
5.468043043040305929e+04 -1.231854768375250401e-12
5.469455169458238379e+04 -1.107746775804301634e-12
5.470867295868891233e+04 -9.643430951552840132e-13
5.472279422280828294e+04 -8.064540794906372183e-13
5.473691548689510091e+04 -6.304748040278036052e-13
5.475103675099619431e+04 -4.293213265010575458e-13
5.476515801520699461e+04 -2.616686573265081332e-13
5.477927927929898578e+04 -1.478383608486892487e-13
5.479340054340278584e+04 1.566717560779795843e-13
5.480752180749450781e+04 3.138028034891507533e-13
5.482164307161535544e+04 2.257528943437398097e-13
5.483576433579034347e+04 4.473667813572051630e-13
5.484988559988499037e+04 6.034886770304017814e-13
5.486400686401324492e+04 7.659879825298850876e-13
5.487812812808615126e+04 8.020946617551878092e-13
5.489224939218014333e+04 9.521244112578605867e-13
5.490637065639063803e+04 1.179802044299130039e-12
5.492049192048282566e+04 1.299222751092757655e-12
5.493461318461699557e+04 1.401306117427412512e-12
5.494873444871580432e+04 1.513292297971296757e-12
5.496285571288110077e+04 1.692004929392333976e-12
5.497697697699064884e+04 1.882867772983155509e-12
5.499109824110887712e+04 1.869839680846190110e-12
5.500521950518497761e+04 1.907932476719026458e-12
5.501934076931940217e+04 2.031630876120528017e-12
5.503346203348287236e+04 2.179798207375069067e-12
5.504758329759843036e+04 2.296375744325310298e-12
5.506170456171560363e+04 2.392528529745802212e-12
5.507582582580403687e+04 2.569013327749047198e-12
5.508994708990641811e+04 2.637482285160626492e-12
5.510406835409295309e+04 2.584980519100363349e-12
5.511818961818793468e+04 2.671143396540618607e-12
5.513231088232017646e+04 2.776569775230527344e-12
5.514643214639935468e+04 2.925791067337111907e-12
5.516055341059857165e+04 3.020153381537695218e-12
5.517467467470742122e+04 2.924056134174077357e-12
5.518879593879002641e+04 3.048274571744491871e-12
5.520291720287883800e+04 3.028357236098001819e-12
5.521703846699863789e+04 3.208714551339653099e-12
5.523115973121115530e+04 3.308388323343109214e-12
5.524528099529065366e+04 3.265759078006508178e-12
5.525940225940135133e+04 3.302756890598927733e-12
5.527352352349529247e+04 3.471198137069661838e-12
5.528764478760358907e+04 3.579775038258612553e-12
5.530176605181862396e+04 3.540594201362469425e-12
5.531588731587972870e+04 3.663479725567904625e-12
5.533000857998895663e+04 3.698088770600453460e-12
5.534412984410427453e+04 3.693763113307096829e-12
5.535825110827872413e+04 3.746679521451068090e-12
5.537237237238961097e+04 3.784890335694761348e-12
5.538649363650225132e+04 3.768380386060357136e-12
5.540061490059320204e+04 3.809519570575596560e-12
5.541473616469295666e+04 3.832881527976848333e-12
5.542885742890050460e+04 3.947096173052807777e-12
5.544297869302122126e+04 4.075848535629856322e-12
5.545709995711665397e+04 4.197592374097958176e-12
5.547122122119009873e+04 4.101322832535173671e-12
5.548534248529926117e+04 4.097084269012824914e-12
5.549946374951082544e+04 4.101613145105198034e-12
5.551358501358595822e+04 4.088919543538042893e-12
5.552770627768155100e+04 4.013181411818777263e-12
5.554182754182068311e+04 4.084435476559738029e-12
5.555594880589140666e+04 4.181307732262463198e-12
5.557007007009550580e+04 4.185047084387228639e-12
5.558419133419620630e+04 3.983524720562266764e-12
5.559831259831299394e+04 4.169441521519876806e-12
5.561243386239722167e+04 4.179529252213925519e-12
5.562655512659858505e+04 4.131765892187879638e-12
5.564067639069266443e+04 4.049890805184020749e-12
5.565479765479824709e+04 4.092210173407835737e-12
5.566891891891292471e+04 4.018265668479891730e-12
5.568304018299036397e+04 3.948334419275388053e-12
5.569716144721947057e+04 4.014316786413283763e-12
5.571128271130120265e+04 3.951377021232095345e-12
5.572540397538085381e+04 4.019806849558149251e-12
5.573952523951725016e+04 3.980547123376673794e-12
5.575364650360417727e+04 3.763118155171531944e-12
5.576776776777861960e+04 3.541909443527534543e-12
5.578188903191381542e+04 3.439280794452660967e-12
5.579601029601373739e+04 3.337544540973469654e-12
5.581013156008111400e+04 3.206411615322224320e-12
5.582425282430002699e+04 3.149906060252761517e-12
5.583837408838724514e+04 2.957549369154882184e-12
5.585249535248980828e+04 3.024064396747343731e-12
5.586661661659761739e+04 2.901019200628395575e-12
5.588073788070144656e+04 2.832745257530158437e-12
5.589485914491351286e+04 2.806679606541987776e-12
5.590898040899199259e+04 2.763324579780326640e-12
5.592310167309753888e+04 2.770222658889808391e-12
5.593722293719973823e+04 2.756340669128403352e-12
5.595134420131084335e+04 2.707771376163399107e-12
5.596546546548046899e+04 2.546949572427228304e-12
5.597958672960722470e+04 2.520976064124326023e-12
5.599370799369918677e+04 2.265656887731081953e-12
5.600782925779850484e+04 2.281145694456141599e-12
5.602195052198825579e+04 2.279631020177755776e-12
5.603607178611320705e+04 2.301851922955957373e-12
5.605019305019448802e+04 2.252643311222617732e-12
5.606431431430157681e+04 2.181644847766134490e-12
5.607843557839901769e+04 2.040035425022721258e-12
5.609255684261419083e+04 1.868104747683155964e-12
5.610667810669136816e+04 1.939630191565660962e-12
5.612079937078000512e+04 2.049402423205971588e-12
5.613492063489147404e+04 2.008558600175017438e-12
5.614904189900760684e+04 2.045909205651444616e-12
5.616316316318906320e+04 2.065790567783822702e-12
5.617728442731034011e+04 2.047025646817471390e-12
5.619140569138243154e+04 2.031904779719202907e-12
5.620552695552148361e+04 1.967601176573184523e-12
5.621964821960123663e+04 1.827207279938175652e-12
5.623376948382064438e+04 1.935014852816563137e-12
5.624789074790863378e+04 1.966267000979639679e-12
5.626201201202082302e+04 1.884449345375503545e-12
5.627613327610947454e+04 1.959506504783778138e-12
5.629025454028377135e+04 1.737777754970868388e-12
5.630437580438979057e+04 1.765258995295046881e-12
5.631849706851011433e+04 1.681950647755265965e-12
5.633261833261178253e+04 1.652562180068886681e-12
5.634673959668789757e+04 1.534483222240195881e-12
5.636086086091781181e+04 1.523486686979115432e-12
5.637498212497872737e+04 1.544759024990477745e-12
5.638910338909024722e+04 1.573043042682200777e-12
5.640322465318493050e+04 1.489140185488153530e-12
5.641734591730789543e+04 1.478822098080933258e-12
5.643146718149538356e+04 1.451053700758144027e-12
5.644558844562012382e+04 1.512755219716752371e-12
5.645970970971322822e+04 1.447499265118198921e-12
5.647383097378571983e+04 1.448854898597354149e-12
5.648795223801607790e+04 1.424024338260350543e-12
5.650207350211418088e+04 1.403266358389356700e-12
5.651619476619056513e+04 1.249984476988133297e-12
5.653031603028241079e+04 1.173513621586698562e-12
5.654443729439433810e+04 1.354206689626725227e-12
5.655855855859190342e+04 1.344286835331864004e-12
5.657267982271199435e+04 1.281854486033934447e-12
5.658680108679692785e+04 1.193263711948283283e-12
5.660092235091431212e+04 1.169808980747480162e-12
5.661504361498267826e+04 1.268882563068126069e-12
5.662916487921587395e+04 1.294069071860550115e-12
5.664328614332136203e+04 1.318789818312370741e-12
5.665740740738942986e+04 1.202655954702840186e-12
