5.299999999999965075e+04 -6.983894615169540118e-13
5.301412126410916972e+04 -8.202619381327827564e-13
5.302824252821375558e+04 -9.367263164212517940e-13
5.304236379239556118e+04 -1.032211391159589095e-12
5.305648505649076105e+04 -1.011867527743206767e-12
5.307060632061753859e+04 -9.069305745502777767e-13
5.308472758471425914e+04 -9.220696212925905436e-13
5.309884884879705351e+04 -9.087648488797649372e-13
5.311297011301514431e+04 -9.769147926064170124e-13
5.312709137710589857e+04 -1.063192081281527402e-12
5.314121264117877581e+04 -1.035751567207887549e-12
5.315533390530844918e+04 -1.183810179922525654e-12
5.316945516950063757e+04 -1.002196690993426486e-12
5.318357643361934606e+04 -1.242933208718332867e-12
5.319769769771995198e+04 -1.363902584232513143e-12
5.321181896181852790e+04 -1.295161860572868467e-12
5.322594022588188818e+04 -1.208809684300618263e-12
5.324006149009238288e+04 -1.157233746909584823e-12
5.325418275417621771e+04 -1.053405396078210520e-12
5.326830401830399205e+04 -1.224884697334332134e-12
5.328242528240427055e+04 -1.558037742625651928e-12
5.329654654649963777e+04 -1.585521404994092743e-12
5.331066781071438163e+04 -1.697493803459904290e-12
5.332478907479983900e+04 -1.876065294714576616e-12
5.333891033891785628e+04 -1.856493725727805473e-12
5.335303160298224248e+04 -1.936355557799367146e-12
5.336715286720523000e+04 -1.879425371667576842e-12
5.338127413129063643e+04 -2.096911392137053942e-12
5.339539539540467376e+04 -2.258124230033154204e-12
5.340951665949256858e+04 -2.442553509771092724e-12
5.342363792361620290e+04 -2.394690556062307434e-12
5.343775918782015651e+04 -2.533045005759709837e-12
5.345188045191348647e+04 -2.611941019439292127e-12
5.346600171597815643e+04 -2.733205913592815738e-12
5.348012298008675862e+04 -2.739548026673392483e-12
5.349424424420702417e+04 -2.833299234794100787e-12
5.350836550840790733e+04 -2.840302468964204575e-12
5.352248677248544845e+04 -2.978071971897692617e-12
5.353660803660583042e+04 -2.934291721852453568e-12
5.355072930068139249e+04 -3.099264208783430122e-12
5.356485056488811824e+04 -3.324057903379768575e-12
5.357897182900688495e+04 -3.412623767317301376e-12
5.359309309309573291e+04 -3.399397742687035295e-12
5.360721435720972659e+04 -3.478691612810529292e-12
5.362133562129354686e+04 -3.521606323502799734e-12
5.363545688549373881e+04 -3.703186271709697632e-12
5.364957814959915413e+04 -3.710943700328889570e-12
5.366369941372019821e+04 -3.584521941582396902e-12
5.367782067781117803e+04 -3.616780395969165932e-12
5.369194194187832909e+04 -3.599977094619624422e-12
5.370606320611420233e+04 -3.607624722409103342e-12
5.372018447020712483e+04 -3.620001420465163175e-12
5.373430573430422373e+04 -3.699611654229266599e-12
5.374842699840994464e+04 -3.583555179589537081e-12
5.376254826248188328e+04 -3.659725216107708923e-12
5.377666952670722821e+04 -3.610114113095242686e-12
5.379079079080343945e+04 -3.767866680781229801e-12
5.380491205488228297e+04 -3.836862262460464931e-12
5.381903331899309705e+04 -3.699436573375013661e-12
5.383315458320959442e+04 -3.652281406108384162e-12
5.384727584731254319e+04 -3.946386359769380701e-12
5.386139711141947919e+04 -3.829429947235499529e-12
5.387551837548323238e+04 -3.896053830992943663e-12
5.388963963958613022e+04 -3.865100290841789807e-12
5.390376090381184622e+04 -3.882988733203725555e-12
5.391788216788649879e+04 -3.974626446916263779e-12
5.393200343201785290e+04 -3.980236411495592670e-12
5.394612469609080290e+04 -3.821761731790449494e-12
5.396024596019201999e+04 -3.920385351729652191e-12
5.397436722441950405e+04 -3.816741603543232058e-12
5.398848848850419017e+04 -3.823343035302106675e-12
5.400260975261412386e+04 -3.730638194775799999e-12
5.401673101672322082e+04 -3.618720439379149579e-12
5.403085228092147736e+04 -3.736979535819292418e-12
5.404497354498985078e+04 -3.793760289884395318e-12
5.405909480911791616e+04 -3.797789122515863546e-12
5.407321607318142924e+04 -3.693956654153375868e-12
5.408733733728943480e+04 -3.759805069550974266e-12
5.410145860151093075e+04 -3.564655540211467885e-12
5.411557986561941652e+04 -3.515207422805606209e-12
5.412970112971978233e+04 -3.444526398390283513e-12
5.414382239378369559e+04 -3.430256751186358862e-12
5.415794365789421863e+04 -3.336911291444197596e-12
5.417206492210248689e+04 -3.378626342289960205e-12
5.418618618618837354e+04 -3.374743338885453335e-12
5.420030745028034289e+04 -3.324404119120955776e-12
5.421442871441779425e+04 -3.277869669669794607e-12
5.422854997850287327e+04 -3.290514950849158970e-12
5.424267124268961197e+04 -3.331652174828559032e-12
5.425679250677904929e+04 -3.319787337359135758e-12
5.427091377090914466e+04 -3.209324786083770096e-12
5.428503503499770159e+04 -3.043988069212981767e-12
5.429915629920651554e+04 -3.068274297107433680e-12
5.431327756330098782e+04 -3.069175178602465772e-12
5.432739882740097528e+04 -3.121342753745473893e-12
5.434152009148000070e+04 -3.013182588618143180e-12
5.435564135561473813e+04 -3.052015024556358269e-12
5.436976261980893469e+04 -2.892852888718936853e-12
5.438388388389382453e+04 -2.987661959208406950e-12
5.439800514798908262e+04 -2.920508801138989088e-12
5.441212641211634036e+04 -3.062365296830934273e-12
5.442624767621874344e+04 -3.092206417326063062e-12
5.444036894042122731e+04 -2.915398601898648377e-12
5.445449020450014359e+04 -3.048243194491935743e-12
5.446861146862155147e+04 -3.137920105575123092e-12
5.448273273269082711e+04 -3.083440879839072556e-12
5.449685399689462793e+04 -3.043394115349755523e-12
5.451097526101823314e+04 -3.017816355195809479e-12
5.452509652507877763e+04 -2.961488186425677671e-12
5.453921778918158816e+04 -2.832617011357613483e-12
5.455333905328557739e+04 -2.928216819384810430e-12
5.456746031748165115e+04 -2.977456315214218302e-12
5.458158158160929452e+04 -2.725719727335773130e-12
5.459570284571514640e+04 -2.819905849680421390e-12
5.460982410980705026e+04 -2.808598766113178291e-12
5.462394537387676246e+04 -2.702357198921277931e-12
5.463806663809291058e+04 -2.626112875279253881e-12
5.465218790221611562e+04 -2.720763077693233804e-12
5.466630916628378327e+04 -2.670036638440202927e-12
5.468043043040705379e+04 -2.499587663563516896e-12
5.469455169458012824e+04 -2.450111066567448369e-12
5.470867295868480142e+04 -2.425175641267320871e-12
5.472279422281166626e+04 -2.386846916635411831e-12
5.473691548688820330e+04 -2.302673600577769886e-12
5.475103675100335386e+04 -2.365414137803114520e-12
5.476515801521727553e+04 -2.153025363507347976e-12
5.477927927930169244e+04 -2.211283281859678075e-12
5.479340054342096118e+04 -2.145929484887174373e-12
5.480752180750617117e+04 -1.865808010017663462e-12
5.482164307159354212e+04 -1.760991794846469278e-12
5.483576433580087905e+04 -1.632579381370047558e-12
5.484988559991875809e+04 -1.600755669643421766e-12
5.486400686398274411e+04 -1.408887641038152501e-12
5.487812812809592288e+04 -1.372036766948655920e-12
5.489224939218390500e+04 -1.502196386127878551e-12
5.490637065640798392e+04 -1.250230589017408662e-12
5.492049192050360580e+04 -1.151328864164199396e-12
5.493461318460573239e+04 -1.051933035577283773e-12
5.494873444871721586e+04 -7.746502552834351957e-13
5.496285571291900851e+04 -6.923112993371786693e-13
5.497697697698254342e+04 -5.164656136801205775e-13
5.499109824107866734e+04 -5.440788067148629406e-13
5.500521950518100493e+04 -4.874679008082214364e-13
5.501934076928833383e+04 -3.035038163042916350e-13
5.503346203348975541e+04 -1.772908506980495913e-13
5.504758329759341723e+04 -9.996087135224251080e-14
5.506170456171798287e+04 4.316210828491815163e-14
5.507582582580289454e+04 -1.274401354600590053e-14
5.508994708991871448e+04 1.502450243344909615e-13
5.510406835408060579e+04 3.628331557617043734e-13
5.511818961820727418e+04 4.170953532952758190e-13
5.513231088230782188e+04 7.828148099879489352e-13
5.514643214638066274e+04 9.321954075359465519e-13
5.516055341060195497e+04 1.039703458673062509e-12
5.517467467469014082e+04 1.040211630638075976e-12
5.518879593881327310e+04 9.238361331188928371e-13
5.520291720288132638e+04 1.204025204124195434e-12
5.521703846700640861e+04 1.364362208839541329e-12
5.523115973120050330e+04 1.490497627609799062e-12
5.524528099532291526e+04 1.533214954154281292e-12
5.525940225938543881e+04 1.764865539002372220e-12
5.527352352348618297e+04 1.888110794058039529e-12
5.528764478758804034e+04 1.929780895189138557e-12
5.530176605179362377e+04 2.150687811977449193e-12
5.531588731588162773e+04 2.328195950821874014e-12
5.533000858000938752e+04 2.189459171204136600e-12
5.534412984411688376e+04 2.415395995376060881e-12
5.535825110828654579e+04 2.575238553230107386e-12
5.537237237239402748e+04 2.541703321070337000e-12
5.538649363648147846e+04 2.753712939376002479e-12
5.540061490060997312e+04 2.916039054747109584e-12
5.541473616468456021e+04 2.945349356856096801e-12
5.542885742891360860e+04 3.166007506139589696e-12
5.544297869299223385e+04 3.265830528579605854e-12
5.545709995709244686e+04 3.323262538815941733e-12
5.547122122121852590e+04 3.344383071538743598e-12
5.548534248530099285e+04 3.315076543833278136e-12
5.549946374947867298e+04 3.355395408503726678e-12
5.551358501357803470e+04 3.522285120859762259e-12
5.552770627768657869e+04 3.714251283956586647e-12
5.554182754181010387e+04 3.718811106537993367e-12
5.555594880590037792e+04 3.848666028414763658e-12
5.557007007010094821e+04 3.807306800882788749e-12
5.558419133417675766e+04 3.839121591291999907e-12
5.559831259827825124e+04 3.948329839651696204e-12
5.561243386242263659e+04 3.843677982597477906e-12
5.562655512661779358e+04 3.802555513104571022e-12
5.564067639071928716e+04 4.004966823255394736e-12
5.565479765479789057e+04 4.083947246322818881e-12
5.566891891889296676e+04 4.102007767172568926e-12
5.568304018300016469e+04 4.084289344532891697e-12
5.569716144718270516e+04 4.008937495759875261e-12
5.571128271132113150e+04 4.138798937060909152e-12
5.572540397542221763e+04 4.342850397105564626e-12
5.573952523951019975e+04 4.381830721036298871e-12
5.575364650359718507e+04 4.600949256810666770e-12
5.576776776780840009e+04 4.549486294179579687e-12
5.578188903191253485e+04 4.425133080126593518e-12
5.579601029598880268e+04 4.349962745850194959e-12
5.581013156007855287e+04 4.327128977056284342e-12
5.582425282432063977e+04 4.270929138005879676e-12
5.583837408839386626e+04 4.403942206247257314e-12
5.585249535248128086e+04 4.420536199765159356e-12
5.586661661661358812e+04 4.393762296822532055e-12
5.588073788070510636e+04 4.404387242735185301e-12
5.589485914488568960e+04 4.532467165574133493e-12
5.590898040901408240e+04 4.403903775956857737e-12
5.592310167309683311e+04 4.398291581048174935e-12
5.593722293722184986e+04 4.324434396069619914e-12
5.595134420131376828e+04 4.336445234329801871e-12
5.596546546552105428e+04 4.550185588213811530e-12
5.597958672960047261e+04 4.473980037989778879e-12
5.599370799367972359e+04 4.405008646805839698e-12
5.600782925777952914e+04 4.230534785265003308e-12
5.602195052201044746e+04 4.132928367074809321e-12
5.603607178610504343e+04 4.159869030027562129e-12
5.605019305021990294e+04 4.166517127139064283e-12
5.606431431431387318e+04 3.977116185926398887e-12
5.607843557840063295e+04 3.928941071890017217e-12
5.609255684260415001e+04 3.920719734765290134e-12
5.610667810668629681e+04 4.012898217564162656e-12
5.612079937080586387e+04 3.985566389155558259e-12
5.613492063489495195e+04 3.872986912196093797e-12
5.614904189901302743e+04 3.847009408396475976e-12
5.616316316321813792e+04 3.898599671364510696e-12
5.617728442727678339e+04 3.866432145789847525e-12
5.619140569137650164e+04 3.887316263601174803e-12
5.620552695549924829e+04 3.738132621291474106e-12
5.621964821957788081e+04 3.793695272401953711e-12
5.623376948379790701e+04 3.890688178456128228e-12
5.624789074790447194e+04 3.901027299083936292e-12
5.626201201200039941e+04 3.748089840908438451e-12
5.627613327607892279e+04 3.772141712656972363e-12
5.629025454030447145e+04 3.734499243210767157e-12
5.630437580439847079e+04 3.621390320375532449e-12
5.631849706847715424e+04 3.742691757617694759e-12
5.633261833259259583e+04 3.640716982042905866e-12
5.634673959670164186e+04 3.655750088140924922e-12
5.636086086087982403e+04 3.616345315377833401e-12
5.637498212501093803e+04 3.596840570489770021e-12
5.638910338909604616e+04 3.570561457536035144e-12
5.640322465317847673e+04 3.639842692936319747e-12
5.641734591731427645e+04 3.535916207613389715e-12
5.643146718150362722e+04 3.584269747998054382e-12
5.644558844561926526e+04 3.510667506820988477e-12
5.645970970970334747e+04 3.370325576323890967e-12
5.647383097381780681e+04 3.270995628234802872e-12
5.648795223798785446e+04 3.144041163900408159e-12
5.650207350210371078e+04 3.105419751431796898e-12
5.651619476620426576e+04 3.156671690593280153e-12
5.653031603029550752e+04 3.238015576520266524e-12
5.654443729439540039e+04 3.244412847361394351e-12
5.655855855858615541e+04 3.250576791439382471e-12
5.657267982269752247e+04 3.099828487306278244e-12
5.658680108678906981e+04 2.993954409766321863e-12
5.660092235087660083e+04 2.932809072720145003e-12
5.661504361501098901e+04 2.809662295283625851e-12
5.662916487918321945e+04 2.747031558887993830e-12
5.664328614331689460e+04 2.662177477686134166e-12
5.665740740738560271e+04 2.771552829183549004e-12
