5.300000000000025466e+04 7.663563695835442710e-12
5.301412126411450299e+04 7.529355751497964423e-12
5.302824252817851811e+04 7.665093643055343062e-12
5.304236379241501709e+04 7.704643698706244579e-12
5.305648505649276194e+04 7.624704919753575895e-12
5.307060632060279022e+04 7.532269617790703695e-12
5.308472758467942913e+04 7.510777744437476897e-12
5.309884884879852325e+04 7.464191489318495967e-12
5.311297011299472069e+04 7.392220279704841298e-12
5.312709137711171934e+04 7.389135308892109058e-12
5.314121264121068089e+04 7.324700260219694717e-12
5.315533390530031465e+04 7.238012289850367351e-12
5.316945516950641468e+04 7.222988884409417221e-12
5.318357643358233327e+04 7.036086414308746439e-12
5.319769769768392143e+04 7.202391106351417273e-12
5.321181896181282355e+04 7.064108076269276315e-12
5.322594022590951499e+04 7.073287388697378016e-12
5.324006149010013178e+04 6.903819653223205142e-12
5.325418275420639839e+04 6.931794088358129838e-12
5.326830401828586764e+04 7.111207232846792772e-12
5.328242528240560932e+04 7.021805285990658775e-12
5.329654654650419252e+04 7.046701240910610423e-12
5.331066781067957345e+04 6.848614049119685707e-12
5.332478907480191992e+04 6.784303146007599729e-12
5.333891033889268874e+04 6.842231998880440890e-12
5.335303160299658339e+04 6.725913398878590585e-12
5.336715286720807489e+04 6.650623289066907947e-12
5.338127413128157059e+04 6.523522796537361428e-12
5.339539539542028797e+04 6.562892413570538822e-12
5.340951665950880124e+04 6.490235137471129094e-12
5.342363792359580111e+04 6.272975338049695777e-12
5.343775918781696964e+04 6.346780893615652675e-12
5.345188045189851255e+04 6.118338886322780749e-12
5.346600171598928137e+04 5.916463740469047832e-12
5.348012298012286919e+04 5.737696771046256238e-12
5.349424424422002630e+04 5.782411838343745274e-12
5.350836550838672702e+04 5.802481343559308109e-12
5.352248677250058245e+04 5.664114986564973934e-12
5.353660803661192040e+04 5.592298644674377703e-12
5.355072930071238079e+04 5.420973073465532537e-12
5.356485056489341514e+04 5.262956400845562323e-12
5.357897182901231281e+04 5.148513686621677925e-12
5.359309309309632226e+04 5.031872576028915259e-12
5.360721435720334557e+04 4.949875680039271367e-12
5.362133562130648352e+04 4.700803874406117579e-12
5.363545688551083731e+04 4.546212259316426145e-12
5.364957814957911614e+04 4.395723196532710504e-12
5.366369941370001470e+04 4.376078155805571786e-12
5.367782067781240039e+04 4.266954847034670677e-12
5.369194194188537949e+04 4.097255098446922609e-12
5.370606320608485839e+04 4.066197155459394215e-12
5.372018447018239385e+04 4.045592412886972408e-12
5.373430573431836092e+04 3.954982679115622300e-12
5.374842699841561262e+04 3.893069711892118303e-12
5.376254826247784513e+04 3.754026024962664626e-12
5.377666952669673628e+04 3.674525227425818788e-12
5.379079079078065843e+04 3.624919092917353805e-12
5.380491205489352433e+04 3.658446182923172762e-12
5.381903331897929456e+04 3.487779974026442643e-12
5.383315458321141341e+04 3.165271855722116156e-12
5.384727584730875242e+04 3.087851181439413950e-12
5.386139711141401494e+04 2.935846079859569385e-12
5.387551837551542849e+04 2.887098764762633597e-12
5.388963963961679110e+04 2.795638948130389850e-12
5.390376090377810760e+04 2.697838373823696677e-12
5.391788216788302816e+04 2.591408560097783632e-12
5.393200343202018848e+04 2.540755193397102882e-12
5.394612469610117842e+04 2.495512388989055461e-12
5.396024596018596640e+04 2.284903659630209735e-12
5.397436722440786980e+04 2.301056552711812602e-12
5.398848848850504146e+04 2.187375896480154210e-12
5.400260975261111162e+04 2.070496838513006964e-12
5.401673101669561584e+04 2.021660014982201500e-12
5.403085228091551835e+04 1.912879080091866261e-12
5.404497354500253277e+04 1.748528408261146186e-12
5.405909480907979014e+04 1.547131135243118016e-12
5.407321607318226597e+04 1.429325673227449748e-12
5.408733733730010135e+04 1.516221548775815367e-12
5.410145860148400243e+04 1.455883468434796966e-12
5.411557986559310666e+04 1.320844088826814455e-12
5.412970112972211791e+04 1.356348276725508840e-12
5.414382239379142266e+04 1.251327685101162449e-12
5.415794365789651783e+04 1.046075615165934869e-12
5.417206492210154101e+04 1.004398642141802628e-12
5.418618618620747293e+04 8.989633116231361776e-13
5.420030745031626429e+04 9.521090678636096707e-13
5.421442871438176371e+04 8.539990877919571681e-13
5.422854997850242216e+04 7.892455877278640975e-13
5.424267124268542830e+04 6.711870954249219232e-13
5.425679250681657868e+04 7.345488464887192515e-13
5.427091377089005255e+04 6.261139119716659311e-13
5.428503503499750514e+04 4.030803240439131247e-13
5.429915629920221545e+04 4.057129929156082208e-13
5.431327756329023396e+04 3.653099078784811669e-13
5.432739882739301538e+04 4.000433012343138376e-13
5.434152009150183585e+04 2.887088209497370573e-13
5.435564135559225542e+04 9.469409805929873001e-14
5.436976261978235561e+04 -2.314301334735106654e-14
5.438388388389017928e+04 -4.904803986570489630e-14
5.439800514799026132e+04 -5.393984885928225063e-14
5.441212641208153946e+04 -2.086339947885074359e-13
5.442624767620398052e+04 -1.989690620175333503e-13
5.444036894039715116e+04 -2.668644234988518858e-13
5.445449020450525859e+04 -3.989426069631282939e-13
5.446861146860637382e+04 -4.261584457579657241e-13
5.448273273270166828e+04 -3.681193969587125619e-13
5.449685399688729376e+04 -3.883664354768119992e-13
5.451097526099158131e+04 -5.728527135948838836e-13
5.452509652511702006e+04 -5.905236235595520681e-13
5.453921778919698409e+04 -6.990722980754451391e-13
5.455333905332152062e+04 -7.837126599946450360e-13
5.456746031749301619e+04 -8.114113168425282998e-13
5.458158158159875165e+04 -8.893420078736512078e-13
5.459570284568156785e+04 -1.008211186139338260e-12
5.460982410981408611e+04 -1.228690074788803514e-12
5.462394537389505422e+04 -1.276321748853641730e-12
5.463806663812213083e+04 -1.439863053446241055e-12
5.465218790222181269e+04 -1.402181486352366507e-12
5.466630916631363652e+04 -1.448978407730067687e-12
5.468043043041653436e+04 -1.374061002465307888e-12
5.469455169460586330e+04 -1.503234694944720153e-12
5.470867295869861846e+04 -1.431100457999395606e-12
5.472279422280407016e+04 -1.471428375732941590e-12
5.473691548692029755e+04 -1.641156806581267075e-12
5.475103675097894302e+04 -1.612557131133879379e-12
5.476515801519391971e+04 -1.676385216192919725e-12
5.477927927929545694e+04 -1.746682469736693383e-12
5.479340054339744529e+04 -1.723133344759524522e-12
5.480752180749532999e+04 -1.685777172966678475e-12
5.482164307161358738e+04 -1.697497338064513473e-12
5.483576433578279830e+04 -1.692588385650821018e-12
5.484988559992003866e+04 -1.979949690429618953e-12
5.486400686398583639e+04 -2.121215428350898470e-12
5.487812812808345188e+04 -2.215097412436695079e-12
5.489224939218884538e+04 -2.217652441396138765e-12
5.490637065641159279e+04 -2.038224790936609207e-12
5.492049192049098201e+04 -2.143536161340598307e-12
5.493461318458650203e+04 -2.137389585867066921e-12
5.494873444870542880e+04 -2.212066323887904723e-12
5.496285571287861967e+04 -2.328900050696094630e-12
5.497697697700514254e+04 -2.218648078487431572e-12
5.499109824111882335e+04 -2.290571978855191498e-12
5.500521950521937106e+04 -2.233174489585625682e-12
5.501934076928975264e+04 -2.216517019494677855e-12
5.503346203350586438e+04 -2.401063299583152020e-12
5.504758329761649657e+04 -2.332442804399085545e-12
5.506170456169368117e+04 -2.174025734015084182e-12
5.507582582579030714e+04 -2.174679821428701503e-12
5.508994708991894004e+04 -2.237155719226173188e-12
5.510406835408217012e+04 -2.253643733202908006e-12
5.511818961821387347e+04 -2.162420957321868893e-12
5.513231088232013281e+04 -2.203431974410765849e-12
5.514643214641246595e+04 -2.243271964033347200e-12
5.516055341060764476e+04 -2.184413987242447803e-12
5.517467467471263080e+04 -2.188738085285294519e-12
5.518879593879914319e+04 -2.227899591088710155e-12
5.520291720291903766e+04 -2.222472379897695692e-12
5.521703846701546718e+04 -2.134213437609611545e-12
5.523115973118932743e+04 -2.103645400819983978e-12
5.524528099530662439e+04 -2.158065209888040674e-12
5.525940225938510412e+04 -2.184586740168221537e-12
5.527352352351255831e+04 -2.296334805463072062e-12
5.528764478758534824e+04 -2.206544164523946155e-12
5.530176605177934835e+04 -2.376827119076760004e-12
5.531588731591523538e+04 -2.362064656270828751e-12
5.533000857999396248e+04 -2.528552321355111726e-12
5.534412984409254568e+04 -2.387934077224328485e-12
5.535825110829016921e+04 -2.462370148001244695e-12
5.537237237240932882e+04 -2.420901533467740480e-12
5.538649363647973951e+04 -2.537500527292817372e-12
5.540061490058177878e+04 -2.556154546464848135e-12
5.541473616469678382e+04 -2.685098121497332441e-12
5.542885742890425172e+04 -2.634259309146369208e-12
5.544297869300413731e+04 -2.600436659984144572e-12
5.545709995712031377e+04 -2.602724647207182080e-12
5.547122122120331915e+04 -2.576126630898795716e-12
5.548534248528471653e+04 -2.555573648267875186e-12
5.549946374951647158e+04 -2.509138716799524895e-12
5.551358501358721696e+04 -2.572523215863090052e-12
5.552770627767909173e+04 -2.594168102482872431e-12
5.554182754179857147e+04 -2.655224393222361340e-12
5.555594880588450906e+04 -2.793415524682251440e-12
5.557007007011988026e+04 -2.679153970253620098e-12
5.558419133421418519e+04 -2.793625861259815657e-12
5.559831259831410716e+04 -2.890077380275922575e-12
5.561243386238771200e+04 -2.900397059822826273e-12
5.562655512658633961e+04 -2.908327869712939379e-12
5.564067639069601864e+04 -2.916086586039590411e-12
5.565479765479685739e+04 -3.088805224973355043e-12
5.566891891890155239e+04 -3.111884883984298481e-12
5.568304018301110045e+04 -3.068010915736200452e-12
5.569716144721018645e+04 -2.922877358492057349e-12
5.571128271128567576e+04 -3.043050096048794595e-12
5.572540397538885009e+04 -2.947231564852318139e-12
5.573952523952033516e+04 -2.939585599481038559e-12
5.575364650361279928e+04 -2.806411555854027918e-12
5.576776776780366345e+04 -2.943667711555339151e-12
5.578188903191126155e+04 -2.858494584887950724e-12
5.579601029599781759e+04 -2.862636039570341936e-12
5.581013156012212130e+04 -2.897205746232192210e-12
5.582425282428515493e+04 -2.796900913864088330e-12
5.583837408841404249e+04 -2.931677207909537251e-12
5.585249535248778557e+04 -2.931816333357393289e-12
5.586661661658441153e+04 -2.876191209982791228e-12
5.588073788072200114e+04 -2.806302101710216786e-12
5.589485914489870629e+04 -2.762746605458870383e-12
5.590898040899034095e+04 -2.787424558714378906e-12
5.592310167310416728e+04 -2.919722969190901706e-12
5.593722293720778544e+04 -2.946071746545308432e-12
5.595134420131873048e+04 -2.975975146124324843e-12
5.596546546549922641e+04 -2.862537135223524639e-12
5.597958672959664545e+04 -2.904243779551702190e-12
5.599370799369801534e+04 -2.857407955797586196e-12
5.600782925778227218e+04 -2.964361797721052316e-12
5.602195052199169004e+04 -2.962495802377768180e-12
5.603607178611458221e+04 -2.970603321367527808e-12
5.605019305018397426e+04 -2.937274534577077191e-12
5.606431431430892553e+04 -2.998940076092959828e-12
5.607843557840282301e+04 -3.016468563798211451e-12
5.609255684261454007e+04 -3.114085835382136653e-12
5.610667810669740720e+04 -3.146043148563389217e-12
5.612079937078395596e+04 -3.246818106260030383e-12
5.613492063489495195e+04 -3.170978253120622553e-12
5.614904189900083293e+04 -3.130356919158185804e-12
5.616316316319310135e+04 -3.146573935224641252e-12
5.617728442730820825e+04 -3.253819215290061943e-12
5.619140569140553271e+04 -3.247989133726345988e-12
5.620552695549209602e+04 -3.305642455573012085e-12
5.621964821960734116e+04 -3.317152284093282461e-12
5.623376948379354872e+04 -3.332193657157238258e-12
5.624789074788503058e+04 -3.328948275857010491e-12
5.626201201197777118e+04 -3.428908921098190629e-12
5.627613327607858082e+04 -3.517933383030639826e-12
5.629025454031086701e+04 -3.553929949735905580e-12
5.630437580437928409e+04 -3.533713901246475683e-12
5.631849706847967173e+04 -3.599391662431575265e-12
5.633261833258748811e+04 -3.764314001386898381e-12
5.634673959668689349e+04 -3.688623164130028359e-12
5.636086086092034384e+04 -3.749467140205016050e-12
5.637498212501609669e+04 -3.697788300268419671e-12
5.638910338911886356e+04 -3.622470662080206234e-12
5.640322465317825117e+04 -3.703310459632378239e-12
5.641734591731555702e+04 -3.731581278126598593e-12
5.643146718148401123e+04 -3.673736081847107287e-12
5.644558844558115379e+04 -3.690884776860580473e-12
5.645970970970534836e+04 -3.752297123248611895e-12
5.647383097378925595e+04 -3.817858836666779299e-12
5.648795223799688392e+04 -3.855735245323883749e-12
5.650207350208558637e+04 -4.081917617973139350e-12
5.651619476618995395e+04 -4.140046999409151714e-12
5.653031603029798134e+04 -4.205856633056674628e-12
5.654443729438908485e+04 -4.322740471400584642e-12
5.655855855859175790e+04 -4.376624878271204046e-12
5.657267982271577057e+04 -4.354815810435705979e-12
5.658680108681662387e+04 -4.342568814850490927e-12
5.660092235092226474e+04 -4.349053643190137479e-12
5.661504361501827225e+04 -4.355480447646316731e-12
5.662916487921430962e+04 -4.219359713846466812e-12
5.664328614331874269e+04 -4.185092654485877008e-12
5.665740740740664478e+04 -4.322177375986039040e-12
