5.300000000000008004e+04 -3.825096620391206908e-12
5.301412126411288773e+04 -3.935795813108021227e-12
5.302824252819045796e+04 -4.059549584247564371e-12
5.304236379240425595e+04 -3.967038969937519993e-12
5.305648505649747676e+04 -3.760048846946599347e-12
5.307060632057875046e+04 -3.741167995789730208e-12
5.308472758470661938e+04 -3.662683482745505076e-12
5.309884884879874153e+04 -3.668279554250016767e-12
5.311297011300055601e+04 -3.461165813048031278e-12
5.312709137711309450e+04 -3.567844086550955457e-12
5.314121264118158433e+04 -3.593708009847737561e-12
5.315533390530554607e+04 -3.599025100462679378e-12
5.316945516948517616e+04 -3.369141229362953863e-12
5.318357643361669761e+04 -3.313956164751581541e-12
5.319769769769039704e+04 -3.281594123126168445e-12
5.321181896182159107e+04 -3.341595043118280374e-12
5.322594022588751977e+04 -3.488755847145967784e-12
5.324006149010486115e+04 -3.441736002274430380e-12
5.325418275419715792e+04 -3.499736417802117199e-12
5.326830401831572817e+04 -3.458603771783031169e-12
5.328242528238295199e+04 -3.624437041983221742e-12
5.329654654650522571e+04 -3.680608381785172204e-12
5.331066781070375873e+04 -3.495089148371937421e-12
5.332478907478110341e+04 -3.511856860352906256e-12
5.333891033889659593e+04 -3.582995996524685165e-12
5.335303160299167212e+04 -3.531320224640939062e-12
5.336715286721324082e+04 -3.550158261685683598e-12
5.338127413130694913e+04 -3.466126219897876610e-12
5.339539539541233535e+04 -3.507168844292877089e-12
5.340951665949081507e+04 -3.587497163874052605e-12
5.342363792361996457e+04 -3.594951126638517554e-12
5.343775918780115171e+04 -3.648466440877020251e-12
5.345188045189323748e+04 -3.750632111269240220e-12
5.346600171600246540e+04 -3.676599016782123938e-12
5.348012298011515668e+04 -3.679566629153530645e-12
5.349424424417915725e+04 -3.764806597460884338e-12
5.350836550841969438e+04 -3.902102151375039268e-12
5.352248677249599859e+04 -3.783073406381886539e-12
5.353660803661480895e+04 -3.824564157560133516e-12
5.355072930067727430e+04 -3.882752154031787579e-12
5.356485056490657007e+04 -3.755638347309529017e-12
5.357897182899794279e+04 -3.768189515334411153e-12
5.359309309311607649e+04 -3.792945806538289116e-12
5.360721435722157912e+04 -3.729213167183729907e-12
5.362133562131943472e+04 -3.658703407074695333e-12
5.363545688547886675e+04 -3.798060499252954893e-12
5.364957814958395466e+04 -3.698601852320314996e-12
5.366369941370058950e+04 -3.613926565109497717e-12
5.367782067779367935e+04 -3.473625494982216422e-12
5.369194194191397401e+04 -3.526473270880969614e-12
5.370606320608017268e+04 -3.566513855533040317e-12
5.372018447017994185e+04 -3.716281065549559859e-12
5.373430573431103403e+04 -3.570026680209553594e-12
5.374842699837730470e+04 -3.575525666192204809e-12
5.376254826248106110e+04 -3.424047786882777124e-12
5.377666952672157640e+04 -3.551079066604199705e-12
5.379079079080202791e+04 -3.444809788475200725e-12
5.380491205489950516e+04 -3.526905030096200704e-12
5.381903331898430042e+04 -3.349072178913251356e-12
5.383315458321006008e+04 -3.236902564804840969e-12
5.384727584728726652e+04 -3.370966557777065434e-12
5.386139711139454448e+04 -3.272039942950025903e-12
5.387551837548911863e+04 -3.344929375158329567e-12
5.388963963961410627e+04 -3.395113544725291467e-12
5.390376090380676760e+04 -3.094443043181784505e-12
5.391788216789119178e+04 -3.035698290962317834e-12
5.393200343200442876e+04 -2.950739414099357420e-12
5.394612469611528650e+04 -2.770446689733862516e-12
5.396024596018181182e+04 -2.583210670725987504e-12
5.397436722438583820e+04 -2.630596158452482403e-12
5.398848848849764909e+04 -2.470021184840020087e-12
5.400260975260795385e+04 -2.423184441367519625e-12
5.401673101669939933e+04 -2.326162150006540184e-12
5.403085228089435259e+04 -2.197227408270005586e-12
5.404497354501457448e+04 -2.184094243984529193e-12
5.405909480908535625e+04 -2.223278029523533575e-12
5.407321607320977637e+04 -1.955644344133154077e-12
5.408733733731534448e+04 -1.751642594481491082e-12
5.410145860149659711e+04 -1.828103774611164138e-12
5.411557986560017162e+04 -1.696680128795130366e-12
5.412970112970747869e+04 -1.550478636543342896e-12
5.414382239377835504e+04 -1.747841183737335361e-12
5.415794365791437303e+04 -1.713901566990508778e-12
5.417206492211644945e+04 -1.524018309218857882e-12
5.418618618617923494e+04 -1.493045529537584297e-12
5.420030745029995887e+04 -1.521725299084976010e-12
5.421442871438560542e+04 -1.431807221403497808e-12
5.422854997849075880e+04 -1.369342379409384056e-12
5.424267124269402848e+04 -1.402324234992017311e-12
5.425679250682295969e+04 -1.268438390075878064e-12
5.427091377088749141e+04 -1.137213222558306217e-12
5.428503503499789076e+04 -1.226924552012219821e-12
5.429915629921839718e+04 -1.168107782493484589e-12
5.431327756331640558e+04 -1.178216047919500551e-12
5.432739882738435699e+04 -1.106188583529951848e-12
5.434152009151662060e+04 -1.058113935044908023e-12
5.435564135559761780e+04 -1.089864432642204037e-12
5.436976261980266281e+04 -9.597544995221541559e-13
5.438388388390540786e+04 -8.776699398929118378e-13
5.439800514801793179e+04 -6.615251776756171209e-13
5.441212641207713750e+04 -5.558163595335081488e-13
5.442624767622231593e+04 -4.376950669691748285e-13
5.444036894040812331e+04 -3.657215294089826284e-13
5.445449020450573153e+04 -4.663812112535831808e-13
5.446861146858744905e+04 -4.308525620877324474e-13
5.448273273271201469e+04 -3.092263701956091013e-13
5.449685399689304177e+04 -3.497071562822025446e-13
5.451097526099710376e+04 -2.503949560107547593e-13
5.452509652508399449e+04 -2.832717145777093168e-13
5.453921778919230564e+04 -1.266852588553484716e-13
5.455333905328300170e+04 1.025423589120488459e-13
5.456746031750881230e+04 1.905433636534335519e-13
5.458158158160626772e+04 4.111792142440017447e-13
5.459570284570725926e+04 4.374777610804174024e-13
5.460982410980894201e+04 5.917670717043451653e-13
5.462394537391162885e+04 6.601042525220540120e-13
5.463806663808109442e+04 8.124344513996169066e-13
5.465218790220940718e+04 7.246729300218279918e-13
5.466630916628018167e+04 7.548879774490769875e-13
5.468043043041859346e+04 7.857980435013226948e-13
5.469455169459713943e+04 9.531092189482215536e-13
5.470867295868793735e+04 9.410964577659555643e-13
5.472279422281475127e+04 8.696787283575331312e-13
5.473691548690829222e+04 9.346286840469741921e-13
5.475103675099240354e+04 9.106605343155917153e-13
5.476515801519063098e+04 1.103373141581465215e-12
5.477927927931638988e+04 1.030490773270936477e-12
5.479340054342168878e+04 1.175841841146674619e-12
5.480752180748399405e+04 1.130963003389211783e-12
5.482164307161288161e+04 1.123595874880323990e-12
5.483576433580835146e+04 1.278018882691410282e-12
5.484988559988253110e+04 1.271828840758124058e-12
5.486400686401750863e+04 1.251149366166536843e-12
5.487812812811665935e+04 1.398809984034362000e-12
5.489224939220401575e+04 1.484000074331815356e-12
5.490637065640106448e+04 1.448845294877477407e-12
5.492049192048834811e+04 1.466545699800047452e-12
5.493461318458343158e+04 1.455173168962473497e-12
5.494873444870509411e+04 1.548889383874504056e-12
5.496285571291380620e+04 1.621346367706818495e-12
5.497697697697942931e+04 1.727797584276074255e-12
5.499109824108062458e+04 1.680591450636991716e-12
5.500521950518309313e+04 1.823747369206561768e-12
5.501934076932193420e+04 1.696948681241149814e-12
5.503346203350817086e+04 1.798420711329889947e-12
5.504758329761998175e+04 1.849448241375126047e-12
5.506170456169611862e+04 2.061493358530003050e-12
5.507582582580723101e+04 2.069487623329170027e-12
5.508994708990040817e+04 2.097217384770902483e-12
5.510406835411122302e+04 2.292129276307494904e-12
5.511818961820438562e+04 2.110114339206386223e-12
5.513231088230367459e+04 2.102180720553971506e-12
5.514643214638173959e+04 1.962784863083043811e-12
5.516055341058913473e+04 2.144284307936757876e-12
5.517467467469914118e+04 2.092449081482502486e-12
5.518879593881961773e+04 2.204126893244593296e-12
5.520291720290318335e+04 2.220097504663205230e-12
5.521703846702336159e+04 2.280430083270368910e-12
5.523115973117742396e+04 2.321058866629860723e-12
5.524528099527847371e+04 2.379126862984432578e-12
5.525940225938481308e+04 2.518022389744653520e-12
5.527352352351898298e+04 2.480886962270245947e-12
5.528764478759476333e+04 2.241138271782461787e-12
5.530176605181036575e+04 2.417476591715403242e-12
5.531588731588225346e+04 2.467529648448051134e-12
5.533000857998491847e+04 2.437949490369615393e-12
5.534412984410872741e+04 2.431135757949842278e-12
5.535825110829877667e+04 2.521631524637173968e-12
5.537237237239500246e+04 2.715755016265986601e-12
5.538649363648732833e+04 2.649164857971199043e-12
5.540061490058392519e+04 2.901599619702351515e-12
5.541473616470271372e+04 2.986901181752500308e-12
5.542885742888475943e+04 2.953016525576167936e-12
5.544297869301938044e+04 2.901771220731230207e-12
5.545709995711474039e+04 2.924862241107169658e-12
5.547122122118391417e+04 3.025525196465373221e-12
5.548534248532102356e+04 3.096492214737704837e-12
5.549946374948956509e+04 3.102723606316503819e-12
5.551358501360380615e+04 3.065382119775290189e-12
5.552770627768005215e+04 3.199889759985830445e-12
5.554182754179176845e+04 3.159079727346840390e-12
5.555594880589066452e+04 3.270958084889668540e-12
5.557007007011123642e+04 3.255644243673953380e-12
5.558419133420693834e+04 3.313951378811741983e-12
5.559831259829562623e+04 3.300864216006898184e-12
5.561243386240774271e+04 3.144483302480774669e-12
5.562655512661967077e+04 3.152326641073819535e-12
5.564067639067701384e+04 2.965615762563958688e-12
5.565479765480905917e+04 2.985473240660786823e-12
5.566891891888002283e+04 3.055955089759099953e-12
5.568304018298812298e+04 2.947191049684153812e-12
5.569716144720592274e+04 3.199369443613126054e-12
5.571128271131066867e+04 3.150481757723184160e-12
5.572540397538891557e+04 3.054735964377227087e-12
5.573952523949115857e+04 2.987426322250514473e-12
5.575364650361017993e+04 3.220484640094305657e-12
5.576776776779472129e+04 3.132936413971287865e-12
5.578188903191479767e+04 3.122982175974807442e-12
5.579601029598245805e+04 3.084536653898398614e-12
5.581013156011566025e+04 3.024170306414066107e-12
5.582425282427953061e+04 3.082588396433980738e-12
5.583837408841490105e+04 3.050210245675836131e-12
5.585249535248536267e+04 3.113291197388092641e-12
5.586661661661538528e+04 3.097217901016456746e-12
5.588073788068628346e+04 3.116564021830441501e-12
5.589485914491242147e+04 3.115801120870727665e-12
5.590898040899247280e+04 3.160194100293413677e-12
5.592310167308584641e+04 3.169369586632733862e-12
5.593722293719684967e+04 3.296787830120081271e-12
5.595134420129330829e+04 3.048512153566771632e-12
5.596546546547727485e+04 3.095368193540511597e-12
5.597958672960449621e+04 2.925586549064404489e-12
5.599370799367738800e+04 2.983050151433728954e-12
5.600782925779102516e+04 2.982105312033758338e-12
5.602195052199639031e+04 2.847858174589949547e-12
5.603607178608731920e+04 2.966305612483266153e-12
5.605019305021729815e+04 2.865941063733514117e-12
5.606431431430470548e+04 2.857819993354773902e-12
5.607843557839350979e+04 2.859616635452311126e-12
5.609255684258435940e+04 2.735423664314972159e-12
5.610667810671103507e+04 2.606782849641958785e-12
5.612079937078699732e+04 2.333944794493207835e-12
5.613492063490947476e+04 2.512597316253356345e-12
5.614904189900181518e+04 2.526377774781300305e-12
5.616316316320573242e+04 2.476907058889626142e-12
5.617728442732099211e+04 2.419475847075953424e-12
5.619140569139023137e+04 2.410225242213951655e-12
5.620552695548419433e+04 2.426234446635042593e-12
5.621964821961675625e+04 2.449346141833738221e-12
5.623376948378851375e+04 2.263849564580440870e-12
5.624789074787891877e+04 2.236467829321775977e-12
5.626201201200769719e+04 2.142261621110416956e-12
5.627613327612139256e+04 1.953099397782397728e-12
5.629025454032180278e+04 1.827954006476744616e-12
5.630437580441297177e+04 1.825985074189570160e-12
5.631849706850124494e+04 1.847686746476275131e-12
5.633261833260169806e+04 1.657345369090378717e-12
5.634673959670822660e+04 1.568324406426341583e-12
5.636086086091304605e+04 1.457820235436059848e-12
5.637498212499477086e+04 1.272458044530679263e-12
5.638910338909536949e+04 1.242139795279837503e-12
5.640322465321447817e+04 1.102754964381046839e-12
5.641734591730058310e+04 1.035268897100145759e-12
5.643146718150538800e+04 9.753367208936992291e-13
5.644558844559163117e+04 9.294923689135091964e-13
5.645970970971688075e+04 7.901640491969195581e-13
5.647383097380396794e+04 6.136596415211680279e-13
5.648795223801016255e+04 3.980308884218368820e-13
5.650207350209090509e+04 2.972555998599898082e-13
5.651619476622098591e+04 2.502741326281941889e-13
5.653031603029922553e+04 8.669217833599305678e-14
5.654443729438827722e+04 6.210292247096831191e-14
5.655855855859463190e+04 1.174921509570605060e-13
5.657267982269974891e+04 4.438459936867608902e-14
5.658680108678971737e+04 -4.551327774364207445e-15
5.660092235087895097e+04 -6.630633418717258607e-14
5.661504361498609069e+04 -1.470876908219990022e-13
5.662916487920893996e+04 -2.717038066650867635e-13
5.664328614332138386e+04 -4.122926014090623791e-13
5.665740740741643822e+04 -5.544602634508734898e-13
