5.299999999999734428e+04 3.297314377646689491e-12
5.301412126410915516e+04 3.058805159473814259e-12
5.302824252818697278e+04 3.121917454833708096e-12
5.304236379240883252e+04 3.161787795041770702e-12
5.305648505649156868e+04 2.998060032213717989e-12
5.307060632057711337e+04 2.959218956879989711e-12
5.308472758470125700e+04 2.878115763450343924e-12
5.309884884877230070e+04 2.879184595896759349e-12
5.311297011298219149e+04 2.855866708824324951e-12
5.312709137710104551e+04 2.687555711637564307e-12
5.314121264118746330e+04 2.474452134409108218e-12
5.315533390528382006e+04 2.387813657778670960e-12
5.316945516949694138e+04 2.331553988947556758e-12
5.318357643362440285e+04 2.151937813927890408e-12
5.319769769768352853e+04 2.122009376538894612e-12
5.321181896182213677e+04 2.155263973539338099e-12
5.322594022591339308e+04 2.113614729477175871e-12
5.324006149010595254e+04 1.940225169502602628e-12
5.325418275417186669e+04 1.872566935466244608e-12
5.326830401830244955e+04 1.720434249258845162e-12
5.328242528241157561e+04 1.770552929302852017e-12
5.329654654648442374e+04 1.568706608553953215e-12
5.331066781071234436e+04 1.361898367510404169e-12
5.332478907478642941e+04 1.202386752443295267e-12
5.333891033892765699e+04 1.089496913292986900e-12
5.335303160300467425e+04 1.025549169250820634e-12
5.336715286722555902e+04 8.767823231158867902e-13
5.338127413130910281e+04 7.492548529630406591e-13
5.339539539542466810e+04 5.295266989677207824e-13
5.340951665949687595e+04 3.940507188283813539e-13
5.342363792360645311e+04 2.658416252797328893e-13
5.343775918782431836e+04 9.787598357054900684e-14
5.345188045187346870e+04 6.046030038771453098e-14
5.346600171598442103e+04 3.453987178384103138e-14
5.348012298008801736e+04 -2.593811792023609256e-14
5.349424424420107243e+04 -2.001503560161920675e-13
5.350836550838671246e+04 -4.014990623350317109e-13
5.352248677248442254e+04 -5.749312378829594430e-13
5.353660803659009980e+04 -7.627838461204860798e-13
5.355072930068253481e+04 -1.006688746213623872e-12
5.356485056488047849e+04 -1.195191368944862085e-12
5.357897182902218628e+04 -1.348302858672185826e-12
5.359309309311659308e+04 -1.444227748514580429e-12
5.360721435718667635e+04 -1.510418595715838080e-12
5.362133562131592043e+04 -1.492521409574115754e-12
5.363545688552018692e+04 -1.706066410764717417e-12
5.364957814962779230e+04 -1.738509336315041813e-12
5.366369941368093714e+04 -1.958531904655551032e-12
5.367782067776823533e+04 -1.999944759285648014e-12
5.369194194192167924e+04 -2.105486431811317481e-12
5.370606320609253453e+04 -2.131967241093687659e-12
5.372018447022458713e+04 -2.141059993335870454e-12
5.373430573427389027e+04 -2.246798092610247694e-12
5.374842699839439592e+04 -2.392331348061285481e-12
5.376254826251502527e+04 -2.646868579706303867e-12
5.377666952667564328e+04 -2.700801946232466432e-12
5.379079079079907387e+04 -2.900266761986690273e-12
5.380491205487427942e+04 -3.087771672301217063e-12
5.381903331900897319e+04 -3.143826447713421073e-12
5.383315458321728511e+04 -3.215671450165119264e-12
5.384727584729925729e+04 -3.225846581526042325e-12
5.386139711140003783e+04 -3.311030089104342979e-12
5.387551837548840558e+04 -3.408595029409509804e-12
5.388963963959726971e+04 -3.523294026648776470e-12
5.390376090379531524e+04 -3.553308711184905607e-12
5.391788216787367855e+04 -3.568757336303946019e-12
5.393200343200057978e+04 -3.693145139367680816e-12
5.394612469609035907e+04 -3.826123338908224674e-12
5.396024596019464661e+04 -3.835711222023874354e-12
5.397436722439761070e+04 -3.871999370513552600e-12
5.398848848847852059e+04 -3.864355660654363987e-12
5.400260975262552529e+04 -3.718030376428077927e-12
5.401673101670926553e+04 -3.693141301143855579e-12
5.403085228091953468e+04 -3.708896306835304769e-12
5.404497354496824846e+04 -3.618557613103855294e-12
5.405909480912636354e+04 -3.709192978959214751e-12
5.407321607317898452e+04 -3.829034744568666473e-12
5.408733733728922380e+04 -3.929598240792896088e-12
5.410145860149504733e+04 -3.970490451649982010e-12
5.411557986562544829e+04 -3.967236992513343222e-12
5.412970112968923058e+04 -4.000062837334711143e-12
5.414382239377265796e+04 -3.906151660333376910e-12
5.415794365788137657e+04 -3.996479516726966916e-12
5.417206492211073783e+04 -4.147856129285246163e-12
5.418618618617048924e+04 -4.085831561157437663e-12
5.420030745031075639e+04 -3.989635737868549267e-12
5.421442871440343151e+04 -3.911600131942354503e-12
5.422854997847934283e+04 -3.796885104474170647e-12
5.424267124271210923e+04 -3.862088173485088493e-12
5.425679250678901008e+04 -3.929409942047583219e-12
5.427091377092729090e+04 -3.904321956458059538e-12
5.428503503499810904e+04 -3.767035012006785502e-12
5.429915629919916682e+04 -3.834422030374310873e-12
5.431327756332095305e+04 -3.747460747831270866e-12
5.432739882741409383e+04 -3.676908097919345152e-12
5.434152009151306265e+04 -3.407600929438752009e-12
5.435564135557622649e+04 -3.283292374408116724e-12
5.436976261978196271e+04 -3.326937946415189447e-12
5.438388388391861372e+04 -3.206913526507227412e-12
5.439800514802275575e+04 -3.224259588863208594e-12
5.441212641207751585e+04 -3.053051776910989584e-12
5.442624767620574858e+04 -2.985841091061557343e-12
5.444036894038499304e+04 -2.926484314270217737e-12
5.445449020451329125e+04 -3.036588054479088277e-12
5.446861146858389839e+04 -3.048542541249854987e-12
5.448273273270660138e+04 -2.973831740267875430e-12
5.449685399689739279e+04 -2.887752120315298652e-12
5.451097526097343507e+04 -2.711216402137791520e-12
5.452509652511914464e+04 -2.486238912616666691e-12
5.453921778921625082e+04 -2.541743467354617206e-12
5.455333905330307607e+04 -2.432513035954943179e-12
5.456746031751704868e+04 -2.371495211358728453e-12
5.458158158160141465e+04 -2.417379145189579069e-12
5.459570284571708180e+04 -2.459190046208148914e-12
5.460982410979717679e+04 -2.373499215751289826e-12
5.462394537389669858e+04 -2.317689183552417779e-12
5.463806663809406746e+04 -2.217340853640278096e-12
5.465218790221820382e+04 -2.191910137240940781e-12
5.466630916628572595e+04 -1.907187081432758656e-12
5.468043043039024633e+04 -1.675541694015564473e-12
5.469455169460619072e+04 -1.716922262409954456e-12
5.470867295872828254e+04 -1.662677773976069014e-12
5.472279422279907885e+04 -1.685642544456573932e-12
5.473691548687034083e+04 -1.468076213586397505e-12
5.475103675097880478e+04 -1.240201316632899946e-12
5.476515801519888919e+04 -1.229787086505446871e-12
5.477927927932464081e+04 -1.127591893599711953e-12
5.479340054342513031e+04 -9.566301795280577934e-13
5.480752180749869149e+04 -1.048995455439276238e-12
5.482164307156831637e+04 -9.734524372208187184e-13
5.483576433582121535e+04 -9.650300194808342553e-13
5.484988559988692577e+04 -1.061170752968935032e-12
5.486400686402823339e+04 -9.005699854469238473e-13
5.487812812812788616e+04 -6.948280932931974727e-13
5.489224939216904750e+04 -6.386532040530481203e-13
5.490637065639571665e+04 -6.164646578967458952e-13
5.492049192048941040e+04 -5.155256930712511157e-13
5.493461318460855546e+04 -2.926725475485045103e-13
5.494873444871425454e+04 -1.801597574445657300e-13
5.496285571289981453e+04 -2.094083776607357037e-13
5.497697697698497359e+04 -2.519273180861410952e-13
5.499109824110351474e+04 -1.127334537272992158e-13
5.500521950520971586e+04 5.663923568067254900e-14
5.501934076928161085e+04 -2.114304747305116956e-14
5.503346203351123404e+04 3.468504695558695787e-14
5.504758329759434855e+04 -6.038053230568012609e-14
5.506170456171216938e+04 3.631967874942907254e-14
5.507582582579190057e+04 2.604227001245488331e-14
5.508994708990134677e+04 2.083375817066624561e-13
5.510406835408147890e+04 1.923507021405888928e-13
5.511818961818842945e+04 2.522364764862064010e-13
5.513231088231513422e+04 3.008288416705002826e-13
5.514643214642372186e+04 3.687685642688713462e-13
5.516055341059141210e+04 2.878994460481021141e-13
5.517467467471298733e+04 4.081166802588183450e-13
5.518879593878834567e+04 3.756611111476575654e-13
5.520291720291979436e+04 4.944306576426118955e-13
5.521703846702571900e+04 6.649701670934808951e-13
5.523115973120090348e+04 8.478687572618799762e-13
5.524528099528944585e+04 9.681636590605909701e-13
5.525940225942375400e+04 1.141000232581977898e-12
5.527352352349989087e+04 1.130842486117204713e-12
5.528764478759651684e+04 1.291260373562833167e-12
5.530176605178599857e+04 1.366634058377232596e-12
5.531588731590901443e+04 1.329036172451631393e-12
5.533000858002549649e+04 1.432695760635661846e-12
5.534412984407674958e+04 1.453152590513128572e-12
5.535825110829008918e+04 1.374345275820172392e-12
5.537237237237954832e+04 1.397670839340257466e-12
5.538649363651769090e+04 1.419364931956709654e-12
5.540061490060335927e+04 1.515306980917382120e-12
5.541473616467718966e+04 1.595494249964476803e-12
5.542885742887865490e+04 1.810190492524802398e-12
5.544297869298848673e+04 1.943231006758040323e-12
5.545709995711444935e+04 1.986667056899825266e-12
5.547122122120623681e+04 1.995919434097566953e-12
5.548534248529970500e+04 2.041728409674887723e-12
5.549946374950582685e+04 2.044317630311873750e-12
5.551358501357249770e+04 2.170811037810604209e-12
5.552770627768548729e+04 2.209824550994132327e-12
5.554182754179942276e+04 2.254373686045259836e-12
5.555594880587280204e+04 2.435742405352460825e-12
5.557007007010946836e+04 2.639491582007229727e-12
5.558419133418489218e+04 2.502818753368006943e-12
5.559831259829345800e+04 2.573927494178859711e-12
5.561243386241618282e+04 2.635239733120263881e-12
5.562655512662157707e+04 2.746322446182462675e-12
5.564067639072112797e+04 2.809975098545823457e-12
5.565479765482080256e+04 2.869810750203839735e-12
5.566891891889329418e+04 2.843605615703276439e-12
5.568304018300947064e+04 2.890412077919436215e-12
5.569716144721995806e+04 3.024018391500100596e-12
5.571128271131959627e+04 3.212863067707536402e-12
5.572540397538818070e+04 3.162363331059930588e-12
5.573952523947221925e+04 3.317434346939016546e-12
5.575364650362292014e+04 3.343228114156654353e-12
5.576776776781900116e+04 3.153259064146272081e-12
5.578188903190606652e+04 3.148590429307450405e-12
5.579601029599716276e+04 3.042058946590592407e-12
5.581013156008518854e+04 3.119106096992831528e-12
5.582425282431917003e+04 3.188445190842339849e-12
5.583837408840260468e+04 3.117591127471190458e-12
5.585249535252600617e+04 3.312860087250723520e-12
5.586661661660097161e+04 3.452738961673448956e-12
5.588073788068204885e+04 3.402897141745077104e-12
5.589485914491180301e+04 3.353874443936603208e-12
5.590898040901526110e+04 3.359090815893085222e-12
5.592310167312532576e+04 3.264151672240181496e-12
5.593722293719396839e+04 3.313239845631557848e-12
5.595134420127216436e+04 3.193902242010456372e-12
5.596546546548234619e+04 3.197207178501928748e-12
5.597958672957146337e+04 3.208686628629844428e-12
5.599370799370935129e+04 3.314539423063236771e-12
5.600782925781087397e+04 3.154951495075365742e-12
5.602195052202044462e+04 3.125538057012579258e-12
5.603607178609898983e+04 3.110941969138504071e-12
5.605019305019803141e+04 3.187408870409503235e-12
5.606431431427851203e+04 3.092723501084814833e-12
5.607843557839131972e+04 3.275580999680496071e-12
5.609255684257863322e+04 3.150311308248426233e-12
5.610667810667401500e+04 3.142064094137174026e-12
5.612079937080189848e+04 3.017502442111940063e-12
5.613492063488893473e+04 2.912493153808629582e-12
5.614904189896848402e+04 2.811118889245769131e-12
5.616316316321321210e+04 2.796172394114229028e-12
5.617728442732211261e+04 2.586104146375750989e-12
5.619140569141094602e+04 2.448754435676039464e-12
5.620552695551909710e+04 2.362794477995663700e-12
5.621964821958583343e+04 2.435360389192905556e-12
5.623376948378836823e+04 2.238936349819823324e-12
5.624789074788374273e+04 2.184476920851719762e-12
5.626201201197739283e+04 2.165892692645265065e-12
5.627613327611679415e+04 2.033074795393895937e-12
5.629025454029397224e+04 1.958635830969897620e-12
5.630437580440718011e+04 1.740363718471606462e-12
5.631849706850200891e+04 1.672436187878327604e-12
5.633261833260447020e+04 1.737256111840329912e-12
5.634673959670307522e+04 1.480359727209972554e-12
5.636086086091618199e+04 1.362874856807139872e-12
5.637498212502421666e+04 1.270044930035185637e-12
5.638910338911685540e+04 1.108872944496817858e-12
5.640322465322047356e+04 1.124594309285328170e-12
5.641734591731263936e+04 9.670492194840157181e-13
5.643146718152265385e+04 9.048158068245348726e-13
5.644558844559852878e+04 6.208179495414658794e-13
5.645970970968692563e+04 5.577888956607835362e-13
5.647383097380729305e+04 5.465279985130390993e-13
5.648795223802739201e+04 4.439769796809099855e-13
5.650207350207247509e+04 2.868563522791034331e-13
5.651619476618935732e+04 3.602977996168137883e-14
5.653031603031909617e+04 -1.526654312944389787e-13
5.654443729442228505e+04 -2.728885357298292233e-13
5.655855855857740971e+04 -5.364589142588016596e-13
5.657267982267566549e+04 -7.284170673221880798e-13
5.658680108678661782e+04 -8.078547538339850185e-13
5.660092235091213661e+04 -9.899671854518097887e-13
5.661504361498403159e+04 -9.782059645395412507e-13
5.662916487919970677e+04 -1.090748105766850074e-12
5.664328614330438722e+04 -1.271151850448791273e-12
5.665740740740607725e+04 -1.438710640432491183e-12
