5.299999999999921420e+04 -1.273636928667636497e-12
5.301412126409864140e+04 -1.378573759425646133e-12
5.302824252821163100e+04 -1.483064465261177650e-12
5.304236379240371025e+04 -1.360494306902467843e-12
5.305648505650852894e+04 -1.486344005401812712e-12
5.307060632061011711e+04 -1.581989428804749987e-12
5.308472758469312976e+04 -1.695111359010561823e-12
5.309884884880339814e+04 -1.691204147892280464e-12
5.311297011300014128e+04 -1.658723101608453909e-12
5.312709137709103379e+04 -1.663297972232254108e-12
5.314121264120830165e+04 -1.720430953216604816e-12
5.315533390529177996e+04 -1.736954436298570569e-12
5.316945516950073215e+04 -1.630881469107651262e-12
5.318357643359857320e+04 -1.655532891930200198e-12
5.319769769770867424e+04 -1.828147886326092207e-12
5.321181896181040793e+04 -1.905205190101688374e-12
5.322594022590704117e+04 -1.844152666393292660e-12
5.324006149010533409e+04 -1.861557603348376455e-12
5.325418275420566351e+04 -1.780207752919426998e-12
5.326830401830182382e+04 -1.729957591768415390e-12
5.328242528240032698e+04 -1.677276599670933935e-12
5.329654654649798613e+04 -1.674296166893747589e-12
5.331066781071450532e+04 -1.711632670488996962e-12
5.332478907479818008e+04 -1.764202786714781324e-12
5.333891033890000836e+04 -1.916170733152951740e-12
5.335303160301174648e+04 -1.766252997608131313e-12
5.336715286720714357e+04 -1.817083380199643091e-12
5.338127413131353387e+04 -1.674639094114155262e-12
5.339539539541102567e+04 -1.673132869905250016e-12
5.340951665950115421e+04 -1.599679869578307919e-12
5.342363792359173385e+04 -1.660621021048485343e-12
5.343775918778834603e+04 -1.744127118668898852e-12
5.345188045190295088e+04 -1.777584207671060133e-12
5.346600171598708403e+04 -1.673862497668663264e-12
5.348012298009621736e+04 -1.614485366084215871e-12
5.349424424418216950e+04 -1.705237111953589510e-12
5.350836550838409312e+04 -1.722659638897272284e-12
5.352248677249455795e+04 -1.734878755598096116e-12
5.353660803660652891e+04 -1.701625735282007128e-12
5.355072930069098948e+04 -1.836428706955238056e-12
5.356485056490160059e+04 -1.721688373706705312e-12
5.357897182898916071e+04 -1.673941885289164845e-12
5.359309309309184027e+04 -1.565790445336088521e-12
5.360721435719261353e+04 -1.534058912499434955e-12
5.362133562129440543e+04 -1.412881574110965861e-12
5.363545688550548948e+04 -1.512960233053139210e-12
5.364957814960353426e+04 -1.553554638310985796e-12
5.366369941368374566e+04 -1.575952929401692831e-12
5.367782067781528895e+04 -1.602558919493517404e-12
5.369194194188745314e+04 -1.666301067243429141e-12
5.370606320609644172e+04 -1.683327928023815145e-12
5.372018447021112661e+04 -1.652286096468517357e-12
5.373430573429827928e+04 -1.607797013347052705e-12
5.374842699839701527e+04 -1.487632634936940181e-12
5.376254826249200414e+04 -1.442159070866278644e-12
5.377666952671271429e+04 -1.502918304006397245e-12
5.379079079080419615e+04 -1.485574761385417566e-12
5.380491205489292770e+04 -1.492982287166138993e-12
5.381903331899637124e+04 -1.523287945124523650e-12
5.383315458320155449e+04 -1.401361279426326789e-12
5.384727584730884701e+04 -1.463435387481387058e-12
5.386139711140947475e+04 -1.407136690039176602e-12
5.387551837549055199e+04 -1.343797840087826623e-12
5.388963963958527165e+04 -1.282094021457661372e-12
5.390376090380103415e+04 -1.375934097776790665e-12
5.391788216789666330e+04 -1.397449601009353652e-12
5.393200343199202325e+04 -1.436463575263359246e-12
5.394612469608708489e+04 -1.439136881255487223e-12
5.396024596021552134e+04 -1.288005002176642805e-12
5.397436722441454185e+04 -1.315989898464657739e-12
5.398848848850744980e+04 -1.257726644376930218e-12
5.400260975259291445e+04 -1.521551655032992612e-12
5.401673101668441086e+04 -1.616823500582831310e-12
5.403085228089388693e+04 -1.622651588092754744e-12
5.404497354501275549e+04 -1.576808417101165011e-12
5.405909480910745333e+04 -1.452433547628252991e-12
5.407321607319161558e+04 -1.399007199153214351e-12
5.408733733728851803e+04 -1.375725623837841667e-12
5.410145860150422959e+04 -1.432185330170401175e-12
5.411557986559259007e+04 -1.390757587569095879e-12
5.412970112969845650e+04 -1.468901561751462559e-12
5.414382239380363171e+04 -1.446158047745186687e-12
5.415794365789953736e+04 -1.382937084842647039e-12
5.417206492210027500e+04 -1.393983225407807845e-12
5.418618618620720372e+04 -1.484556465466956771e-12
5.420030745030778053e+04 -1.516066308606031629e-12
5.421442871439926967e+04 -1.455421736132334875e-12
5.422854997850047948e+04 -1.342365822673856720e-12
5.424267124270833301e+04 -1.390865795470740758e-12
5.425679250678487733e+04 -1.436422314796275771e-12
5.427091377088688751e+04 -1.587840163037207885e-12
5.428503503498743521e+04 -1.584826473703093899e-12
5.429915629918631021e+04 -1.574503787342737709e-12
5.431327756328998657e+04 -1.802028025196072519e-12
5.432739882740589383e+04 -1.814314833881239448e-12
5.434152009150883532e+04 -2.035845694173055821e-12
5.435564135561327566e+04 -1.987837124232265417e-12
5.436976261981228163e+04 -1.893810662284385320e-12
5.438388388391336048e+04 -1.969512513181922762e-12
5.439800514798417134e+04 -2.044111189485856016e-12
5.441212641208606510e+04 -1.853999337259715339e-12
5.442624767618662008e+04 -1.923897174423612932e-12
5.444036894039719482e+04 -1.942784416925856575e-12
5.445449020449134696e+04 -2.111030082972131055e-12
5.446861146860018926e+04 -1.971473905490866618e-12
5.448273273268971388e+04 -1.942618382324479475e-12
5.449685399690884515e+04 -1.958214218423937969e-12
5.451097526101481344e+04 -2.141612465266144079e-12
5.452509652509688749e+04 -2.170649162212807744e-12
5.453921778920297220e+04 -2.354502577155051859e-12
5.455333905328447872e+04 -2.470605684687832341e-12
5.456746031750827387e+04 -2.487940044528167964e-12
5.458158158158318111e+04 -2.549284741980167845e-12
5.459570284569182695e+04 -2.502154244415569011e-12
5.460982410980304849e+04 -2.457456935538416061e-12
5.462394537389981269e+04 -2.410818337196432258e-12
5.463806663811249746e+04 -2.360134848072319736e-12
5.465218790221060772e+04 -2.386159096601172911e-12
5.466630916630091087e+04 -2.373198222180071226e-12
5.468043043038934411e+04 -2.287918731070659008e-12
5.469455169460910111e+04 -2.263350573732059321e-12
5.470867295871414535e+04 -2.290016624172962004e-12
5.472279422280487779e+04 -2.310709151713198758e-12
5.473691548689566844e+04 -2.276038942932963719e-12
5.475103675099845714e+04 -2.184885698593667685e-12
5.476515801520464447e+04 -2.125739904831056815e-12
5.477927927930569422e+04 -2.152787164760323264e-12
5.479340054339773633e+04 -2.085731025930906987e-12
5.480752180750169646e+04 -1.870325824878537515e-12
5.482164307160658791e+04 -1.843191204441521087e-12
5.483576433579839795e+04 -1.816727175174790432e-12
5.484988559990352223e+04 -1.664250577143910815e-12
5.486400686399870756e+04 -1.438964207751887730e-12
5.487812812810421747e+04 -1.433692298929088518e-12
5.489224939218649524e+04 -1.294948673443203166e-12
5.490637065640383662e+04 -1.219957867587437600e-12
5.492049192050326383e+04 -1.190550136666097020e-12
5.493461318458821188e+04 -1.181950338501196735e-12
5.494873444870899402e+04 -1.124663685544140210e-12
5.496285571288660867e+04 -1.001251829168378225e-12
5.497697697700907156e+04 -1.041528001440251867e-12
5.499109824108819157e+04 -9.325981346901363435e-13
5.500521950518421363e+04 -6.886622823595752674e-13
5.501934076929730509e+04 -7.197956314922389386e-13
5.503346203350048745e+04 -5.980959914317247086e-13
5.504758329759502521e+04 -5.750859286035070190e-13
5.506170456170346733e+04 -5.591873089260512819e-13
5.507582582580249436e+04 -3.931050563628925859e-13
5.508994708989060746e+04 -2.740282170009633759e-13
5.510406835410193889e+04 -1.104352425421581299e-13
5.511818961821548146e+04 -7.443874241699146624e-14
5.513231088229185116e+04 1.253125476529264391e-13
5.514643214638745121e+04 2.029355851711817790e-13
5.516055341060228966e+04 1.999817080028852039e-13
5.517467467469038093e+04 2.115731071917014581e-13
5.518879593880465836e+04 3.203026900504698477e-13
5.520291720291517413e+04 4.075160251268932034e-13
5.521703846701526345e+04 4.541097022986986717e-13
5.523115973119466071e+04 5.461283616678928365e-13
5.524528099529098108e+04 6.140107025720241341e-13
5.525940225938448566e+04 6.426562626998982857e-13
5.527352352350069123e+04 8.320439161714522495e-13
5.528764478760855854e+04 1.003835872829202548e-12
5.530176605178837053e+04 9.940450431964266989e-13
5.531588731591018586e+04 1.007592622845712958e-12
5.533000858001229062e+04 1.117620204157698496e-12
5.534412984410006175e+04 1.140923123233487277e-12
5.535825110830996709e+04 1.103490386578919442e-12
5.537237237238990929e+04 1.325559308179832020e-12
5.538649363650886517e+04 1.133268158741894341e-12
5.540061490060742653e+04 1.166066073003760195e-12
5.541473616470185516e+04 1.358260430970043142e-12
5.542885742890377878e+04 1.355185192187287051e-12
5.544297869300847378e+04 1.332697803306005344e-12
5.545709995711467491e+04 1.402061798276237407e-12
5.547122122118618427e+04 1.423533621254925404e-12
5.548534248530732293e+04 1.416156622015264331e-12
5.549946374950682366e+04 1.594680797801498410e-12
5.551358501359509683e+04 1.640022886789828855e-12
5.552770627769445855e+04 1.685995361260218865e-12
5.554182754178468895e+04 1.752933364857564111e-12
5.555594880589895911e+04 1.848800353866449542e-12
5.557007007008873916e+04 1.910273610247468207e-12
5.558419133420999424e+04 2.007566412088807272e-12
5.559831259830964700e+04 2.107694211316589984e-12
5.561243386239040410e+04 2.175216190126252719e-12
5.562655512658331281e+04 2.292489978099535061e-12
5.564067639068431163e+04 2.340457349619057065e-12
5.565479765481533832e+04 2.297823684554237077e-12
5.566891891888585087e+04 2.281885355555076630e-12
5.568304018301222095e+04 2.457840586410287581e-12
5.569716144718358555e+04 2.537395730612729466e-12
5.571128271129909263e+04 2.721612237665309532e-12
5.572540397538839170e+04 2.787074295411548985e-12
5.573952523949367605e+04 2.782251598290532611e-12
5.575364650360884843e+04 2.990005309416958330e-12
5.576776776780570071e+04 3.055537354842702046e-12
5.578188903190496058e+04 3.079190956865793835e-12
5.579601029601113260e+04 3.163905086507437778e-12
5.581013156011299725e+04 3.183570383531829775e-12
5.582425282429411163e+04 3.121546904861943064e-12
5.583837408840241551e+04 3.086528246783750502e-12
5.585249535250422923e+04 3.166629890526151155e-12
5.586661661660741083e+04 3.271418323205743925e-12
5.588073788069994771e+04 3.444705335825670426e-12
5.589485914489795687e+04 3.444671582902221387e-12
5.590898040899944317e+04 3.461682808137186367e-12
5.592310167309726239e+04 3.447237053267595331e-12
5.593722293719387380e+04 3.605720927122590120e-12
5.595134420130174112e+04 3.682217957187261335e-12
5.596546546549622144e+04 3.715696638133099007e-12
5.597958672960857075e+04 3.748478420483022440e-12
5.599370799368486041e+04 3.757540584062520200e-12
5.600782925779539801e+04 3.776487142364060059e-12
5.602195052201564249e+04 3.708234760218294341e-12
5.603607178608344111e+04 3.742441114484368112e-12
5.605019305019715102e+04 3.699143807380561122e-12
5.606431431431316742e+04 3.674345584159336046e-12
5.607843557838582637e+04 3.512623166936074951e-12
5.609255684261389251e+04 3.479865954728956301e-12
5.610667810668984021e+04 3.590408764490058359e-12
5.612079937081560638e+04 3.650478048165560280e-12
5.613492063489435532e+04 3.691584145261058724e-12
5.614904189899843914e+04 3.610149261042428495e-12
5.616316316318236932e+04 3.614873925775486841e-12
5.617728442730674578e+04 3.467758582541241808e-12
5.619140569140247680e+04 3.566129492466859281e-12
5.620552695549675991e+04 3.401543040415658381e-12
5.621964821961406415e+04 3.515013668102688238e-12
5.623376948379851092e+04 3.424074109550815077e-12
5.624789074791118765e+04 3.404956304799424242e-12
5.626201201200939977e+04 3.391776780925687314e-12
5.627613327611234854e+04 3.379386479820827782e-12
5.629025454029575485e+04 3.334624146929383342e-12
5.630437580438551959e+04 3.193646375731096552e-12
5.631849706848490314e+04 3.054479349602536641e-12
5.633261833258621482e+04 3.025122496249629915e-12
5.634673959668479802e+04 2.879235411972358466e-12
5.636086086089962919e+04 2.813444263222492396e-12
5.637498212500146474e+04 2.617116164866766353e-12
5.638910338911565486e+04 2.527920341904243795e-12
5.640322465320932679e+04 2.407004960947394289e-12
5.641734591730633110e+04 2.213139088720610691e-12
5.643146718149857770e+04 2.200782292355939498e-12
5.644558844561447768e+04 2.053880386725856236e-12
5.645970970971425413e+04 2.011695436996297688e-12
5.647383097380617255e+04 1.944319886310420449e-12
5.648795223799462838e+04 1.787052854982409301e-12
5.650207350209265860e+04 1.722729462036047363e-12
5.651619476618279441e+04 1.635240643540298785e-12
5.653031603031139093e+04 1.486992343721170906e-12
5.654443729441448522e+04 1.345516965085273810e-12
5.655855855861162127e+04 1.210408976184700052e-12
5.657267982271025539e+04 1.201674662692525615e-12
5.658680108681367710e+04 1.141758011722325256e-12
5.660092235089818860e+04 1.056990770862901570e-12
5.661504361501426320e+04 7.918047232054159292e-13
5.662916487918660278e+04 6.592996803425748361e-13
5.664328614329462289e+04 5.168663143205556534e-13
5.665740740740067849e+04 2.917457313466489696e-13
