5.300000000000086584e+04 1.807612252585192956e-12
5.301412126407330652e+04 1.771026221769155735e-12
5.302824252820362744e+04 1.884974319962528097e-12
5.304236379241783288e+04 1.796283307596591862e-12
5.305648505648073478e+04 1.699951287639364562e-12
5.307060632062864170e+04 1.644346004966491826e-12
5.308472758467887616e+04 1.769335239520499404e-12
5.309884884880367463e+04 1.588288989307442258e-12
5.311297011302880856e+04 1.623736205514586693e-12
5.312709137709534116e+04 1.651286566752251145e-12
5.314121264117469400e+04 1.640455781842239960e-12
5.315533390528275777e+04 1.615453822068110557e-12
5.316945516949029843e+04 1.605127177675711614e-12
5.318357643357951019e+04 1.412941258123121572e-12
5.319769769767719117e+04 1.264494066262660550e-12
5.321181896182104538e+04 1.381758829379016705e-12
5.322594022592653346e+04 1.132529279108611765e-12
5.324006149009824730e+04 1.183690361147764661e-12
5.325418275417736731e+04 1.014832770262812176e-12
5.326830401832704229e+04 9.519080597460950338e-13
5.328242528239568492e+04 9.547127807277419389e-13
5.329654654648421274e+04 9.545880308681288685e-13
5.331066781069729768e+04 7.783058823165124667e-13
5.332478907482404611e+04 7.178242336005452707e-13
5.333891033888849051e+04 7.857264530238278922e-13
5.335303160300254967e+04 7.084477445728700095e-13
5.336715286720328731e+04 7.011511892852877754e-13
5.338127413132921356e+04 5.599897459541750853e-13
5.339539539542282000e+04 5.005309621510492734e-13
5.340951665947400033e+04 4.754667323670961322e-13
5.342363792360800289e+04 3.126896741684507567e-13
5.343775918778962659e+04 1.213399668792052037e-13
5.345188045192911522e+04 8.461293672121043456e-14
5.346600171597638109e+04 1.193234651881882728e-14
5.348012298007844947e+04 5.854336366155255332e-14
5.349424424419840943e+04 -6.764243083691083371e-14
5.350836550837277900e+04 -2.132620291594628668e-13
5.352248677251305344e+04 -3.330617639815489418e-13
5.353660803658773511e+04 -5.302752392725256877e-13
5.355072930069192807e+04 -4.986099687673279950e-13
5.356485056490446732e+04 -6.501014139302910371e-13
5.357897182899608015e+04 -6.290498488905800963e-13
5.359309309310321987e+04 -8.091945216909750263e-13
5.360721435721974558e+04 -8.317384685667977431e-13
5.362133562128012272e+04 -9.324922887414055474e-13
5.363545688548096950e+04 -9.947102582536197160e-13
5.364957814958362724e+04 -1.199255122266486239e-12
5.366369941369411390e+04 -1.051277237489330017e-12
5.367782067781340447e+04 -9.559196618728571830e-13
5.369194194191745191e+04 -1.152397018564131863e-12
5.370606320610742114e+04 -1.157743740890359693e-12
5.372018447022262262e+04 -1.454640432850904472e-12
5.373430573431081575e+04 -1.503614143087522095e-12
5.374842699837333203e+04 -1.505596291403595612e-12
5.376254826252695784e+04 -1.523897693852743547e-12
5.377666952668683371e+04 -1.728636869673855128e-12
5.379079079078639916e+04 -1.860782329038377946e-12
5.380491205490475113e+04 -1.812612305870420233e-12
5.381903331898293254e+04 -1.743446535093629845e-12
5.383315458322148334e+04 -1.874862590737353313e-12
5.384727584732395189e+04 -2.092128792831273155e-12
5.386139711139493738e+04 -2.003956977000488799e-12
5.387551837549638731e+04 -2.005696130636272996e-12
5.388963963962464913e+04 -2.005348215973129757e-12
5.390376090377646324e+04 -2.102274555173232271e-12
5.391788216790298611e+04 -2.118183782013314160e-12
5.393200343200274801e+04 -2.274509100626315931e-12
5.394612469608453102e+04 -2.310587305610343022e-12
5.396024596022301557e+04 -2.424209351841999408e-12
5.397436722440477024e+04 -2.371220983381465541e-12
5.398848848852379160e+04 -2.412393263373008608e-12
5.400260975260574196e+04 -2.397675927538145153e-12
5.401673101672061603e+04 -2.345742634425188280e-12
5.403085228088428994e+04 -2.392560868534058556e-12
5.404497354497652123e+04 -2.274495670868510700e-12
5.405909480910230195e+04 -2.439711908828540479e-12
5.407321607322530326e+04 -2.373975342771342227e-12
5.408733733728899097e+04 -2.440338910646074443e-12
5.410145860152156820e+04 -2.377620682655613626e-12
5.411557986560154677e+04 -2.366281770268641709e-12
5.412970112967889872e+04 -2.454266828529945995e-12
5.414382239377940277e+04 -2.557046443733494416e-12
5.415794365787721472e+04 -2.554597611333687731e-12
5.417206492210216675e+04 -2.621668339892854107e-12
5.418618618621626956e+04 -2.627946751666823528e-12
5.420030745030150865e+04 -2.690628047823319759e-12
5.421442871441318857e+04 -2.852555254160849545e-12
5.422854997848103812e+04 -2.897603697998942064e-12
5.424267124272191722e+04 -2.837203362269686734e-12
5.425679250679221150e+04 -2.891312276147099002e-12
5.427091377092823677e+04 -2.946305875319934554e-12
5.428503503500459192e+04 -2.959220685849369953e-12
5.429915629917450860e+04 -2.942582474968420102e-12
5.431327756330919510e+04 -2.899560245839199083e-12
5.432739882740240137e+04 -2.935988463886026555e-12
5.434152009150070080e+04 -2.904115451814778271e-12
5.435564135558246198e+04 -2.716104718059871064e-12
5.436976261981214338e+04 -2.723694209939580844e-12
5.438388388391822809e+04 -2.585105824267973927e-12
5.439800514798056975e+04 -2.636979522830669635e-12
5.441212641207637353e+04 -2.623361328736182369e-12
5.442624767621023784e+04 -2.485060423817594750e-12
5.444036894037649472e+04 -2.452792492930884922e-12
5.445449020450923854e+04 -2.388692258926274495e-12
5.446861146858804568e+04 -2.441669715708591864e-12
5.448273273269178753e+04 -2.230909811591399577e-12
5.449685399692833016e+04 -2.189557069229347870e-12
5.451097526102043048e+04 -2.325667244905948908e-12
5.452509652511424065e+04 -2.297844144172856103e-12
5.453921778920575161e+04 -2.259704471365718479e-12
5.455333905330619018e+04 -2.242500951617152163e-12
5.456746031749976828e+04 -2.074871134371554328e-12
5.458158158161037136e+04 -2.068993516932086289e-12
5.459570284570523654e+04 -2.031026332576760325e-12
5.460982410979356791e+04 -1.977504131243465926e-12
5.462394537388324534e+04 -1.851749138194600249e-12
5.463806663809937163e+04 -1.799740722373920243e-12
5.465218790218405047e+04 -1.586751058781120050e-12
5.466630916632569279e+04 -1.615686311332462885e-12
5.468043043041048077e+04 -1.245040104384212314e-12
5.469455169462376944e+04 -1.257321617897142521e-12
5.470867295869332884e+04 -1.232700255360815309e-12
5.472279422279700520e+04 -1.052350778753889909e-12
5.473691548692827200e+04 -8.758938335108391118e-13
5.475103675097830273e+04 -7.028161510755425276e-13
5.476515801517459477e+04 -6.795071276847500399e-13
5.477927927927949349e+04 -5.617697000456375768e-13
5.479340054337240144e+04 -3.885652742710535758e-13
5.480752180751346896e+04 -3.352075874708741580e-13
5.482164307159683085e+04 -1.574047286877753830e-13
5.483576433578286378e+04 2.030076435123513427e-14
5.484988559991592774e+04 8.759560199377726022e-14
5.486400686398523976e+04 1.607516895584621394e-13
5.487812812808553281e+04 3.307598329753889986e-13
5.489224939217273641e+04 3.389784250722901381e-13
5.490637065640911896e+04 4.791939098379932804e-13
5.492049192047928227e+04 6.282046269263618114e-13
5.493461318461078190e+04 8.013586911091759966e-13
5.494873444867970829e+04 9.437850497535738183e-13
5.496285571289208019e+04 9.707532624663741223e-13
5.497697697698000411e+04 1.097269554910826875e-12
5.499109824107222812e+04 1.247501540599613135e-12
5.500521950522826228e+04 1.368220794151429836e-12
5.501934076927627757e+04 1.385134734747319509e-12
5.503346203350029100e+04 1.519903193683186629e-12
5.504758329757681349e+04 1.481620410019436135e-12
5.506170456170724356e+04 1.661694576591353303e-12
5.507582582582227042e+04 1.758200396500177976e-12
5.508994708989957144e+04 1.875059014362907397e-12
5.510406835410461645e+04 1.972935508927733391e-12
5.511818961817265517e+04 1.993953079892999666e-12
5.513231088230092428e+04 2.090144979213125969e-12
5.514643214637677011e+04 2.130223573303401096e-12
5.516055341062675870e+04 2.258092074486873482e-12
5.517467467471307464e+04 2.188688345188970432e-12
5.518879593878202286e+04 2.295200593702524249e-12
5.520291720288778015e+04 2.527796444651241913e-12
5.521703846697641711e+04 2.577345536073829924e-12
5.523115973119621776e+04 2.587665045907394662e-12
5.524528099531147745e+04 2.714000875981338773e-12
5.525940225939053926e+04 2.789929369172951671e-12
5.527352352347714623e+04 2.791997551874965223e-12
5.528764478762661747e+04 2.852609406289653940e-12
5.530176605180164188e+04 2.763642296988837843e-12
5.531588731591066608e+04 2.813375208221385600e-12
5.533000857997294952e+04 2.981561101376108147e-12
5.534412984409352794e+04 2.843746605498030759e-12
5.535825110829500773e+04 2.920908118328140963e-12
5.537237237238953094e+04 2.888750563263393301e-12
5.538649363651266322e+04 2.981707989352103308e-12
5.540061490059113567e+04 3.090828128959470644e-12
5.541473616469015542e+04 3.111882631758701101e-12
5.542885742889070389e+04 3.025276641752026505e-12
5.544297869299154991e+04 3.074594909212336059e-12
5.545709995711997180e+04 2.986994277768207602e-12
5.547122122121101711e+04 2.924445180790106935e-12
5.548534248529868637e+04 2.971981487261627868e-12
5.549946374950224708e+04 2.947858284803890160e-12
5.551358501358285139e+04 2.926136490913709645e-12
5.552770627767600672e+04 2.789166391057639043e-12
5.554182754177266906e+04 2.835002154447066322e-12
5.555594880589329114e+04 2.745779879747950040e-12
5.557007007009926747e+04 2.825875794658514385e-12
5.558419133417883859e+04 2.836820207909956347e-12
5.559831259828894690e+04 2.684562846872160758e-12
5.561243386242812267e+04 2.617481206634777481e-12
5.562655512659615488e+04 2.539164734633413024e-12
5.564067639069820143e+04 2.440549183709364944e-12
5.565479765478447371e+04 2.365342539999786206e-12
5.566891891892752756e+04 2.375383802038822995e-12
5.568304018300859752e+04 2.305119309201588008e-12
5.569716144717478892e+04 2.355861130989257229e-12
5.571128271130496432e+04 2.395818857259285283e-12
5.572540397541919083e+04 2.372243756791975709e-12
5.573952523951599142e+04 2.281704526468078827e-12
5.575364650361504027e+04 2.328315019010898411e-12
5.576776776782337402e+04 2.063775649762454802e-12
5.578188903191263671e+04 2.183945122604117614e-12
5.579601029597234447e+04 1.954705871746857281e-12
5.581013156011797400e+04 1.897925695105988040e-12
5.582425282429780054e+04 1.872421745673895089e-12
5.583837408842663717e+04 1.980726027494591248e-12
5.585249535247911990e+04 1.939896206327082767e-12
5.586661661660078971e+04 1.842852776426115472e-12
5.588073788068837894e+04 1.942985889982160640e-12
5.589485914492173470e+04 1.868331545062323919e-12
5.590898040898205363e+04 1.680977190720149667e-12
5.592310167311595433e+04 1.643148920422121680e-12
5.593722293718008586e+04 1.582119064795743654e-12
5.595134420128935017e+04 1.438109253770116959e-12
5.596546546550747007e+04 1.235046279595077103e-12
5.597958672962909623e+04 1.233644548624150834e-12
5.599370799368528969e+04 1.116753615406702502e-12
5.600782925778607751e+04 1.109473847316376806e-12
5.602195052200114151e+04 9.923529294965129956e-13
5.603607178608223330e+04 9.028142161291098129e-13
5.605019305018458545e+04 9.892472980040415626e-13
5.606431431428161886e+04 8.851314218988676733e-13
5.607843557841797883e+04 8.497188292860648858e-13
5.609255684258839756e+04 7.408152445233080000e-13
5.610667810667763843e+04 5.377505916285424898e-13
5.612079937082954712e+04 4.691505493992994496e-13
5.613492063492041052e+04 4.673660703309226008e-13
5.614904189902856888e+04 3.565965885930944047e-13
5.616316316317731253e+04 3.735986619745813057e-13
5.617728442728970549e+04 3.235501514336096765e-13
5.619140569142001914e+04 1.617073007622942217e-13
5.620552695548118936e+04 6.483258219375580193e-14
5.621964821959601977e+04 -1.899344794722556889e-14
5.623376948381474358e+04 -2.088331468432397317e-13
5.624789074787383288e+04 -2.393136609020527158e-13
5.626201201202702941e+04 -3.883764183019167667e-13
5.627613327610376291e+04 -3.965098153727406481e-13
5.629025454032379639e+04 -4.179663715462670559e-13
5.630437580442528997e+04 -5.406690324539510858e-13
5.631849706852686359e+04 -6.678698228665418232e-13
5.633261833261010906e+04 -6.478897006917336318e-13
5.634673959669655596e+04 -8.285602324461915058e-13
5.636086086091861944e+04 -8.950551601394565099e-13
5.637498212498676730e+04 -8.819745760371119663e-13
5.638910338910316204e+04 -1.021439253405513597e-12
5.640322465320947958e+04 -1.144661478068289495e-12
5.641734591728033411e+04 -1.094215110952336352e-12
5.643146718152180983e+04 -1.173184604926982659e-12
5.644558844562571176e+04 -1.205169251859987273e-12
5.645970970971196948e+04 -1.492925314914312108e-12
5.647383097381302650e+04 -1.693235188739269040e-12
5.648795223802702822e+04 -1.712265155549353549e-12
5.650207350211101584e+04 -1.706741328292068587e-12
5.651619476618667250e+04 -1.788656136025385734e-12
5.653031603032404382e+04 -1.910695702641433940e-12
5.654443729441499454e+04 -2.045216550417766267e-12
5.655855855862277531e+04 -1.991542844629231235e-12
5.657267982270663924e+04 -2.085626691653859482e-12
5.658680108677742101e+04 -2.181561327176028458e-12
5.660092235090477334e+04 -2.279904925504519614e-12
5.661504361499886727e+04 -2.323852968562441578e-12
5.662916487918633356e+04 -2.305378657981550595e-12
5.664328614332190773e+04 -2.209049523323852069e-12
5.665740740738278691e+04 -2.433903958257687325e-12
