5.300000000000074215e+04 5.514736313485988262e-13
5.301412126406005700e+04 5.876464888222059182e-13
5.302824252822596463e+04 7.236454869991937081e-13
5.304236379240873794e+04 6.655099956533148771e-13
5.305648505645815021e+04 6.272672318000528214e-13
5.307060632060036005e+04 5.706529019198977681e-13
5.308472758473752037e+04 6.079299696966262177e-13
5.309884884878350567e+04 5.877165507828361501e-13
5.311297011302917235e+04 6.273457849000817094e-13
5.312709137709105562e+04 6.443778032627012077e-13
5.314121264118638646e+04 6.207569826656901810e-13
5.315533390531827172e+04 5.637395852394850662e-13
5.316945516950966703e+04 4.506880723779080600e-13
5.318357643363154784e+04 4.949712557329316190e-13
5.319769769768689002e+04 3.489753292757285655e-13
5.321181896180391050e+04 4.167309193789380825e-13
5.322594022587410291e+04 3.240443781845880067e-13
5.324006149013528193e+04 2.251798178470636191e-14
5.325418275418367557e+04 9.274654581362086947e-14
5.326830401830466144e+04 2.005828893897748537e-13
5.328242528243850393e+04 2.397427365404542945e-13
5.329654654646501876e+04 3.302785646825786103e-13
5.331066781066038675e+04 2.705679066147063052e-13
5.332478907483332296e+04 2.870265517349016439e-13
5.333891033889214305e+04 2.793180458861636365e-13
5.335303160297438444e+04 1.752955518980932957e-13
5.336715286722600285e+04 1.742919072696502256e-13
5.338127413131314097e+04 1.032480328890012968e-13
5.339539539539380348e+04 1.871861944867723384e-14
5.340951665948500158e+04 -2.257358913603276239e-13
5.342363792363519315e+04 -2.165033265954550878e-13
5.343775918782771623e+04 -4.036361272003765330e-13
5.345188045187829994e+04 -4.051479524369983569e-13
5.346600171602406772e+04 -3.656986821841632707e-13
5.348012298013835243e+04 -4.438778501405933843e-13
5.349424424422623997e+04 -4.089764502466037862e-13
5.350836550839431584e+04 -6.179830698202294527e-13
5.352248677247787418e+04 -6.931178222421377675e-13
5.353660803662841499e+04 -7.588081740802430453e-13
5.355072930068773712e+04 -7.503508382697540705e-13
5.356485056492242438e+04 -8.605711396562115490e-13
5.357897182904294459e+04 -1.062786135466682567e-12
5.359309309307894000e+04 -1.046275819147492667e-12
5.360721435720854788e+04 -1.160886723723270597e-12
5.362133562133152736e+04 -1.172553790711170121e-12
5.363545688546396559e+04 -1.482130914047210628e-12
5.364957814955801587e+04 -1.624215443419163010e-12
5.366369941367973661e+04 -1.506620808798025022e-12
5.367782067781250225e+04 -1.690793702838742724e-12
5.369194194188903202e+04 -1.808028409731059765e-12
5.370606320608116948e+04 -1.909022585131335355e-12
5.372018447019739688e+04 -2.036854877870994602e-12
5.373430573427631316e+04 -2.075437971420437223e-12
5.374842699842468573e+04 -2.255644577787564015e-12
5.376254826249260805e+04 -2.388636263892236324e-12
5.377666952670720639e+04 -2.494078991490050716e-12
5.379079079080503288e+04 -2.518777502670450086e-12
5.380491205493483722e+04 -2.549740301639219710e-12
5.381903331896242162e+04 -2.513890469644061449e-12
5.383315458320051403e+04 -2.550883828734722403e-12
5.384727584730825765e+04 -2.689253826679898269e-12
5.386139711142121087e+04 -2.843883672453188337e-12
5.387551837553563382e+04 -2.865863731270292180e-12
5.388963963957742089e+04 -2.882516988476419664e-12
5.390376090383691917e+04 -2.880922102994685236e-12
5.391788216789057333e+04 -2.872295427304625730e-12
5.393200343201209762e+04 -3.023548133654542054e-12
5.394612469611663255e+04 -3.001840435176062636e-12
5.396024596017890144e+04 -2.873405472750936087e-12
5.397436722437953722e+04 -3.113092872786670324e-12
5.398848848851070943e+04 -3.261155164295248748e-12
5.400260975261660496e+04 -3.262715280372051943e-12
5.401673101668367599e+04 -3.327133973418705776e-12
5.403085228091793397e+04 -3.144364089254734099e-12
5.404497354501982772e+04 -3.340117770648893094e-12
5.405909480912282743e+04 -3.331738344060564064e-12
5.407321607316068548e+04 -3.352605138042012327e-12
5.408733733728639345e+04 -3.466802029147965933e-12
5.410145860153449030e+04 -3.513425225648727679e-12
5.411557986560035351e+04 -3.441684353474789479e-12
5.412970112971570779e+04 -3.349829380548368200e-12
5.414382239376429789e+04 -3.358084538707963150e-12
5.415794365787516290e+04 -3.426110235577255385e-12
5.417206492211773002e+04 -3.488511015382183440e-12
5.418618618618860637e+04 -3.457136134577196222e-12
5.420030745029984246e+04 -3.432585071428818152e-12
5.421442871438186557e+04 -3.417643885476599282e-12
5.422854997846322658e+04 -3.569497973756244818e-12
5.424267124267345207e+04 -3.462492554570150649e-12
5.425679250675664662e+04 -3.502222394604441589e-12
5.427091377086137072e+04 -3.574801595763933957e-12
5.428503503500558145e+04 -3.620699785784101050e-12
5.429915629918600462e+04 -3.741918165052474214e-12
5.431327756333301659e+04 -3.767872238077597703e-12
5.432739882740633038e+04 -3.770988606963990632e-12
5.434152009151531820e+04 -3.656630746390764175e-12
5.435564135560448631e+04 -3.497785432208546598e-12
5.436976261979388801e+04 -3.465370688644980131e-12
5.438388388391088665e+04 -3.279921628667727471e-12
5.439800514798366203e+04 -3.288856077979211680e-12
5.441212641210187576e+04 -3.355532850712761874e-12
5.442624767618020996e+04 -3.376495582496704642e-12
5.444036894040387415e+04 -3.359783732404490065e-12
5.445449020447112707e+04 -3.339711483713497709e-12
5.446861146856487176e+04 -3.441101000125394321e-12
5.448273273273407540e+04 -3.303757343503546961e-12
5.449685399690079794e+04 -3.320659781445012458e-12
5.451097526100536925e+04 -3.165777535547039558e-12
5.452509652508483123e+04 -3.346109698098638923e-12
5.453921778916450421e+04 -3.272452645386290850e-12
5.455333905334249721e+04 -3.092985854690747543e-12
5.456746031751528062e+04 -3.101808269253009922e-12
5.458158158161256142e+04 -3.201659561435652066e-12
5.459570284573278332e+04 -3.121625542307842864e-12
5.460982410977933614e+04 -3.034492125795454058e-12
5.462394537389421021e+04 -3.090629261689880500e-12
5.463806663805891731e+04 -3.092212557369970914e-12
5.465218790222051030e+04 -3.179976330316198360e-12
5.466630916634303867e+04 -3.158709044300176113e-12
5.468043043039828626e+04 -2.982383089850051044e-12
5.469455169463371567e+04 -3.009295897022248514e-12
5.470867295870949602e+04 -2.913997465251937459e-12
5.472279422282730229e+04 -2.903370261022617184e-12
5.473691548693279037e+04 -2.939707508564676098e-12
5.475103675103222486e+04 -2.984752560408299787e-12
5.476515801516735519e+04 -2.748681178485371382e-12
5.477927927930767328e+04 -2.676195983494765981e-12
5.479340054341790528e+04 -2.631850183016973144e-12
5.480752180745687656e+04 -2.505279247022860224e-12
5.482164307159237069e+04 -2.194780734456152743e-12
5.483576433579541481e+04 -2.209439901901710712e-12
5.484988559985721076e+04 -2.225066817784509691e-12
5.486400686396557285e+04 -2.025455020198767147e-12
5.487812812811607728e+04 -2.049909501666781668e-12
5.489224939219479711e+04 -1.868570958005795389e-12
5.490637065643088135e+04 -1.650755445305158037e-12
5.492049192052114813e+04 -1.542187978408653136e-12
5.493461318463715725e+04 -1.496594986498434365e-12
5.494873444873980043e+04 -1.453930351136834186e-12
5.496285571293273097e+04 -1.465146703616371221e-12
5.497697697702483856e+04 -1.289051257443379855e-12
5.499109824106028827e+04 -1.179289397099714106e-12
5.500521950519331585e+04 -9.099179395432211788e-13
5.501934076934366021e+04 -9.023588133601119584e-13
5.503346203351327858e+04 -7.980609006135386504e-13
5.504758329761256755e+04 -6.881792789862222343e-13
5.506170456173239654e+04 -6.101773384132590031e-13
5.507582582578017900e+04 -4.621266367063243912e-13
5.508994708987828926e+04 -3.588486265043886894e-13
5.510406835413007502e+04 -1.584442152617970437e-13
5.511818961823006975e+04 -1.767342100111498303e-13
5.513231088232206093e+04 -7.547668856241652751e-14
5.514643214644228283e+04 7.600974545397892234e-14
5.516055341064029926e+04 2.242536105216402916e-13
5.517467467470090924e+04 3.149373696041878422e-13
5.518879593883419147e+04 4.669183018240439404e-13
5.520291720290249214e+04 4.167280219285271801e-13
5.521703846701508883e+04 2.811337814769956937e-13
5.523115973122172727e+04 4.154904886641373691e-13
5.524528099532570923e+04 4.483990865532953393e-13
5.525940225939128868e+04 5.204734874634217910e-13
5.527352352346946282e+04 7.619985149375373175e-13
5.528764478757086181e+04 7.169695600406409546e-13
5.530176605182699859e+04 8.571520741873033525e-13
5.531588731591020041e+04 8.580406256466466308e-13
5.533000857998395804e+04 8.907534846636014256e-13
5.534412984408449847e+04 9.698834992632093713e-13
5.535825110828682227e+04 1.038433312717940425e-12
5.537237237242645642e+04 1.092242186237739601e-12
5.538649363646064739e+04 1.052451821683754434e-12
5.540061490056147159e+04 1.303358149710502088e-12
5.541473616465979285e+04 1.299606917245187407e-12
5.542885742885963555e+04 1.170690978051850851e-12
5.544297869298529986e+04 1.220407363835717903e-12
5.545709995710904332e+04 1.359478544780331957e-12
5.547122122121067514e+04 1.502405266405053381e-12
5.548534248526454030e+04 1.579769767887618077e-12
5.549946374950453173e+04 1.481046549731620546e-12
5.551358501362909738e+04 1.609592903028099679e-12
5.552770627774089371e+04 1.706079289466880733e-12
5.554182754184020450e+04 1.944390078618501994e-12
5.555594880588530941e+04 1.844268357730842559e-12
5.557007007009316294e+04 1.948853440007029831e-12
5.558419133418764977e+04 2.044690797553768740e-12
5.559831259827333270e+04 1.965884009644443676e-12
5.561243386243197892e+04 2.119939516358505614e-12
5.562655512663927948e+04 2.377622015079549887e-12
5.564067639071491431e+04 2.284841789655247367e-12
5.565479765478164336e+04 2.282700251862656148e-12
5.566891891888700047e+04 2.289146757087978935e-12
5.568304018297319999e+04 2.491578095862463867e-12
5.569716144721886667e+04 2.463835973994879256e-12
5.571128271132924419e+04 2.677787575603111053e-12
5.572540397542647406e+04 2.614672091363494270e-12
5.573952523950830073e+04 2.620785067852628957e-12
5.575364650358304789e+04 2.612580776044692161e-12
5.576776776776090992e+04 2.614523999453603522e-12
5.578188903191252030e+04 2.815142178148732979e-12
5.579601029599222238e+04 2.874165174652417840e-12
5.581013156011356477e+04 2.869332227367032985e-12
5.582425282431981759e+04 3.028153718068094702e-12
5.583837408836756367e+04 3.101922805529664201e-12
5.585249535250683402e+04 3.061581281519738528e-12
5.586661661657147488e+04 3.097221209329573724e-12
5.588073788072326715e+04 3.271721126142961619e-12
5.589485914491577569e+04 3.108245686204121952e-12
5.590898040897382452e+04 3.287564384989774914e-12
5.592310167312005069e+04 3.393492596500882423e-12
5.593722293719046138e+04 3.475387422670360032e-12
5.595134420127457270e+04 3.643668767024082663e-12
5.596546546551112260e+04 3.590242356958522810e-12
5.597958672956898954e+04 3.665207769500860291e-12
5.599370799367420113e+04 3.708467348013499036e-12
5.600782925777311175e+04 3.786040465925648707e-12
5.602195052199578640e+04 3.853181474602812335e-12
5.603607178605992522e+04 3.802995057974510044e-12
5.605019305021503533e+04 3.776438959141788298e-12
5.606431431428371434e+04 3.757172845542896267e-12
5.607843557841092843e+04 3.820258711400534577e-12
5.609255684261642455e+04 3.744321043275871968e-12
5.610667810669489700e+04 3.779380193247788184e-12
5.612079937080095988e+04 3.947653811067082281e-12
5.613492063494233298e+04 3.929975500293363976e-12
5.614904189897850301e+04 3.869749739930220284e-12
5.616316316319784528e+04 3.989231580585659525e-12
5.617728442729642120e+04 4.080800027860335783e-12
5.619140569136933482e+04 3.911021023583111318e-12
5.620552695545944880e+04 3.895663248649591138e-12
5.621964821959986875e+04 3.849457285007999343e-12
5.623376948381875263e+04 3.728670947789785366e-12
5.624789074794451153e+04 3.675123488684837060e-12
5.626201201201300137e+04 3.617568533722675963e-12
5.627613327612801368e+04 3.807488037745016354e-12
5.629025454033833375e+04 3.763990224420814161e-12
5.630437580436514691e+04 3.688932093465327803e-12
5.631849706847211201e+04 3.657468357514405974e-12
5.633261833256146201e+04 3.756786518821442070e-12
5.634673959667390591e+04 3.860832031443332849e-12
5.636086086090753815e+04 3.851849935169536112e-12
5.637498212496229826e+04 3.840516396917824689e-12
5.638910338905666868e+04 3.463644378093908000e-12
5.640322465321025084e+04 3.421816783962124102e-12
5.641734591729591921e+04 3.444854734118141653e-12
5.643146718147724459e+04 3.300953181399619125e-12
5.644558844556328404e+04 3.189392326289717689e-12
5.645970970968452457e+04 3.193950981602870582e-12
5.647383097379282117e+04 2.865587433680409355e-12
5.648795223797226208e+04 2.919053764173852797e-12
5.650207350206903357e+04 3.026618713228185456e-12
5.651619476618073531e+04 3.040888334562944410e-12
5.653031603028027166e+04 3.012843590096887454e-12
5.654443729437049478e+04 2.910488900759226011e-12
5.655855855861552845e+04 2.938730671853223929e-12
5.657267982272674999e+04 2.875579130452938228e-12
5.658680108678997203e+04 2.959764874080635893e-12
5.660092235088327288e+04 2.906065459798581763e-12
5.661504361504176632e+04 2.822956279968001714e-12
5.662916487919045176e+04 2.759056552483833736e-12
5.664328614331639983e+04 2.766140496799555059e-12
5.665740740736381122e+04 2.763402728100187387e-12
