5.300000000000058208e+04 -4.117485187149391446e-12
5.301412126409518532e+04 -3.949712847498728379e-12
5.302824252819264802e+04 -3.834464430302373059e-12
5.304236379240835231e+04 -3.794253104603010587e-12
5.305648505650586594e+04 -3.693999577372710202e-12
5.307060632059218187e+04 -3.625162879395022153e-12
5.308472758470501140e+04 -3.494339726856934117e-12
5.309884884879721358e+04 -3.329975799004343853e-12
5.311297011299961741e+04 -3.316250452283184884e-12
5.312709137709958304e+04 -3.115068196087756543e-12
5.314121264120545675e+04 -3.056004991976878337e-12
5.315533390529324970e+04 -2.953995103920580571e-12
5.316945516950276215e+04 -2.930366896812003501e-12
5.318357643359307258e+04 -2.904574075753196760e-12
5.319769769770748826e+04 -2.679462752067190536e-12
5.321181896180559852e+04 -2.543720293687513086e-12
5.322594022590456734e+04 -2.541134078362604328e-12
5.324006149009596265e+04 -2.338157138415756155e-12
5.325418275420495047e+04 -2.264289658667070461e-12
5.326830401829297625e+04 -2.384321587034314874e-12
5.328242528239882813e+04 -2.347271500922969189e-12
5.329654654649937584e+04 -2.306817446964252202e-12
5.331066781070847355e+04 -2.260069578131444719e-12
5.332478907479186455e+04 -2.287109329121430179e-12
5.333891033889240498e+04 -2.315884221482771529e-12
5.335303160299720184e+04 -2.351771697937874232e-12
5.336715286720100266e+04 -2.352514772410539334e-12
5.338127413129783235e+04 -2.358097817545847547e-12
5.339539539539194811e+04 -2.349534209755475306e-12
5.340951665949835296e+04 -2.321305447778510469e-12
5.342363792359622312e+04 -2.467640382423115171e-12
5.343775918779685162e+04 -2.496520748920665795e-12
5.345188045190153935e+04 -2.434978820617162440e-12
5.346600171600106842e+04 -2.413294505774521484e-12
5.348012298009651568e+04 -2.253342059906225089e-12
5.349424424419669958e+04 -2.092453924639282488e-12
5.350836550840457494e+04 -2.017484377913285389e-12
5.352248677249484899e+04 -1.978805018127002418e-12
5.353660803660150123e+04 -1.974514293533729115e-12
5.355072930069657741e+04 -2.057074304838159507e-12
5.356485056489809358e+04 -2.126489142763949284e-12
5.357897182899669133e+04 -2.185353812147358478e-12
5.359309309310733806e+04 -2.228457247844646422e-12
5.360721435719230067e+04 -2.400573721488712679e-12
5.362133562130608334e+04 -2.338944881972225932e-12
5.363545688549917395e+04 -2.188367565046776521e-12
5.364957814960912947e+04 -2.111770646853522857e-12
5.366369941370123706e+04 -2.142702511537688029e-12
5.367782067779958743e+04 -2.211287068607672515e-12
5.369194194190950657e+04 -2.192881963025916591e-12
5.370606320610741386e+04 -2.148897149238925409e-12
5.372018447020199528e+04 -2.251069184101634229e-12
5.373430573430077493e+04 -2.327193174109522418e-12
5.374842699840843852e+04 -2.365430172220062096e-12
5.376254826249164762e+04 -2.389753505049085005e-12
5.377666952670500905e+04 -2.376748176731637284e-12
5.379079079080710653e+04 -2.540215377646345064e-12
5.380491205490528228e+04 -2.614629348542932424e-12
5.381903331900930061e+04 -2.614115621282490860e-12
5.383315458320887410e+04 -2.673427899811105804e-12
5.384727584730652598e+04 -2.723156068925504293e-12
5.386139711140342115e+04 -2.859749666852103371e-12
5.387551837550813798e+04 -2.892669141782169375e-12
5.388963963959335524e+04 -2.923954817094887154e-12
5.390376090379692323e+04 -2.784293023773189948e-12
5.391788216790024308e+04 -2.845709143996314544e-12
5.393200343199935742e+04 -2.784770149934125791e-12
5.394612469609223626e+04 -2.742332946078551766e-12
5.396024596020860190e+04 -2.826189607087323745e-12
5.397436722439635196e+04 -2.727355618736855480e-12
5.398848848849182832e+04 -2.802286858935772014e-12
5.400260975260318082e+04 -2.781739605132425470e-12
5.401673101669527387e+04 -2.795732507202836412e-12
5.403085228090851160e+04 -2.764549682291596477e-12
5.404497354499340872e+04 -2.705994613606512499e-12
5.405909480910854472e+04 -2.811880413795022502e-12
5.407321607320140902e+04 -2.685175016138029215e-12
5.408733733729716187e+04 -2.652273644977610598e-12
5.410145860150463704e+04 -2.612611696534354646e-12
5.411557986559737765e+04 -2.776370525564476565e-12
5.412970112970840273e+04 -2.613661190426982911e-12
5.414382239379247039e+04 -2.500613906288651930e-12
5.415794365789445146e+04 -2.613653843969734666e-12
5.417206492209999851e+04 -2.584590340787920341e-12
5.418618618620635243e+04 -2.642028616784511440e-12
5.420030745029382524e+04 -2.560949966109525677e-12
5.421442871440071758e+04 -2.453949865780517915e-12
5.422854997849618667e+04 -2.354113217202380206e-12
5.424267124269228952e+04 -2.429101917191917990e-12
5.425679250680678524e+04 -2.419654373170479439e-12
5.427091377089444723e+04 -2.280072734944831780e-12
5.428503503499562066e+04 -2.296229955795314787e-12
5.429915629919572530e+04 -2.266603267953369054e-12
5.431327756329659314e+04 -2.124792635886515739e-12
5.432739882739497261e+04 -2.035327085955328969e-12
5.434152009149691003e+04 -1.837887374176039310e-12
5.435564135559749411e+04 -1.660843526706084282e-12
5.436976261979691481e+04 -1.648626368302000250e-12
5.438388388389795000e+04 -1.498952272057894145e-12
5.439800514800300152e+04 -1.556320625523888594e-12
5.441212641209187859e+04 -1.435193419092950396e-12
5.442624767620786588e+04 -1.390076070209076951e-12
5.444036894039910840e+04 -1.167737771760867712e-12
5.445449020450017269e+04 -1.106988867279981371e-12
5.446861146860264125e+04 -9.618286442680688892e-13
5.448273273270909704e+04 -7.626730099743319771e-13
5.449685399690113263e+04 -6.750449926624004480e-13
5.451097526100814139e+04 -6.191185126181403554e-13
5.452509652509314037e+04 -5.888660640427152108e-13
5.453921778920397628e+04 -5.403408773027418793e-13
5.455333905329502159e+04 -6.397494635594240580e-13
5.456746031750091061e+04 -5.919303238357161953e-13
5.458158158160270978e+04 -6.126620261906921548e-13
5.459570284569256182e+04 -7.063461480100342866e-13
5.460982410980857821e+04 -7.129663554847324802e-13
5.462394537389640755e+04 -4.752643847556034935e-13
5.463806663809714519e+04 -4.429352501401404843e-13
5.465218790220087249e+04 -2.902706210489904757e-13
5.466630916629502462e+04 -3.399615331302005385e-13
5.468043043039483018e+04 -2.783163608650098564e-13
5.469455169460400793e+04 -1.600342011902497944e-13
5.470867295870610542e+04 -1.256863650723165675e-13
5.472279422279241408e+04 6.079558097404312903e-14
5.473691548690773925e+04 1.463954513384707598e-13
5.475103675100093824e+04 2.912355787131317779e-13
5.476515801519349770e+04 3.573473969853477807e-13
5.477927927929308498e+04 4.063624349997053768e-13
5.479340054340873758e+04 2.597308215503281409e-13
5.480752180750133994e+04 4.307610690155239520e-13
5.482164307159748569e+04 5.779106077009132200e-13
5.483576433579572040e+04 7.852145125770148602e-13
5.484988559989295027e+04 6.840931522875636088e-13
5.486400686399717961e+04 8.276061946349962849e-13
5.487812812810838659e+04 7.316829775957321110e-13
5.489224939219705266e+04 7.731962332655839128e-13
5.490637065639284992e+04 9.344252572675256311e-13
5.492049192049392150e+04 9.459576209066698618e-13
5.493461318460102484e+04 1.077961388480596339e-12
5.494873444870016101e+04 1.070989600551867636e-12
5.496285571289347718e+04 1.173834229813014283e-12
5.497697697699624405e+04 1.279304168046570125e-12
5.499109824110719637e+04 1.270183541372685516e-12
5.500521950520468090e+04 1.311757142941363322e-12
5.501934076930788433e+04 1.377141661945987987e-12
5.503346203349399002e+04 1.337027381635009673e-12
5.504758329760562629e+04 1.438547024856713237e-12
5.506170456169659155e+04 1.401646819591908478e-12
5.507582582580213057e+04 1.541054241831380023e-12
5.508994708989587525e+04 1.529550739274283130e-12
5.510406835410452913e+04 1.520819999581509796e-12
5.511818961820362892e+04 1.650886401429644554e-12
5.513231088230061141e+04 1.603159617168488011e-12
5.514643214639415237e+04 1.581197907971351920e-12
5.516055341059347847e+04 1.738042671236839812e-12
5.517467467470182601e+04 1.717685113454585744e-12
5.518879593879514869e+04 1.845164512857392477e-12
5.520291720289199293e+04 1.853064053387204137e-12
5.521703846700912982e+04 1.907987217270111726e-12
5.523115973119315458e+04 1.735697052386816005e-12
5.524528099529651081e+04 1.846506815546063679e-12
5.525940225939164520e+04 1.817053818943348016e-12
5.527352352350867295e+04 1.716673926089038649e-12
5.528764478760783823e+04 1.901889657753942480e-12
5.530176605179961916e+04 1.803208895511797886e-12
5.531588731589178497e+04 1.957587872876555804e-12
5.533000858000275912e+04 1.974727682384012196e-12
5.534412984410154604e+04 2.090206119124616102e-12
5.535825110830018093e+04 1.949862548332920259e-12
5.537237237240929971e+04 2.007960431241027741e-12
5.538649363649862789e+04 2.088136517168353359e-12
5.540061490059699281e+04 2.080456845609047025e-12
5.541473616470708657e+04 2.203612854921172283e-12
5.542885742890042457e+04 2.140702517768418125e-12
5.544297869299421291e+04 2.254531674856757041e-12
5.545709995710704970e+04 2.334581296770021143e-12
5.547122122119960841e+04 2.291578284519583472e-12
5.548534248529652541e+04 2.316017324050268350e-12
5.549946374950252357e+04 2.406325748763972321e-12
5.551358501359580259e+04 2.483994069034862673e-12
5.552770627770460851e+04 2.550035046469326450e-12
5.554182754180493066e+04 2.609060157231571048e-12
5.555594880590635148e+04 2.629014709359055685e-12
5.557007007010316011e+04 2.741360406830164990e-12
5.558419133420602884e+04 2.814915760535845764e-12
5.559831259829299961e+04 2.892434527927036973e-12
5.561243386240528343e+04 2.930832885723568236e-12
5.562655512660626846e+04 3.081572743015638436e-12
5.564067639069254074e+04 2.992481731217383091e-12
5.565479765479420166e+04 2.942494337111505816e-12
5.566891891889232647e+04 2.866912935446106125e-12
5.568304018300644384e+04 2.881312516399910418e-12
5.569716144719468139e+04 2.926310091793287430e-12
5.571128271129679342e+04 2.975879787329899189e-12
5.572540397539630067e+04 2.987830374285255383e-12
5.573952523949440365e+04 2.794804309071412931e-12
5.575364650360920496e+04 2.749680794410920446e-12
5.576776776779993816e+04 2.775190317712086235e-12
5.578188903189641132e+04 2.706012927779503129e-12
5.579601029600282345e+04 2.662466802439630917e-12
5.581013156010628154e+04 2.693576949898806262e-12
5.582425282430383231e+04 2.612310439817040386e-12
5.583837408839569252e+04 2.516027771119550810e-12
5.585249535249199835e+04 2.600467950732624491e-12
5.586661661660683603e+04 2.540016053023352063e-12
5.588073788070273440e+04 2.396959015772266073e-12
5.589485914489461720e+04 2.374803150204993914e-12
5.590898040899260377e+04 2.313243511692052098e-12
5.592310167309497774e+04 2.433224801978977059e-12
5.593722293720868038e+04 2.414460900672679094e-12
5.595134420129174396e+04 2.491312189948158420e-12
5.596546546549219784e+04 2.371399116764254660e-12
5.597958672959197429e+04 2.366021510058427903e-12
5.599370799370348686e+04 2.222447072318276430e-12
5.600782925779652578e+04 2.290401277119001201e-12
5.602195052200858481e+04 2.175043007429103057e-12
5.603607178609826224e+04 2.167901726236714854e-12
5.605019305020083993e+04 2.092878130575247404e-12
5.606431431429603981e+04 2.139627311275420804e-12
5.607843557840856374e+04 2.297228759637493416e-12
5.609255684259569534e+04 2.185807666285789798e-12
5.610667810669564642e+04 2.159000968533335975e-12
5.612079937079867523e+04 2.144885800424433885e-12
5.613492063490729925e+04 2.167988309482856867e-12
5.614904189899885387e+04 2.218335155246959343e-12
5.616316316320697661e+04 2.052099520630235286e-12
5.617728442730328970e+04 2.062419718823393751e-12
5.619140569140794832e+04 2.102764887790750565e-12
5.620552695550853969e+04 1.969358996376273026e-12
5.621964821960102563e+04 2.027670976038476529e-12
5.623376948379508394e+04 2.037795443620660189e-12
5.624789074790722952e+04 2.056033548486751934e-12
5.626201201199582283e+04 2.103777649397136800e-12
5.627613327610790293e+04 2.092786299859642532e-12
5.629025454029449611e+04 1.997030477096252473e-12
5.630437580439878366e+04 1.966112911766374055e-12
5.631849706849933864e+04 1.999264324846711253e-12
5.633261833259171544e+04 1.978431346331096589e-12
5.634673959670751356e+04 2.045613123626847055e-12
5.636086086089434684e+04 1.943143688432315194e-12
5.637498212500008231e+04 1.807455147801371180e-12
5.638910338909727579e+04 1.806604008254449755e-12
5.640322465319732873e+04 1.793393503880993398e-12
5.641734591730620741e+04 1.832487676128337233e-12
5.643146718149248773e+04 1.861394935906886118e-12
5.644558844560677244e+04 1.794459264928957292e-12
5.645970970969894552e+04 1.708590199381070394e-12
5.647383097380574327e+04 1.799278016136959316e-12
5.648795223800678650e+04 1.864089511476209005e-12
5.650207350210590084e+04 1.950426651300207850e-12
5.651619476620604109e+04 1.892527647484753452e-12
5.653031603029288090e+04 1.989005522046271384e-12
5.654443729440475727e+04 2.090925547188012547e-12
5.655855855859247094e+04 2.086387535596288805e-12
5.657267982270731591e+04 2.135761500521924952e-12
5.658680108680116246e+04 2.150165279451299613e-12
5.660092235090161557e+04 2.135823420661589996e-12
5.661504361499173683e+04 2.130128342053243734e-12
5.662916487920535292e+04 2.159933968603882397e-12
5.664328614329552511e+04 2.082058898036143865e-12
5.665740740739346074e+04 1.990087025502624863e-12
