5.299999999999834836e+04 -4.492199002741856557e-12
5.301412126406349125e+04 -4.325850445852558462e-12
5.302824252822218114e+04 -4.143349740780029583e-12
5.304236379242348630e+04 -4.069631232205523260e-12
5.305648505646477861e+04 -4.138003416611931273e-12
5.307060632057044859e+04 -4.025941029978379948e-12
5.308472758469901601e+04 -3.976101508260437692e-12
5.309884884883162158e+04 -3.839455078697448329e-12
5.311297011298672442e+04 -3.841677983318939150e-12
5.312709137712111260e+04 -3.668860206488680075e-12
5.314121264123110450e+04 -3.531523537634514091e-12
5.315533390533379861e+04 -3.302751734190416877e-12
5.316945516951419995e+04 -3.198726305667605204e-12
5.318357643358820496e+04 -3.072176915641021857e-12
5.319769769773376174e+04 -3.017547086435485332e-12
5.321181896180928015e+04 -2.978533886894719123e-12
5.322594022593134287e+04 -3.015296807890509847e-12
5.324006149013079266e+04 -2.879121900615663745e-12
5.325418275416779943e+04 -2.770453735231686493e-12
5.326830401830887422e+04 -2.611618045256499474e-12
5.328242528236986254e+04 -2.516676659698297894e-12
5.329654654651491001e+04 -2.528729514418794864e-12
5.331066781067183911e+04 -2.465110385722030613e-12
5.332478907477873872e+04 -2.285697171921534895e-12
5.333891033893298300e+04 -2.126169693187803992e-12
5.335303160298341390e+04 -2.049512506769643758e-12
5.336715286717165873e+04 -1.789591050672687923e-12
5.338127413130726927e+04 -1.790356439131167877e-12
5.339539539538484678e+04 -1.536686099302971651e-12
5.340951665951395262e+04 -1.525442227950938646e-12
5.342363792360629304e+04 -1.370811453464007355e-12
5.343775918777337210e+04 -1.219498798782527582e-12
5.345188045191352285e+04 -1.224339012031569444e-12
5.346600171601981128e+04 -1.261855974865433240e-12
5.348012298011349776e+04 -1.157661541417614639e-12
5.349424424422495940e+04 -1.063859353320200289e-12
5.350836550838115363e+04 -1.081964492137633878e-12
5.352248677247686282e+04 -1.072162335609524233e-12
5.353660803659608791e+04 -1.010306694459912487e-12
5.355072930069340509e+04 -8.888378142465484713e-13
5.356485056492892181e+04 -6.773089840121031710e-13
5.357897182897070888e+04 -6.152113677086664904e-13
5.359309309309977107e+04 -7.084452240880657324e-13
5.360721435722470051e+04 -5.442485707062186461e-13
5.362133562128902122e+04 -5.238620348741874593e-13
5.363545688548655016e+04 -4.325264535625913153e-13
5.364957814959261304e+04 -3.871947843434530604e-13
5.366369941372257745e+04 -3.991125125973130625e-13
5.367782067779133649e+04 -2.904798074196429579e-13
5.369194194190534472e+04 -9.684442002360459261e-14
5.370606320611163392e+04 -4.322385898401173047e-14
5.372018447018286679e+04 -5.785281618426701363e-14
5.373430573431764788e+04 -8.818318796678476844e-14
5.374842699842724687e+04 -5.027085270975545578e-14
5.376254826250713813e+04 -9.388801840875521516e-15
5.377666952668477461e+04 -1.647096524779484304e-14
5.379079079078432551e+04 -1.751898623820042862e-14
5.380491205490222637e+04 7.097283824626027993e-14
5.381903331898232864e+04 2.218358407258718474e-13
5.383315458322016639e+04 3.402910876116997040e-13
5.384727584729426599e+04 3.251892361990700334e-13
5.386139711141381122e+04 3.210613905720410458e-13
5.387551837552135112e+04 4.594255338337140292e-13
5.388963963961219997e+04 4.336624107990716681e-13
5.390376090376498905e+04 4.727955649385056538e-13
5.391788216792025923e+04 4.060784053635547150e-13
5.393200343201177020e+04 4.155748971729385668e-13
5.394612469610629341e+04 4.043665344480677466e-13
5.396024596023049526e+04 4.736738546910761969e-13
5.397436722439069126e+04 4.901791684520045111e-13
5.398848848849372007e+04 5.578715886122487736e-13
5.400260975259132829e+04 6.419082424883858202e-13
5.401673101668585150e+04 7.423762876198135481e-13
5.403085228090335295e+04 7.132492709312507356e-13
5.404497354498226196e+04 6.982424212365648437e-13
5.405909480906717363e+04 7.816142890510863219e-13
5.407321607323153876e+04 8.344689774236469613e-13
5.408733733728103107e+04 1.037009896231380663e-12
5.410145860147373605e+04 1.087731323125750104e-12
5.411557986562839505e+04 1.115169807751042685e-12
5.412970112970627088e+04 1.179955814497495331e-12
5.414382239383250999e+04 1.060698217900368881e-12
5.415794365793182806e+04 1.050147378108830522e-12
5.417206492211707518e+04 1.079847762284351438e-12
5.418618618623093062e+04 1.182775812825002353e-12
5.420030745029066748e+04 1.182679067956270556e-12
5.421442871439200826e+04 1.282199807476152701e-12
5.422854997846978222e+04 1.313369926010484971e-12
5.424267124272294313e+04 1.401979768259404669e-12
5.425679250678131939e+04 1.605706384689222674e-12
5.427091377089114394e+04 1.612174829896499417e-12
5.428503503500555962e+04 1.759408382611872853e-12
5.429915629917511251e+04 1.731527718736701183e-12
5.431327756331368437e+04 1.757712942506590901e-12
5.432739882740325993e+04 1.775772049230994446e-12
5.434152009149075457e+04 1.969523130190440870e-12
5.435564135559798160e+04 1.933722557551884567e-12
5.436976261979548144e+04 1.978700883650189295e-12
5.438388388387380837e+04 2.117284276544303477e-12
5.439800514798456425e+04 2.170297559357998426e-12
5.441212641209689173e+04 2.189108093194293016e-12
5.442624767620770581e+04 2.294082957846280207e-12
5.444036894037422462e+04 2.234678961438223749e-12
5.445449020446657232e+04 2.436978260178403903e-12
5.446861146861983434e+04 2.420262864466956399e-12
5.448273273271389189e+04 2.539165762159303320e-12
5.449685399687488098e+04 2.594311305753514550e-12
5.451097526101085532e+04 2.665301831765719253e-12
5.452509652509777516e+04 2.549320745319124172e-12
5.453921778921688383e+04 2.436550090695968810e-12
5.455333905329103436e+04 2.475067977168393307e-12
5.456746031751247938e+04 2.506795258343469800e-12
5.458158158160554740e+04 2.619451672028873332e-12
5.459570284567104682e+04 2.862264894015972657e-12
5.460982410981236899e+04 2.850639304921946847e-12
5.462394537386985758e+04 2.981809077514867831e-12
5.463806663813238265e+04 2.894899775701313435e-12
5.465218790222185635e+04 2.966394007730097873e-12
5.466630916632001754e+04 2.978943337619462304e-12
5.468043043037705502e+04 3.075716161324976562e-12
5.469455169457983720e+04 2.963906402433398938e-12
5.470867295866450149e+04 3.160288027054157374e-12
5.472279422283088206e+04 3.196978058522555407e-12
5.473691548691254138e+04 3.222219914910457141e-12
5.475103675101905537e+04 3.285353188745933278e-12
5.476515801517973887e+04 3.382492235519769739e-12
5.477927927931642625e+04 3.402761915687867067e-12
5.479340054342953226e+04 3.496487453571466517e-12
5.480752180752085405e+04 3.423642021437452350e-12
5.482164307159826421e+04 3.343613581395377775e-12
5.483576433582702884e+04 3.406497294143044004e-12
5.484988559990256908e+04 3.413101124061519076e-12
5.486400686400861741e+04 3.423160556733703804e-12
5.487812812810213654e+04 3.430968871566088962e-12
5.489224939219687076e+04 3.443108044531159946e-12
5.490637065643293317e+04 3.686434527583603184e-12
5.492049192047894030e+04 3.674645275998929639e-12
5.493461318460217444e+04 3.591569098206958490e-12
5.494873444872477558e+04 3.669247448181161991e-12
5.496285571286776394e+04 3.647657428132894828e-12
5.497697697699696437e+04 3.568626457708375244e-12
5.499109824112085334e+04 3.514621515779752436e-12
5.500521950522341649e+04 3.430910120928420368e-12
5.501934076932611788e+04 3.319181128023351846e-12
5.503346203346721450e+04 3.168618480108676966e-12
5.504758329756894818e+04 3.194870718342192595e-12
5.506170456171915430e+04 3.270874739703990112e-12
5.507582582576316054e+04 3.058465489199344636e-12
5.508994708992291999e+04 2.908487765215740358e-12
5.510406835413209774e+04 2.871413401279167491e-12
5.511818961816790397e+04 2.766195528495110626e-12
5.513231088233111950e+04 2.734876209165556988e-12
5.514643214640905353e+04 2.627608778421701315e-12
5.516055341060040519e+04 2.523732421571829900e-12
5.517467467468155519e+04 2.498542730585286198e-12
5.518879593878579908e+04 2.445775748521816204e-12
5.520291720291290403e+04 2.401973468155121325e-12
5.521703846702414739e+04 2.212598212162576005e-12
5.523115973121190473e+04 2.055314491298650682e-12
5.524528099528864550e+04 1.925343296275302475e-12
5.525940225941762765e+04 1.808191296707750617e-12
5.527352352352225716e+04 1.757779375919954342e-12
5.528764478759215126e+04 1.541728296052419026e-12
5.530176605178446334e+04 1.434096482232739345e-12
5.531588731591363467e+04 1.296266065917883470e-12
5.533000858000118751e+04 1.158713843556558093e-12
5.534412984410503850e+04 1.108884845304483595e-12
5.535825110830315680e+04 1.129925708293402643e-12
5.537237237240453396e+04 9.335217455181022363e-13
5.538649363646413985e+04 8.671576062582832608e-13
5.540061490061346558e+04 9.728825422382155964e-13
5.541473616469752596e+04 8.392413691948091537e-13
5.542885742892284907e+04 7.878893090820399237e-13
5.544297869303148036e+04 6.812113215490756300e-13
5.545709995712285308e+04 5.197340318173010552e-13
5.547122122118390689e+04 4.973966520089817587e-13
5.548534248527236923e+04 4.001809388810450828e-13
5.549946374950691825e+04 3.083797749062129111e-13
5.551358501363013056e+04 2.747855146760912277e-13
5.552770627772121225e+04 1.079532011625639190e-13
5.554182754177117749e+04 6.555927538872984860e-15
5.555594880590350658e+04 -1.099140302641348860e-14
5.557007007012375107e+04 -3.758426583612462732e-14
5.558419133421880542e+04 -3.200468728404551773e-13
5.559831259826730093e+04 -3.703522031856246968e-13
5.561243386241866392e+04 -5.011233107372255910e-13
5.562655512659445958e+04 -4.868875793022208637e-13
5.564067639069641154e+04 -6.246192170724255863e-13
5.565479765479028720e+04 -6.826954490691793798e-13
5.566891891891076375e+04 -7.123736887735792839e-13
5.568304018297250877e+04 -7.221081529460898645e-13
5.569716144721856836e+04 -8.508964587569566523e-13
5.571128271130011854e+04 -8.506377622677953157e-13
5.572540397540844424e+04 -1.069576274573875406e-12
5.573952523951312469e+04 -1.057188153851827515e-12
5.575364650360621454e+04 -1.296075864825581842e-12
5.576776776782599336e+04 -1.442592853444823191e-12
5.578188903189767734e+04 -1.537080406467322099e-12
5.579601029599431058e+04 -1.707511551624302770e-12
5.581013156006985082e+04 -1.738381138050562773e-12
5.582425282426807826e+04 -1.967446194334163679e-12
5.583837408837385010e+04 -1.835150669137921952e-12
5.585249535252123314e+04 -1.837766170053545126e-12
5.586661661661531980e+04 -2.004380654279717742e-12
5.588073788072336174e+04 -2.086181297622884712e-12
5.589485914486947149e+04 -2.163841247672103842e-12
5.590898040898068575e+04 -2.281177633856337286e-12
5.592310167311727128e+04 -2.228890211942976988e-12
5.593722293722775066e+04 -2.132805480870724859e-12
5.595134420126951591e+04 -2.172284553599858431e-12
5.596546546552776999e+04 -2.149661426184594496e-12
5.597958672956540977e+04 -2.293820383715708308e-12
5.599370799370572058e+04 -2.299187351308415255e-12
5.600782925778022036e+04 -2.164852275129120258e-12
5.602195052198996564e+04 -2.232644054884278144e-12
5.603607178608853428e+04 -2.172174928783637655e-12
5.605019305020149477e+04 -2.246070125058845754e-12
5.606431431426478957e+04 -2.173071683022332720e-12
5.607843557841082657e+04 -2.220775909586164828e-12
5.609255684259001282e+04 -2.181970015866885050e-12
5.610667810666690639e+04 -2.186430157683011544e-12
5.612079937076570059e+04 -2.303362778495841750e-12
5.613492063487178530e+04 -2.277695851560238639e-12
5.614904189897045580e+04 -2.284106191741250116e-12
5.616316316318413010e+04 -2.280624538567431974e-12
5.617728442729502422e+04 -2.378275393780955666e-12
5.619140569138744468e+04 -2.370585128993599232e-12
5.620552695552005753e+04 -2.347837011210724422e-12
5.621964821960093104e+04 -2.367796087732863693e-12
5.623376948378215457e+04 -2.279574709865098194e-12
5.624789074787838763e+04 -2.291127151187169901e-12
5.626201201202212542e+04 -2.237566454464915461e-12
5.627613327611386194e+04 -2.330026916804438440e-12
5.629025454032312700e+04 -2.289258364420196541e-12
5.630437580441308819e+04 -2.318074971146222154e-12
5.631849706851751398e+04 -2.311464297746875512e-12
5.633261833263142034e+04 -2.218992730891222305e-12
5.634673959670256590e+04 -2.319991274912452567e-12
5.636086086087497824e+04 -2.258734502900215369e-12
5.637498212498546491e+04 -2.245558348899728851e-12
5.638910338910912833e+04 -2.080534909414981670e-12
5.640322465321303753e+04 -2.139531137660936432e-12
5.641734591729231761e+04 -1.891394914217670521e-12
5.643146718149502703e+04 -1.842247229679127035e-12
5.644558844558697456e+04 -1.751163985584373154e-12
5.645970970966559253e+04 -1.748101592455629458e-12
5.647383097378865205e+04 -1.672785082676831194e-12
5.648795223797899962e+04 -1.608483478166010384e-12
5.650207350209035212e+04 -1.559929562434758500e-12
5.651619476617801411e+04 -1.331632783720665545e-12
5.653031603027177334e+04 -1.333765238184602986e-12
5.654443729439599701e+04 -1.229477045820791166e-12
5.655855855858042924e+04 -1.269842349322751642e-12
5.657267982270075299e+04 -1.083066970449878187e-12
5.658680108678805118e+04 -1.040679224667042760e-12
5.660092235091553448e+04 -9.857402767217747845e-13
5.661504361502780375e+04 -7.807201132850099450e-13
5.662916487917377526e+04 -7.622525927871016785e-13
5.664328614332511643e+04 -6.874613524457419947e-13
5.665740740736925363e+04 -5.756144708984949747e-13
