5.300000000000049477e+04 -2.862573426755567608e-12
5.301412126407876349e+04 -2.966949859816429714e-12
5.302824252821673144e+04 -3.064469418492286018e-12
5.304236379238055088e+04 -2.977248279874660446e-12
5.305648505649937579e+04 -2.946398536983738334e-12
5.307060632061745127e+04 -2.903126717323656578e-12
5.308472758468037500e+04 -2.839705195486677890e-12
5.309884884881136531e+04 -2.822772103252200425e-12
5.311297011299133737e+04 -2.818612842373833255e-12
5.312709137711501535e+04 -2.789640231851418212e-12
5.314121264118188992e+04 -2.555563054548001588e-12
5.315533390530078759e+04 -2.385289460558777466e-12
5.316945516951904574e+04 -2.284837909569317056e-12
5.318357643361353257e+04 -2.448606114549981943e-12
5.319769769770824496e+04 -2.338947647138756918e-12
5.321181896182244236e+04 -2.367735527483796398e-12
5.322594022588093503e+04 -2.370173249311038163e-12
5.324006149008745706e+04 -2.263004399228933238e-12
5.325418275422221632e+04 -2.141313112729634375e-12
5.326830401828257163e+04 -2.143382699546148096e-12
5.328242528239245439e+04 -2.102141182677415502e-12
5.329654654648141877e+04 -1.906707402726025987e-12
5.331066781070790603e+04 -1.960597050353742355e-12
5.332478907478278416e+04 -1.782258841530579157e-12
5.333891033890837571e+04 -1.716161450112329611e-12
5.335303160300676973e+04 -1.544307673295371378e-12
5.336715286718441348e+04 -1.495781589383897001e-12
5.338127413129291381e+04 -1.384378720737159928e-12
5.339539539540084661e+04 -1.337204384186054665e-12
5.340951665948153095e+04 -1.321501086953383052e-12
5.342363792360103980e+04 -1.113555272507312077e-12
5.343775918779138010e+04 -1.137348511069851114e-12
5.345188045190322009e+04 -1.224041748596545417e-12
5.346600171599438909e+04 -1.252914347416518094e-12
5.348012298011502571e+04 -1.303137203012698862e-12
5.349424424418361741e+04 -1.213029423697236583e-12
5.350836550840284326e+04 -1.225285459710586959e-12
5.352248677248411695e+04 -1.139267692048320179e-12
5.353660803659231169e+04 -1.123473318831107680e-12
5.355072930071808514e+04 -1.123634348129832095e-12
5.356485056487913243e+04 -1.277840692992727390e-12
5.357897182898712344e+04 -1.202665192024892433e-12
5.359309309311875404e+04 -1.169465034344205218e-12
5.360721435720084264e+04 -1.302475359341501777e-12
5.362133562128354242e+04 -1.293487290351439624e-12
5.363545688551060448e+04 -1.259161542842709430e-12
5.364957814962029806e+04 -1.408169142943651331e-12
5.366369941371693858e+04 -1.475876247511134326e-12
5.367782067778370401e+04 -1.495261474689097498e-12
5.369194194188506663e+04 -1.513861435533775725e-12
5.370606320609046088e+04 -1.567187563449958284e-12
5.372018447022260807e+04 -1.530257183601162313e-12
5.373430573429843935e+04 -1.545537157669672223e-12
5.374842699841986905e+04 -1.534326072584000657e-12
5.376254826251122722e+04 -1.562220505389924489e-12
5.377666952669803140e+04 -1.696554890482621710e-12
5.379079079077861388e+04 -1.653343125473556142e-12
5.380491205490438733e+04 -1.786361361117986429e-12
5.381903331901827914e+04 -1.858154915476604711e-12
5.383315458321128244e+04 -1.990952564175303251e-12
5.384727584729743830e+04 -1.906164840016846853e-12
5.386139711141731823e+04 -1.989529724533231177e-12
5.387551837551585049e+04 -2.078821961687896191e-12
5.388963963960528781e+04 -2.081945052042733023e-12
5.390376090378875233e+04 -2.070324021484126067e-12
5.391788216788561840e+04 -2.235879287211024729e-12
5.393200343197989423e+04 -2.097262467079876605e-12
5.394612469611344568e+04 -2.085697390889215843e-12
5.396024596018974262e+04 -2.153003288970911401e-12
5.397436722440872109e+04 -2.178676776531260673e-12
5.398848848848042689e+04 -2.078805312053614310e-12
5.400260975261715794e+04 -2.089407732896988274e-12
5.401673101670983306e+04 -1.988479140893457503e-12
5.403085228089120938e+04 -2.031851355363237590e-12
5.404497354499071662e+04 -1.930233667302048048e-12
5.405909480908282421e+04 -1.982131985536075006e-12
5.407321607321330521e+04 -2.028283529254876446e-12
5.408733733730595122e+04 -2.127109711468838230e-12
5.410145860148382781e+04 -2.040888047912122105e-12
5.411557986560998688e+04 -1.868466340473055466e-12
5.412970112969874754e+04 -1.868804883036783293e-12
5.414382239380059764e+04 -1.769763663755183186e-12
5.415794365790909069e+04 -1.833159838387732963e-12
5.417206492212236481e+04 -1.905091891196694182e-12
5.418618618619670451e+04 -1.919211278071568988e-12
5.420030745028184174e+04 -1.745155007282848644e-12
5.421442871440394811e+04 -1.690444474701244388e-12
5.422854997848670610e+04 -1.744699337441139565e-12
5.424267124271803186e+04 -1.638580781079803669e-12
5.425679250678838434e+04 -1.695330024103899269e-12
5.427091377090668539e+04 -1.778211075218098172e-12
5.428503503498967621e+04 -1.819342381447966133e-12
5.429915629919456842e+04 -1.672920279032766466e-12
5.431327756331808632e+04 -1.651909848747307553e-12
5.432739882738156302e+04 -1.720435601750640699e-12
5.434152009147869830e+04 -1.729833284877632673e-12
5.435564135561634612e+04 -1.684772416455283328e-12
5.436976261981458083e+04 -1.646898971500532441e-12
5.438388388388609019e+04 -1.621555743103770373e-12
5.439800514802165708e+04 -1.722478702395206279e-12
5.441212641208267451e+04 -1.677469770891735788e-12
5.442624767620108469e+04 -1.611553206098545540e-12
5.444036894040745392e+04 -1.448935979567353263e-12
5.445449020450995158e+04 -1.446706750921638685e-12
5.446861146858301072e+04 -1.453384165442608588e-12
5.448273273269428319e+04 -1.490107128951895317e-12
5.449685399690293707e+04 -1.291752497860090069e-12
5.451097526099054085e+04 -1.240366259422726924e-12
5.452509652508579165e+04 -1.231027885440738357e-12
5.453921778918719065e+04 -1.064471819308907973e-12
5.455333905327833781e+04 -7.729460004448132103e-13
5.456746031752177078e+04 -7.341125922478215010e-13
5.458158158159786399e+04 -7.835042707654401877e-13
5.459570284567792987e+04 -7.094075998318571948e-13
5.460982410980681016e+04 -5.795593385870572215e-13
5.462394537389308971e+04 -4.031461091224612435e-13
5.463806663808008307e+04 -2.471427634331639610e-13
5.465218790221599193e+04 -1.806178657336818305e-13
5.466630916629051353e+04 1.875620341337041526e-14
5.468043043040241173e+04 2.396607347066795140e-13
5.469455169459393073e+04 3.099648508860992545e-13
5.470867295870312228e+04 4.420834264413089823e-13
5.472279422282132873e+04 4.296463981348967260e-13
5.473691548692191282e+04 6.512101224113582461e-13
5.475103675099460816e+04 7.305524221516878120e-13
5.476515801521947287e+04 8.250964178292029195e-13
5.477927927929808357e+04 9.939397792417302552e-13
5.479340054339071503e+04 1.043682922427295148e-12
5.480752180748942192e+04 1.118068187021760626e-12
5.482164307160703902e+04 1.173221715842859708e-12
5.483576433579718287e+04 1.275977625917305559e-12
5.484988559988282213e+04 1.444621688722461190e-12
5.486400686398018297e+04 1.596326695245038317e-12
5.487812812811199547e+04 1.684848741854672658e-12
5.489224939219869702e+04 1.834003537976104726e-12
5.490637065641832305e+04 1.871767476381003041e-12
5.492049192050513375e+04 1.942020649649560784e-12
5.493461318460932671e+04 1.963753640929244107e-12
5.494873444868695515e+04 1.993020218968382395e-12
5.496285571291366068e+04 2.121215776217221421e-12
5.497697697700662684e+04 2.134269752166071600e-12
5.499109824109938199e+04 2.161441872479774947e-12
5.500521950519055099e+04 2.293753451258249924e-12
5.501934076929407456e+04 2.293154312926113776e-12
5.503346203349263669e+04 2.329856070931041705e-12
5.504758329758854234e+04 2.398246804512090482e-12
5.506170456169912359e+04 2.467367471313488224e-12
5.507582582582284522e+04 2.644601088727963838e-12
5.508994708991697553e+04 2.643497408493291720e-12
5.510406835412031796e+04 2.731206025209164168e-12
5.511818961818890966e+04 2.817984581757302128e-12
5.513231088232233742e+04 2.971827202520043571e-12
5.514643214639938378e+04 3.079760569018083179e-12
5.516055341060068895e+04 2.941281336163262528e-12
5.517467467468982068e+04 3.028471080694356708e-12
5.518879593881453911e+04 2.880327107892026068e-12
5.520291720290251396e+04 2.972635331037715965e-12
5.521703846698200505e+04 2.868754286722234463e-12
5.523115973119483533e+04 3.053186427360496188e-12
5.524528099530911277e+04 2.970497551129548361e-12
5.525940225939785887e+04 2.990197133342830040e-12
5.527352352350040746e+04 2.965417507491603021e-12
5.528764478760353086e+04 2.858447334761859588e-12
5.530176605179205217e+04 2.837253095827290656e-12
5.531588731588974770e+04 2.816837827841900868e-12
5.533000858001792949e+04 2.764644454894882841e-12
5.534412984411067009e+04 2.737331765280800897e-12
5.535825110828574543e+04 2.632537807435874636e-12
5.537237237239912793e+04 2.670072544158895214e-12
5.538649363649613224e+04 2.457656344325193409e-12
5.540061490060338838e+04 2.512622336967119574e-12
5.541473616467805550e+04 2.544075732643254839e-12
5.542885742888732784e+04 2.474714847237792748e-12
5.544297869297935540e+04 2.398061587684956949e-12
5.545709995709013310e+04 2.491927752729004327e-12
5.547122122122260043e+04 2.491071911826525237e-12
5.548534248531293269e+04 2.454449343126936838e-12
5.549946374950383324e+04 2.332397086758031080e-12
5.551358501360071386e+04 2.306027710751908379e-12
5.552770627769432758e+04 2.335039160066730326e-12
5.554182754178287723e+04 2.281070820137682680e-12
5.555594880589124659e+04 2.404380165311855890e-12
5.557007007008519577e+04 2.114885601830126173e-12
5.558419133419327409e+04 2.087278023171055641e-12
5.559831259830474301e+04 2.048282094663314459e-12
5.561243386239133542e+04 2.023873233802359874e-12
5.562655512660751992e+04 2.145410925354560360e-12
5.564067639069590223e+04 2.079326621708532280e-12
5.565479765481212962e+04 1.905533266040259639e-12
5.566891891889128601e+04 1.806777575561490356e-12
5.568304018300445023e+04 1.721715670858395112e-12
5.569716144718151918e+04 1.521974398583130429e-12
5.571128271128164488e+04 1.507471158945761723e-12
5.572540397538257093e+04 1.550758551398106810e-12
5.573952523948533781e+04 1.425196452721821040e-12
5.575364650358025392e+04 1.280022575873738910e-12
5.576776776782119850e+04 1.211885977008989768e-12
5.578188903190970450e+04 1.212055289707854201e-12
5.579601029599111644e+04 1.330976420823786832e-12
5.581013156011806132e+04 1.253485543848779820e-12
5.582425282427970524e+04 1.246995996842988402e-12
5.583837408841622528e+04 1.206426553644626005e-12
5.585249535249145265e+04 1.147723753531479831e-12
5.586661661661657126e+04 1.098124741508353346e-12
5.588073788067996793e+04 1.180639003664346837e-12
5.589485914491135918e+04 1.102645489968836226e-12
5.590898040900279739e+04 9.910193836883224567e-13
5.592310167309977260e+04 1.038173467326085105e-12
5.593722293718499714e+04 9.165801113249432720e-13
5.595134420130361832e+04 8.291547868938633053e-13
5.596546546550987114e+04 6.329773646948926423e-13
5.597958672960819240e+04 4.509095549586312554e-13
5.599370799369741871e+04 6.667554137863566845e-13
5.600782925778036588e+04 6.361860225731773573e-13
5.602195052199684869e+04 6.062564411868223935e-13
5.603607178611538257e+04 6.046252740312260173e-13
5.605019305021860782e+04 6.414903806869175421e-13
5.606431431428875658e+04 4.304797081889948428e-13
5.607843557841238362e+04 3.664042947449536198e-13
5.609255684261839633e+04 4.070622046568126238e-13
5.610667810671996267e+04 1.744414665372862842e-13
5.612079937079342199e+04 1.054983958348929810e-13
5.613492063489233260e+04 1.018586698133153416e-13
5.614904189898997720e+04 1.876826473293033567e-13
5.616316316321693739e+04 5.685263749989386395e-14
5.617728442729022936e+04 1.229621226823479690e-13
5.619140569141908782e+04 8.109152298997239953e-14
5.620552695550460339e+04 8.567886998758210092e-14
5.621964821958700486e+04 1.270597550636725768e-13
5.623376948379670648e+04 1.270011085906803823e-13
5.624789074792158499e+04 8.705126372280054313e-14
5.626201201199045317e+04 8.753899032305199921e-14
5.627613327610120905e+04 5.106817351403108500e-14
5.629025454027995147e+04 1.875265880706630984e-13
5.630437580442210310e+04 1.651415275319479674e-13
5.631849706851573137e+04 1.365455735681556396e-13
5.633261833261683205e+04 2.511288536986995407e-13
5.634673959669459146e+04 4.974731978344047341e-13
5.636086086088660522e+04 3.834704183856818400e-13
5.637498212500366935e+04 3.133752923917978413e-13
5.638910338908671110e+04 4.466124583019320828e-13
5.640322465319484036e+04 4.820276385970934898e-13
5.641734591732094850e+04 4.967406139260107186e-13
5.643146718148946820e+04 6.338368502934335905e-13
5.644558844560779835e+04 7.180836684227388983e-13
5.645970970972167561e+04 5.568452966788742917e-13
5.647383097378750244e+04 5.548370691488986727e-13
5.648795223801639804e+04 6.941128337611952090e-13
5.650207350210430013e+04 7.656545727555533387e-13
5.651619476620398927e+04 8.122682473681732490e-13
5.653031603030914994e+04 8.379358537144232280e-13
5.654443729441985488e+04 9.957107701916922462e-13
5.655855855859825533e+04 1.092768363641733066e-12
5.657267982268384367e+04 1.220895334337411962e-12
5.658680108678779652e+04 1.284743782617613288e-12
5.660092235091879411e+04 1.338439101678041881e-12
5.661504361500997038e+04 1.450433653596789307e-12
5.662916487921091903e+04 1.522518452304334924e-12
5.664328614330801065e+04 1.585235388125393155e-12
5.665740740739935427e+04 1.698528777186114497e-12
