5.300000000000041473e+04 -6.562015273667838994e-12
5.301412126410632482e+04 -6.409036235822569979e-12
5.302824252817476372e+04 -6.325379999621653175e-12
5.304236379241593386e+04 -6.201915651896113852e-12
5.305648505651807500e+04 -6.111845041746751340e-12
5.307060632058457850e+04 -6.093867649586578543e-12
5.308472758468547545e+04 -5.989691959712867856e-12
5.309884884878837329e+04 -5.776078283851251370e-12
5.311297011300214945e+04 -5.660842003113594545e-12
5.312709137711490621e+04 -5.709739810073826914e-12
5.314121264120222622e+04 -5.655015678220207458e-12
5.315533390528301970e+04 -5.649656781925808924e-12
5.316945516948567820e+04 -5.633411081658016069e-12
5.318357643361643568e+04 -5.747201837506760664e-12
5.319769769770950370e+04 -5.629837134528908739e-12
5.321181896179176692e+04 -5.421313732751832415e-12
5.322594022587646032e+04 -5.215064925223252544e-12
5.324006149012204696e+04 -5.294742269557930500e-12
5.325418275419603015e+04 -5.197472687999725337e-12
5.326830401828713366e+04 -5.090923364036667119e-12
5.328242528237937222e+04 -5.050550198556302286e-12
5.329654654652097815e+04 -4.945375285969594075e-12
5.331066781068190176e+04 -4.835556712920301220e-12
5.332478907479809277e+04 -4.778572676689757359e-12
5.333891033889841492e+04 -4.742259314161546990e-12
5.335303160299143201e+04 -4.628625942378559303e-12
5.336715286717339768e+04 -4.503214408054508716e-12
5.338127413132774382e+04 -4.453664692624014842e-12
5.339539539538013196e+04 -4.195371071619829763e-12
5.340951665950298775e+04 -4.280842454275039410e-12
5.342363792362238746e+04 -4.081416910415214480e-12
5.343775918781429209e+04 -4.044857920776463661e-12
5.345188045188121032e+04 -3.971428703089241130e-12
5.346600171598917950e+04 -3.963958565994544438e-12
5.348012298008008656e+04 -3.843308314921009366e-12
5.349424424422531592e+04 -3.677873576650674458e-12
5.350836550839978736e+04 -3.558733631242458035e-12
5.352248677248972672e+04 -3.522521592492729625e-12
5.353660803658774239e+04 -3.402622756899369164e-12
5.355072930070382426e+04 -3.279436089272695886e-12
5.356485056490495481e+04 -3.213913448398138447e-12
5.357897182898368919e+04 -3.285174586382686240e-12
5.359309309308585216e+04 -3.115434833311043630e-12
5.360721435719373403e+04 -2.942196710682767240e-12
5.362133562132219959e+04 -2.988305674074105139e-12
5.363545688548270846e+04 -2.956095301682320585e-12
5.364957814961091935e+04 -2.914812713763944625e-12
5.366369941367512365e+04 -2.861907167247980212e-12
5.367782067782599916e+04 -2.805447813780189100e-12
5.369194194187496760e+04 -2.645769844120881912e-12
5.370606320610444527e+04 -2.604765273701249815e-12
5.372018447022512555e+04 -2.615795654299275813e-12
5.373430573431613448e+04 -2.587426657369967714e-12
5.374842699840245768e+04 -2.484554161544700026e-12
5.376254826250438782e+04 -2.380523501710476261e-12
5.377666952668962040e+04 -2.197166081967734254e-12
5.379079079078034556e+04 -2.241484645888073983e-12
5.380491205488656851e+04 -2.131966929713821294e-12
5.381903331898378383e+04 -2.085340550634007679e-12
5.383315458317637967e+04 -2.095993873892437929e-12
5.384727584728226066e+04 -2.129185924203610265e-12
5.386139711141218868e+04 -2.104905175631481116e-12
5.387551837552410871e+04 -1.989229963607533423e-12
5.388963963962039998e+04 -1.957150190922029335e-12
5.390376090379028756e+04 -2.071695061449964616e-12
5.391788216791240848e+04 -2.013635705857215261e-12
5.393200343198492919e+04 -1.930234608847990510e-12
5.394612469607708044e+04 -1.893886779624641069e-12
5.396024596018313605e+04 -1.813694822615850882e-12
5.397436722437608114e+04 -1.931650650178409818e-12
5.398848848852449009e+04 -1.907097074874877371e-12
5.400260975258253166e+04 -1.737331575597227159e-12
5.401673101669171592e+04 -1.691112983199663245e-12
5.403085228091975296e+04 -1.545182657025654898e-12
5.404497354501476366e+04 -1.545298099691302095e-12
5.405909480908318073e+04 -1.607969348250514511e-12
5.407321607320860494e+04 -1.590045005732558965e-12
5.408733733729547384e+04 -1.552601716969723802e-12
5.410145860151796660e+04 -1.441491058114095892e-12
5.411557986560797144e+04 -1.400253941317620752e-12
5.412970112968579633e+04 -1.562972454854151253e-12
5.414382239380622923e+04 -1.523428773994758261e-12
5.415794365788647701e+04 -1.390543469038872869e-12
5.417206492212539160e+04 -1.496341273706410683e-12
5.418618618621625501e+04 -1.350119434038574056e-12
5.420030745032041887e+04 -1.317828708568362398e-12
5.421442871437304711e+04 -1.285728172813497262e-12
5.422854997850755171e+04 -1.315176018826802165e-12
5.424267124269465421e+04 -1.218424268218460739e-12
5.425679250680391851e+04 -1.236088657108016586e-12
5.427091377088807349e+04 -1.090988023185673485e-12
5.428503503500515217e+04 -1.328083173264368024e-12
5.429915629917854676e+04 -1.422121605968615533e-12
5.431327756328202668e+04 -1.544561425990374147e-12
5.432739882738993037e+04 -1.451576096164116043e-12
5.434152009152786923e+04 -1.488660599088393230e-12
5.435564135562415322e+04 -1.447418499155271333e-12
5.436976261980409618e+04 -1.336302857162996869e-12
5.438388388392630441e+04 -1.288013771488755059e-12
5.439800514802135149e+04 -1.296826448648333574e-12
5.441212641209869616e+04 -1.404536947265405768e-12
5.442624767619448539e+04 -1.364303101980453680e-12
5.444036894039830077e+04 -1.247701026540231112e-12
5.445449020450833632e+04 -1.391075834137288653e-12
5.446861146860623558e+04 -1.478704292068411290e-12
5.448273273267527838e+04 -1.437095931591761584e-12
5.449685399687558674e+04 -1.353782869996627173e-12
5.451097526102870324e+04 -1.406041024009916022e-12
5.452509652512340836e+04 -1.323253683331001785e-12
5.453921778922888188e+04 -1.425694514944254628e-12
5.455333905332245195e+04 -1.394806542440071466e-12
5.456746031752355339e+04 -1.483238946416851545e-12
5.458158158157205617e+04 -1.615461494198734091e-12
5.459570284568006173e+04 -1.583462282222350713e-12
5.460982410982374859e+04 -1.638817455661524632e-12
5.462394537392171333e+04 -1.688958607122766936e-12
5.463806663811141334e+04 -1.739193607657520762e-12
5.465218790222794632e+04 -1.738850601751677076e-12
5.466630916628385603e+04 -1.715694796277526570e-12
5.468043043039071199e+04 -1.564026388254915083e-12
5.469455169460135949e+04 -1.511613757005580624e-12
5.470867295870069938e+04 -1.564236510516848227e-12
5.472279422281550069e+04 -1.683815179580662316e-12
5.473691548687639443e+04 -1.581709048645508700e-12
5.475103675098238455e+04 -1.547823719448372767e-12
5.476515801517332147e+04 -1.545351253148866150e-12
5.477927927930258738e+04 -1.552654870427288059e-12
5.479340054339197377e+04 -1.595421810174280852e-12
5.480752180750538537e+04 -1.764356786677491797e-12
5.482164307162470504e+04 -1.869502630967094300e-12
5.483576433582195750e+04 -1.743964960996676189e-12
5.484988559992342198e+04 -1.777792153599601310e-12
5.486400686401213898e+04 -1.657108889245782412e-12
5.487812812812815537e+04 -1.823700961002299174e-12
5.489224939217230713e+04 -1.742477494707654854e-12
5.490637065640624496e+04 -1.708038206819967867e-12
5.492049192052308354e+04 -1.402032090577695942e-12
5.493461318461618794e+04 -1.503463837020004752e-12
5.494873444871097308e+04 -1.457644726076946282e-12
5.496285571287473431e+04 -1.512191800856590428e-12
5.497697697699167475e+04 -1.492751754275282669e-12
5.499109824110711634e+04 -1.469101787750340570e-12
5.500521950518843369e+04 -1.408467811556828415e-12
5.501934076928838476e+04 -1.208732067440750424e-12
5.503346203347263508e+04 -1.253927455780204867e-12
5.504758329757205502e+04 -1.219654272447405652e-12
5.506170456170739635e+04 -1.148055734585741950e-12
5.507582582578180882e+04 -1.153034718618507245e-12
5.508994708992696542e+04 -1.135015696504265752e-12
5.510406835411987413e+04 -9.629230724126354466e-13
5.511818961819062679e+04 -9.005956602820410415e-13
5.513231088228862791e+04 -7.833084035529057296e-13
5.514643214640532824e+04 -7.481257977820952879e-13
5.516055341061735817e+04 -5.692162427578648356e-13
5.517467467468239920e+04 -4.912675277628358241e-13
5.518879593877540174e+04 -2.712745026554014668e-13
5.520291720287393400e+04 -3.703940736936704027e-13
5.521703846698032430e+04 -3.039572348751487375e-13
5.523115973118323745e+04 -3.592891536766384329e-13
5.524528099531395128e+04 -3.021674582962313857e-13
5.525940225938090589e+04 -2.025894386864718193e-13
5.527352352350072761e+04 -2.070551596446335771e-13
5.528764478757372854e+04 -4.049049513967335047e-14
5.530176605179250328e+04 3.228489349337134229e-14
5.531588731588407973e+04 9.797841442876952775e-14
5.533000858000025619e+04 8.817160150818669447e-14
5.534412984411879006e+04 1.958032004616871059e-13
5.535825110829725600e+04 3.310255965048455483e-13
5.537237237241220282e+04 3.650886575757114667e-13
5.538649363652421744e+04 4.279534179413683609e-13
5.540061490061458608e+04 4.126377474579276260e-13
5.541473616468549881e+04 6.188366198046946443e-13
5.542885742890741676e+04 7.799273087033234372e-13
5.544297869300100865e+04 8.476987976203695267e-13
5.545709995712187811e+04 8.602903534036483551e-13
5.547122122122090514e+04 8.750346242182746408e-13
5.548534248531058256e+04 9.021420570532088402e-13
5.549946374951320468e+04 9.834577113758159316e-13
5.551358501358839567e+04 1.104466540657214970e-12
5.552770627768126724e+04 1.304322710575586712e-12
5.554182754179005860e+04 1.287990480216231961e-12
5.555594880590644607e+04 1.478573863357985454e-12
5.557007007008172513e+04 1.462969170949039767e-12
5.558419133417251578e+04 1.493309828944867483e-12
5.559831259831030184e+04 1.646323683862071081e-12
5.561243386242105771e+04 1.556510951034172405e-12
5.562655512661403191e+04 1.904705963172427117e-12
5.564067639071607118e+04 2.069661905063297914e-12
5.565479765479243360e+04 2.244801717214347139e-12
5.566891891892290732e+04 2.364252485770897645e-12
5.568304018302488839e+04 2.330418648985776916e-12
5.569716144721181627e+04 2.484662508131925629e-12
5.571128271127979679e+04 2.656577400349825595e-12
5.572540397542201390e+04 2.731702337911760148e-12
5.573952523950240720e+04 3.141139268914416954e-12
5.575364650361317035e+04 3.202507427240533780e-12
5.576776776777972555e+04 3.375183908842594668e-12
5.578188903188460245e+04 3.412647130152016453e-12
5.579601029597339948e+04 3.437178281340639001e-12
5.581013156009088561e+04 3.611502520127188420e-12
5.582425282430180960e+04 3.711048149348744878e-12
5.583837408839636919e+04 3.905650432196011560e-12
5.585249535249252949e+04 4.074737394366945039e-12
5.586661661661868857e+04 4.168636299245086803e-12
5.588073788069764123e+04 4.238138597624064603e-12
5.589485914491034782e+04 4.304254024128878510e-12
5.590898040899921034e+04 4.440856749023155297e-12
5.592310167310221004e+04 4.620293686009155180e-12
5.593722293720838206e+04 4.703413235797845163e-12
5.595134420128405327e+04 4.818514556584655383e-12
5.596546546549412597e+04 4.910024047440733911e-12
5.597958672958588431e+04 5.134829121503271011e-12
5.599370799369708402e+04 5.284508427481099941e-12
5.600782925777997298e+04 5.363591636586013795e-12
5.602195052201192448e+04 5.448964394661757962e-12
5.603607178612044663e+04 5.354844570725615721e-12
5.605019305022474873e+04 5.218662090355204819e-12
5.606431431428136420e+04 5.330709578900400712e-12
5.607843557837761909e+04 5.500265786438892811e-12
5.609255684259670670e+04 5.561301735655233284e-12
5.610667810670162726e+04 5.778818141849288946e-12
5.612079937077457726e+04 5.816162598401965831e-12
5.613492063490410510e+04 5.748246598522167038e-12
5.614904189897668402e+04 5.941959391478009215e-12
5.616316316318311874e+04 5.949764644512192347e-12
5.617728442727352376e+04 5.958876309870568974e-12
5.619140569138763385e+04 6.118722875653087414e-12
5.620552695549635973e+04 6.119492770264992997e-12
5.621964821961038251e+04 6.171231847544256672e-12
5.623376948378968518e+04 6.240829656042295856e-12
5.624789074791158782e+04 6.155744258846507033e-12
5.626201201201344520e+04 6.305442666848147755e-12
5.627613327611186833e+04 6.227544613742359622e-12
5.629025454031689151e+04 6.374116934021010170e-12
5.630437580441642058e+04 6.329252924268556646e-12
5.631849706848964706e+04 6.215869955102062357e-12
5.633261833258433035e+04 6.163176607154967354e-12
5.634673959668767930e+04 6.244186629096580423e-12
5.636086086088397133e+04 6.170965249733661972e-12
5.637498212502136448e+04 6.185006067758337743e-12
5.638910338910368591e+04 6.074632082603637983e-12
5.640322465322308562e+04 6.085430539716901555e-12
5.641734591732289118e+04 6.192127800549157184e-12
5.643146718151651294e+04 6.225356186231711454e-12
5.644558844559616409e+04 6.241670975612802860e-12
5.645970970967735775e+04 6.339100432805087400e-12
5.647383097382692358e+04 6.238269984851472921e-12
5.648795223801992688e+04 6.139158719040947990e-12
5.650207350210653385e+04 6.139283297457114274e-12
5.651619476622600632e+04 6.003708759757593513e-12
5.653031603027276287e+04 5.965142604203716174e-12
5.654443729439948947e+04 5.985758671033630366e-12
5.655855855861403688e+04 5.907150520955696111e-12
5.657267982270200446e+04 5.894000853867993695e-12
5.658680108678987744e+04 5.886600065424962360e-12
5.660092235090711620e+04 5.901354302512881956e-12
5.661504361502380198e+04 5.710246859500457745e-12
5.662916487918011262e+04 5.509344230886291601e-12
5.664328614330146956e+04 5.664872908764498740e-12
5.665740740738643217e+04 5.543565091284300782e-12
