5.300000000000089494e+04 5.263677694575892308e-13
5.301412126410035853e+04 6.404048876734757604e-13
5.302824252820004040e+04 8.685903679861112740e-13
5.304236379240680981e+04 7.424077009115891325e-13
5.305648505647997081e+04 8.245886079655788776e-13
5.307060632062195509e+04 7.596759991034393747e-13
5.308472758468353277e+04 7.935627052832859234e-13
5.309884884881690959e+04 6.036105622091187987e-13
5.311297011301226303e+04 5.376662408806729454e-13
5.312709137710489449e+04 5.763555172056029234e-13
5.314121264118328691e+04 2.964034069174807095e-13
5.315533390531686746e+04 1.389565610836912784e-13
5.316945516948652221e+04 1.334471647357864773e-13
5.318357643359838403e+04 2.868669114762239946e-13
5.319769769767978141e+04 1.811665532579696156e-13
5.321181896181446064e+04 2.663093874783646660e-13
5.322594022590345412e+04 2.024496729216237663e-13
5.324006149008457578e+04 1.229483861896926199e-13
5.325418275418033591e+04 1.630918938323782552e-13
5.326830401828031609e+04 3.195159314174056843e-13
5.328242528240387765e+04 2.823940915724912255e-13
5.329654654650101293e+04 4.114133010936806944e-13
5.331066781068919954e+04 3.325326030215257193e-13
5.332478907480349153e+04 3.581295218932087135e-13
5.333891033890172548e+04 4.279481584941463586e-13
5.335303160299798037e+04 5.442817999367306879e-13
5.336715286721876328e+04 6.123444620769174581e-13
5.338127413131885987e+04 6.308151826679066964e-13
5.339539539539627731e+04 6.425047336016387806e-13
5.340951665948410664e+04 7.609414963123198220e-13
5.342363792360424122e+04 8.177779406361043319e-13
5.343775918779148196e+04 7.799633369759880983e-13
5.345188045188115211e+04 7.443455253835100888e-13
5.346600171599598980e+04 9.383684649005640567e-13
5.348012298009296501e+04 9.096256898930241892e-13
5.349424424421023286e+04 1.001405578813592966e-12
5.350836550841997814e+04 1.041576465944586733e-12
5.352248677248036256e+04 1.107120999672979722e-12
5.353660803659243538e+04 1.148578801205713943e-12
5.355072930072120653e+04 1.176766965059687289e-12
5.356485056489132694e+04 1.208918486361595709e-12
5.357897182899702602e+04 1.323880642948582123e-12
5.359309309309343371e+04 1.540387830082706815e-12
5.360721435720105364e+04 1.659198413027738939e-12
5.362133562129729398e+04 1.775813302222715257e-12
5.363545688548532053e+04 1.950307880542399276e-12
5.364957814960229734e+04 2.062666161494896332e-12
5.366369941371496679e+04 1.892060411930044844e-12
5.367782067779976933e+04 1.930355607983788289e-12
5.369194194188603433e+04 1.905451413701679094e-12
5.370606320610763942e+04 1.980445558105422424e-12
5.372018447018203005e+04 1.845388818381627151e-12
5.373430573428700882e+04 2.007601617236809560e-12
5.374842699839751003e+04 2.055054977550244940e-12
5.376254826248091558e+04 2.164155413199091328e-12
5.377666952671209583e+04 2.299506109778734052e-12
5.379079079079109943e+04 2.304403350976871698e-12
5.380491205491310393e+04 2.293382518548408762e-12
5.381903331901568163e+04 2.407037755663400837e-12
5.383315458320693142e+04 2.413955822762198924e-12
5.384727584731693059e+04 2.497059787293077360e-12
5.386139711138745770e+04 2.505161370038343076e-12
5.387551837551071367e+04 2.563671571906698142e-12
5.388963963958356908e+04 2.624538763307233499e-12
5.390376090382175607e+04 2.543947984759027917e-12
5.391788216789013677e+04 2.652597953296511696e-12
5.393200343199073541e+04 2.581788948041125488e-12
5.394612469609379332e+04 2.667097392862720076e-12
5.396024596021528851e+04 2.643737668455462177e-12
5.397436722441067832e+04 2.740857812816220935e-12
5.398848848852227820e+04 2.792449241524475054e-12
5.400260975258591498e+04 2.836771690666301985e-12
5.401673101668190066e+04 2.751474778179324137e-12
5.403085228090255259e+04 2.811770216826879967e-12
5.404497354500016081e+04 2.764153442547410514e-12
5.405909480909432023e+04 2.795187190355293300e-12
5.407321607321142801e+04 2.864437055350975013e-12
5.408733733729235246e+04 2.945966738529760650e-12
5.410145860147969506e+04 2.678619607267622919e-12
5.411557986561013240e+04 2.658087030769138805e-12
5.412970112968009926e+04 2.836363744135635583e-12
5.414382239380986721e+04 2.847310832383554687e-12
5.415794365792022290e+04 2.829321017991216366e-12
5.417206492210098077e+04 2.743079552383234777e-12
5.418618618620291090e+04 2.646010872046344476e-12
5.420030745032030973e+04 2.562831829663572541e-12
5.421442871439632290e+04 2.475527820245716836e-12
5.422854997849172651e+04 2.564426586793454328e-12
5.424267124269787746e+04 2.522516356867959813e-12
5.425679250680820405e+04 2.554713693703312398e-12
5.427091377089970047e+04 2.549553483895406768e-12
5.428503503499588260e+04 2.539177834595443788e-12
5.429915629919782077e+04 2.629670416857992452e-12
5.431327756328102987e+04 2.653930997036719920e-12
5.432739882741260953e+04 2.525713088643266109e-12
5.434152009148913203e+04 2.612447855748330726e-12
5.435564135558611451e+04 2.585749951951384027e-12
5.436976261981487914e+04 2.604189448942526044e-12
5.438388388389844476e+04 2.600779957361226201e-12
5.439800514800578821e+04 2.597703726714978314e-12
5.441212641211591836e+04 2.470917710644163376e-12
5.442624767620595230e+04 2.479572453194761666e-12
5.444036894040755578e+04 2.374070576653927571e-12
5.445449020449590898e+04 2.278266530562103155e-12
5.446861146860721783e+04 2.181327451699955617e-12
5.448273273270594655e+04 2.263405038449928388e-12
5.449685399691473140e+04 2.046960220064242085e-12
5.451097526098732487e+04 2.074890436188824729e-12
5.452509652510879096e+04 2.154955277517494747e-12
5.453921778920793440e+04 2.119913298143303337e-12
5.455333905330653215e+04 1.963599484572811720e-12
5.456746031749002577e+04 1.815070546027528292e-12
5.458158158158146398e+04 1.738557977565891498e-12
5.459570284570598596e+04 1.507308779582323782e-12
5.460982410979414999e+04 1.517371565273767945e-12
5.462394537391628546e+04 1.386796039738086430e-12
5.463806663808389567e+04 1.443723722872479510e-12
5.465218790221744712e+04 1.317862804011206395e-12
5.466630916631571745e+04 1.317550254207711385e-12
5.468043043038858741e+04 1.223766798662779656e-12
5.469455169459407625e+04 1.260719223020583715e-12
5.470867295869997906e+04 1.235373818875307764e-12
5.472279422279689607e+04 1.168868178810916203e-12
5.473691548690827040e+04 1.059313196585400134e-12
5.475103675099129032e+04 1.158156130525665214e-12
5.476515801519480010e+04 1.260063370521281782e-12
5.477927927932048624e+04 1.128683876515163862e-12
5.479340054340964707e+04 1.135979843313619498e-12
5.480752180748595129e+04 1.140045501199244878e-12
5.482164307160532917e+04 1.068002143883569594e-12
5.483576433580315643e+04 1.083273465356552193e-12
5.484988559988791530e+04 1.146146184662848187e-12
5.486400686400010454e+04 1.079156343447058154e-12
5.487812812810731702e+04 1.074107848227550387e-12
5.489224939218320651e+04 1.042678078479897598e-12
5.490637065641506342e+04 9.406095427021563442e-13
5.492049192051381397e+04 9.675111059594126389e-13
5.493461318459623726e+04 9.595972570695091000e-13
5.494873444871140964e+04 1.029390632366047875e-12
5.496285571287936182e+04 1.085452527440357723e-12
5.497697697700627759e+04 9.915413532508250636e-13
5.499109824109504552e+04 8.826215123930541842e-13
5.500521950519645907e+04 8.639184191820969723e-13
5.501934076931540039e+04 8.683236141032462141e-13
5.503346203349788993e+04 8.067324745132896858e-13
5.504758329760007473e+04 8.466283899923632184e-13
5.506170456168629607e+04 7.362346069387925666e-13
5.507582582581528550e+04 7.612699717207621485e-13
5.508994708988058846e+04 5.871894591297043311e-13
5.510406835407965264e+04 6.415147572034698259e-13
5.511818961821975972e+04 5.803940113438739398e-13
5.513231088232016191e+04 6.784273283232780207e-13
5.514643214642104431e+04 6.422283498271123227e-13
5.516055341058233898e+04 4.571248081724264325e-13
5.517467467470894917e+04 4.076973789068457438e-13
5.518879593881135952e+04 4.043983466938493930e-13
5.520291720289479417e+04 3.345365619021682289e-13
5.521703846700887516e+04 3.459662822763682315e-13
5.523115973120465060e+04 3.980011174829540405e-13
5.524528099529235624e+04 5.626050321666328673e-13
5.525940225938313233e+04 6.188021772061096689e-13
5.527352352348168642e+04 6.526909231186095516e-13
5.528764478760879865e+04 7.062182150173869420e-13
5.530176605179240141e+04 6.311256142874925210e-13
5.531588731588637893e+04 5.406355424651325986e-13
5.533000858000159496e+04 5.101619366243570512e-13
5.534412984408166812e+04 5.767325343286316962e-13
5.535825110829098412e+04 5.203590308658976549e-13
5.537237237241458206e+04 6.447447523112764756e-13
5.538649363648447616e+04 5.182402193466213300e-13
5.540061490061962832e+04 4.506849014783229185e-13
5.541473616470034176e+04 3.550703936207465626e-13
5.542885742891520931e+04 3.950613920219676802e-13
5.544297869301855826e+04 2.659642019524162110e-13
5.545709995708865608e+04 2.723891308685248693e-14
5.547122122118809784e+04 5.085525155215039884e-14
5.548534248532204219e+04 1.417014920762844661e-13
5.549946374948047014e+04 5.297437687645023453e-14
5.551358501359079673e+04 -9.910714834088992255e-14
5.552770627771654836e+04 -5.084456332287337831e-14
5.554182754180024494e+04 -6.354425262754007867e-14
5.555594880590987304e+04 -7.845783637363063841e-14
5.557007007008701476e+04 1.766785986737300871e-14
5.558419133418925776e+04 9.971500753005774265e-14
5.559831259830547060e+04 -8.711100989911085148e-14
5.561243386241848930e+04 -8.862260869774144000e-14
5.562655512661348621e+04 -2.457052445760272863e-13
5.564067639071998565e+04 -3.585918947369928484e-13
5.565479765479011985e+04 -4.355023679685411763e-13
5.566891891889910767e+04 -4.122870723233906380e-13
5.568304018300052121e+04 -4.973950741861672324e-13
5.569716144721443561e+04 -5.369398418438442117e-13
5.571128271131130896e+04 -6.071273562500112561e-13
5.572540397539300466e+04 -5.342891308095837192e-13
5.573952523951399053e+04 -5.738806554157754775e-13
5.575364650359325606e+04 -6.672417293989556645e-13
5.576776776779780630e+04 -7.351143041461031157e-13
5.578188903189911071e+04 -8.716791123620136825e-13
5.579601029598101741e+04 -9.213986941045562930e-13
5.581013156011564570e+04 -9.249211554943482173e-13
5.582425282431541564e+04 -9.128365240359169462e-13
5.583837408842237346e+04 -9.798699841499861081e-13
5.585249535250128974e+04 -1.133694696273365827e-12
5.586661661660191021e+04 -1.271024561136787548e-12
5.588073788071311719e+04 -1.250918445665361745e-12
5.589485914488827984e+04 -1.436462883378190886e-12
5.590898040898157342e+04 -1.336697990278619836e-12
5.592310167311119585e+04 -1.473611749680762021e-12
5.593722293721047754e+04 -1.725749692864587788e-12
5.595134420130205399e+04 -1.766169976538079262e-12
5.596546546552202199e+04 -1.984769066410707682e-12
5.597958672960733384e+04 -2.093180543130263485e-12
5.599370799371664907e+04 -2.191587915697786101e-12
5.600782925780454389e+04 -2.216089498134629984e-12
5.602195052199961356e+04 -2.334396502468056762e-12
5.603607178609496623e+04 -2.350565306308505324e-12
5.605019305018048181e+04 -2.448980837806641680e-12
5.606431431429470103e+04 -2.492359989047558483e-12
5.607843557838920242e+04 -2.567410226099268095e-12
5.609255684257968096e+04 -2.753965743598102896e-12
5.610667810668457969e+04 -2.732343949862739622e-12
5.612079937078980583e+04 -2.839890579937282605e-12
5.613492063489201246e+04 -2.977502555516911431e-12
5.614904189901088830e+04 -3.005975654332303926e-12
5.616316316317942983e+04 -3.063053650072996312e-12
5.617728442729384551e+04 -3.214982666048872229e-12
5.619140569142135791e+04 -3.393259693220392410e-12
5.620552695552162186e+04 -3.525074120989205179e-12
5.621964821958610992e+04 -3.576772871015526686e-12
5.623376948380311660e+04 -3.670205178739061559e-12
5.624789074788163271e+04 -3.789535815059437000e-12
5.626201201202242373e+04 -3.926396227607569097e-12
5.627613327609043336e+04 -4.091202860336487108e-12
5.629025454032069683e+04 -4.306267878033449800e-12
5.630437580441672617e+04 -4.299659144236655626e-12
5.631849706848060305e+04 -4.374626850567161264e-12
5.633261833258174011e+04 -4.530094645794055575e-12
5.634673959670879412e+04 -4.703493887678900433e-12
5.636086086088636512e+04 -4.770132267268270610e-12
5.637498212498099747e+04 -4.906317685210661249e-12
5.638910338908767881e+04 -5.031601830438576748e-12
5.640322465322176140e+04 -5.140237991555022698e-12
5.641734591728025407e+04 -5.320432995030721653e-12
5.643146718147999491e+04 -5.388193541384448141e-12
5.644558844559562567e+04 -5.492746785338971020e-12
5.645970970970130293e+04 -5.638104410315858774e-12
5.647383097378770617e+04 -5.800653843510097351e-12
5.648795223801460816e+04 -6.060083046417025077e-12
5.650207350208078424e+04 -6.105747639644744587e-12
5.651619476621302601e+04 -6.121710273584694710e-12
5.653031603030509723e+04 -6.372455236268806855e-12
5.654443729439315939e+04 -6.519104796527812347e-12
5.655855855859616713e+04 -6.764557123684063852e-12
5.657267982270566426e+04 -6.879011543742883006e-12
5.658680108680419653e+04 -7.056691086149488827e-12
5.660092235089903261e+04 -7.343935966347389088e-12
5.661504361498924845e+04 -7.632086801648391446e-12
5.662916487920768850e+04 -7.665600864362725987e-12
5.664328614330795972e+04 -7.859546176362068980e-12
5.665740740739120520e+04 -7.947209178726911877e-12
