5.299999999999564170e+04 -2.500276527491196221e-13
5.301412126405545860e+04 -1.759017273518693353e-13
5.302824252826122392e+04 -1.582847668763251533e-13
5.304236379244427371e+04 -3.162995052257873717e-13
5.305648505651401501e+04 -3.030698053419138931e-13
5.307060632059224736e+04 -5.318820381903488806e-13
5.308472758466161758e+04 -5.605302788180161931e-13
5.309884884886484360e+04 -5.214479748222397818e-13
5.311297011291897797e+04 -5.215871272094822738e-13
5.312709137715034740e+04 -3.561453308508956366e-13
5.314121264124935260e+04 -3.418267445269614061e-13
5.315533390528519521e+04 -2.908272678700260614e-13
5.316945516955493076e+04 -2.898821806789552479e-13
5.318357643356583867e+04 -3.193629699550055674e-13
5.319769769767194521e+04 -3.914321626596103309e-13
5.321181896175439761e+04 -4.980916648411590303e-13
5.322594022591855901e+04 -4.095846633905184673e-13
5.324006149007657223e+04 -4.575617366784054965e-13
5.325418275428420020e+04 -6.217402625488023277e-13
5.326830401829481707e+04 -6.127975038480980741e-13
5.328242528239596140e+04 -7.415274026325676150e-13
5.329654654656528146e+04 -6.655794321830256543e-13
5.331066781071516016e+04 -5.985334970275995501e-13
5.332478907484220690e+04 -5.035979425469041887e-13
5.333891033893200074e+04 -5.534427163037532551e-13
5.335303160298314469e+04 -4.594206503542448905e-13
5.336715286718212883e+04 -2.805840637871511685e-13
5.338127413129309571e+04 -3.149502255510689101e-13
5.339539539531604532e+04 -2.069875743586963457e-13
5.340951665951360337e+04 -1.878661607092114709e-13
5.342363792355923943e+04 -3.169890995091343747e-13
5.343775918781286600e+04 -2.203759434491522272e-13
5.345188045191895071e+04 -4.451644164661241068e-13
5.346600171596471046e+04 -3.619957297911509522e-13
5.348012298017992725e+04 -4.384232563730475342e-13
5.349424424416775582e+04 -3.967731810639309652e-13
5.350836550833845831e+04 -3.488638674691637840e-13
5.352248677252922789e+04 -3.373802047648602082e-13
5.353660803664800915e+04 -4.350224294809519684e-13
5.355072930077825004e+04 -4.269470286475401149e-13
5.356485056484552479e+04 -3.488023599173043725e-13
5.357897182890792465e+04 -3.333950561301001568e-13
5.359309309301151370e+04 -4.704115767365097034e-13
5.360721435728370125e+04 -3.500734033378719189e-13
5.362133562134843669e+04 -4.437720477097459593e-13
5.363545688553107175e+04 -4.395077494165469392e-13
5.364957814964281715e+04 -4.532976073619972936e-13
5.366369941377737268e+04 -5.246636031515938444e-13
5.367782067774645111e+04 -8.278617005068113403e-13
5.369194194182372303e+04 -7.522374895884853381e-13
5.370606320606424561e+04 -6.163348639871782894e-13
5.372018447015668062e+04 -5.536569788745163684e-13
5.373430573437005660e+04 -6.329152046562730248e-13
5.374842699845619063e+04 -6.245440944389216170e-13
5.376254826257353125e+04 -8.245041316731663279e-13
5.377666952667451551e+04 -8.571947195792872407e-13
5.379079079088607250e+04 -9.999317804622049579e-13
5.380491205495425675e+04 -1.012433359354423861e-12
5.381903331893651193e+04 -1.065873283312814628e-12
5.383315458320504695e+04 -1.004916257837889895e-12
5.384727584731113893e+04 -1.085698316319284682e-12
5.386139711136438564e+04 -1.090256634228515136e-12
5.387551837556483224e+04 -1.112991447572950417e-12
5.388963963967709424e+04 -1.094734181231732265e-12
5.390376090375378408e+04 -1.026110002850023090e-12
5.391788216789706348e+04 -1.161618574575131924e-12
5.393200343205444369e+04 -1.191522059293425000e-12
5.394612469608926767e+04 -1.126812735201493771e-12
5.396024596011541144e+04 -1.268717416412819349e-12
5.397436722432323586e+04 -1.300373866359105983e-12
5.398848848852523224e+04 -1.274775234363809355e-12
5.400260975265876914e+04 -1.264679547019322681e-12
5.401673101669389143e+04 -1.405746779255331403e-12
5.403085228080650995e+04 -1.466213434083288914e-12
5.404497354491346050e+04 -1.402795430626824046e-12
5.405909480917290784e+04 -1.408480823730840937e-12
5.407321607318438328e+04 -1.480978964018948995e-12
5.408733733728365769e+04 -1.531471594791812017e-12
5.410145860148265638e+04 -1.674885238745183312e-12
5.411557986562196311e+04 -1.806537760103720385e-12
5.412970112972702191e+04 -1.876824332153542096e-12
5.414382239372601907e+04 -1.726602275344346882e-12
5.415794365794014448e+04 -1.724076410275130741e-12
5.417206492213041929e+04 -1.812328932678792548e-12
5.418618618621095084e+04 -1.771039453841291237e-12
5.420030745036191365e+04 -1.600503007239403549e-12
5.421442871441502939e+04 -1.600924435355714950e-12
5.422854997843039746e+04 -1.688750798292922274e-12
5.424267124266923929e+04 -1.672650013756181958e-12
5.425679250672680064e+04 -1.637406186540731616e-12
5.427091377084878332e+04 -1.590897690541883895e-12
5.428503503500370425e+04 -1.495717795621659059e-12
5.429915629926799738e+04 -1.622998549448033870e-12
5.431327756324029178e+04 -1.762675440649154452e-12
5.432739882740695612e+04 -1.840447346578835496e-12
5.434152009144133626e+04 -1.858467031552157162e-12
5.435564135556891415e+04 -1.794226787031549487e-12
5.436976261973895453e+04 -1.697559220444922400e-12
5.438388388384082646e+04 -1.630888413765122485e-12
5.439800514806016872e+04 -1.723170018769158266e-12
5.441212641203548992e+04 -1.763410151735651048e-12
5.442624767611236166e+04 -1.663965958522227293e-12
5.444036894037959428e+04 -1.841130012813758996e-12
5.445449020457000734e+04 -1.777371014193413912e-12
5.446861146852357342e+04 -1.699032698060895405e-12
5.448273273274694657e+04 -1.659769926852520522e-12
5.449685399694084481e+04 -1.763624414306414262e-12
5.451097526106656005e+04 -1.747305987663094591e-12
5.452509652504094265e+04 -1.721059836605365642e-12
5.453921778927732521e+04 -1.807720597639478602e-12
5.455333905335815507e+04 -1.867559334712739188e-12
5.456746031746998779e+04 -1.839503104271718768e-12
5.458158158166353678e+04 -1.896550344760590574e-12
5.459570284576716949e+04 -1.877212640818852730e-12
5.460982410986626201e+04 -1.957920687465867283e-12
5.462394537386338925e+04 -1.947754367822816516e-12
5.463806663804333948e+04 -2.046747730958325575e-12
5.465218790210512816e+04 -2.141650503941601400e-12
5.466630916622447694e+04 -2.146360900962572337e-12
5.468043043030764966e+04 -2.112506062967683800e-12
5.469455169452174596e+04 -2.149899950869560623e-12
5.470867295862836181e+04 -2.195324967685653842e-12
5.472279422271646035e+04 -2.242093012035205188e-12
5.473691548680565757e+04 -2.250606738664011117e-12
5.475103675092757476e+04 -2.317168724290520950e-12
5.476515801513040788e+04 -2.345556149241553889e-12
5.477927927938265930e+04 -2.395550298481490263e-12
5.479340054338055779e+04 -2.283483538993618285e-12
5.480752180752718414e+04 -2.314179186907287605e-12
5.482164307161960460e+04 -2.305612739519745514e-12
5.483576433576144336e+04 -2.128374335440251842e-12
5.484988559997930133e+04 -2.063940781470943289e-12
5.486400686393506476e+04 -2.125322614597995766e-12
5.487812812803778070e+04 -2.322071078945866228e-12
5.489224939226590504e+04 -2.338448309512392287e-12
5.490637065630689904e+04 -2.249681421757466314e-12
5.492049192043803487e+04 -2.359757634649447846e-12
5.493461318464986107e+04 -2.571507858486548540e-12
5.494873444877180009e+04 -2.329172159603395144e-12
5.496285571294093825e+04 -2.340699756273312491e-12
5.497697697697734839e+04 -2.377433958783818158e-12
5.499109824102314451e+04 -2.312848325702769122e-12
5.500521950524053682e+04 -2.329650025967841190e-12
5.501934076938090584e+04 -2.329741949342048950e-12
5.503346203354473982e+04 -2.350201659174848617e-12
5.504758329768054682e+04 -2.335539205081590531e-12
5.506170456174926221e+04 -2.280445336294627985e-12
5.507582582588355581e+04 -2.212879628530631768e-12
5.508994708986896876e+04 -2.229143306693725067e-12
5.510406835410872009e+04 -2.199981292133561272e-12
5.511818961819476681e+04 -2.178547600078460252e-12
5.513231088234987692e+04 -2.138235145045495105e-12
5.514643214648490539e+04 -2.188535480230402050e-12
5.516055341054032033e+04 -2.377969277257144257e-12
5.517467467462662898e+04 -2.452850328249432200e-12
5.518879593878943706e+04 -2.356642378533842502e-12
5.520291720283043833e+04 -2.397628037101444985e-12
5.521703846704344323e+04 -2.346636924795655316e-12
5.523115973123380536e+04 -2.306612406214251882e-12
5.524528099533377826e+04 -2.325139021560041154e-12
5.525940225930486486e+04 -2.419268556748513063e-12
5.527352352351769514e+04 -2.415307740771631438e-12
5.528764478766686807e+04 -2.340416551171893860e-12
5.530176605185592780e+04 -2.179813574195302930e-12
5.531588731594631827e+04 -2.335407403184748913e-12
5.533000857994829130e+04 -2.413336795483476387e-12
5.534412984418431734e+04 -2.325912935262008944e-12
5.535825110822127317e+04 -1.994667732212475256e-12
5.537237237242924311e+04 -2.112406028707516816e-12
5.538649363646487473e+04 -2.100042334876608948e-12
5.540061490065599355e+04 -2.028939604927114049e-12
5.541473616472294088e+04 -1.977820746167462374e-12
5.542885742895434669e+04 -2.133910691014763261e-12
5.544297869301064929e+04 -2.047074194118195012e-12
5.545709995701594744e+04 -1.948088941868645176e-12
5.547122122114447120e+04 -1.937152088059443568e-12
5.548534248521671543e+04 -2.012814487732495457e-12
5.549946374950081372e+04 -1.905073534089682264e-12
5.551358501359287766e+04 -1.815770651954267126e-12
5.552770627761754440e+04 -1.718166953946482938e-12
5.554182754186289094e+04 -1.707453825408330304e-12
5.555594880594299320e+04 -1.775497399536772971e-12
5.557007007004578190e+04 -1.739719605662323271e-12
5.558419133413997042e+04 -1.547074573702788753e-12
5.559831259825003508e+04 -1.409714016350264382e-12
5.561243386239738174e+04 -1.275942526034811789e-12
5.562655512667135190e+04 -1.263366597354631118e-12
5.564067639063592651e+04 -1.009576975682358671e-12
5.565479765475042950e+04 -9.624378583001609494e-13
5.566891891889248654e+04 -7.507099393994491288e-13
5.568304018306957732e+04 -5.910322793294029006e-13
5.569716144724652258e+04 -4.028340405971557809e-13
5.571128271123139712e+04 -3.294616143933317690e-13
5.572540397539960395e+04 -1.202913281985106986e-13
5.573952523954156641e+04 5.323837327600858307e-14
5.575364650350836746e+04 2.107842221530369166e-13
5.576776776777188934e+04 3.422170736835047024e-13
5.578188903182170179e+04 4.239518233115573275e-13
5.579601029598367313e+04 6.712459771446090116e-13
5.581013156011873070e+04 7.669774123100788973e-13
5.582425282433866232e+04 8.192750531625087741e-13
5.583837408846857579e+04 1.103322334906638252e-12
5.585249535245473817e+04 1.373203954322527917e-12
5.586661661664828716e+04 1.345107845358873438e-12
5.588073788074161712e+04 1.543059424457400781e-12
5.589485914483242232e+04 1.750521017343423675e-12
5.590898040898716135e+04 1.768928673028474038e-12
5.592310167318314052e+04 1.962213789071644519e-12
5.593722293714369152e+04 1.996411987905484409e-12
5.595134420134920947e+04 2.108689630428303057e-12
5.596546546543856675e+04 2.297972024250467847e-12
5.597958672959070827e+04 2.689830553982392775e-12
5.599370799372228794e+04 2.893062319840544458e-12
5.600782925785151747e+04 2.963637842202672886e-12
5.602195052195981407e+04 2.972101551701395323e-12
5.603607178604895307e+04 3.257931876542284618e-12
5.605019305027343944e+04 3.474316795798067339e-12
5.606431431425316987e+04 3.502552141637359794e-12
5.607843557834023522e+04 3.663799258140566500e-12
5.609255684260279668e+04 3.746364021765139471e-12
5.610667810674229986e+04 3.985467532593438623e-12
5.612079937086523569e+04 4.144703149378692546e-12
5.613492063492847956e+04 4.457838771802187219e-12
5.614904189908457920e+04 4.532832023383580981e-12
5.616316316323800129e+04 4.650688603632198383e-12
5.617728442729996459e+04 4.805318589006791839e-12
5.619140569132181554e+04 4.948152642567642033e-12
5.620552695543990558e+04 4.877655525436455590e-12
5.621964821961833513e+04 4.948437875390550672e-12
5.623376948388261371e+04 5.125877023897540974e-12
5.624789074780643568e+04 5.300757187884315176e-12
5.626201201201377989e+04 5.315882638384426591e-12
5.627613327609162661e+04 5.385022533931726873e-12
5.629025454024651117e+04 5.513158310319663524e-12
5.630437580448693916e+04 5.685929643956971033e-12
5.631849706857001729e+04 5.722321837442852287e-12
5.633261833266309259e+04 5.782998023491429729e-12
5.634673959669781470e+04 5.804552702928759665e-12
5.636086086098330998e+04 5.818418262476498829e-12
5.637498212492153107e+04 5.940527650596538776e-12
5.638910338903170486e+04 5.871867649135175760e-12
5.640322465312406712e+04 5.944207289193491778e-12
5.641734591733467096e+04 6.045283798206262111e-12
5.643146718148184300e+04 6.088448581468312029e-12
5.644558844566214248e+04 6.126654909780464365e-12
5.645970970973516523e+04 6.165445221881699351e-12
5.647383097383051791e+04 6.147955448124397230e-12
5.648795223807453294e+04 6.210386289168876501e-12
5.650207350212262827e+04 6.280994255074843034e-12
5.651619476623423543e+04 6.338228721847946098e-12
5.653031603024285869e+04 6.360981108778626767e-12
5.654443729438912851e+04 6.193718418522135655e-12
5.655855855858433642e+04 6.301436391321397716e-12
5.657267982275496615e+04 6.174063038213651471e-12
5.658680108687852044e+04 6.223217710756781184e-12
5.660092235091743350e+04 6.048993176718399739e-12
5.661504361504193366e+04 6.148680020603444595e-12
5.662916487923364184e+04 6.265037438763884180e-12
5.664328614332202415e+04 6.103546995681892700e-12
5.665740740734439169e+04 6.101958613848160196e-12
