5.299999999999986903e+04 -1.462742474577500236e-12
5.301412126410269411e+04 -1.395535858443807344e-12
5.302824252820138645e+04 -1.471985208961177688e-12
5.304236379241576651e+04 -1.264272528874661480e-12
5.305648505650382867e+04 -1.107933828293139600e-12
5.307060632061956858e+04 -1.090542995502722640e-12
5.308472758468130633e+04 -1.132798381330697420e-12
5.309884884881721518e+04 -1.017662608701831612e-12
5.311297011300228769e+04 -1.036836200685116664e-12
5.312709137711251969e+04 -9.609337873565017244e-13
5.314121264119075204e+04 -9.615482711611350427e-13
5.315533390530866745e+04 -7.548210100670109860e-13
5.316945516949792363e+04 -7.500021166236932052e-13
5.318357643361954251e+04 -5.627073369181940649e-13
5.319769769770216226e+04 -3.678243431849758398e-13
5.321181896179471369e+04 -3.326491120333991940e-13
5.322594022590990062e+04 -3.013244550532242149e-13
5.324006149010367517e+04 -4.169222646680155439e-13
5.325418275420907594e+04 -4.138383309868399174e-13
5.326830401829876064e+04 -2.328780275850847001e-13
5.328242528238265368e+04 -1.865506960188252996e-13
5.329654654651088640e+04 -5.013394952455810671e-14
5.331066781069693388e+04 1.918179870531959639e-15
5.332478907479940244e+04 4.975648843401391710e-14
5.333891033890447579e+04 1.583351075932345720e-13
5.335303160299341107e+04 2.741876540831547209e-13
5.336715286720017320e+04 4.112652150138857270e-13
5.338127413131263165e+04 3.623811579033737256e-13
5.339539539538067038e+04 3.257737571619855395e-13
5.340951665948440495e+04 3.683993165782916621e-13
5.342363792360125808e+04 3.845363753780938606e-13
5.343775918778533378e+04 3.498536451895367067e-13
5.345188045190979028e+04 3.153420210056574637e-13
5.346600171598404995e+04 2.563478765636348482e-13
5.348012298010962695e+04 4.218546022516751861e-13
5.349424424418688432e+04 5.382667429875004543e-13
5.350836550839456322e+04 5.579360999313508895e-13
5.352248677250095352e+04 4.636811350687732503e-13
5.353660803661160753e+04 8.063115163766958286e-13
5.355072930069367430e+04 8.739693983044131493e-13
5.356485056491660362e+04 8.858740677532356153e-13
5.357897182900118787e+04 9.432825621875160248e-13
5.359309309309727541e+04 9.125061479951146444e-13
5.360721435721350281e+04 9.966471087291266812e-13
5.362133562128623453e+04 9.684135299580888106e-13
5.363545688551124476e+04 9.567361072717316292e-13
5.364957814959052484e+04 9.205684757996787882e-13
5.366369941371261666e+04 8.781074218596802026e-13
5.367782067778582859e+04 9.803092052803405929e-13
5.369194194188989786e+04 1.126805538862385019e-12
5.370606320608290844e+04 1.237134386038934394e-12
5.372018447019223822e+04 1.342556574504823481e-12
5.373430573429538344e+04 1.572984791644752810e-12
5.374842699838941189e+04 1.624859794773025000e-12
5.376254826250796759e+04 1.740734463912977711e-12
5.377666952669130114e+04 1.844891236797005668e-12
5.379079079081926466e+04 1.836213500388503378e-12
5.380491205489958520e+04 1.799095320297839307e-12
5.381903331898172473e+04 1.784024210563211641e-12
5.383315458321816550e+04 1.864250804107121696e-12
5.384727584731946990e+04 2.120679517963820699e-12
5.386139711138944404e+04 2.115640413486080772e-12
5.387551837549984339e+04 2.172410542533684365e-12
5.388963963959899411e+04 2.248142466390491297e-12
5.390376090378269873e+04 2.267874709687057219e-12
5.391788216791560262e+04 2.396937814777228663e-12
5.393200343198410701e+04 2.549716183102448143e-12
5.394612469610375410e+04 2.587341008145497031e-12
5.396024596020659374e+04 2.565363352137267289e-12
5.397436722440397716e+04 2.741089364008044790e-12
5.398848848850390641e+04 3.000316919493614693e-12
5.400260975261808926e+04 2.895662423250494010e-12
5.401673101669129392e+04 2.847344234514503105e-12
5.403085228088778240e+04 2.951110053025824623e-12
5.404497354498117056e+04 3.200799192216708443e-12
5.405909480908091791e+04 3.362867332756904227e-12
5.407321607319475152e+04 3.400147116992723814e-12
5.408733733731178654e+04 3.477899165197256521e-12
5.410145860150848603e+04 3.739299164916022057e-12
5.411557986559350684e+04 3.782789248482288216e-12
5.412970112970050104e+04 3.686478255298981264e-12
5.414382239381662657e+04 3.763315803924463664e-12
5.415794365789709263e+04 3.712812622698045324e-12
5.417206492209345743e+04 3.701870542392114330e-12
5.418618618618600885e+04 3.581263221877331263e-12
5.420030745030517573e+04 3.795847849863464104e-12
5.421442871441905299e+04 3.959960050733387348e-12
5.422854997850835207e+04 3.891499515542522006e-12
5.424267124268638145e+04 3.986525219025577811e-12
5.425679250678266544e+04 3.949045678139955742e-12
5.427091377091461618e+04 3.988275447042906297e-12
5.428503503498194914e+04 4.033541870606867666e-12
5.429915629921684013e+04 4.123832456583613708e-12
5.431327756330653210e+04 4.111358618496085615e-12
5.432739882738021697e+04 4.028987070831643537e-12
5.434152009148031357e+04 4.057366586559617374e-12
5.435564135561649891e+04 4.082912662284734666e-12
5.436976261979080300e+04 4.254423112525212994e-12
5.438388388390275941e+04 4.284137530716134026e-12
5.439800514801374084e+04 4.331366922404130526e-12
5.441212641210192669e+04 4.385279965599990258e-12
5.442624767619138584e+04 4.345159342966877116e-12
5.444036894041272899e+04 4.381651705928096273e-12
5.445449020449529053e+04 4.352092944153469229e-12
5.446861146861420275e+04 4.350927769562902907e-12
5.448273273270203936e+04 4.130360596741741348e-12
5.449685399688567850e+04 4.315788732517445480e-12
5.451097526098819071e+04 4.360627790002744909e-12
5.452509652509012085e+04 4.254469678890199684e-12
5.453921778921254736e+04 4.248429687698364337e-12
5.455333905331875576e+04 4.372581999680984829e-12
5.456746031751659757e+04 4.390270110114543689e-12
5.458158158161071333e+04 4.491065545792643580e-12
5.459570284569689102e+04 4.513399557799593712e-12
5.460982410981081921e+04 4.563013335961425350e-12
5.462394537388997560e+04 4.442600404633813185e-12
5.463806663811971521e+04 4.462453778505967456e-12
5.465218790218980575e+04 4.423282181292610663e-12
5.466630916630415595e+04 4.524762040989422400e-12
5.468043043038829637e+04 4.414164312948379057e-12
5.469455169459196622e+04 4.483187706382695535e-12
5.470867295868226211e+04 4.494164602662447749e-12
5.472279422281889856e+04 4.526355161924880208e-12
5.473691548690943455e+04 4.523016310035379155e-12
5.475103675098640815e+04 4.453584554241445628e-12
5.476515801519359957e+04 4.203673463217448702e-12
5.477927927928228746e+04 4.269707760232613840e-12
5.479340054338243499e+04 4.221719162715467857e-12
5.480752180750884872e+04 4.377801929622761545e-12
5.482164307158104202e+04 4.288863509029314911e-12
5.483576433581297897e+04 4.325024249839882908e-12
5.484988559989783971e+04 4.324577009642831355e-12
5.486400686399668484e+04 4.286268993646810527e-12
5.487812812809510069e+04 4.261598974862980995e-12
5.489224939219997032e+04 4.299091716805343610e-12
5.490637065639970388e+04 4.223633896209104032e-12
5.492049192049661360e+04 4.090822851537025736e-12
5.493461318458864116e+04 3.955954908144873001e-12
5.494873444871494576e+04 3.898976826186963585e-12
5.496285571288916253e+04 3.760515439096738085e-12
5.497697697701594734e+04 3.803901509941211734e-12
5.499109824108509929e+04 3.825627693071858319e-12
5.500521950518262020e+04 3.879065715824888316e-12
5.501934076929625735e+04 3.846288217270445044e-12
5.503346203348786366e+04 3.838181607899176834e-12
5.504758329758689069e+04 3.672238957205577092e-12
5.506170456169802492e+04 3.664052126027960872e-12
5.507582582579766313e+04 3.611833387691478484e-12
5.508994708991277730e+04 3.587978062695077216e-12
5.510406835409832274e+04 3.410767657273756042e-12
5.511818961819368997e+04 3.360189186503948101e-12
5.513231088231762988e+04 3.314724021756088178e-12
5.514643214640356018e+04 3.397321002851025887e-12
5.516055341059288185e+04 2.916178171024605879e-12
5.517467467471466807e+04 2.966386867139115694e-12
5.518879593879615277e+04 2.777643815455912194e-12
5.520291720290773083e+04 2.529859400166190948e-12
5.521703846701162547e+04 2.460128807263621647e-12
5.523115973120796116e+04 2.263756705316737469e-12
5.524528099528852908e+04 2.170371559533472095e-12
5.525940225939959055e+04 2.087087688288343537e-12
5.527352352348157001e+04 2.025614428910379235e-12
5.528764478761643841e+04 1.922354457485375393e-12
5.530176605180273327e+04 1.773701709524749259e-12
5.531588731591587566e+04 1.624337990365372194e-12
5.533000858000625158e+04 1.592270592610334119e-12
5.534412984411587240e+04 1.580743313811083170e-12
5.535825110831488564e+04 1.535903240859880218e-12
5.537237237241739058e+04 1.333602268704275238e-12
5.538649363648156577e+04 1.298342681349459817e-12
5.540061490060757205e+04 1.174607000520239116e-12
5.541473616471667629e+04 9.996944493711501751e-13
5.542885742888660752e+04 9.009522857491852148e-13
5.544297869300395541e+04 7.597726415028301906e-13
5.545709995710894873e+04 5.760557108404627568e-13
5.547122122121365101e+04 3.160362370170064770e-13
5.548534248528301396e+04 1.727763383348045966e-13
5.549946374951509642e+04 1.007445546291781620e-13
5.551358501358200738e+04 3.737396974448852172e-14
5.552770627770041756e+04 -2.297089398346035115e-13
5.554182754180618213e+04 -3.915063136450564756e-13
5.555594880591628316e+04 -5.567426352697483183e-13
5.557007007009406516e+04 -6.143838164624037801e-13
5.558419133420964499e+04 -7.567470587521391586e-13
5.559831259828220209e+04 -1.002511422227413928e-12
5.561243386239287793e+04 -1.050225408751040796e-12
5.562655512658337102e+04 -1.295829763813293421e-12
5.564067639068899007e+04 -1.372940182633603269e-12
5.565479765481933282e+04 -1.712500955582912329e-12
5.566891891890622355e+04 -1.678589326681227059e-12
5.568304018301796168e+04 -1.727185172808446234e-12
5.569716144719436852e+04 -1.905638798628317713e-12
5.571128271129747009e+04 -2.079880126815435556e-12
5.572540397540566482e+04 -2.150158055839793629e-12
5.573952523950423347e+04 -2.307521615384052819e-12
5.575364650358453218e+04 -2.552903148213846404e-12
5.576776776778970088e+04 -2.515104605968082963e-12
5.578188903191698773e+04 -2.844658687774803866e-12
5.579601029601957271e+04 -3.036531115238347918e-12
5.581013156010056264e+04 -3.134379088599325556e-12
5.582425282428594073e+04 -3.271094599668950221e-12
5.583837408839879936e+04 -3.403428665499670935e-12
5.585249535250877670e+04 -3.589482328271705207e-12
5.586661661661256949e+04 -3.780463611871971495e-12
5.588073788071128365e+04 -4.003290486460719331e-12
5.589485914489995776e+04 -4.040445223323896087e-12
5.590898040899747866e+04 -4.287918325781028955e-12
5.592310167310317047e+04 -4.383709980688162103e-12
5.593722293719617301e+04 -4.530642529408880352e-12
5.595134420131095249e+04 -4.766091935306687639e-12
5.596546546550928178e+04 -4.949125022216573884e-12
5.597958672960616968e+04 -5.017451660974782694e-12
5.599370799371463363e+04 -5.232294072233754190e-12
5.600782925781855010e+04 -5.159110024861186159e-12
5.602195052201236831e+04 -5.285467638652296464e-12
5.603607178608629329e+04 -5.475921170116048820e-12
5.605019305021588661e+04 -5.417079563159332748e-12
5.606431431429471559e+04 -5.572910059322975331e-12
5.607843557838546985e+04 -5.642495005401724650e-12
5.609255684259866393e+04 -5.633669446171037743e-12
5.610667810669734172e+04 -5.726469103327867783e-12
5.612079937080638774e+04 -5.737018923662074850e-12
5.613492063489592692e+04 -5.788598498745813786e-12
5.614904189898523327e+04 -5.892817505183047982e-12
5.616316316321619524e+04 -6.048531077701273493e-12
5.617728442728689697e+04 -6.206556721014375509e-12
5.619140569139392755e+04 -6.441370735389935836e-12
5.620552695551568468e+04 -6.529005152697201609e-12
5.621964821958012908e+04 -6.550560302356449027e-12
5.623376948380922840e+04 -6.419054856702684257e-12
5.624789074789701408e+04 -6.597605677116141389e-12
5.626201201199687785e+04 -6.699203040724601359e-12
5.627613327610986744e+04 -6.725393647165092874e-12
5.629025454030423134e+04 -6.821511266627132043e-12
5.630437580441001046e+04 -7.098463634385331887e-12
5.631849706849263021e+04 -7.061014702543360974e-12
5.633261833259280684e+04 -7.033600314623036608e-12
5.634673959669147007e+04 -7.097353875219765147e-12
5.636086086088883894e+04 -7.067293183155874910e-12
5.637498212501603120e+04 -7.194844694715954852e-12
5.638910338910093560e+04 -7.209060927226701657e-12
5.640322465320963965e+04 -7.348447548821239813e-12
5.641734591729053500e+04 -7.427754855589698943e-12
5.643146718148147193e+04 -7.478121964385096925e-12
5.644558844558569399e+04 -7.470966121232276933e-12
5.645970970968239999e+04 -7.458649680359733888e-12
5.647383097381758125e+04 -7.525108732255522758e-12
5.648795223799242376e+04 -7.629233155297208498e-12
5.650207350210394361e+04 -7.516314217268161388e-12
5.651619476619169291e+04 -7.726101639261335007e-12
5.653031603028551035e+04 -7.739829577739232738e-12
5.654443729439556773e+04 -7.782402260395298438e-12
5.655855855858412542e+04 -7.709080980059250148e-12
5.657267982271310757e+04 -7.678283640015916235e-12
5.658680108679208206e+04 -7.749555710159441463e-12
5.660092235088490270e+04 -7.823273602463941332e-12
5.661504361499597144e+04 -7.683309325837078828e-12
5.662916487921332737e+04 -7.884059391425484836e-12
5.664328614329419361e+04 -7.901441556489084878e-12
5.665740740738595196e+04 -7.876306164188506049e-12
