5.299999999999991269e+04 -4.619478759473109773e-13
5.301412126411794452e+04 -4.301715960555245129e-13
5.302824252818315290e+04 -4.138481736373080966e-13
5.304236379239800590e+04 -4.308903041331809663e-13
5.305648505650545849e+04 -4.281873031172433887e-13
5.307060632059638738e+04 -4.290176247117253510e-13
5.308472758470467670e+04 -4.406749055824909277e-13
5.309884884880176105e+04 -4.090039651885733607e-13
5.311297011302177998e+04 -3.561234604336580283e-13
5.312709137707517220e+04 -3.815088837709507713e-13
5.314121264122009597e+04 -3.734096886793027686e-13
5.315533390529081953e+04 -4.015180106355097096e-13
5.316945516949576268e+04 -4.350897995155859410e-13
5.318357643357764027e+04 -4.300799569663975269e-13
5.319769769770982384e+04 -3.652559736433341299e-13
5.321181896178273018e+04 -3.604783978367422877e-13
5.322594022590144596e+04 -3.441703531670296391e-13
5.324006149011624802e+04 -2.968281426151311179e-13
5.325418275421376893e+04 -2.504867021074083489e-13
5.326830401827664900e+04 -2.124048923189375357e-13
5.328242528242697881e+04 -1.646158179678868155e-13
5.329654654649870645e+04 -1.046323042904249040e-13
5.331066781071544392e+04 -1.221287761917165743e-13
5.332478907479165355e+04 -6.965872031776469001e-14
5.333891033892775886e+04 -9.924986183993766692e-14
5.335303160301641037e+04 -5.799027425408046225e-14
5.336715286720980657e+04 -4.616152060399550458e-14
5.338127413132166839e+04 -5.045735418768471711e-14
5.339539539538793179e+04 -3.438490533185174025e-14
5.340951665948342998e+04 -3.839433635223333274e-14
5.342363792357265629e+04 -7.483926739905330285e-14
5.343775918777678453e+04 -7.249754744205202927e-14
5.345188045187938405e+04 -8.143502829102077515e-14
5.346600171600055182e+04 -1.068054195910583745e-13
5.348012298012716201e+04 -1.432676618085503587e-13
5.349424424418929993e+04 -2.273481201955490469e-13
5.350836550840039854e+04 -2.187475413604282091e-13
5.352248677250605397e+04 -1.871507624314014394e-13
5.353660803660684178e+04 -2.472467475017502384e-13
5.355072930072533200e+04 -2.538174123178914157e-13
5.356485056491678552e+04 -3.101694726068047575e-13
5.357897182900810003e+04 -2.595075633878979903e-13
5.359309309312676487e+04 -2.629837284052111055e-13
5.360721435717952409e+04 -2.606952735887391382e-13
5.362133562131667713e+04 -2.552947005038794659e-13
5.363545688551383500e+04 -2.511701348335845149e-13
5.364957814959961979e+04 -2.736447462821533815e-13
5.366369941372304311e+04 -2.993019498773488271e-13
5.367782067780997750e+04 -3.284877641666862542e-13
5.369194194189764676e+04 -2.984656871710386149e-13
5.370606320607658563e+04 -3.233519802900347486e-13
5.372018447021562315e+04 -3.257040459762542080e-13
5.373430573429578362e+04 -3.476671072098165979e-13
5.374842699837744294e+04 -3.580710183507424158e-13
5.376254826252079511e+04 -3.833387718222984958e-13
5.377666952669351303e+04 -3.963110870663628083e-13
5.379079079078432551e+04 -4.424845887319744219e-13
5.380491205492076551e+04 -4.272653040212734892e-13
5.381903331902249192e+04 -4.646236297952085875e-13
5.383315458318839956e+04 -5.050508471273327362e-13
5.384727584731307434e+04 -5.373977426411598676e-13
5.386139711141192674e+04 -5.564910419957428636e-13
5.387551837551374774e+04 -5.505026061387720936e-13
5.388963963961192349e+04 -5.345689539472030034e-13
5.390376090382369875e+04 -5.653768966315832085e-13
5.391788216791508603e+04 -5.787226824571280482e-13
5.393200343202138174e+04 -5.556740366863932500e-13
5.394612469611367123e+04 -5.713788536396113331e-13
5.396024596018153534e+04 -5.578433619674121050e-13
5.397436722440491576e+04 -6.180501795032469621e-13
5.398848848852264200e+04 -6.375966422841793188e-13
5.400260975261410931e+04 -6.365018387803767491e-13
5.401673101667385345e+04 -6.191972238179531901e-13
5.403085228087192081e+04 -6.237091909526363374e-13
5.404497354497464403e+04 -6.211643464308858364e-13
5.405909480907776015e+04 -6.201037555365771191e-13
5.407321607319463510e+04 -6.514744649172419757e-13
5.408733733729730011e+04 -6.577034133702950447e-13
5.410145860152268142e+04 -6.813306005135483270e-13
5.411557986557944241e+04 -6.843933460939838692e-13
5.412970112967426394e+04 -7.193676470973819824e-13
5.414382239378700615e+04 -7.037087201113891446e-13
5.415794365787292190e+04 -6.454315347241912709e-13
5.417206492208834243e+04 -6.410916549666028189e-13
5.418618618622283975e+04 -5.985825901034829611e-13
5.420030745029729587e+04 -6.243641473152217940e-13
5.421442871438954899e+04 -5.966392319378634153e-13
5.422854997850386280e+04 -5.947423783372444355e-13
5.424267124268498446e+04 -4.722362427064732545e-13
5.425679250679994584e+04 -4.888676682389763431e-13
5.427091377091141476e+04 -4.438156026474319459e-13
5.428503503500816441e+04 -4.173368866925343846e-13
5.429915629920907668e+04 -3.566637943111429251e-13
5.431327756332750869e+04 -3.147467919715989059e-13
5.432739882739337918e+04 -3.081333101771091869e-13
5.434152009152591927e+04 -2.466759910343861173e-13
5.435564135559710849e+04 -1.744300225433755740e-13
5.436976261982486176e+04 -1.344508469894730391e-13
5.438388388387186569e+04 -9.788637667534977449e-14
5.439800514799988741e+04 -6.352933670431638616e-14
5.441212641208488640e+04 -4.171685192571187980e-14
5.442624767619104387e+04 -3.163150729833640912e-14
5.444036894040151674e+04 1.905641989305969065e-14
5.445449020449336240e+04 5.808624674998975480e-14
5.446861146859769360e+04 6.716180723248448818e-14
5.448273273271162179e+04 7.972418576039819553e-14
5.449685399688305188e+04 1.031198744082740061e-13
5.451097526099666720e+04 5.584624272480696924e-14
5.452509652507778083e+04 3.678264892936531726e-14
5.453921778921267833e+04 1.050484822272854174e-13
5.455333905327425600e+04 6.429368428090601221e-14
5.456746031752307317e+04 6.107892818403677541e-14
5.458158158160618041e+04 1.226472846581709089e-13
5.459570284568728675e+04 1.455889904159968810e-13
5.460982410977318068e+04 2.277484210232133509e-13
5.462394537389265315e+04 2.176571352840095861e-13
5.463806663810444297e+04 1.937550180692550709e-13
5.465218790222459938e+04 1.982874717964495082e-13
5.466630916631071159e+04 1.459724994278079463e-13
5.468043043040232442e+04 2.151270411088671564e-13
5.469455169462208141e+04 2.115955622917736034e-13
5.470867295872118848e+04 2.358156314223031264e-13
5.472279422278762650e+04 2.662513327207533950e-13
5.473691548688057810e+04 2.096067238907790513e-13
5.475103675100305554e+04 1.470156767184820771e-13
5.476515801517645741e+04 1.346950399822014107e-13
5.477927927932484454e+04 1.159805377231518711e-13
5.479340054340963979e+04 6.301327224895134242e-14
5.480752180751288688e+04 4.124339958277029617e-14
5.482164307162097975e+04 2.877280098930709838e-14
5.483576433578548313e+04 6.386592422927059423e-14
5.484988559992224327e+04 2.567768659270370318e-14
5.486400686402153951e+04 3.994267346920233978e-15
5.487812812810513424e+04 1.823040048300508879e-14
5.489224939218475629e+04 2.231952434825554006e-14
5.490637065638505737e+04 -3.434680026978076950e-14
5.492049192052047147e+04 -4.286003614286812912e-15
5.493461318460897746e+04 4.125610127012728641e-14
5.494873444869348168e+04 1.635628700007367204e-14
5.496285571287188213e+04 -2.535400562103158589e-14
5.497697697698903357e+04 -7.739281872262114758e-14
5.499109824109864712e+04 -5.406022877968005564e-14
5.500521950522423140e+04 -9.486952106213945230e-14
5.501934076929747243e+04 -9.632857618079243816e-14
5.503346203351864824e+04 -1.373853465007880378e-13
5.504758329757368483e+04 -1.888411111795067144e-13
5.506170456167258817e+04 -1.859361123614079592e-13
5.507582582580800954e+04 -2.763500008232672352e-13
5.508994708990996878e+04 -3.125694769195006316e-13
5.510406835412079090e+04 -3.377016091486320946e-13
5.511818961822632991e+04 -4.108268621902265491e-13
5.513231088228302542e+04 -3.423254330784268088e-13
5.514643214640504448e+04 -3.887882054302976140e-13
5.516055341060259525e+04 -3.903869791098775052e-13
5.517467467467537062e+04 -3.565558299686084891e-13
5.518879593877676234e+04 -4.168232878182766880e-13
5.520291720287883072e+04 -3.713135517500304282e-13
5.521703846699353744e+04 -3.733761418840655892e-13
5.523115973118736292e+04 -3.348887999968340690e-13
5.524528099530284817e+04 -3.425069442880767217e-13
5.525940225937966170e+04 -3.410384653368685182e-13
5.527352352350749425e+04 -3.059936904552316318e-13
5.528764478759960912e+04 -3.131033575203444609e-13
5.530176605177334568e+04 -2.782286213565511508e-13
5.531588731592091062e+04 -2.387222763578088140e-13
5.533000857998286665e+04 -2.647295958190219504e-13
5.534412984409688943e+04 -2.538110614742129017e-13
5.535825110830148333e+04 -1.690645839646727096e-13
5.537237237241301045e+04 -1.828041220982842596e-13
5.538649363651160820e+04 -1.819342613802555408e-13
5.540061490060953656e+04 -1.789272393314506247e-13
5.541473616471939022e+04 -1.559048163991302344e-13
5.542885742887184460e+04 -1.321493831867564338e-13
5.544297869302015897e+04 -1.643514384915288121e-13
5.545709995709597570e+04 -1.180537880752989180e-13
5.547122122117310209e+04 -1.410463005825528511e-13
5.548534248527268210e+04 -1.299790335761119688e-13
5.549946374951853795e+04 -1.257936227260585186e-13
5.551358501362022798e+04 -1.143916047979834384e-13
5.552770627771472209e+04 -1.174461557414145050e-13
5.554182754182762437e+04 -1.458434410849929521e-13
5.555594880588579690e+04 -1.737863338066713218e-13
5.557007007007543871e+04 -1.484173765681095082e-13
5.558419133419883292e+04 -1.387726985456515589e-13
5.559831259828247858e+04 -1.312713278317231889e-13
5.561243386237740197e+04 -1.237687279222441273e-13
5.562655512661071407e+04 -6.362500909134403301e-14
5.564067639070139558e+04 -2.791687834419206331e-14
5.565479765479626076e+04 -6.301474585546026821e-15
5.566891891889311955e+04 2.557320497089620337e-14
5.568304018297323637e+04 7.020939273446173284e-14
5.569716144719059230e+04 8.160075763443096696e-14
5.571128271129878704e+04 7.021389978481420959e-14
5.572540397537710669e+04 1.081550691156951366e-13
5.573952523950555769e+04 1.387132802373628310e-13
5.575364650357556093e+04 2.089159159912988623e-13
5.576776776780655200e+04 1.821342033331595471e-13
5.578188903187599499e+04 2.552164345304803279e-13
5.579601029601839400e+04 2.726066834496010713e-13
5.581013156008002989e+04 2.664742268472761017e-13
5.582425282430561492e+04 3.420300092244082081e-13
5.583837408841544675e+04 3.337808778838183061e-13
5.585249535251379712e+04 3.337997255489286404e-13
5.586661661659048696e+04 3.494670520378511617e-13
5.588073788068671274e+04 3.565914694495720874e-13
5.589485914490724826e+04 3.699675754320336485e-13
5.590898040901625063e+04 3.355304328842811750e-13
5.592310167307851953e+04 3.681737693917464394e-13
5.593722293717817229e+04 4.088601421191381651e-13
5.595134420129708451e+04 4.591940609919393864e-13
5.596546546550441417e+04 4.156354679944669848e-13
5.597958672958224633e+04 4.301088358718323975e-13
5.599370799371965404e+04 4.740329096797060079e-13
5.600782925780597725e+04 4.857176425844367092e-13
5.602195052201113140e+04 5.365293087946008695e-13
5.603607178609843686e+04 5.286755686894785830e-13
5.605019305018760497e+04 5.374962759611330335e-13
5.606431431429751683e+04 5.316977508167418597e-13
5.607843557838879497e+04 5.791897695763790255e-13
5.609255684260284033e+04 5.130303677204682065e-13
5.610667810667995218e+04 4.691046549851937414e-13
5.612079937079983210e+04 4.800223698663023122e-13
5.613492063490391592e+04 5.239603745570835917e-13
5.614904189902466896e+04 5.031779556499460122e-13
5.616316316321404884e+04 5.295540337763620668e-13
5.617728442731624818e+04 5.380879287528586584e-13
5.619140569138885621e+04 5.651351476499441151e-13
5.620552695550816861e+04 5.345126086277909538e-13
5.621964821961738198e+04 6.095377882588811423e-13
5.623376948378135421e+04 6.044980865011075225e-13
5.624789074791339226e+04 6.367308716946468106e-13
5.626201201200246578e+04 6.788980153287535542e-13
5.627613327609874977e+04 7.571510624759200447e-13
5.629025454032223934e+04 7.381321294521529528e-13
5.630437580441534374e+04 7.250198907812366785e-13
5.631849706847944617e+04 7.479779858130716271e-13
5.633261833259285777e+04 8.093140243281279121e-13
5.634673959671067860e+04 8.655161227598588044e-13
5.636086086089357559e+04 9.279436869239158485e-13
5.637498212499557121e+04 9.883897878602822625e-13
5.638910338908930862e+04 1.012255848672216989e-12
5.640322465321483469e+04 1.028681179084056738e-12
5.641734591728019586e+04 1.047665694632404871e-12
5.643146718147381762e+04 1.047404285711960866e-12
5.644558844557673001e+04 1.069042224722369357e-12
5.645970970968651091e+04 1.082817409526950457e-12
5.647383097382113920e+04 1.087494088865424352e-12
5.648795223798386724e+04 1.098733852980810067e-12
5.650207350210323057e+04 1.103611300925894524e-12
5.651619476620183559e+04 1.066626445733439802e-12
5.653031603031788109e+04 1.053096280575293553e-12
5.654443729441676987e+04 1.040764990810907079e-12
5.655855855861165037e+04 1.005607539670458097e-12
5.657267982269170898e+04 9.673385848593967310e-13
5.658680108677641692e+04 9.500200390140655028e-13
5.660092235091540351e+04 9.575427157842056408e-13
5.661504361501557287e+04 9.807310801158673443e-13
5.662916487917376799e+04 1.037050361856762582e-12
5.664328614330856362e+04 1.015049400427054467e-12
5.665740740741670015e+04 1.004942954609392316e-12
