5.300000000000045111e+04 3.361371902480560702e-13
5.301412126408862241e+04 3.181355616440527060e-13
5.302824252820205584e+04 3.875829737833459108e-13
5.304236379241290706e+04 3.912415590695897096e-13
5.305648505649637809e+04 4.409170578241712754e-13
5.307060632060692296e+04 4.315756216756881069e-13
5.308472758471302222e+04 5.183123864104797475e-13
5.309884884880983009e+04 6.015981326788233558e-13
5.311297011300539452e+04 6.460179211980943554e-13
5.312709137710068899e+04 6.314011625865113388e-13
5.314121264120068372e+04 6.606706518633908591e-13
5.315533390529221651e+04 6.932574687721492648e-13
5.316945516949650482e+04 6.575096107000928230e-13
5.318357643359663052e+04 6.886276624897924465e-13
5.319769769770085259e+04 7.099176894669779880e-13
5.321181896179555770e+04 7.356964711929926832e-13
5.322594022588732332e+04 7.426409605291836300e-13
5.324006149011031812e+04 7.165468180929796811e-13
5.325418275418957637e+04 6.648048214464521955e-13
5.326830401830485789e+04 6.557629486276695098e-13
5.328242528240782121e+04 6.453254775047231410e-13
5.329654654649511940e+04 6.621515951488324636e-13
5.331066781071067817e+04 6.414973271467941158e-13
5.332478907481044735e+04 6.178004738809735929e-13
5.333891033889207756e+04 6.567339250822888336e-13
5.335303160298953298e+04 6.677761717731390684e-13
5.336715286720911536e+04 6.514843039301697796e-13
5.338127413131144567e+04 6.338885163889997349e-13
5.339539539540050464e+04 6.449780329505692575e-13
5.340951665949790913e+04 6.542023337236022489e-13
5.342363792359564104e+04 5.963640643656993264e-13
5.343775918778746563e+04 5.789311903675877130e-13
5.345188045189550030e+04 6.140390344425077373e-13
5.346600171598776069e+04 6.147291305375401601e-13
5.348012298010239465e+04 6.173966380583879618e-13
5.349424424419961724e+04 6.139069820359459120e-13
5.350836550840068230e+04 6.546181520793757862e-13
5.352248677250085166e+04 6.152053017339423956e-13
5.353660803660021338e+04 6.178969210460624998e-13
5.355072930070506118e+04 6.620613104293832128e-13
5.356485056488800183e+04 6.366459173629071570e-13
5.357897182899551990e+04 6.176847568461864568e-13
5.359309309310126264e+04 6.542382324148675414e-13
5.360721435719638976e+04 6.859612309515165826e-13
5.362133562131249346e+04 6.979753589005126283e-13
5.363545688549443003e+04 7.347594860059884216e-13
5.364957814958969539e+04 6.732339221904892222e-13
5.366369941369026492e+04 7.227589545640383402e-13
5.367782067780209036e+04 7.049020456159670149e-13
5.369194194189721020e+04 6.130759322239833838e-13
5.370606320609527029e+04 6.605026518572649112e-13
5.372018447019396262e+04 6.723178697553398760e-13
5.373430573431213998e+04 6.895030721286999860e-13
5.374842699839186389e+04 6.434848625904460006e-13
5.376254826249556208e+04 6.303966105848162505e-13
5.377666952669839520e+04 6.559535442678070591e-13
5.379079079080587690e+04 6.081635826998829784e-13
5.380491205489415734e+04 5.971772137403279373e-13
5.381903331900148623e+04 6.012516662906440529e-13
5.383315458320816106e+04 5.945330354779726726e-13
5.384727584729842783e+04 5.943198931121220488e-13
5.386139711140200961e+04 5.863949880196576808e-13
5.387551837548729964e+04 5.953904957712475658e-13
5.388963963961051923e+04 5.958593307228407493e-13
5.390376090379655216e+04 6.247028042636621328e-13
5.391788216790697334e+04 6.157860388730221537e-13
5.393200343200318457e+04 6.569393399369405731e-13
5.394612469609714026e+04 6.831039103233107951e-13
5.396024596019060118e+04 7.011801240828721983e-13
5.397436722441054008e+04 7.262290961752885156e-13
5.398848848849925707e+04 7.065994570315726154e-13
5.400260975260809937e+04 7.360922371462884278e-13
5.401673101669123571e+04 7.572517278741726430e-13
5.403085228089194425e+04 8.289708571268686414e-13
5.404497354499054200e+04 8.470246708856132583e-13
5.405909480909521517e+04 8.453915249745343758e-13
5.407321607321091869e+04 8.694615485596389408e-13
5.408733733731144457e+04 8.885401868099009214e-13
5.410145860150740191e+04 9.247826055986808064e-13
5.411557986561354483e+04 9.725928152022776969e-13
5.412970112971019262e+04 9.763663838988277468e-13
5.414382239381091495e+04 9.912898709058746456e-13
5.415794365790176380e+04 1.058308130118164176e-12
5.417206492209128191e+04 1.081428843624985369e-12
5.418618618620382767e+04 1.145961387462793724e-12
5.420030745031168044e+04 1.194656446006952454e-12
5.421442871439977171e+04 1.209083709415119223e-12
5.422854997848906351e+04 1.238309841485177577e-12
5.424267124271088687e+04 1.240854246818130562e-12
5.425679250680694531e+04 1.219582071369980209e-12
5.427091377088848094e+04 1.220728873158521621e-12
5.428503503500863008e+04 1.264931704464641435e-12
5.429915629919536877e+04 1.210988785467117998e-12
5.431327756331264391e+04 1.209938528660262850e-12
5.432739882739862514e+04 1.182520536394127175e-12
5.434152009149723017e+04 1.161601087596393037e-12
5.435564135560773866e+04 1.122641714996752721e-12
5.436976261980023264e+04 1.080910611291678185e-12
5.438388388390791806e+04 1.040447406322792087e-12
5.439800514799769007e+04 9.991233174797203671e-13
5.441212641211257869e+04 9.575123325563182768e-13
5.442624767620696366e+04 8.939317398449246614e-13
5.444036894039770414e+04 8.646684374678340609e-13
5.445449020449558884e+04 8.458776734638769302e-13
5.446861146860419831e+04 8.314182283951479716e-13
5.448273273269184574e+04 7.667894330254456257e-13
5.449685399688916368e+04 7.273632796227585441e-13
5.451097526100295363e+04 7.175649910558701992e-13
5.452509652510969318e+04 7.301088936966727742e-13
5.453921778920359066e+04 7.462481431934656891e-13
5.455333905330599373e+04 7.205654173661500685e-13
5.456746031750773545e+04 6.953766653559730417e-13
5.458158158159248705e+04 7.126510764662105657e-13
5.459570284569974319e+04 7.163197857702908199e-13
5.460982410979946872e+04 7.048772002002138779e-13
5.462394537389674224e+04 6.967280994663867306e-13
5.463806663810397004e+04 7.066255740630926062e-13
5.465218790219446237e+04 7.354814703117905582e-13
5.466630916628855630e+04 6.933686862434535319e-13
5.468043043040012708e+04 6.881757987178573286e-13
5.469455169460816251e+04 7.025499477136069938e-13
5.470867295870203088e+04 6.855421846480270301e-13
5.472279422279578284e+04 6.392137008626514085e-13
5.473691548688786133e+04 6.198233211163060219e-13
5.475103675099786778e+04 6.361794300096527651e-13
5.476515801519215893e+04 5.366158281259250291e-13
5.477927927930143778e+04 5.051945937924191762e-13
5.479340054339507333e+04 5.063816960191113928e-13
5.480752180750419939e+04 4.105163440518947323e-13
5.482164307160984754e+04 3.103095002233147150e-13
5.483576433579887089e+04 2.593079263112093026e-13
5.484988559989663190e+04 1.632995664785161193e-13
5.486400686399902042e+04 1.031394245468663422e-13
5.487812812808884337e+04 -1.157401195041502933e-14
5.489224939220379019e+04 -9.333225423292920894e-14
5.490637065641041409e+04 -2.104316331752893568e-13
5.492049192048946134e+04 -3.389244937558048579e-13
5.493461318460838083e+04 -3.774219763822711086e-13
5.494873444869790546e+04 -5.154652582717285856e-13
5.496285571290434746e+04 -6.055218694157835559e-13
5.497697697698883712e+04 -6.400873204578255664e-13
5.499109824109556212e+04 -6.870257885449193930e-13
5.500521950520846440e+04 -6.930925695521626367e-13
5.501934076930960873e+04 -7.385768961015169551e-13
5.503346203350566793e+04 -7.221116238854124632e-13
5.504758329760907509e+04 -7.139046157258929683e-13
5.506170456168966484e+04 -7.072352844783380297e-13
5.507582582579025620e+04 -6.730241251522715634e-13
5.508994708991067455e+04 -5.978125521041060613e-13
5.510406835410438362e+04 -6.032429383283186339e-13
5.511818961819342076e+04 -5.672562121252814097e-13
5.513231088229586021e+04 -5.381770984011952591e-13
5.514643214640380029e+04 -5.483468944052109599e-13
5.516055341060351202e+04 -4.990758917352478167e-13
5.517467467470577685e+04 -4.374801934193746678e-13
5.518879593879186723e+04 -4.041963354371646700e-13
5.520291720290816738e+04 -3.703486625872343518e-13
5.521703846699868882e+04 -3.507712575065584332e-13
5.523115973119094269e+04 -3.299633196299210879e-13
5.524528099530726467e+04 -3.313298174963425111e-13
5.525940225940998789e+04 -3.344726647725142558e-13
5.527352352350151341e+04 -3.734478836609419701e-13
5.528764478761165810e+04 -4.304929582300967173e-13
5.530176605179964827e+04 -4.608378187252274313e-13
5.531588731590025418e+04 -5.362516764969262168e-13
5.533000858000307198e+04 -6.025789592648062019e-13
5.534412984408852208e+04 -6.091653420377208409e-13
5.535825110831359780e+04 -6.174838611183370780e-13
5.537237237238782109e+04 -6.350194425437746116e-13
5.538649363648922008e+04 -6.327461848189618535e-13
5.540061490059061907e+04 -6.970623583432037717e-13
5.541473616469331319e+04 -7.078329438887771243e-13
5.542885742888796085e+04 -7.790011700646166611e-13
5.544297869299668673e+04 -7.897874062657824963e-13
5.545709995710069779e+04 -8.386274290073667080e-13
5.547122122120299173e+04 -7.921547635573450669e-13
5.548534248531245248e+04 -8.400471391028026936e-13
5.549946374950429890e+04 -8.737073953520125972e-13
5.551358501361151139e+04 -9.071366087980380609e-13
5.552770627771074942e+04 -9.014546382851758643e-13
5.554182754179542098e+04 -8.781580505361338540e-13
5.555594880590971297e+04 -8.572456445334164947e-13
5.557007007009193330e+04 -8.574483205233395093e-13
5.558419133420645085e+04 -8.786921291582284371e-13
5.559831259828797920e+04 -9.230826705148609898e-13
5.561243386239028769e+04 -9.150470370340795440e-13
5.562655512660428940e+04 -9.056511659491135873e-13
5.564067639068800781e+04 -8.841587075234986765e-13
5.565479765479089838e+04 -8.968508023094429507e-13
5.566891891890477564e+04 -9.322541503252691501e-13
5.568304018301203178e+04 -8.944149733996629654e-13
5.569716144719583826e+04 -9.200225760801345277e-13
5.571128271130244684e+04 -8.645574351930442016e-13
5.572540397539280093e+04 -8.784841710720428890e-13
5.573952523949223541e+04 -8.549140881165216577e-13
5.575364650359274674e+04 -8.491961210957966095e-13
5.576776776779675129e+04 -8.337626183496286000e-13
5.578188903190189012e+04 -8.611720027551884701e-13
5.579601029600125912e+04 -8.309541082035519639e-13
5.581013156011225510e+04 -8.192771540659772097e-13
5.582425282430194056e+04 -7.822390950735128998e-13
5.583837408840384160e+04 -8.378470481928850344e-13
5.585249535248749453e+04 -8.237626319587917203e-13
5.586661661660405662e+04 -8.615034053873599377e-13
5.588073788069826696e+04 -8.784205902836982765e-13
5.589485914490989671e+04 -9.339099896869570921e-13
5.590898040899424086e+04 -9.293877327535001664e-13
5.592310167309606913e+04 -1.023976578123952280e-12
5.593722293719271693e+04 -1.049319684724910461e-12
5.595134420129410864e+04 -1.140727729979379120e-12
5.596546546549636696e+04 -1.200752102473763703e-12
5.597958672959935211e+04 -1.262106585060317227e-12
5.599370799369384622e+04 -1.291090425418484069e-12
5.600782925780629012e+04 -1.276803333194467639e-12
5.602195052200033388e+04 -1.244563765206668100e-12
5.603607178610927804e+04 -1.273924395098224629e-12
5.605019305021020409e+04 -1.260781365798021189e-12
5.606431431429400254e+04 -1.216535397372424388e-12
5.607843557841142319e+04 -1.197466638598505167e-12
5.609255684260855924e+04 -1.171761219320580487e-12
5.610667810669767641e+04 -1.143553260213412450e-12
5.612079937080204400e+04 -1.076377907545613142e-12
5.613492063490074361e+04 -9.961722102978764311e-13
5.614904189900803613e+04 -9.596742945565487005e-13
5.616316316318984900e+04 -8.951982887120682800e-13
5.617728442729877133e+04 -8.248405708627261883e-13
5.619140569140786829e+04 -8.343338672787554306e-13
5.620552695550247154e+04 -7.887673747875403760e-13
5.621964821960525296e+04 -7.647721808994874951e-13
5.623376948379234818e+04 -7.419053992796549197e-13
5.624789074789116421e+04 -7.404901887477018032e-13
5.626201201200077776e+04 -7.742619559180084490e-13
5.627613327609802218e+04 -8.113813983195538306e-13
5.629025454029731918e+04 -8.192650248078930154e-13
5.630437580440940656e+04 -7.889743547077513435e-13
5.631849706848718779e+04 -7.652225285141621140e-13
5.633261833259191917e+04 -8.106896393423647216e-13
5.634673959668969474e+04 -8.048218172943412880e-13
5.636086086090164463e+04 -8.263066460253548736e-13
5.637498212500008958e+04 -8.503245333640169150e-13
5.638910338909294660e+04 -7.949004754478568560e-13
5.640322465319278854e+04 -8.348585555074944433e-13
5.641734591730950342e+04 -7.795604853688541125e-13
5.643146718148977379e+04 -7.995498939580029057e-13
5.644558844561222941e+04 -7.540898259248169759e-13
5.645970970968742040e+04 -7.260160711893549426e-13
5.647383097379975516e+04 -7.342064505273073741e-13
5.648795223801060638e+04 -7.026257751399527503e-13
5.650207350210097502e+04 -6.895915178961172271e-13
5.651619476620619389e+04 -6.655967152744541785e-13
5.653031603029188409e+04 -6.245951277531856458e-13
5.654443729440859897e+04 -6.440958446214582779e-13
5.655855855859764415e+04 -5.714036358572977082e-13
5.657267982270214270e+04 -5.567108003870454171e-13
5.658680108680114790e+04 -5.740885058241935088e-13
5.660092235088954476e+04 -6.149817125554838564e-13
5.661504361499293736e+04 -5.734178752320542313e-13
5.662916487918741768e+04 -5.851589970575583464e-13
5.664328614329612174e+04 -5.546065697426319165e-13
5.665740740740337787e+04 -5.652235832302036791e-13
