5.300000000000108412e+04 -1.295941928101007351e-12
5.301412126409384655e+04 -1.336146856737494450e-12
5.302824252822955896e+04 -1.354586689579849213e-12
5.304236379236955690e+04 -1.410136143024141018e-12
5.305648505652943277e+04 -1.439756948488455438e-12
5.307060632061584329e+04 -1.462928198071096680e-12
5.308472758468246320e+04 -1.465057716665447821e-12
5.309884884878117737e+04 -1.469914573002474496e-12
5.311297011301726161e+04 -1.484708657526431444e-12
5.312709137710362120e+04 -1.481968956127403794e-12
5.314121264117625833e+04 -1.476505856386008776e-12
5.315533390529596363e+04 -1.444532228936020984e-12
5.316945516948222212e+04 -1.447462051854543321e-12
5.318357643362771341e+04 -1.409408656999514675e-12
5.319769769771303254e+04 -1.438453067592566063e-12
5.321181896178676107e+04 -1.425332319107258491e-12
5.322594022587882500e+04 -1.388492380759504146e-12
5.324006149009538058e+04 -1.414809514216038514e-12
5.325418275420970167e+04 -1.429477659142447183e-12
5.326830401827174501e+04 -1.477383191137747003e-12
5.328242528238836530e+04 -1.487972541591097804e-12
5.329654654653237958e+04 -1.470202452255773367e-12
5.331066781070957950e+04 -1.467393599229795217e-12
5.332478907477989560e+04 -1.436459731036564952e-12
5.333891033888320817e+04 -1.437887369708293729e-12
5.335303160296993155e+04 -1.420905645283898566e-12
5.336715286716960691e+04 -1.416857275102452786e-12
5.338127413128799526e+04 -1.438784462067732099e-12
5.339539539543352294e+04 -1.446989445029864249e-12
5.340951665953129122e+04 -1.430242751288478141e-12
5.342363792360987281e+04 -1.458352372491448472e-12
5.343775918779321364e+04 -1.478201374278702028e-12
5.345188045192586287e+04 -1.502170140302219454e-12
5.346600171597474400e+04 -1.448119022613650915e-12
5.348012298009022197e+04 -1.492935337493338563e-12
5.349424424421679578e+04 -1.452348847633912975e-12
5.350836550840821292e+04 -1.471547787764138056e-12
5.352248677250539913e+04 -1.509007484689626215e-12
5.353660803662272519e+04 -1.504481659190814096e-12
5.355072930067446578e+04 -1.475417854627014247e-12
5.356485056488247938e+04 -1.464917474014472197e-12
5.357897182901923225e+04 -1.443414651371634955e-12
5.359309309310734534e+04 -1.439247129482402587e-12
5.360721435718663270e+04 -1.419427703500540733e-12
5.362133562126799370e+04 -1.465293717046994492e-12
5.363545688553429500e+04 -1.459260980021018773e-12
5.364957814962423436e+04 -1.425498258769475963e-12
5.366369941369967273e+04 -1.465958445394401389e-12
5.367782067778881174e+04 -1.428199354045482429e-12
5.369194194192173745e+04 -1.456797218462047869e-12
5.370606320608073293e+04 -1.453386061432009742e-12
5.372018447023426415e+04 -1.472727668459553777e-12
5.373430573433277459e+04 -1.480081619742775482e-12
5.374842699842852016e+04 -1.494329157928574507e-12
5.376254826252406201e+04 -1.528067636716681589e-12
5.377666952671110630e+04 -1.468968874503847443e-12
5.379079079077132337e+04 -1.416313759072224127e-12
5.380491205493370944e+04 -1.376336967168206543e-12
5.381903331900628109e+04 -1.395185240064834152e-12
5.383315458320720791e+04 -1.367440952785839715e-12
5.384727584727976500e+04 -1.413553997034703368e-12
5.386139711143406748e+04 -1.357926028311959257e-12
5.387551837548839103e+04 -1.369383016531674155e-12
5.388963963963362039e+04 -1.353595112219170176e-12
5.390376090382372058e+04 -1.331631682771054499e-12
5.391788216790630395e+04 -1.259054595737236190e-12
5.393200343200014322e+04 -1.223561932294921361e-12
5.394612469613125722e+04 -1.159536374238048367e-12
5.396024596019904129e+04 -1.113825754882217563e-12
5.397436722441520396e+04 -1.073485810875933163e-12
5.398848848849953356e+04 -1.041654971535581755e-12
5.400260975263166620e+04 -1.020727422550073750e-12
5.401673101668093295e+04 -9.827714823980565219e-13
5.403085228089461452e+04 -9.375733487192565552e-13
5.404497354497676861e+04 -9.147122208501165742e-13
5.405909480909060949e+04 -8.999163181414018258e-13
5.407321607321941701e+04 -9.350931022851494291e-13
5.408733733729401865e+04 -8.890918157927244392e-13
5.410145860152666864e+04 -8.928983674013990701e-13
5.411557986563186569e+04 -8.301777811512703941e-13
5.412970112969177717e+04 -8.279149896141815619e-13
5.414382239378617669e+04 -7.758567236323452253e-13
5.415794365791057498e+04 -8.327174216207949740e-13
5.417206492212062585e+04 -8.397099177741902351e-13
5.418618618622505164e+04 -8.453841087659516485e-13
5.420030745032728009e+04 -8.173506088981693471e-13
5.421442871441302850e+04 -7.711226553726204381e-13
5.422854997847953200e+04 -7.518188665880360141e-13
5.424267124268424959e+04 -6.840747570647602325e-13
5.425679250678878452e+04 -6.344004949371912692e-13
5.427091377090935566e+04 -5.670835376196525696e-13
5.428503503497283964e+04 -5.418708907972490550e-13
5.429915629922400694e+04 -4.879178338732779685e-13
5.431327756328140094e+04 -4.346130204215776575e-13
5.432739882737598964e+04 -3.846628790601104605e-13
5.434152009151771927e+04 -3.337139482050920919e-13
5.435564135557171539e+04 -2.432139231039872027e-13
5.436976261976944807e+04 -1.769893311888614661e-13
5.438388388391692570e+04 -1.362212652783024456e-13
5.439800514798390941e+04 -6.610090948905864517e-14
5.441212641208818241e+04 -1.806349849266866639e-14
5.442624767617628822e+04 4.201514409223676998e-14
5.444036894040357583e+04 8.271581595444451557e-14
5.445449020447242947e+04 1.717016567893551690e-13
5.446861146862403257e+04 2.061157730334154983e-13
5.448273273269491619e+04 2.729313962071037862e-13
5.449685399689796031e+04 3.363186502017144375e-13
5.451097526102607662e+04 3.706673117944983304e-13
5.452509652507567807e+04 3.787395672693199082e-13
5.453921778919900680e+04 4.319386835804405384e-13
5.455333905330474227e+04 4.712880805307420290e-13
5.456746031752879207e+04 4.875843493014926383e-13
5.458158158161712345e+04 4.974301834012705259e-13
5.459570284572012315e+04 5.023232822211335663e-13
5.460982410978320695e+04 5.336203025166307480e-13
5.462394537392719212e+04 5.856552957335687692e-13
5.463806663808455050e+04 5.583616758498440824e-13
5.465218790222499956e+04 5.842982026304378974e-13
5.466630916630534193e+04 6.418561138672984837e-13
5.468043043041083001e+04 6.316340367349985034e-13
5.469455169459252647e+04 6.572573508880028773e-13
5.470867295867014036e+04 6.651337272582640039e-13
5.472279422279494611e+04 6.384190174013840547e-13
5.473691548693155346e+04 6.966949904052103626e-13
5.475103675100526743e+04 6.583608678235963168e-13
5.476515801521052344e+04 6.928409235682016880e-13
5.477927927927090059e+04 6.934678336726490749e-13
5.479340054340999632e+04 6.331501603982676282e-13
5.480752180751434935e+04 6.349276178173735900e-13
5.482164307162445039e+04 6.759589568808443493e-13
5.483576433578079741e+04 6.646183324856208262e-13
5.484988559991389047e+04 6.099457592468779997e-13
5.486400686401883286e+04 5.915806386465240823e-13
5.487812812810361356e+04 6.200044421756213686e-13
5.489224939219203952e+04 5.807631666122431418e-13
5.490637065637151682e+04 6.019219886989277777e-13
5.492049192049082194e+04 5.669153866484988786e-13
5.493461318462537020e+04 5.469182634096531679e-13
5.494873444869189552e+04 5.561711268537937288e-13
5.496285571288505889e+04 5.891946953951818832e-13
5.497697697698468983e+04 5.762666744941882706e-13
5.499109824109705369e+04 5.407810413662696855e-13
5.500521950520063547e+04 5.503674811072855621e-13
5.501934076928875584e+04 6.023142317573175884e-13
5.503346203350013093e+04 5.757808555269366937e-13
5.504758329758618493e+04 5.680630248675452146e-13
5.506170456171582191e+04 5.357681847770343246e-13
5.507582582579884911e+04 5.537997290805128253e-13
5.508994708986949263e+04 5.323529065282119906e-13
5.510406835407453764e+04 5.191674306655311929e-13
5.511818961818652315e+04 5.681517522837199159e-13
5.513231088229282614e+04 5.906410007637561627e-13
5.514643214641921804e+04 5.546802153524977454e-13
5.516055341057150508e+04 5.610433771551019862e-13
5.517467467473095166e+04 5.881154209230241720e-13
5.518879593877643492e+04 5.870468131347783066e-13
5.520291720290342346e+04 5.529764550222362807e-13
5.521703846697000699e+04 5.751515211761457744e-13
5.523115973121951538e+04 6.191060164806941064e-13
5.524528099528318853e+04 6.165072244003863250e-13
5.525940225940050732e+04 6.090987275744344332e-13
5.527352352348827844e+04 6.829364227069094063e-13
5.528764478759795020e+04 6.680670653339845140e-13
5.530176605179000762e+04 7.757840879671281266e-13
5.531588731592629483e+04 8.712887272199003158e-13
5.533000858001976303e+04 9.067515724321892920e-13
5.534412984408702323e+04 9.053377519646188522e-13
5.535825110827107710e+04 9.563080161874605588e-13
5.537237237236826331e+04 1.001089664344435188e-12
5.538649363651491876e+04 1.057017027490610303e-12
5.540061490059692733e+04 1.131995088103100913e-12
5.541473616467847751e+04 1.156785431212454512e-12
5.542885742888713139e+04 1.166861568714871516e-12
5.544297869299836748e+04 1.137234369300825840e-12
5.545709995708290808e+04 1.194500886127189282e-12
5.547122122117099207e+04 1.143936925591529975e-12
5.548534248528663738e+04 1.142793651015902099e-12
5.549946374949217716e+04 1.133781272809043895e-12
5.551358501357207570e+04 1.140236555972703681e-12
5.552770627771250292e+04 1.169258663499394167e-12
5.554182754178791220e+04 1.106046924940058041e-12
5.555594880590494722e+04 1.078147728319709558e-12
5.557007007009632071e+04 1.132789271205254665e-12
5.558419133419420541e+04 1.131672178490137342e-12
5.559831259828415932e+04 1.125702714293728931e-12
5.561243386239539541e+04 1.103132980835086195e-12
5.562655512663412810e+04 1.065538738237529865e-12
5.564067639067539858e+04 1.114085725815338468e-12
5.565479765479639900e+04 1.094909937237694475e-12
5.566891891887813108e+04 1.095774908333080586e-12
5.568304018300134339e+04 1.123478225848868618e-12
5.569716144718747091e+04 1.148436326805197085e-12
5.571128271129060886e+04 1.121165494837102109e-12
5.572540397538526304e+04 1.126885746509391345e-12
5.573952523951030889e+04 1.102929344142226238e-12
5.575364650362949033e+04 1.102643283073684966e-12
5.576776776780996443e+04 1.108865838588362002e-12
5.578188903189213306e+04 1.092967631067225581e-12
5.579601029599486355e+04 1.036987904200029560e-12
5.581013156011266256e+04 1.050839078108654869e-12
5.582425282430600782e+04 9.957611708812668538e-13
5.583837408839638374e+04 1.032851170239360558e-12
5.585249535251996713e+04 1.052448777680785659e-12
5.586661661657183140e+04 1.072607840575381963e-12
5.588073788067785063e+04 1.068279106304302163e-12
5.589485914492656593e+04 1.049872288666838780e-12
5.590898040902148932e+04 1.060721275903586248e-12
5.592310167312747944e+04 1.067704075071607178e-12
5.593722293720888410e+04 1.104269467520951979e-12
5.595134420133150707e+04 1.121990708292453479e-12
5.596546546550102357e+04 1.135939821753359115e-12
5.597958672958816896e+04 1.158670525169215031e-12
5.599370799373358022e+04 1.182548381954848475e-12
5.600782925782294478e+04 1.172345213944028351e-12
5.602195052199507336e+04 1.216070860393743686e-12
5.603607178609054972e+04 1.213152067796084572e-12
5.605019305018611340e+04 1.221892930412462901e-12
5.606431431426911149e+04 1.258232383102587044e-12
5.607843557840662834e+04 1.226401058912966930e-12
5.609255684260214184e+04 1.160667134457779860e-12
5.610667810672471387e+04 1.122005253770515078e-12
5.612079937080820673e+04 1.070797413406003253e-12
5.613492063487951964e+04 1.075138753758069624e-12
5.614904189901202335e+04 1.103548981507642826e-12
5.616316316317562450e+04 1.028435163099912176e-12
5.617728442731310497e+04 9.960220197878351862e-13
5.619140569141307788e+04 9.957873527417774081e-13
5.620552695550726639e+04 9.601654769693501789e-13
5.621964821956786182e+04 9.269668778419563563e-13
5.623376948377017106e+04 9.144907364594042606e-13
5.624789074792200699e+04 8.144818475002777953e-13
5.626201201202824450e+04 7.746650558549359784e-13
5.627613327611242858e+04 7.377554204248040161e-13
5.629025454030719266e+04 7.192060571023387044e-13
5.630437580436935968e+04 7.125451978487440340e-13
5.631849706846944173e+04 7.009718458045376598e-13
5.633261833259475679e+04 6.787240522603210820e-13
5.634673959668114549e+04 6.515434022562068249e-13
5.636086086089444143e+04 5.913997898692937343e-13
5.637498212498733483e+04 5.592077378237503368e-13
5.638910338912429143e+04 4.588914544282591102e-13
5.640322465318839386e+04 5.057657120290038677e-13
5.641734591731497494e+04 4.536424762451599022e-13
5.643146718151745154e+04 4.435663387427428473e-13
5.644558844557828706e+04 4.171692051568706976e-13
5.645970970969423797e+04 3.609780840085151634e-13
5.647383097382681444e+04 3.710571306065445077e-13
5.648795223801196698e+04 3.143375237552905691e-13
5.650207350210496952e+04 3.305470045069414040e-13
5.651619476620668138e+04 3.359152556101442766e-13
5.653031603028846439e+04 2.634031383783336476e-13
5.654443729440911557e+04 2.850439006381202085e-13
5.655855855857989809e+04 2.708261806823470370e-13
5.657267982268176274e+04 2.494239642627678557e-13
5.658680108678251418e+04 2.131271783082905397e-13
5.660092235093159252e+04 2.438016521427587940e-13
5.661504361498868093e+04 1.702597150641993489e-13
5.662916487916890037e+04 2.394952209380398456e-13
5.664328614331051358e+04 2.752063089759104826e-13
5.665740740739288594e+04 2.387786137188803444e-13
