5.300000000000085856e+04 -4.899626135419499584e-13
5.301412126411413192e+04 -5.569438872986715598e-13
5.302824252820403490e+04 -5.885905342793702923e-13
5.304236379240964743e+04 -5.592794354015557703e-13
5.305648505649891740e+04 -6.011235965458495908e-13
5.307060632060929493e+04 -5.906085295772745020e-13
5.308472758469182736e+04 -5.623188855074198847e-13
5.309884884878538287e+04 -5.455943195993033214e-13
5.311297011301388557e+04 -5.329663379711729681e-13
5.312709137709908828e+04 -5.137669712939539962e-13
5.314121264118820545e+04 -4.667992273842252776e-13
5.315533390529534518e+04 -4.832633371424262504e-13
5.316945516950882302e+04 -4.861504328094027184e-13
5.318357643361149530e+04 -5.432187893340667064e-13
5.319769769770107814e+04 -5.232530414747300238e-13
5.321181896180063632e+04 -5.543152978252846323e-13
5.322594022588896769e+04 -5.897876140793967595e-13
5.324006149008382636e+04 -6.186405215666409372e-13
5.325418275418553094e+04 -5.792445064165478887e-13
5.326830401830679330e+04 -5.616699529344214461e-13
5.328242528240804677e+04 -6.327465378591478727e-13
5.329654654650745942e+04 -6.410859692589071633e-13
5.331066781070292200e+04 -6.426639835021774231e-13
5.332478907481313945e+04 -5.785977655299984288e-13
5.333891033891847474e+04 -5.609900144443065311e-13
5.335303160299370211e+04 -5.604746458219639316e-13
5.336715286721313896e+04 -5.538787654537395374e-13
5.338127413130243804e+04 -5.415249380158309423e-13
5.339539539539413090e+04 -5.251868824591297698e-13
5.340951665949112794e+04 -4.873514125220810835e-13
5.342363792358544015e+04 -4.497156438973548608e-13
5.343775918779975473e+04 -4.318856300211892655e-13
5.345188045191420679e+04 -4.290718913888876533e-13
5.346600171601308830e+04 -4.556076706086240278e-13
5.348012298010986706e+04 -4.611830630893807375e-13
5.349424424420506693e+04 -4.216282151331023082e-13
5.350836550841348071e+04 -4.062744846374605696e-13
5.352248677250572655e+04 -4.432438516589627087e-13
5.353660803660690726e+04 -4.246586084170228515e-13
5.355072930070754228e+04 -3.751029018099212080e-13
5.356485056488322152e+04 -3.427158354623204296e-13
5.357897182900733605e+04 -3.390910439211615298e-13
5.359309309308978845e+04 -3.031194743862435215e-13
5.360721435721046146e+04 -3.128472746900695679e-13
5.362133562130630889e+04 -3.413295293219703835e-13
5.363545688549512124e+04 -2.879751144078461462e-13
5.364957814961016265e+04 -2.982439389577410402e-13
5.366369941368728905e+04 -2.742724328833188000e-13
5.367782067780455691e+04 -2.461465206834766480e-13
5.369194194189641712e+04 -2.359442202634451353e-13
5.370606320608555689e+04 -1.957026653736063501e-13
5.372018447018723236e+04 -2.187959497956465759e-13
5.373430573429520882e+04 -2.180728221902133556e-13
5.374842699841367721e+04 -1.903187231503051896e-13
5.376254826250157930e+04 -1.945217331457995675e-13
5.377666952669615421e+04 -2.110480803530151660e-13
5.379079079079966323e+04 -2.658169065631293659e-13
5.380491205489513231e+04 -2.006360226475423817e-13
5.381903331899998011e+04 -1.929301820156386026e-13
5.383315458321361075e+04 -2.204246306727080368e-13
5.384727584730675153e+04 -2.324156050805770656e-13
5.386139711139752762e+04 -2.877772180137759046e-13
5.387551837550687924e+04 -2.882752465286249768e-13
5.388963963961089758e+04 -3.031788433044646041e-13
5.390376090378667868e+04 -2.857438486800457259e-13
5.391788216788782302e+04 -3.100362434351461118e-13
5.393200343200651696e+04 -3.471260242886101669e-13
5.394612469611185952e+04 -3.440298159498538738e-13
5.396024596018664306e+04 -3.410435787017437803e-13
5.397436722441732127e+04 -3.242667346256822986e-13
5.398848848850134527e+04 -3.374777048492429707e-13
5.400260975260555279e+04 -3.427073265619890528e-13
5.401673101670965843e+04 -3.376138472545446969e-13
5.403085228090913733e+04 -2.907156249282051718e-13
5.404497354501227528e+04 -3.335355055411779486e-13
5.405909480908711703e+04 -3.195339811231946648e-13
5.407321607320512703e+04 -2.641039102191480544e-13
5.408733733728616789e+04 -2.559825516210629076e-13
5.410145860149904183e+04 -2.123159065023876356e-13
5.411557986560482823e+04 -2.255196570529398745e-13
5.412970112970589253e+04 -2.296214627035840436e-13
5.414382239378664235e+04 -2.658631898240226600e-13
5.415794365791847667e+04 -3.004596050349339701e-13
5.417206492209875432e+04 -3.196101744579800468e-13
5.418618618619736662e+04 -4.338915388129409743e-13
5.420030745030416438e+04 -4.587354650167921597e-13
5.421442871439014561e+04 -4.815573670873549686e-13
5.422854997849223582e+04 -5.309657150114453026e-13
5.424267124271098874e+04 -5.826637306610650707e-13
5.425679250679015968e+04 -6.398649420613572157e-13
5.427091377091525646e+04 -7.121547543583298952e-13
5.428503503500790248e+04 -7.351277538711404741e-13
5.429915629918689228e+04 -7.202387253640499825e-13
5.431327756328756368e+04 -7.440786013288008243e-13
5.432739882738836604e+04 -8.094705317571519731e-13
5.434152009150368394e+04 -8.113151582108047336e-13
5.435564135559675196e+04 -8.182870417277626676e-13
5.436976261978987895e+04 -8.077641104725176484e-13
5.438388388388344174e+04 -8.463047877552106399e-13
5.439800514801817917e+04 -8.292975587565410425e-13
5.441212641211273149e+04 -7.934279026415008999e-13
5.442624767620909552e+04 -8.348701149371873270e-13
5.444036894039536855e+04 -8.083831974329901336e-13
5.445449020449001546e+04 -8.354662536513115688e-13
5.446861146860078588e+04 -7.962799313252936068e-13
5.448273273270987556e+04 -8.092183588927862380e-13
5.449685399688935286e+04 -7.804373902901617540e-13
5.451097526099131210e+04 -7.245006530482024255e-13
5.452509652509303851e+04 -6.976437273023234176e-13
5.453921778918663040e+04 -6.518784779473775795e-13
5.455333905331227288e+04 -6.121292789721669654e-13
5.456746031751584815e+04 -6.037147500808467822e-13
5.458158158160719177e+04 -6.211422671867927394e-13
5.459570284570955118e+04 -6.492966713104716152e-13
5.460982410981255816e+04 -6.210530526560457538e-13
5.462394537389866309e+04 -6.638234269398178525e-13
5.463806663810580358e+04 -6.439022863458546626e-13
5.465218790221775998e+04 -6.203426884011095735e-13
5.466630916629217245e+04 -5.844044453924893399e-13
5.468043043038756150e+04 -5.696092726345084305e-13
5.469455169459077297e+04 -5.239747509301080063e-13
5.470867295870885573e+04 -4.340864699841684710e-13
5.472279422280121071e+04 -4.209935929833884670e-13
5.473691548689889169e+04 -3.612786461488412208e-13
5.475103675100392138e+04 -3.762597254867891232e-13
5.476515801520043897e+04 -3.177924928553765790e-13
5.477927927931158047e+04 -3.119540980007414590e-13
5.479340054341829818e+04 -3.074791899628404613e-13
5.480752180749339459e+04 -3.050010372026983491e-13
5.482164307158967858e+04 -2.698200863235690869e-13
5.483576433578459546e+04 -3.084711214651052369e-13
5.484988559989730857e+04 -2.808445270074351510e-13
5.486400686401672283e+04 -2.796040324773088823e-13
5.487812812811557524e+04 -2.705335447240803318e-13
5.489224939221508248e+04 -2.703473802986487501e-13
5.490637065641856316e+04 -2.359752906419277967e-13
5.492049192050974671e+04 -1.902069471414068690e-13
5.493461318460918119e+04 -1.631143506408957022e-13
5.494873444868478691e+04 -1.018824989381852904e-13
5.496285571289000654e+04 -7.554306903973166310e-14
5.497697697699192213e+04 -2.948903276444875244e-14
5.499109824110509362e+04 1.122863377574922903e-14
5.500521950519482198e+04 1.013177763386017319e-13
5.501934076929395087e+04 1.512443936465112757e-13
5.503346203350164433e+04 1.839946353309823184e-13
5.504758329758698528e+04 1.834969935843301293e-13
5.506170456169867248e+04 2.087921493512078902e-13
5.507582582578768051e+04 2.829247831835812345e-13
5.508994708990261279e+04 3.241849565812694992e-13
5.510406835409340420e+04 3.852324487768004754e-13
5.511818961820571712e+04 4.493820797567732346e-13
5.513231088231215836e+04 5.003295072589811861e-13
5.514643214640918450e+04 5.568876520705943487e-13
5.516055341059659258e+04 6.261601567409743238e-13
5.517467467471591954e+04 6.189531181603133074e-13
5.518879593879059394e+04 6.872375590103973376e-13
5.520291720288997749e+04 7.123831644078148859e-13
5.521703846698710549e+04 7.368282036779505236e-13
5.523115973118374677e+04 7.698182416444871193e-13
5.524528099528497842e+04 7.810242055354221179e-13
5.525940225939155789e+04 7.650617663592574760e-13
5.527352352350561705e+04 8.036331272522363720e-13
5.528764478760734346e+04 8.100617303753102946e-13
5.530176605178839236e+04 7.759064887543066760e-13
5.531588731588453084e+04 7.799154700376995673e-13
5.533000858001455344e+04 7.449807615772506010e-13
5.534412984409354249e+04 7.763737047361376755e-13
5.535825110829128243e+04 7.787167464728363155e-13
5.537237237240339891e+04 7.566668337232459334e-13
5.538649363650956366e+04 7.326591003610492071e-13
5.540061490059502103e+04 6.899954740996159241e-13
5.541473616471227433e+04 7.038830308222519590e-13
5.542885742890153779e+04 7.804682907137733103e-13
5.544297869300338789e+04 7.984071153759944814e-13
5.545709995711044758e+04 8.340612126826401823e-13
5.547122122119523556e+04 8.203177915747081738e-13
5.548534248528578610e+04 8.964915301047492824e-13
5.549946374949097662e+04 9.162878734938524472e-13
5.551358501358418289e+04 9.115460954001044106e-13
5.552770627769089333e+04 9.111675782580912193e-13
5.554182754179018229e+04 8.685044676875871136e-13
5.555594880590079993e+04 8.474188969755507175e-13
5.557007007009156951e+04 8.087199025776014721e-13
5.558419133419665013e+04 8.256974793478436207e-13
5.559831259830651834e+04 8.711695584095544727e-13
5.561243386238658422e+04 8.673379748057971977e-13
5.562655512659775559e+04 8.729100152955143047e-13
5.564067639071401209e+04 8.615766757450734950e-13
5.565479765480367496e+04 8.643402634345129320e-13
5.566891891889506951e+04 7.837857304611449463e-13
5.568304018300341704e+04 8.228436457457987423e-13
5.569716144718656142e+04 8.332956694982825237e-13
5.571128271131367364e+04 8.115134003409329971e-13
5.572540397540180129e+04 7.711193298587912291e-13
5.573952523951565672e+04 7.425546936009550035e-13
5.575364650359645748e+04 7.269689666485514824e-13
5.576776776780204818e+04 6.978711059699500534e-13
5.578188903189000848e+04 7.319701372796737379e-13
5.579601029598981404e+04 7.328772376240895359e-13
5.581013156009684462e+04 7.146522044961772235e-13
5.582425282430278457e+04 6.759934339907035134e-13
5.583837408839334967e+04 7.072267708070113400e-13
5.585249535251683847e+04 7.000215371446024950e-13
5.586661661660052778e+04 6.305254804564259797e-13
5.588073788071175659e+04 6.709731827952017946e-13
5.589485914491309813e+04 6.138000765505495662e-13
5.590898040900527849e+04 6.441866488611549481e-13
5.592310167309185636e+04 6.446337528967481295e-13
5.593722293720328889e+04 5.934808225592645442e-13
5.595134420129240607e+04 5.715123889764834865e-13
5.596546546549090999e+04 5.791028437629848292e-13
5.597958672958620446e+04 6.087344445532805381e-13
5.599370799368341250e+04 5.917212851089253500e-13
5.600782925779564539e+04 6.116161254655007947e-13
5.602195052199230850e+04 6.151037432194995631e-13
5.603607178610806295e+04 6.302908410836521756e-13
5.605019305020887259e+04 5.990415178485398492e-13
5.606431431429478835e+04 6.232016378803073396e-13
5.607843557840152062e+04 6.081893592411444562e-13
5.609255684259458212e+04 5.849404650812261831e-13
5.610667810669208120e+04 5.820397036046265641e-13
5.612079937078658986e+04 5.609164874547605198e-13
5.613492063491588488e+04 5.810923793677352309e-13
5.614904189898842014e+04 5.640750943959467244e-13
5.616316316321162594e+04 5.236727728589382188e-13
5.617728442728315713e+04 4.859716404089391883e-13
5.619140569139522995e+04 4.457853933712543018e-13
5.620552695550045610e+04 4.385610791444660440e-13
5.621964821961117559e+04 4.187245118628872934e-13
5.623376948379749228e+04 3.847224304478481042e-13
5.624789074789646111e+04 3.498307821799850984e-13
5.626201201199869683e+04 3.410542382563853000e-13
5.627613327609704720e+04 3.225079296795980345e-13
5.629025454029582033e+04 3.015368423538381151e-13
5.630437580440498277e+04 2.513941505466049521e-13
5.631849706849852373e+04 1.876831147018940985e-13
5.633261833258967090e+04 1.920236852527454405e-13
5.634673959670033946e+04 1.385460202065488114e-13
5.636086086090579920e+04 2.013912109811777823e-13
5.637498212498479552e+04 2.010281645670398123e-13
5.638910338910589053e+04 2.546177345448670563e-13
5.640322465321730124e+04 1.827515623462101626e-13
5.641734591730806278e+04 2.070462777104917964e-13
5.643146718149200751e+04 2.270700407993604582e-13
5.644558844559642603e+04 2.536368903975794942e-13
5.645970970968663460e+04 2.142257268264419727e-13
5.647383097381590051e+04 2.280679027473107235e-13
5.648795223799313681e+04 2.103822823313136424e-13
5.650207350209376455e+04 2.253878569883972700e-13
5.651619476618387125e+04 2.514802709317769236e-13
5.653031603028547397e+04 2.160456001154944194e-13
5.654443729439529125e+04 1.843795986096101517e-13
5.655855855860964948e+04 2.080931302967135372e-13
5.657267982270618086e+04 1.885138927887922201e-13
5.658680108681088313e+04 1.876299985361892541e-13
5.660092235088972666e+04 1.299742055818308301e-13
5.661504361501357926e+04 7.475195812224103814e-14
5.662916487919691281e+04 4.817273194172185161e-14
5.664328614330083656e+04 5.666409878148881297e-14
5.665740740739762987e+04 3.627574220569465519e-14
