5.300000000000361615e+04 3.811071556983318258e-13
5.301412126408809854e+04 3.454701810862990633e-13
5.302824252830805926e+04 2.623077487038437591e-13
5.304236379238136578e+04 2.814598657164787011e-13
5.305648505648964783e+04 2.789853621434335122e-13
5.307060632061307842e+04 2.093630309142527829e-13
5.308472758458583849e+04 1.967583100317698399e-13
5.309884884887062071e+04 1.877022404928088528e-13
5.311297011304271291e+04 1.760447074576981242e-13
5.312709137704112800e+04 1.301631225193872605e-13
5.314121264121351851e+04 1.141061851632046225e-13
5.315533390517953376e+04 1.029334081981295113e-13
5.316945516946291900e+04 1.100665512462412157e-13
5.318357643369495054e+04 4.652310973240675823e-14
5.319769769769880804e+04 -3.337690063077458248e-14
5.321181896168098319e+04 -4.746489611727938532e-14
5.322594022603714984e+04 -8.711891458818729251e-14
5.324006149012564856e+04 -1.447711726844711957e-13
5.325418275431879010e+04 -1.770836880420766352e-13
5.326830401825605077e+04 -2.302519524905311343e-13
5.328242528234844940e+04 -3.314933792102175603e-13
5.329654654652831960e+04 -3.050492673796534694e-13
5.331066781082037051e+04 -3.585303756577675228e-13
5.332478907479444752e+04 -3.038598533632001433e-13
5.333891033900880575e+04 -3.347439177199425236e-13
5.335303160313366243e+04 -3.728343245062995034e-13
5.336715286723989993e+04 -4.130004349158540484e-13
5.338127413127818727e+04 -4.097262053199994773e-13
5.339539539541084378e+04 -4.610872651213914445e-13
5.340951665954744385e+04 -4.809786655140180228e-13
5.342363792357666534e+04 -4.954229384880866315e-13
5.343775918793942401e+04 -4.842790160509898059e-13
5.345188045204908121e+04 -5.194171490273554487e-13
5.346600171612564009e+04 -4.697496981523535867e-13
5.348012298003680917e+04 -4.440764578166205418e-13
5.349424424409538187e+04 -4.457621697143007441e-13
5.350836550828553300e+04 -4.549676753350019885e-13
5.352248677248977037e+04 -4.575184156082846786e-13
5.353660803647906141e+04 -4.273238226042871653e-13
5.355072930085328699e+04 -4.010327916379448138e-13
5.356485056484065717e+04 -3.739447682356542547e-13
5.357897182908911782e+04 -3.574436230145423288e-13
5.359309309311721154e+04 -3.409133195335786984e-13
5.360721435729110090e+04 -2.936988072686066531e-13
5.362133562141655420e+04 -2.543448758886731827e-13
5.363545688536790840e+04 -2.219561238308302924e-13
5.364957814955351932e+04 -2.111748572506398157e-13
5.366369941379412194e+04 -2.045935950165974617e-13
5.367782067791431473e+04 -2.232038543669871035e-13
5.369194194193313160e+04 -1.961036816897582710e-13
5.370606320615745062e+04 -2.304484670126571378e-13
5.372018447022381588e+04 -1.507261397954474769e-13
5.373430573444176844e+04 -1.222810423825559495e-13
5.374842699857038679e+04 -1.393434841058143372e-13
5.376254826261860580e+04 -1.022213745320347775e-13
5.377666952678269445e+04 -1.400979540794787900e-13
5.379079079069635918e+04 -1.932024348345075559e-13
5.380491205478882330e+04 -1.691104226319859159e-13
5.381903331904186052e+04 -1.348859151309756019e-13
5.383315458329396643e+04 -1.187771914903687441e-13
5.384727584715691046e+04 -1.044604859031516396e-13
5.386139711142279702e+04 -1.094380438453468588e-13
5.387551837562122091e+04 -1.456088651914625433e-13
5.388963963945866999e+04 -1.447863592781439869e-13
5.390376090375117928e+04 -1.298208824092250922e-13
5.391788216779841605e+04 -1.072730430513532369e-13
5.393200343207706464e+04 -9.593655460648539713e-14
5.394612469597505697e+04 -5.057359184210048053e-14
5.396024596023716731e+04 -6.731718299982688417e-15
5.397436722456949065e+04 -1.419137311205948343e-14
5.398848848855245160e+04 1.711973825876187680e-14
5.400260975258927647e+04 -1.844740357674040179e-16
5.401673101673927158e+04 1.620125307343124810e-14
5.403085228091342287e+04 -2.156598299956862925e-14
5.404497354512538004e+04 8.865520865724460257e-15
5.405909480897417961e+04 -1.985415016077119925e-14
5.407321607319069153e+04 -3.546110874642893900e-14
5.408733733746063081e+04 2.107554217865146249e-14
5.410145860154333786e+04 5.031641709999743639e-14
5.411557986566372711e+04 7.224342850852545453e-14
5.412970112966927263e+04 1.110069051264606702e-13
5.414382239389913593e+04 8.913821023763618747e-14
5.415794365787592687e+04 6.942236686786709110e-14
5.417206492210920260e+04 4.012439035431140600e-14
5.418618618619301560e+04 1.678009812264147609e-15
5.420030745018052403e+04 -6.692840620180334385e-15
5.421442871437940630e+04 -6.989093899389543524e-14
5.422854997848805215e+04 -7.535325300612625921e-14
5.424267124283735757e+04 -8.687562535754911331e-14
5.425679250684701401e+04 -1.405851400045020368e-13
5.427091377092059702e+04 -1.779101424697501430e-13
5.428503503497368365e+04 -2.186466613376548549e-13
5.429915629924878158e+04 -2.186685300325436712e-13
5.431327756336248422e+04 -2.553617702010034816e-13
5.432739882748613309e+04 -2.934157291625457423e-13
5.434152009165207710e+04 -3.357948300020999374e-13
5.435564135573164822e+04 -3.562104716083114206e-13
5.436976261974110821e+04 -4.031358311297534688e-13
5.438388388401130214e+04 -4.140410203143139046e-13
5.439800514802256657e+04 -3.879978345567116226e-13
5.441212641213548341e+04 -4.615568345977542202e-13
5.442624767627539404e+04 -4.334750005055159301e-13
5.444036894027832022e+04 -4.072155576540130388e-13
5.445449020441212633e+04 -4.197074421455071277e-13
5.446861146845085750e+04 -4.092517761336613922e-13
5.448273273260560381e+04 -4.193065160725453187e-13
5.449685399695954402e+04 -4.092736448285501833e-13
5.451097526104030112e+04 -3.605987897160021744e-13
5.452509652510085289e+04 -3.304710177241650131e-13
5.453921778917562915e+04 -2.644785861146556840e-13
5.455333905316848541e+04 -2.824813817181335009e-13
5.456746031757452147e+04 -2.094326512244967938e-13
5.458158158161703614e+04 -2.303731415080400449e-13
5.459570284582787281e+04 -2.308785513454706513e-13
5.460982410984170565e+04 -1.790084369241666462e-13
5.462394537383699935e+04 -1.862008076876022566e-13
5.463806663814962667e+04 -1.885577670256200168e-13
5.465218790211029409e+04 -1.753733738626464925e-13
5.466630916623566736e+04 -1.673499926934355597e-13
5.468043043040899647e+04 -9.579805287218949743e-14
5.469455169455682335e+04 -5.884481822005141981e-14
5.470867295864743210e+04 -8.275459129849952752e-14
5.472279422296490520e+04 -3.733817172438637225e-14
5.473691548694774247e+04 7.964044665307362181e-15
5.475103675087771990e+04 -3.531653237466393417e-14
5.476515801513844781e+04 -2.661765151888708239e-14
5.477927927932584134e+04 1.680142725538009946e-14
5.479340054341089854e+04 1.891054138465783747e-14
5.480752180762912030e+04 1.635190408266537382e-14
5.482164307151240791e+04 -1.322186097198826442e-14
5.483576433581727179e+04 4.441915904497777062e-14
5.484988560003792372e+04 9.582760101862883351e-14
5.486400686387589667e+04 6.616393132943225014e-14
5.487812812808839954e+04 1.612198584461893271e-13
5.489224939214715414e+04 1.895689765870687979e-13
5.490637065642503148e+04 2.065463733857595246e-13
5.492049192055714229e+04 2.379328102611979430e-13
5.493461318463613134e+04 2.690592526529581446e-13
5.494873444864683552e+04 2.670813506930133518e-13
5.496285571296335547e+04 2.828535394178310979e-13
5.497697697700057324e+04 2.398766942513156714e-13
5.499109824106378073e+04 2.695549430704381323e-13
5.500521950533204654e+04 3.390463658621593828e-13
5.501934076930834999e+04 3.482433669904039368e-13
5.503346203334506572e+04 3.681949062939747916e-13
5.504758329759661865e+04 3.601277877349862261e-13
5.506170456156508590e+04 3.874903847508809047e-13
5.507582582566751080e+04 3.943790236408606405e-13
5.508994708977231494e+04 3.670285758999041343e-13
5.510406835401077842e+04 4.043219902503128560e-13
5.511818961806772859e+04 4.250049159051654947e-13
5.513231088231748436e+04 4.514198694758778305e-13
5.514643214638272912e+04 4.736530426128493526e-13
5.516055341056817997e+04 4.540927099622896882e-13
5.517467467484666122e+04 5.091629434023250493e-13
5.518879593882086920e+04 5.016814198953594419e-13
5.520291720288511715e+04 4.734100571140846934e-13
5.521703846695959510e+04 4.761800918000024349e-13
5.523115973112613574e+04 4.852264419190128033e-13
5.524528099529130850e+04 4.660232979516373152e-13
5.525940225925015693e+04 4.535022552002914208e-13
5.527352352338563651e+04 4.705646969235498590e-13
5.528764478775542375e+04 4.448058041995022647e-13
5.530176605181267951e+04 4.830201335902292288e-13
5.531588731582056789e+04 4.935705639465931934e-13
5.533000858014776895e+04 4.813897008935179936e-13
5.534412984415800020e+04 4.838730126908933928e-13
5.535825110840129491e+04 4.596157703492117401e-13
5.537237237241189723e+04 4.472040710723100029e-13
5.538649363646838901e+04 4.480350814780853253e-13
5.540061490056305774e+04 4.263850735381491066e-13
5.541473616483779188e+04 4.527149821842937814e-13
5.542885742896950978e+04 4.708708586519933377e-13
5.544297869294243719e+04 5.221505183112991764e-13
5.545709995709449868e+04 4.994896906965016944e-13
5.547122122121764551e+04 5.334833619736855215e-13
5.548534248523553106e+04 5.721423548271518767e-13
5.549946374947892036e+04 6.049259583204874139e-13
5.551358501355672342e+04 6.155687231663820541e-13
5.552770627759211493e+04 6.326554634395168876e-13
5.554182754168885731e+04 6.306581226396709078e-13
5.555594880584199564e+04 6.096690352563746895e-13
5.557007007014559349e+04 6.101015494441759082e-13
5.558419133406017500e+04 6.362565085312100021e-13
5.559831259833085642e+04 5.713210638413271224e-13
5.561243386240847758e+04 6.214052348467104983e-13
5.562655512662712863e+04 6.419326497823537429e-13
5.564067639055479231e+04 6.122835592230830370e-13
5.565479765465610399e+04 5.777018630388885972e-13
5.566891891887786187e+04 5.869644702517996254e-13
5.568304018285100756e+04 5.470225139648555422e-13
5.569716144707571948e+04 5.487331318761590786e-13
5.571128271116661926e+04 5.747082816941073328e-13
5.572540397525302978e+04 5.416330956022541438e-13
5.573952523943943379e+04 4.536772047594020522e-13
5.575364650346877170e+04 4.363717775373789547e-13
5.576776776791072189e+04 3.837265393750154826e-13
5.578188903174467850e+04 3.518517016470599649e-13
5.579601029604784708e+04 3.063502371483791612e-13
5.581013156004128541e+04 2.681966541323433619e-13
5.582425282446573692e+04 2.584723744717794104e-13
5.583837408840876014e+04 1.952086700133978449e-13
5.585249535253464273e+04 1.826463197272620230e-13
5.586661661673271010e+04 1.695591207637943826e-13
5.588073788080688246e+04 1.379953044742577286e-13
5.589485914475875325e+04 1.052311398208233530e-13
5.590898040906051028e+04 9.765971167931478789e-14
5.592310167322406778e+04 4.170015131380059413e-14
5.593722293715873093e+04 1.382971460548761663e-14
5.595134420136641711e+04 -1.591171044331367638e-14
5.596546546533796209e+04 1.298412506978640400e-14
5.597958672972137720e+04 5.911735186525546564e-14
5.599370799386161525e+04 9.896697366266896165e-14
5.600782925794721086e+04 6.168327873221087121e-14
5.602195052192237927e+04 4.346422603483243230e-14
5.603607178617076715e+04 6.478377369644865084e-14
5.605019305006817740e+04 4.493185844737132206e-14
5.606431431423829781e+04 -1.623731101165839564e-14
5.607843557825934840e+04 -4.953064449024964028e-15
5.609255684252503852e+04 -1.504668206771128634e-14
5.610667810679544345e+04 -6.266698011562041515e-14
5.612079937076399074e+04 -7.316395366225616636e-14
5.613492063482805679e+04 -9.154823649879461799e-14
5.614904189887888788e+04 -1.244095953517348523e-13
5.616316316309339163e+04 -1.412727889660061881e-13
5.617728442731870018e+04 -1.863223004369846114e-13
5.619140569137393322e+04 -2.262934149837804749e-13
5.620552695541001594e+04 -2.074523194095643463e-13
5.621964821946345910e+04 -1.736919142111946607e-13
5.623376948396937951e+04 -2.264392062830393008e-13
5.624789074775566405e+04 -2.359399392847397294e-13
5.626201201198271883e+04 -2.470881139680649255e-13
5.627613327620004566e+04 -2.619879847523173208e-13
5.629025454017862648e+04 -2.564041779907041545e-13
5.630437580451654503e+04 -2.565402498700123617e-13
5.631849706840218278e+04 -2.891051664144596854e-13
5.633261833248057519e+04 -3.024888076864202616e-13
5.634673959671864577e+04 -3.548716215101178371e-13
5.636086086100243119e+04 -3.565385020316437913e-13
5.637498212492819584e+04 -3.678421874341783814e-13
5.638910338904322998e+04 -3.935160352336583147e-13
5.640322465307753009e+04 -3.835973671740825954e-13
5.641734591722845653e+04 -3.569272788296673269e-13
5.643146718155731651e+04 -4.154867840319639907e-13
5.644558844575275725e+04 -3.835925074641073365e-13
5.645970970968148322e+04 -4.206526557357018662e-13
5.647383097369361349e+04 -4.290502345730104571e-13
5.648795223805664136e+04 -4.285448247355798507e-13
5.650207350215371116e+04 -4.208227455848371883e-13
5.651619476623315859e+04 -4.196807137406429768e-13
5.653031603023966454e+04 -3.814396559450519123e-13
5.654443729449128296e+04 -3.682309642322019170e-13
5.655855855852868990e+04 -3.382368342646853587e-13
5.657267982256178220e+04 -3.630019162987852220e-13
5.658680108692240174e+04 -3.450744461999244474e-13
5.660092235086919391e+04 -2.753764857342532063e-13
5.661504361501572566e+04 -2.995535428613424568e-13
5.662916487910428259e+04 -2.667553602380810420e-13
5.664328614343368827e+04 -2.418542063246729211e-13
5.665740740747992095e+04 -2.534154563558980985e-13
