5.300000000000064756e+04 1.050886662877469837e-13
5.301412126412894577e+04 8.513424929484071181e-14
5.302824252817199158e+04 1.194758277520736198e-13
5.304236379237084475e+04 1.134416340293608757e-13
5.305648505647768616e+04 1.536870577178036651e-13
5.307060632060209173e+04 1.396130909993151708e-13
5.308472758472865826e+04 1.164829206113287342e-13
5.309884884880382015e+04 1.073443505096411638e-13
5.311297011297541758e+04 9.252920150345634019e-14
5.312709137710207870e+04 5.139143144887241670e-14
5.314121264117159444e+04 5.630415562144431302e-14
5.315533390527545998e+04 3.374026167988699747e-14
5.316945516946892894e+04 4.135178702928186868e-14
5.318357643357338384e+04 3.288411319315550084e-14
5.319769769769779668e+04 9.578747958876638473e-15
5.321181896181823686e+04 2.421482945143101101e-14
5.322594022591620887e+04 -3.516959119320080411e-16
5.324006149009108776e+04 5.235756079795391667e-14
5.325418275423068553e+04 4.344406780991288483e-14
5.326830401832475036e+04 3.912272017021106998e-14
5.328242528241146647e+04 8.802101211494547242e-14
5.329654654647251300e+04 1.086035454045537704e-13
5.331066781068425189e+04 8.542956185474295064e-14
5.332478907481300121e+04 7.274380187442826094e-14
5.333891033888150560e+04 1.059754493071524966e-13
5.335303160299330921e+04 9.082623939230816894e-14
5.336715286721097800e+04 6.893416653239278113e-14
5.338127413130674540e+04 7.388612313713920093e-14
5.339539539542562125e+04 1.068869711567174256e-13
5.340951665947184665e+04 9.304686730464236215e-14
5.342363792362683307e+04 1.109036207983227721e-13
5.343775918782834196e+04 7.348596677921035164e-14
5.345188045189893455e+04 7.205758834253004711e-14
5.346600171600123576e+04 1.941853095327167620e-14
5.348012298008712969e+04 -1.589545548721579093e-14
5.349424424420653668e+04 -5.152356148962212805e-14
5.350836550839126721e+04 -5.875741507205077986e-14
5.352248677246969601e+04 -8.390553414817996233e-14
5.353660803658927034e+04 -8.981666953115118256e-14
5.355072930070996517e+04 -6.001030965741345679e-14
5.356485056487346446e+04 -8.693401780753025569e-14
5.357897182902070199e+04 -1.530713150045230582e-13
5.359309309311796824e+04 -1.043726677312152359e-13
5.360721435720707086e+04 -6.621403372792415411e-14
5.362133562131258077e+04 -7.764158143041201127e-14
5.363545688552926731e+04 -7.909753094649894368e-14
5.364957814961757686e+04 -5.218919786372419861e-14
5.366369941369706066e+04 -8.961813794590587975e-16
5.367782067779057252e+04 -2.517953961910498425e-14
5.369194194192080613e+04 -4.815898735603371555e-15
5.370606320607644739e+04 -2.122476595340067395e-14
5.372018447019378073e+04 -2.384797786587561137e-14
5.373430573428712523e+04 -1.099968145937343719e-14
5.374842699840544083e+04 -3.091831240503101727e-14
5.376254826250540646e+04 -5.224890630193603142e-14
5.377666952669772581e+04 -1.980184971169715353e-14
5.379079079079673829e+04 -3.202583746270467452e-14
5.380491205490421999e+04 -2.431402736955614432e-14
5.381903331901089405e+04 -3.162625911482627611e-14
5.383315458318357560e+04 -5.800392117027980406e-14
5.384727584727137582e+04 -6.971671683266637940e-14
5.386139711138878920e+04 -5.987626912671332853e-14
5.387551837546975003e+04 -6.696978186889190347e-14
5.388963963959096145e+04 -5.138674651067981792e-14
5.390376090377849323e+04 -5.145506729864340914e-14
5.391788216791316518e+04 -6.339802656312050840e-14
5.393200343201861688e+04 -3.372952208641590306e-14
5.394612469610467087e+04 -6.488588223399246285e-14
5.396024596018817829e+04 -1.496156241168827086e-13
5.397436722437936987e+04 -1.145266569890367090e-13
5.398848848850189097e+04 -9.258533767282269720e-14
5.400260975260048872e+04 -9.884010003078843896e-14
5.401673101668661548e+04 -1.080416732279754197e-13
5.403085228088099393e+04 -9.949706625413371486e-14
5.404497354499619541e+04 -5.515826208988789723e-14
5.405909480912109575e+04 2.466729571892588846e-14
5.407321607319133909e+04 -5.841750973147968117e-15
5.408733733727310755e+04 -1.894321578174870994e-14
5.410145860147022177e+04 6.594135262355746493e-15
5.411557986561898724e+04 1.409231284085671704e-14
5.412970112967199384e+04 6.154381672880387982e-14
5.414382239383135311e+04 1.106498165851686976e-13
5.415794365790137817e+04 1.457564130195535119e-13
5.417206492207335396e+04 2.015882534250035282e-13
5.418618618620836787e+04 2.723698613773889852e-13
5.420030745027777448e+04 3.260045699790557273e-13
5.421442871437930444e+04 4.041833193531229086e-13
5.422854997849985375e+04 3.645250093734280939e-13
5.424267124267676263e+04 4.300207154144176869e-13
5.425679250680377299e+04 4.578234612492639797e-13
5.427091377087942965e+04 5.161088387168783485e-13
5.428503503499033832e+04 5.441796656131248473e-13
5.429915629917159822e+04 5.813605667155715824e-13
5.431327756329350814e+04 5.754886204140211385e-13
5.432739882741141628e+04 6.327971608963692887e-13
5.434152009152815299e+04 6.208646058128003873e-13
5.435564135561431613e+04 6.195173799872037541e-13
5.436976261977420654e+04 6.553926141866814404e-13
5.438388388388740714e+04 6.739529793147786203e-13
5.439800514797238429e+04 7.027364926032341269e-13
5.441212641210340371e+04 6.609649200780768990e-13
5.442624767623169464e+04 6.706613276794569660e-13
5.444036894038886385e+04 5.928510019115487774e-13
5.445449020452088735e+04 6.238832055002878975e-13
5.446861146862230817e+04 5.856377832879212484e-13
5.448273273270190839e+04 5.645959054112177523e-13
5.449685399689300539e+04 5.178632148220143346e-13
5.451097526100270625e+04 5.329221106664753345e-13
5.452509652509117586e+04 5.026153096910551414e-13
5.453921778922066733e+04 5.433829365595799896e-13
5.455333905330023845e+04 5.562800748153454299e-13
5.456746031749381655e+04 5.199909854197432010e-13
5.458158158157167782e+04 4.931120152475314538e-13
5.459570284572242235e+04 4.559582228164509808e-13
5.460982410977222753e+04 4.238443312192934599e-13
5.462394537392279744e+04 4.082104309766414765e-13
5.463806663808038866e+04 3.216582812056768537e-13
5.465218790216936759e+04 2.897115501151104021e-13
5.466630916627970873e+04 2.612292956649512241e-13
5.468043043041340570e+04 2.791514220953379031e-13
5.469455169462697086e+04 3.214827973543592513e-13
5.470867295867660141e+04 3.117392819338672109e-13
5.472279422279825667e+04 3.064974243883159258e-13
5.473691548692765355e+04 2.836549296024400708e-13
5.475103675102706620e+04 2.868824221221614761e-13
5.476515801521519461e+04 2.789263449816913329e-13
5.477927927928593272e+04 2.615789917454754672e-13
5.479340054339895869e+04 2.881038729607794841e-13
5.480752180750972911e+04 2.914988727931222395e-13
5.482164307159223245e+04 2.842559444529014446e-13
5.483576433577908028e+04 3.003568768163197539e-13
5.484988559991313377e+04 3.229230827980788792e-13
5.486400686398659309e+04 3.081976987527294474e-13
5.487812812811729964e+04 3.134818666339739588e-13
5.489224939218401414e+04 3.134142394580709035e-13
5.490637065641663503e+04 2.554478079362966701e-13
5.492049192047546239e+04 2.544368683580537491e-13
5.493461318462279451e+04 2.902289847122762664e-13
5.494873444870653475e+04 2.969157517819507865e-13
5.496285571292881650e+04 2.298202295233164679e-13
5.497697697700051503e+04 2.475172788400565768e-13
5.499109824112500064e+04 2.081803424484138366e-13
5.500521950517072401e+04 1.655166114103818220e-13
5.501934076927499700e+04 1.155597807597496948e-13
5.503346203352358134e+04 9.786908955356452028e-14
5.504758329762762150e+04 2.485636280642917788e-14
5.506170456171175465e+04 2.069723368738708816e-14
5.507582582580934104e+04 -2.067360446979088688e-14
5.508994708988167258e+04 -4.970843652818348627e-14
5.510406835407070321e+04 -1.645433116798907794e-13
5.511818961818990647e+04 -2.243131345590794400e-13
5.513231088231901958e+04 -2.380479249799619174e-13
5.514643214640943188e+04 -2.572956596600583265e-13
5.516055341059370403e+04 -3.182535243969487780e-13
5.517467467469875555e+04 -3.406063290680805116e-13
5.518879593882954941e+04 -3.293723569314895257e-13
5.520291720293237449e+04 -3.203412966991862723e-13
5.521703846698565030e+04 -3.882984007390263598e-13
5.523115973121023853e+04 -4.116589081321184795e-13
5.524528099532847409e+04 -4.200820173933548981e-13
5.525940225937723881e+04 -4.114935972576888226e-13
5.527352352349073772e+04 -3.910686873088391545e-13
5.528764478761162172e+04 -4.508365449538563175e-13
5.530176605177433521e+04 -4.800371502947189521e-13
5.531588731590248790e+04 -4.854348393498724595e-13
5.533000858002743189e+04 -4.829167963660775269e-13
5.534412984412277729e+04 -4.998462483358155930e-13
5.535825110831455095e+04 -5.222004402310684490e-13
5.537237237238924718e+04 -5.426640768532984267e-13
5.538649363647829887e+04 -5.152881336397069679e-13
5.540061490060261713e+04 -5.652004575164542263e-13
5.541473616471762944e+04 -5.747077980303310196e-13
5.542885742887981178e+04 -5.807981743299478234e-13
5.544297869302451727e+04 -5.628736202573492306e-13
5.545709995709553186e+04 -5.164807995778124416e-13
5.547122122122041037e+04 -5.021418730521961405e-13
5.548534248532775382e+04 -5.463181407902544453e-13
5.549946374951765029e+04 -5.148101193279820248e-13
5.551358501362078096e+04 -4.795481537920353920e-13
5.552770627770500869e+04 -5.386938414187445176e-13
5.554182754177760216e+04 -5.186105354097128309e-13
5.555594880589608510e+04 -4.765341781849514888e-13
5.557007007008124492e+04 -4.500628207003194349e-13
5.558419133416905242e+04 -3.607637359655803740e-13
5.559831259831691568e+04 -3.831912195352307342e-13
5.561243386238667154e+04 -3.715728707150882003e-13
5.562655512657951476e+04 -3.789633072201846843e-13
5.564067639072909515e+04 -3.641637066843570675e-13
5.565479765478648187e+04 -3.005682664852378569e-13
5.566891891891910200e+04 -3.129755990242492169e-13
5.568304018296936556e+04 -3.361351901238037443e-13
5.569716144717781572e+04 -2.511141889764900509e-13
5.571128271127604239e+04 -2.064088108382467287e-13
5.572540397540821868e+04 -1.774285429286169216e-13
5.573952523952758929e+04 -9.531250469287166992e-14
5.575364650357227220e+04 -9.827191615119279350e-14
5.576776776782212255e+04 -7.955248265721076809e-14
5.578188903192560974e+04 -6.572370780212458978e-14
5.579601029602916242e+04 -1.034859136123122380e-13
5.581013156007798534e+04 -9.216616478423393589e-14
5.582425282431655796e+04 -1.127958058929541821e-13
5.583837408839094860e+04 -9.671521948331185213e-14
5.585249535252089845e+04 -1.582231185842137387e-13
5.586661661661434482e+04 -1.144085695357291107e-13
5.588073788068680005e+04 -1.539167125043161269e-13
5.589485914487790433e+04 -1.001661706885384970e-13
5.590898040901830973e+04 -1.160376330619268121e-13
5.592310167309267126e+04 -1.123961697440707285e-13
5.593722293723045732e+04 -4.871529965949455182e-14
5.595134420130017679e+04 -3.171244041334887129e-14
5.596546546550393396e+04 -4.969071398973508007e-15
5.597958672959299292e+04 -2.565651351273908226e-14
5.599370799370397435e+04 -2.390930473222871167e-14
5.600782925776892807e+04 3.331303958451149506e-16
5.602195052198656776e+04 -2.758822310135416206e-14
5.603607178612922144e+04 1.064205524769061136e-14
5.605019305018570594e+04 4.395739853572049999e-14
5.606431431427520874e+04 7.068550808476390008e-14
5.607843557842916925e+04 5.431903790416734587e-14
5.609255684257684334e+04 4.019247227108759473e-14
5.610667810672648193e+04 6.277370651415850593e-14
5.612079937082908873e+04 6.110418228442906669e-14
5.613492063489263091e+04 9.335159420324135809e-14
5.614904189900883648e+04 1.168902442938832021e-13
5.616316316318891768e+04 1.029088747854773240e-13
5.617728442732020631e+04 7.806554040895220531e-14
5.619140569142859022e+04 2.558222782778848955e-14
5.620552695547053008e+04 4.869176325697375918e-14
5.621964821957655658e+04 8.387407900796795359e-14
5.623376948381402326e+04 1.087590301081257246e-13
5.624789074790762970e+04 8.721775154783046430e-14
5.626201201202913944e+04 5.897594927865984712e-14
5.627613327612481226e+04 9.605798829237854881e-15
5.629025454029242246e+04 -8.647010694103640486e-14
5.630437580439267913e+04 -4.130162715036985929e-14
5.631849706850604707e+04 -3.083062828037724603e-14
5.633261833258995466e+04 -5.677541860904626258e-14
5.634673959670186014e+04 -7.949075118382235723e-14
5.636086086087972217e+04 -5.682836432966779365e-14
5.637498212497255736e+04 -1.022146383073451551e-13
5.638910338907660480e+04 -1.852087894117391313e-13
5.640322465322562493e+04 -2.024126805534324893e-13
5.641734591731317050e+04 -1.890391464140833482e-13
5.643146718150966626e+04 -2.091277701155792789e-13
5.644558844559793215e+04 -1.824109895635247639e-13
5.645970970972511714e+04 -1.968838988188361632e-13
5.647383097377217928e+04 -2.517183250812238998e-13
5.648795223798780353e+04 -3.277268779198589286e-13
5.650207350211489393e+04 -3.348955897696014880e-13
5.651619476622091315e+04 -4.026866893229514078e-13
5.653031603028434620e+04 -3.529197927748982558e-13
5.654443729443230404e+04 -3.212670375959923407e-13
5.655855855861776217e+04 -3.757773158220858335e-13
5.657267982269770437e+04 -3.580724055686595322e-13
5.658680108682472201e+04 -3.830445205844256661e-13
5.660092235087940935e+04 -3.539863369199947227e-13
5.661504361500866071e+04 -3.504283382534241139e-13
5.662916487921652151e+04 -3.299494421658621424e-13
5.664328614328926778e+04 -3.604977357403617507e-13
5.665740740738892782e+04 -3.332323080484169232e-13
