5.299999999999894499e+04 -4.075670980297190323e-13
5.301412126410531346e+04 -4.210613422343138510e-13
5.302824252819034882e+04 -3.689183242357207575e-13
5.304236379241900431e+04 -4.047435891324056494e-13
5.305648505651505548e+04 -3.379566398366465762e-13
5.307060632060767966e+04 -3.678097608266379446e-13
5.308472758470644476e+04 -3.835897567673476993e-13
5.309884884879775927e+04 -3.547003508070642236e-13
5.311297011298151483e+04 -3.448368188436232785e-13
5.312709137710796495e+04 -3.437328877995994675e-13
5.314121264120706473e+04 -3.219891155048917682e-13
5.315533390529642202e+04 -3.153702165350380903e-13
5.316945516948984005e+04 -2.716135919578469087e-13
5.318357643358780479e+04 -2.568546205434249088e-13
5.319769769769637060e+04 -3.161560707181718505e-13
5.321181896180756303e+04 -3.382933560162325532e-13
5.322594022590451641e+04 -3.044696207101642998e-13
5.324006149009247019e+04 -3.355352495220448401e-13
5.325418275419202109e+04 -3.522987350152440543e-13
5.326830401830451592e+04 -3.530366542903758241e-13
5.328242528239437524e+04 -4.093047659094050886e-13
5.329654654648903670e+04 -4.184868092266149284e-13
5.331066781071739388e+04 -4.809721772861124034e-13
5.332478907478282053e+04 -5.081381969664965184e-13
5.333891033890531980e+04 -5.486562673848814527e-13
5.335303160298887087e+04 -5.952204713827008452e-13
5.336715286720160657e+04 -5.752061275831869206e-13
5.338127413128061744e+04 -6.187866856686489204e-13
5.339539539540278201e+04 -6.080779027147562524e-13
5.340951665947961010e+04 -6.493993314308853333e-13
5.342363792361325613e+04 -6.700472289686283728e-13
5.343775918781312066e+04 -7.563098494155371707e-13
5.345188045191242418e+04 -7.821712632651513664e-13
5.346600171599585883e+04 -8.336240588699514645e-13
5.348012298010230006e+04 -8.863357591862042176e-13
5.349424424420764262e+04 -9.002031193400977689e-13
5.350836550838555559e+04 -9.307423796511225725e-13
5.352248677250683977e+04 -8.999629687467616883e-13
5.353660803658627992e+04 -9.006187505133767819e-13
5.355072930070818256e+04 -9.203346821163225058e-13
5.356485056490174611e+04 -9.602477253765648581e-13
5.357897182900738699e+04 -9.956524703985052416e-13
5.359309309309234959e+04 -9.920546058368608787e-13
5.360721435721861053e+04 -9.540087902000102116e-13
5.362133562130865903e+04 -9.664906154576759695e-13
5.363545688549839542e+04 -9.557003175265393292e-13
5.364957814961775148e+04 -9.596241687581864705e-13
5.366369941370689776e+04 -9.210232749429602015e-13
5.367782067781093792e+04 -9.198290402449006948e-13
5.369194194191872521e+04 -9.325263345619119912e-13
5.370606320610775583e+04 -8.961824461857941870e-13
5.372018447019746964e+04 -8.849956324534007403e-13
5.373430573430229560e+04 -8.784090318707569802e-13
5.374842699839257693e+04 -8.119669282806162470e-13
5.376254826250211045e+04 -7.950898857593696869e-13
5.377666952669675084e+04 -8.024344364763332773e-13
5.379079079079245275e+04 -7.645965462845820858e-13
5.380491205491886649e+04 -7.780186134810242487e-13
5.381903331899671321e+04 -7.135379960728675127e-13
5.383315458319884783e+04 -7.438581986148566746e-13
5.384727584731400566e+04 -7.365280027366529916e-13
5.386139711140416330e+04 -6.701632395022802316e-13
5.387551837549969787e+04 -6.430015409213187413e-13
5.388963963961816626e+04 -5.953102257444371497e-13
5.390376090378723165e+04 -5.864808280834984085e-13
5.391788216791796731e+04 -5.468868137907983649e-13
5.393200343201770011e+04 -5.314326580421447633e-13
5.394612469610085100e+04 -4.787098254019557432e-13
5.396024596019366436e+04 -4.208853123620713760e-13
5.397436722437899152e+04 -4.001345140668908762e-13
5.398848848848578928e+04 -3.876506381179737247e-13
5.400260975258003600e+04 -3.527657433282684847e-13
5.401673101668650634e+04 -3.513960280502659446e-13
5.403085228089171869e+04 -3.543695303648260855e-13
5.404497354499503854e+04 -3.361513357651502755e-13
5.405909480908937257e+04 -3.716093987596276524e-13
5.407321607318937458e+04 -4.051811187586909356e-13
5.408733733729592495e+04 -3.771462651384637925e-13
5.410145860148299835e+04 -3.786009376254537825e-13
5.411557986559934216e+04 -3.920974156187331758e-13
5.412970112969732872e+04 -4.116273202295856469e-13
5.414382239378232771e+04 -4.266583011907139706e-13
5.415794365790446318e+04 -4.508554326118536184e-13
5.417206492209563294e+04 -4.186128534996040699e-13
5.418618618621090718e+04 -4.784091061777295037e-13
5.420030745029145328e+04 -4.951698452094312570e-13
5.421442871439005103e+04 -5.323150411920417635e-13
5.422854997850750806e+04 -5.308076366443010296e-13
5.424267124269493070e+04 -4.883529080558689627e-13
5.425679250681646226e+04 -5.302863216326004896e-13
5.427091377091342292e+04 -5.389001037562470667e-13
5.428503503499129874e+04 -5.675065143238344761e-13
5.429915629921326035e+04 -6.112383841280620554e-13
5.431327756329543627e+04 -6.608925037884463648e-13
5.432739882739905443e+04 -6.430235126132982263e-13
5.434152009148887737e+04 -6.638632230220224389e-13
5.435564135560854629e+04 -7.141053051597784670e-13
5.436976261979065021e+04 -8.045999664378335980e-13
5.438388388389761531e+04 -7.628836331778595813e-13
5.439800514801223471e+04 -7.478174975095640614e-13
5.441212641211006849e+04 -7.150620991065127481e-13
5.442624767620592320e+04 -6.881731424619903052e-13
5.444036894040649349e+04 -7.035460029503197717e-13
5.445449020450506941e+04 -6.453910356630635273e-13
5.446861146859870496e+04 -5.894818682520061680e-13
5.448273273271432117e+04 -5.823703639479719667e-13
5.449685399688074540e+04 -5.741207259993991675e-13
5.451097526100584219e+04 -5.289182176120098202e-13
5.452509652511247259e+04 -5.346717248737638465e-13
5.453921778918294876e+04 -4.902086371604582210e-13
5.455333905330560810e+04 -4.776626545622123022e-13
5.456746031747881352e+04 -4.565973681158318546e-13
5.458158158161363826e+04 -3.896282368740760243e-13
5.459570284570504009e+04 -4.035530163830093565e-13
5.460982410978090047e+04 -3.786608471055845810e-13
5.462394537391051563e+04 -2.970043721652599651e-13
5.463806663811848557e+04 -2.498747999133211943e-13
5.465218790219253424e+04 -1.719883743607871982e-13
5.466630916630783031e+04 -1.082183214712478196e-13
5.468043043040402699e+04 -5.583136276245222263e-14
5.469455169457982993e+04 -3.245553318750659928e-14
5.470867295868512883e+04 -3.281616189186359318e-14
5.472279422281686129e+04 3.190753968261881572e-15
5.473691548688667535e+04 5.034962180950669526e-14
5.475103675100793043e+04 1.069525087753303922e-13
5.476515801521119283e+04 1.521843127520257659e-13
5.477927927929653379e+04 2.281542208521604823e-13
5.479340054338740447e+04 2.638233585675876624e-13
5.480752180751695414e+04 2.766823645375682838e-13
5.482164307158579322e+04 3.107296984290146409e-13
5.483576433580520825e+04 2.801565284733681499e-13
5.484988559990453359e+04 3.241242277715091852e-13
5.486400686398972175e+04 3.494906926397982633e-13
5.487812812811621552e+04 3.608863839239435950e-13
5.489224939220034867e+04 3.632121607589478441e-13
5.490637065640610672e+04 3.594019764138080178e-13
5.492049192049373960e+04 3.785847282913842616e-13
5.493461318458503229e+04 4.318007521775399536e-13
5.494873444869321247e+04 4.134265585648096786e-13
5.496285571291706583e+04 4.781967628732562356e-13
5.497697697700522258e+04 5.072234186694384326e-13
5.499109824109877081e+04 5.200947287869275172e-13
5.500521950519987877e+04 5.174560750581351405e-13
5.501934076930440642e+04 5.325488697126991319e-13
5.503346203350032010e+04 5.790488797504517071e-13
5.504758329759031039e+04 6.163351339955706732e-13
5.506170456168706733e+04 6.031269246010623803e-13
5.507582582578917936e+04 6.482714277216258992e-13
5.508994708991195512e+04 6.173648739596769901e-13
5.510406835411854991e+04 6.535419971936704240e-13
5.511818961820098775e+04 6.817179090764060267e-13
5.513231088228180306e+04 6.912881921908937349e-13
5.514643214640827500e+04 7.262949566321120668e-13
5.516055341060907813e+04 7.672789001594357403e-13
5.517467467471439886e+04 7.704188014212540917e-13
5.518879593881041365e+04 7.694795848281033582e-13
5.520291720288150827e+04 7.486797164208353283e-13
5.521703846700318536e+04 7.998134098191197039e-13
5.523115973120951094e+04 8.072673795621412471e-13
5.524528099531670159e+04 8.536241341681874948e-13
5.525940225940650998e+04 8.334057832086437011e-13
5.527352352351600712e+04 9.101326893364457880e-13
5.528764478760921338e+04 9.167455827104917588e-13
5.530176605179388571e+04 9.138538150900953265e-13
5.531588731590300449e+04 9.290432851893692340e-13
5.533000857999258005e+04 9.264283608879146365e-13
5.534412984411294019e+04 9.589388481643675699e-13
5.535825110829987534e+04 9.341855399802533358e-13
5.537237237241483672e+04 9.349659744793654365e-13
5.538649363649019506e+04 9.426405400098612802e-13
5.540061490057995979e+04 8.756289301636117250e-13
5.541473616469438275e+04 8.848889729873488983e-13
5.542885742889443645e+04 8.812000723819359648e-13
5.544297869299376180e+04 9.042372449445040540e-13
5.545709995711819647e+04 9.377449540809337513e-13
5.547122122120416316e+04 9.381170080651201559e-13
5.548534248528543685e+04 9.319681568256814183e-13
5.549946374947925506e+04 9.328578638729048462e-13
5.551358501361606614e+04 9.076979329092232103e-13
5.552770627770200372e+04 8.709220078298149406e-13
5.554182754181085329e+04 9.023359611985439550e-13
5.555594880588784872e+04 9.280744800510193368e-13
5.557007007009684457e+04 9.267435814288473078e-13
5.558419133417975536e+04 8.966716590062266905e-13
5.559831259830493218e+04 8.447481565202521403e-13
5.561243386238229141e+04 7.977720931562768169e-13
5.562655512660524255e+04 7.816094235802573777e-13
5.564067639070741279e+04 7.885401740982734612e-13
5.565479765481445065e+04 7.456025077201318927e-13
5.566891891889848193e+04 7.871035183987066934e-13
5.568304018300391181e+04 7.504661614567158657e-13
5.569716144718630676e+04 7.155200388853610054e-13
5.571128271128672350e+04 6.360873921292557896e-13
5.572540397540969570e+04 6.074749759658606731e-13
5.573952523948748421e+04 6.638367602316958486e-13
5.575364650361679378e+04 6.645791104647101618e-13
5.576776776781514491e+04 6.185662860771165010e-13
5.578188903189605480e+04 6.167716382762302879e-13
5.579601029601312621e+04 5.822110456601425925e-13
5.581013156011579849e+04 6.480528826254030428e-13
5.582425282429982326e+04 6.459585409459162618e-13
5.583837408841179422e+04 6.375416251824062060e-13
5.585249535249947803e+04 6.382113223539416333e-13
5.586661661658366938e+04 6.282862696529580191e-13
5.588073788068204158e+04 5.743407855930826256e-13
5.589485914490182768e+04 5.637592187357512953e-13
5.590898040898039471e+04 5.883300153984891174e-13
5.592310167309241660e+04 5.986599331436818393e-13
5.593722293721378082e+04 5.685226815569087639e-13
5.595134420128154306e+04 5.707930897281246763e-13
5.596546546549499180e+04 5.117033001861136358e-13
5.597958672961454431e+04 4.345428193365826265e-13
5.599370799370776513e+04 3.709362358353707914e-13
5.600782925780201185e+04 3.696823846130735351e-13
5.602195052198417397e+04 3.415181909660603479e-13
5.603607178608765389e+04 3.430503502867647346e-13
5.605019305021175387e+04 3.262112455536694375e-13
5.606431431430672819e+04 3.135239117370220101e-13
5.607843557841129223e+04 2.695726179688923768e-13
5.609255684258206747e+04 2.582097377447697986e-13
5.610667810670119070e+04 2.730731479350676652e-13
5.612079937078527291e+04 2.653906725954592958e-13
5.613492063491156296e+04 2.350175915147728150e-13
5.614904189901062637e+04 2.533724500385611977e-13
5.616316316321291379e+04 1.991741450429748987e-13
5.617728442728103983e+04 1.767879204747863415e-13
5.619140569138860883e+04 1.170378083498178465e-13
5.620552695548548945e+04 1.258809749377304223e-13
5.621964821959351684e+04 6.120627425042143368e-14
5.623376948377891677e+04 3.443537883080215487e-14
5.624789074789791630e+04 7.899982928310660701e-14
5.626201201198793569e+04 7.647279174957006332e-14
5.627613327611457498e+04 1.243022356300294728e-13
5.629025454028856620e+04 5.884446384057080337e-14
5.630437580437884026e+04 9.879017168288951091e-14
5.631849706851204974e+04 1.539900928768483218e-13
5.633261833261027641e+04 1.303092962172271029e-13
5.634673959671018383e+04 1.044330880950134136e-13
5.636086086090376921e+04 1.135774133409917898e-13
5.637498212498485373e+04 9.172934874835464728e-14
5.638910338911603321e+04 1.085543915985830860e-13
5.640322465319760522e+04 8.116477333282084224e-14
5.641734591731658293e+04 1.175827063109096665e-13
5.643146718150236848e+04 7.036290364390834873e-14
5.644558844559792487e+04 7.790417424306178448e-14
5.645970970969148766e+04 9.271661010796723921e-14
5.647383097380322579e+04 1.653784602636671501e-13
5.648795223801711109e+04 1.850861891016071225e-13
5.650207350209683500e+04 1.990127263458987741e-13
5.651619476618726185e+04 2.129732464737854259e-13
5.653031603030101542e+04 2.500474006523288920e-13
5.654443729438055016e+04 2.221591714565783421e-13
5.655855855860564770e+04 2.545343131104375749e-13
5.657267982271877554e+04 2.880332335700754478e-13
5.658680108679372643e+04 2.999981381544366030e-13
5.660092235089179303e+04 3.374877037893393206e-13
5.661504361501698440e+04 2.947407516975797894e-13
5.662916487920613145e+04 3.090416865732023137e-13
5.664328614329412812e+04 3.301749387867727616e-13
5.665740740738650493e+04 3.863140765738822934e-13
