5.299999999999782449e+04 6.877435468508853259e-13
5.301412126409617485e+04 7.148582081834857294e-13
5.302824252819158573e+04 7.179239721449479545e-13
5.304236379239740927e+04 7.781999927529168254e-13
5.305648505654244218e+04 8.124522132395907497e-13
5.307060632058098417e+04 8.179949161408543883e-13
5.308472758470373810e+04 9.015647990561887302e-13
5.309884884884407802e+04 9.466832385932851931e-13
5.311297011297326389e+04 9.933881727170447471e-13
5.312709137711198127e+04 9.851918906786301686e-13
5.314121264124441223e+04 9.769549551549811181e-13
5.315533390526763833e+04 9.660143874436805808e-13
5.316945516950923775e+04 1.024272776018019241e-12
5.318357643361215014e+04 1.007583416647873942e-12
5.319769769771414576e+04 1.034564642161265985e-12
5.321181896173657879e+04 1.071396553600582796e-12
5.322594022592357942e+04 1.017106535764330834e-12
5.324006149009387445e+04 1.011610333667285048e-12
5.325418275422258012e+04 1.035821114064487687e-12
5.326830401835871453e+04 9.707421787347780260e-13
5.328242528236433282e+04 9.720086203168671102e-13
5.329654654649455188e+04 9.680146090850368115e-13
5.331066781068442651e+04 9.551328484175207093e-13
5.332478907482109207e+04 9.586097227584307448e-13
5.333891033885142679e+04 9.842193426578114446e-13
5.335303160295380076e+04 9.736112096490329814e-13
5.336715286722803285e+04 1.004781147498115642e-12
5.338127413125732710e+04 1.015953152094791814e-12
5.339539539545837033e+04 9.960644321427038103e-13
5.340951665955557837e+04 1.014829882118019182e-12
5.342363792361148808e+04 1.002469994669800067e-12
5.343775918783139787e+04 9.967511997573416951e-13
5.345188045186192903e+04 9.856735124158729323e-13
5.346600171595646680e+04 9.751767562154367714e-13
5.348012298008000653e+04 9.861311528361337463e-13
5.349424424423535675e+04 9.176779928502733016e-13
5.350836550845196325e+04 9.824626033789374044e-13
5.352248677253805363e+04 9.462355678518915596e-13
5.353660803654361371e+04 9.142284547256121040e-13
5.355072930073662428e+04 8.612939039029763815e-13
5.356485056487844122e+04 8.393845844028737498e-13
5.357897182895153674e+04 8.118314326196840723e-13
5.359309309309066884e+04 8.007270084121622237e-13
5.360721435723483592e+04 7.503287760536076680e-13
5.362133562133389205e+04 7.279765806136781261e-13
5.363545688544732548e+04 6.886791178882806044e-13
5.364957814957572555e+04 6.951222202032524733e-13
5.366369941375875351e+04 6.589104169421591138e-13
5.367782067779228237e+04 6.015934759607943648e-13
5.369194194187158428e+04 6.417540906779737950e-13
5.370606320606128429e+04 6.683480190184791201e-13
5.372018447013845434e+04 5.919325940090810720e-13
5.373430573435725819e+04 5.487863089822190793e-13
5.374842699835656094e+04 4.908182982686118727e-13
5.376254826253932697e+04 4.258980299395254398e-13
5.377666952672434127e+04 3.528022156269703982e-13
5.379079079074754554e+04 3.659008533555926745e-13
5.380491205486434046e+04 3.769319960379510096e-13
5.381903331893699942e+04 3.512511850299435951e-13
5.383315458318170568e+04 3.526326287581450490e-13
5.384727584731165553e+04 2.963315863587144308e-13
5.386139711134415120e+04 2.425570681640672418e-13
5.387551837550177152e+04 2.479121890723331220e-13
5.388963963962827984e+04 2.292190704328463732e-13
5.390376090376589127e+04 2.082655536938227216e-13
5.391788216796199413e+04 1.830870566231118185e-13
5.393200343205131503e+04 1.765129085805660365e-13
5.394612469605014485e+04 1.726354124886350633e-13
5.396024596022642072e+04 1.414738216874015934e-13
5.397436722442385508e+04 1.546858681677131229e-13
5.398848848853082745e+04 1.993986207137190233e-13
5.400260975255486846e+04 1.724427140915265694e-13
5.401673101665954164e+04 1.576263094650566850e-13
5.403085228085477866e+04 1.203429265270067808e-13
5.404497354502401140e+04 1.584783807873644536e-13
5.405909480904463999e+04 1.507875921659437562e-13
5.407321607325618243e+04 1.592898132427353509e-13
5.408733733730770473e+04 1.453478751702808814e-13
5.410145860148184147e+04 1.824991671724885487e-13
5.411557986556550168e+04 2.081709440726661227e-13
5.412970112971233902e+04 2.188530018116963763e-13
5.414382239385792491e+04 2.141466117080793643e-13
5.415794365784745605e+04 2.069270439052592541e-13
5.417206492214983155e+04 1.886052446395362144e-13
5.418618618620281632e+04 2.130550634367933328e-13
5.420030745031026891e+04 2.285129774289672027e-13
5.421442871441411262e+04 2.399451000106341995e-13
5.422854997850948712e+04 2.071695906967039785e-13
5.424267124264777522e+04 2.031782107584163322e-13
5.425679250685180887e+04 2.136782999306731946e-13
5.427091377094721975e+04 2.172317741502700209e-13
5.428503503505188564e+04 1.940034456704146503e-13
5.429915629915252066e+04 1.419159374757607077e-13
5.431327756329435942e+04 1.818310232688136987e-13
5.432739882736716390e+04 1.491628999680195289e-13
5.434152009154455300e+04 1.221383458209581902e-13
5.435564135556222027e+04 1.295959579796055665e-13
5.436976261984917801e+04 1.362342438022540123e-13
5.438388388386700535e+04 8.801386001748366419e-14
5.439800514804230625e+04 5.722649763120829564e-14
5.441212641203688690e+04 5.143101513027840495e-14
5.442624767623637308e+04 4.806787114360168530e-14
5.444036894044794462e+04 -2.507257232507861932e-15
5.445449020447314251e+04 -4.260156335241190806e-14
5.446861146862772148e+04 -5.554980803677289354e-14
5.448273273268723278e+04 -1.160828329323738044e-13
5.449685399687380414e+04 -1.614591392366523246e-13
5.451097526103928976e+04 -1.860015649483141160e-13
5.452509652508026193e+04 -2.091434700535900847e-13
5.453921778923348757e+04 -2.896579826169558426e-13
5.455333905328881519e+04 -3.728463864417922512e-13
5.456746031752283307e+04 -3.911536405015433296e-13
5.458158158156401623e+04 -3.873189102388295363e-13
5.459570284572585660e+04 -4.553759143635430927e-13
5.460982410982363217e+04 -4.865334120414879893e-13
5.462394537389809557e+04 -5.629301548667328771e-13
5.463806663815425418e+04 -6.117768157512546245e-13
5.465218790222278039e+04 -6.521481970812023055e-13
5.466630916630574211e+04 -6.105998381496164293e-13
5.468043043038182805e+04 -7.193510248487739209e-13
5.469455169457176817e+04 -7.541163183396744087e-13
5.470867295871431270e+04 -7.774472965042889301e-13
5.472279422273969249e+04 -7.883476931341713543e-13
5.473691548688827606e+04 -8.434710708719831776e-13
5.475103675104606373e+04 -8.625606962117560537e-13
5.476515801520165405e+04 -9.039047205814557407e-13
5.477927927932667080e+04 -9.410926460370965285e-13
5.479340054344163218e+04 -9.481311808441804611e-13
5.480752180753525317e+04 -9.217418794315106154e-13
5.482164307163163176e+04 -9.168140513579800726e-13
5.483576433583419566e+04 -9.317826032244063515e-13
5.484988559985181200e+04 -9.012452721978749057e-13
5.486400686406117893e+04 -8.623465527722747028e-13
5.487812812807994487e+04 -8.442976771201168386e-13
5.489224939218630607e+04 -7.786273147117987133e-13
5.490637065642697416e+04 -7.661677012383123395e-13
5.492049192055397725e+04 -7.400105383892961024e-13
5.493461318458470487e+04 -7.524224669764701904e-13
5.494873444873064727e+04 -7.619390955688551216e-13
5.496285571283532772e+04 -8.034887409106173496e-13
5.497697697704546590e+04 -7.564538425766065068e-13
5.499109824111870694e+04 -7.907174945718936586e-13
5.500521950524144631e+04 -7.525900511385436894e-13
5.501934076931545133e+04 -6.858265909194088147e-13
5.503346203352259909e+04 -6.771874110137210131e-13
5.504758329762415815e+04 -6.650099014446042499e-13
5.506170456173099956e+04 -6.776917422760669504e-13
5.507582582578906295e+04 -6.608927456749767075e-13
5.508994708995141264e+04 -6.240608342356598966e-13
5.510406835407634208e+04 -6.223984414485881143e-13
5.511818961824529833e+04 -6.083458136277718411e-13
5.513231088228044973e+04 -5.948054694231193104e-13
5.514643214641700615e+04 -5.591284034830873642e-13
5.516055341063904780e+04 -6.049788104105659400e-13
5.517467467470052361e+04 -5.893348932015198526e-13
5.518879593882863264e+04 -6.010214618687634838e-13
5.520291720289811929e+04 -5.703435028206735418e-13
5.521703846702641022e+04 -5.228618400797114814e-13
5.523115973117893009e+04 -4.977017035906094487e-13
5.524528099526292499e+04 -4.332228201350091319e-13
5.525940225943149562e+04 -3.767557869679281817e-13
5.527352352352386515e+04 -3.524993536277601569e-13
5.528764478763870284e+04 -2.948277142768428834e-13
5.530176605179971375e+04 -2.688772541539011469e-13
5.531588731583662593e+04 -2.719661588802413901e-13
5.533000857996563718e+04 -2.147980321670123090e-13
5.534412984412419610e+04 -1.776056627489440370e-13
5.535825110834142106e+04 -1.317771540310595009e-13
5.537237237236279907e+04 -1.163211696541502596e-13
5.538649363654714398e+04 -1.696874865105439042e-13
5.540061490061240329e+04 -1.323103125759951209e-13
5.541473616475916788e+04 -1.406440285379733513e-13
5.542885742892490816e+04 -1.046726085603008472e-13
5.544297869303814514e+04 -1.338424270961095991e-13
5.545709995708696079e+04 -9.268990242312671255e-14
5.547122122123881854e+04 -1.370336599046649304e-13
5.548534248527085583e+04 -1.130025822381294911e-13
5.549946374950069003e+04 -1.624251748059528008e-13
5.551358501363001415e+04 -1.286038140185943323e-13
5.552770627765680547e+04 -1.034358421220541146e-13
5.554182754183767247e+04 -9.874997610806995560e-14
5.555594880591228139e+04 -6.182778206364448556e-14
5.557007007011521637e+04 -8.344757156426815614e-14
5.558419133418724959e+04 -9.434279331684993384e-14
5.559831259827113536e+04 -1.200891820072597969e-13
5.561243386234583159e+04 -9.833429020151726335e-14
5.562655512657613144e+04 -1.294072941201473740e-13
5.564067639074530598e+04 -1.626476068200935195e-13
5.565479765482814400e+04 -1.687284677240238933e-13
5.566891891886956000e+04 -1.724032738125329298e-13
5.568304018293444824e+04 -1.658041650270754091e-13
5.569716144726202037e+04 -2.028757580715349507e-13
5.571128271128219058e+04 -2.044947637517474882e-13
5.572540397538863181e+04 -1.870132680788774523e-13
5.573952523955782817e+04 -1.538468070176956989e-13
5.575364650364346016e+04 -2.049099233995916500e-13
5.576776776779355714e+04 -1.552771781874934170e-13
5.578188903186200332e+04 -8.344111027679114524e-14
5.579601029594585270e+04 -1.119476381836815425e-13
5.581013156007791986e+04 -1.236233893108052612e-13
5.582425282425060141e+04 -1.045569485908028523e-13
5.583837408842845616e+04 -1.072846644235186614e-13
5.585249535250083864e+04 -8.744190439864259323e-14
5.586661661658167577e+04 -1.761528086376539008e-13
5.588073788069067814e+04 -1.511646417998630792e-13
5.589485914491869335e+04 -1.938318267457940021e-13
5.590898040905945527e+04 -1.998157391009742885e-13
5.592310167311337136e+04 -2.373940608085630532e-13
5.593722293719057052e+04 -2.107972965183507089e-13
5.595134420128836791e+04 -2.867474211196190999e-13
5.596546546550517814e+04 -2.995379636109891273e-13
5.597958672953915811e+04 -2.624633299606580988e-13
5.599370799364354752e+04 -2.891883844293732706e-13
5.600782925780690857e+04 -2.436594046264298001e-13
5.602195052200445934e+04 -2.602000666748192022e-13
5.603607178606811794e+04 -2.749599861999063014e-13
5.605019305020805768e+04 -2.573708413845459994e-13
5.606431431430928933e+04 -2.244938810862482579e-13
5.607843557834791864e+04 -2.577123832863851104e-13
5.609255684265731543e+04 -2.607811147622315000e-13
5.610667810670539620e+04 -3.011641614935516992e-13
5.612079937075613998e+04 -3.195842688096885511e-13
5.613492063493921887e+04 -3.666708574435154810e-13
5.614904189893598959e+04 -3.629545061536271069e-13
5.616316316323041247e+04 -3.064457523655973005e-13
5.617728442734047712e+04 -3.602670491121142080e-13
5.619140569138492720e+04 -3.145255192641125031e-13
5.620552695555172249e+04 -3.175929643297824904e-13
5.621964821958998073e+04 -2.471023645172342909e-13
5.623376948375610664e+04 -2.513630134947223232e-13
5.624789074785164121e+04 -2.364449824643153746e-13
5.626201201199016214e+04 -2.200718461048095731e-13
5.627613327604492224e+04 -1.789326240825146569e-13
5.629025454031446134e+04 -2.101497644140934963e-13
5.630437580437478755e+04 -2.255291489123159720e-13
5.631849706843695458e+04 -2.549142657331053065e-13
5.633261833260695857e+04 -2.264457746362040016e-13
5.634673959667304007e+04 -2.453440172256397100e-13
5.636086086093536869e+04 -2.309161084724482241e-13
5.637498212496620545e+04 -2.290653150677209637e-13
5.638910338914614840e+04 -2.340787478911731888e-13
5.640322465316882881e+04 -2.288005484641381117e-13
5.641734591730051034e+04 -2.504723498671219826e-13
5.643146718144397892e+04 -2.385311304581373754e-13
5.644558844558184501e+04 -2.332639239907916915e-13
5.645970970970452618e+04 -2.149052135239839178e-13
5.647383097373665078e+04 -2.282500818550106823e-13
5.648795223798404186e+04 -2.234553972347394877e-13
5.650207350204270188e+04 -2.569747439965887572e-13
5.651619476617752662e+04 -2.546931786023308381e-13
5.653031603025447839e+04 -2.764978310926248428e-13
5.654443729434781562e+04 -2.705540313456728971e-13
5.655855855863136094e+04 -2.779756824925703537e-13
5.657267982264916645e+04 -2.387823897548678272e-13
5.658680108676244708e+04 -2.596329936797779871e-13
5.660092235090975737e+04 -2.883651988628450831e-13
5.661504361496644560e+04 -3.123193842847445928e-13
5.662916487921187218e+04 -2.956472160324113071e-13
5.664328614330058917e+04 -2.896357628048177149e-13
5.665740740738694149e+04 -3.045623309209408977e-13
