5.300000000000034197e+04 -4.797449388566983392e-13
5.301412126411061763e+04 -4.844895238555295015e-13
5.302824252819814137e+04 -5.036548345301870835e-13
5.304236379241974646e+04 -4.681291883080109452e-13
5.305648505650560401e+04 -4.792613987657476925e-13
5.307060632060503849e+04 -5.176603464322623166e-13
5.308472758469759719e+04 -4.717464443980029634e-13
5.309884884877560398e+04 -4.888416336363740596e-13
5.311297011302062310e+04 -4.857458152302732214e-13
5.312709137711532821e+04 -5.359801535096713892e-13
5.314121264121773129e+04 -5.627169053292888888e-13
5.315533390530521865e+04 -4.742112817128805453e-13
5.316945516950160527e+04 -4.760226206805832287e-13
5.318357643357280176e+04 -4.780151488700094306e-13
5.319769769770286803e+04 -5.014442153752543034e-13
5.321181896177457384e+04 -4.435498053758730532e-13
5.322594022589565429e+04 -4.485641271840211346e-13
5.324006149007054046e+04 -3.587047572878108115e-13
5.325418275420311693e+04 -2.993322581763150145e-13
5.326830401829870971e+04 -2.921616463172746136e-13
5.328242528237102670e+04 -2.828627941586133038e-13
5.329654654649065924e+04 -2.836840930888377264e-13
5.331066781067931151e+04 -2.934538712491204742e-13
5.332478907482149953e+04 -3.634699231692316771e-13
5.333891033890776453e+04 -3.617826227465989071e-13
5.335303160301611933e+04 -3.433258864100248147e-13
5.336715286722641031e+04 -3.640973634634502635e-13
5.338127413131029607e+04 -4.134801400632246607e-13
5.339539539540949772e+04 -4.019441680970487823e-13
5.340951665947142465e+04 -3.878945622072746798e-13
5.342363792357388593e+04 -4.068953641335979635e-13
5.343775918780020584e+04 -4.103541695576309446e-13
5.345188045188530668e+04 -4.140797519059846759e-13
5.346600171598727320e+04 -4.299348876433756951e-13
5.348012298008010112e+04 -3.861095025923410467e-13
5.349424424422688753e+04 -4.269648228558939206e-13
5.350836550840576820e+04 -3.884392916964622877e-13
5.352248677247182059e+04 -4.247621151692685261e-13
5.353660803660058446e+04 -4.376957614280856242e-13
5.355072930070162693e+04 -4.867803918550759291e-13
5.356485056492277363e+04 -5.037076145355379224e-13
5.357897182902065833e+04 -5.286663606717544731e-13
5.359309309311358811e+04 -5.140962576222936058e-13
5.360721435718679277e+04 -5.671956539280036150e-13
5.362133562127521873e+04 -6.307088108492212046e-13
5.363545688552812499e+04 -5.910467945011960739e-13
5.364957814959386451e+04 -6.024515910033395401e-13
5.366369941370315792e+04 -5.651908989239206729e-13
5.367782067780514626e+04 -5.562820323603521323e-13
5.369194194187610265e+04 -5.249010550070046386e-13
5.370606320608814713e+04 -5.504829814160434797e-13
5.372018447019994346e+04 -5.715402118527366512e-13
5.373430573427466152e+04 -5.488259990677632170e-13
5.374842699840237037e+04 -5.368629737878519308e-13
5.376254826251765917e+04 -4.637975210973729649e-13
5.377666952672351908e+04 -4.806202902661971736e-13
5.379079079079609801e+04 -4.749743787923406290e-13
5.380491205488806008e+04 -4.991885617084184406e-13
5.381903331899374461e+04 -4.748671590330428594e-13
5.383315458317688899e+04 -4.830294706781575120e-13
5.384727584728736838e+04 -5.378926818167731859e-13
5.386139711142401939e+04 -5.890066315270664338e-13
5.387551837551666540e+04 -5.597759138047126536e-13
5.388963963960667752e+04 -6.009587024662445022e-13
5.390376090380884125e+04 -5.870101752659631440e-13
5.391788216792925232e+04 -5.543110255777199982e-13
5.393200343198146584e+04 -5.888352348220590301e-13
5.394612469610373955e+04 -5.445400855934200466e-13
5.396024596019234741e+04 -5.101985593445407939e-13
5.397436722438916331e+04 -4.544817948279863016e-13
5.398848848851034563e+04 -4.573309192677772550e-13
5.400260975258138205e+04 -4.294774609303345702e-13
5.401673101670193864e+04 -4.403987173415274401e-13
5.403085228089964949e+04 -4.611119372192353402e-13
5.404497354498930508e+04 -5.039750553592971397e-13
5.405909480909084959e+04 -5.288237048386496171e-13
5.407321607321700139e+04 -4.959793824732148578e-13
5.408733733727824438e+04 -4.881906249120930972e-13
5.410145860150639055e+04 -5.020626930270548715e-13
5.411557986562457518e+04 -5.437700728948102527e-13
5.412970112970998161e+04 -5.021732322835444213e-13
5.414382239381283580e+04 -4.981358384989667561e-13
5.415794365790813026e+04 -4.910551296888731435e-13
5.417206492211673321e+04 -5.267574284866105056e-13
5.418618618621359929e+04 -5.412316533921792895e-13
5.420030745028774254e+04 -5.517010155856508027e-13
5.421442871438102884e+04 -5.461313418973011039e-13
5.422854997847083723e+04 -5.309468552425763858e-13
5.424267124269814667e+04 -4.943699795846848236e-13
5.425679250682392740e+04 -4.663967980485216809e-13
5.427091377088159788e+04 -4.720695974496325331e-13
5.428503503499167709e+04 -4.495014425411017664e-13
5.429915629920153151e+04 -4.609388807656320465e-13
5.431327756331668206e+04 -4.788734601939232820e-13
5.432739882738197775e+04 -4.858636573805849500e-13
5.434152009151793027e+04 -4.614821718060364521e-13
5.435564135558240378e+04 -4.135632381429281079e-13
5.436976261980725394e+04 -4.855604766370598768e-13
5.438388388390494947e+04 -4.268830525750672562e-13
5.439800514801709505e+04 -3.863996819718645941e-13
5.441212641210707807e+04 -3.975738840690786928e-13
5.442624767620136117e+04 -3.741709862666964507e-13
5.444036894042521453e+04 -4.035197674391747986e-13
5.445449020452846162e+04 -4.279981823317263156e-13
5.446861146862438181e+04 -3.690547558947576295e-13
5.448273273267389595e+04 -3.311177715874463745e-13
5.449685399688017787e+04 -3.728679729689770018e-13
5.451097526099574316e+04 -3.270659933150371909e-13
5.452509652507970168e+04 -3.151651532825204403e-13
5.453921778920706129e+04 -3.222686559733316432e-13
5.455333905332144059e+04 -3.128786836167532326e-13
5.456746031747296365e+04 -3.056415158390156308e-13
5.458158158159854793e+04 -3.131730123677666565e-13
5.459570284568071656e+04 -3.320990149573661958e-13
5.460982410977851396e+04 -2.735271509060753539e-13
5.462394537388009485e+04 -2.379169128304594573e-13
5.463806663808631856e+04 -2.047062286249474390e-13
5.465218790218706999e+04 -1.621153092546198897e-13
5.466630916631534637e+04 -1.743089289394604676e-13
5.468043043040841440e+04 -1.726932190062659048e-13
5.469455169462173217e+04 -1.323040114734062009e-13
5.470867295869885857e+04 -1.216915789509646426e-13
5.472279422282089217e+04 -1.465840457932499909e-13
5.473691548690781929e+04 -9.118385065889444011e-14
5.475103675101037516e+04 -2.879390093750278604e-14
5.476515801519752131e+04 2.363888500712449584e-14
5.477927927928134159e+04 5.367214650056859369e-14
5.479340054340978531e+04 1.033178826028931170e-13
5.480752180748138198e+04 8.942468035580978128e-14
5.482164307160833414e+04 7.966712901018381155e-14
5.483576433581003948e+04 5.353626841551428880e-14
5.484988559989942587e+04 8.996597969789907590e-14
5.486400686400372069e+04 6.621409209074381647e-14
5.487812812809658499e+04 5.121129258232127161e-14
5.489224939219227235e+04 -2.068481189736461274e-14
5.490637065638096828e+04 -4.811912838937916183e-14
5.492049192048496479e+04 -5.564044512674171772e-14
5.493461318460723851e+04 -2.730101240040778609e-14
5.494873444872885739e+04 -5.340598091698064509e-14
5.496285571289434301e+04 -8.807215399122578493e-14
5.497697697697379044e+04 -9.181765332273080290e-14
5.499109824109233887e+04 -1.008002127239591065e-13
5.500521950521148392e+04 -9.579927955448491861e-14
5.501934076933019242e+04 -1.483008897408905330e-13
5.503346203352823795e+04 -1.634358052375498990e-13
5.504758329758660693e+04 -1.781657420767998968e-13
5.506170456167673547e+04 -2.326021765264461867e-13
5.507582582579890004e+04 -2.392690546866187062e-13
5.508994708987937338e+04 -2.859898711632710140e-13
5.510406835410744679e+04 -3.293894200495406682e-13
5.511818961820544791e+04 -3.351726480572346506e-13
5.513231088227924192e+04 -3.857476220734728979e-13
5.514643214639824873e+04 -4.032610679580209624e-13
5.516055341059700731e+04 -4.009595499049838701e-13
5.517467467469147232e+04 -3.939366003460289685e-13
5.518879593881126493e+04 -4.116270860808106749e-13
5.520291720290022204e+04 -4.324184247924342005e-13
5.521703846700535360e+04 -4.499889660286826099e-13
5.523115973118149122e+04 -4.321105967528405139e-13
5.524528099531171029e+04 -4.320517310026378089e-13
5.525940225937987998e+04 -4.360820431932061850e-13
5.527352352352076559e+04 -4.268228590259878695e-13
5.528764478759166377e+04 -4.018905582173999479e-13
5.530176605183055653e+04 -3.740382063790212571e-13
5.531588731592446857e+04 -3.564517315562518084e-13
5.533000858001767483e+04 -3.358086637191989383e-13
5.534412984410828358e+04 -3.369731433341105358e-13
5.535825110829158803e+04 -2.584221108841428926e-13
5.537237237243057461e+04 -2.852653355761899306e-13
5.538649363651976455e+04 -2.467430132640437592e-13
5.540061490059902280e+04 -2.466487395437943561e-13
5.541473616469319677e+04 -2.222962442447215575e-13
5.542885742892422422e+04 -2.066153821099042457e-13
5.544297869300391903e+04 -1.928660247411357283e-13
5.545709995708409406e+04 -1.920585017242576425e-13
5.547122122122536530e+04 -1.617342309769920302e-13
5.548534248532667698e+04 -1.690718688697371946e-13
5.549946374951600592e+04 -9.217129042357245881e-14
5.551358501360860100e+04 -6.139711715690066387e-14
5.552770627770119609e+04 -5.237251079124188732e-14
5.554182754178011965e+04 -1.558540031119797949e-14
5.555594880589165405e+04 1.647430356798268826e-14
5.557007007012806571e+04 6.164115275920941354e-14
5.558419133418047568e+04 8.946429302229955316e-14
5.559831259828081238e+04 7.903000684915556766e-14
5.561243386237889354e+04 1.019159482888556390e-13
5.562655512657787767e+04 1.241937578430032163e-13
5.564067639071379381e+04 1.536916950893033999e-13
5.565479765478015906e+04 1.302458651232395174e-13
5.566891891887320526e+04 1.738060776735961462e-13
5.568304018302406621e+04 1.257563558211277068e-13
5.569716144722318859e+04 1.858394762939752764e-13
5.571128271131919610e+04 2.115337123580061536e-13
5.572540397541080165e+04 3.099103311365729378e-13
5.573952523950780596e+04 3.562354635479531295e-13
5.575364650359880034e+04 4.104224931085827846e-13
5.576776776777586929e+04 4.481302108098415559e-13
5.578188903188848781e+04 4.578253556082601382e-13
5.579601029599877074e+04 4.952825619214383059e-13
5.581013156010927923e+04 4.951798788083028309e-13
5.582425282428863284e+04 5.651845337880552891e-13
5.583837408840570424e+04 5.517144567830302859e-13
5.585249535247562744e+04 5.981590910933181467e-13
5.586661661657843797e+04 6.119013668680772993e-13
5.588073788068022259e+04 6.393274952670185778e-13
5.589485914487091941e+04 6.590869129515928603e-13
5.590898040902442153e+04 7.116066697226475021e-13
5.592310167311839905e+04 6.926368497701150414e-13
5.593722293720894231e+04 7.465614177527734018e-13
5.595134420129462524e+04 7.397458261184045989e-13
5.596546546551930078e+04 7.299418018120923569e-13
5.597958672960608237e+04 7.171679340181110281e-13
5.599370799372415058e+04 7.687170698102597571e-13
5.600782925780415098e+04 7.338012705471852758e-13
5.602195052198374469e+04 7.238534013625581524e-13
5.603607178607550304e+04 7.417215908470117659e-13
5.605019305021953187e+04 7.944445008462094705e-13
5.606431431427944335e+04 7.794200139561332600e-13
5.607843557837133994e+04 7.929843646814076663e-13
5.609255684260718408e+04 8.534306381470469830e-13
5.610667810669046594e+04 8.710881502097226166e-13
5.612079937082159449e+04 9.287035564701262754e-13
5.613492063487287669e+04 9.392648687358128850e-13
5.614904189898994082e+04 1.026196303796401860e-12
5.616316316321727209e+04 1.078014982760531173e-12
5.617728442731981340e+04 1.093482954475442517e-12
5.619140569137517014e+04 1.145102906207684844e-12
5.620552695549346390e+04 1.181870542304202998e-12
5.621964821961434791e+04 1.161143159238476369e-12
5.623376948378901579e+04 1.167378060164078818e-12
5.624789074789621372e+04 1.209349340058588696e-12
5.626201201197249611e+04 1.209273655522613848e-12
5.627613327612379362e+04 1.238966336604171098e-12
5.629025454031379923e+04 1.219970845873354844e-12
5.630437580438224541e+04 1.259682212079632513e-12
5.631849706852193776e+04 1.318871060008987612e-12
5.633261833262094297e+04 1.257468771352086639e-12
5.634673959671637567e+04 1.229597830329433495e-12
5.636086086090898607e+04 1.252063302124828584e-12
5.637498212503056129e+04 1.242174298690404267e-12
5.638910338907306868e+04 1.239047332335652875e-12
5.640322465317859314e+04 1.233953895844431645e-12
5.641734591730436659e+04 1.226775372517084010e-12
5.643146718151043024e+04 1.219991648055757285e-12
5.644558844558319106e+04 1.187391530033738475e-12
5.645970970971287898e+04 1.202388133147402702e-12
5.647383097379133687e+04 1.190417141074230922e-12
5.648795223801845714e+04 1.148277673321999202e-12
5.650207350207732088e+04 1.138715308411255864e-12
5.651619476618545741e+04 1.132155096760849067e-12
5.653031603029261169e+04 1.155518603196554162e-12
5.654443729438829905e+04 1.107972781017813233e-12
5.655855855862513999e+04 1.134677914626678098e-12
5.657267982270112407e+04 1.148388323228395172e-12
5.658680108679604018e+04 1.103755249185622732e-12
5.660092235091848852e+04 1.120160204307895702e-12
5.661504361497608625e+04 1.157342113653960577e-12
5.662916487920025975e+04 1.166568545448885710e-12
5.664328614331132121e+04 1.173796197334673144e-12
5.665740740737347369e+04 1.226804141492746844e-12
