5.299999999999956344e+04 -6.539800317635196455e-13
5.301412126407789765e+04 -6.061236043518951520e-13
5.302824252822107519e+04 -5.891697174504066057e-13
5.304236379241235409e+04 -6.122592165377762464e-13
5.305648505648027640e+04 -6.133454781738945547e-13
5.307060632062089280e+04 -6.446117179902107769e-13
5.308472758469986002e+04 -6.294574715522024397e-13
5.309884884880181198e+04 -6.255182380091561594e-13
5.311297011297401332e+04 -6.757577571692535873e-13
5.312709137711648509e+04 -6.231855196742242175e-13
5.314121264122147841e+04 -6.138115545147143955e-13
5.315533390532360499e+04 -5.798665032989120307e-13
5.316945516951004538e+04 -5.483776858106829319e-13
5.318357643358168571e+04 -5.861096005031144171e-13
5.319769769769136474e+04 -5.588719839442724088e-13
5.321181896180365584e+04 -5.220300538979813785e-13
5.322594022587728978e+04 -5.221086299022747908e-13
5.324006149008715875e+04 -5.207546881851399662e-13
5.325418275420878490e+04 -5.071432158397297421e-13
5.326830401832565985e+04 -5.204764660952487441e-13
5.328242528240615502e+04 -5.031082347727796198e-13
5.329654654647882853e+04 -5.225331359503666761e-13
5.331066781069331773e+04 -4.883701803243175162e-13
5.332478907480714406e+04 -4.886965478774204748e-13
5.333891033888033417e+04 -4.691923099320128054e-13
5.335303160297567956e+04 -4.967471648816330777e-13
5.336715286720650329e+04 -4.759438688735418290e-13
5.338127413127943146e+04 -4.647835766122750879e-13
5.339539539537337259e+04 -4.256221872525233617e-13
5.340951665948592563e+04 -4.551127506564613572e-13
5.342363792360999651e+04 -4.390938964699647606e-13
5.343775918777879997e+04 -4.223086273702208753e-13
5.345188045188401884e+04 -4.078849856194367106e-13
5.346600171598636371e+04 -4.209741394632776288e-13
5.348012298008204380e+04 -4.379305803566069371e-13
5.349424424418570561e+04 -4.576982598433803826e-13
5.350836550840982818e+04 -4.863951295276012954e-13
5.352248677251877962e+04 -4.759496289402465672e-13
5.353660803659963130e+04 -4.152009224175302800e-13
5.355072930072159943e+04 -4.667578666454643097e-13
5.356485056492326112e+04 -4.582255776481274782e-13
5.357897182899207110e+04 -4.928677056157119971e-13
5.359309309307822696e+04 -5.462726531313454917e-13
5.360721435718428984e+04 -5.750882019257856162e-13
5.362133562130964128e+04 -5.615657389130398262e-13
5.363545688550409977e+04 -5.792195825996629965e-13
5.364957814957947267e+04 -6.219618858812220678e-13
5.366369941367487627e+04 -5.983501769727870576e-13
5.367782067780122452e+04 -6.121043468197703178e-13
5.369194194190131384e+04 -6.325647558381714933e-13
5.370606320609322574e+04 -6.447517528194392156e-13
5.372018447017967264e+04 -6.536342104002251593e-13
5.373430573427386844e+04 -6.624938450751997201e-13
5.374842699839413399e+04 -6.957037813628674576e-13
5.376254826247251913e+04 -7.391120787721037931e-13
5.377666952671695617e+04 -8.025908395518779489e-13
5.379079079080427618e+04 -7.612481237990764682e-13
5.380491205492017616e+04 -7.249560084218321579e-13
5.381903331900083140e+04 -7.239691894467492045e-13
5.383315458320216567e+04 -7.039511100790735582e-13
5.384727584732330433e+04 -7.393829105877322922e-13
5.386139711142642045e+04 -7.323036799270539827e-13
5.387551837547776086e+04 -7.588884526991862889e-13
5.388963963962879643e+04 -7.666484580360672075e-13
5.390376090377233049e+04 -7.618889040498572646e-13
5.391788216791958257e+04 -7.987789795593600315e-13
5.393200343200917268e+04 -8.024449903156927280e-13
5.394612469609284744e+04 -8.349243762563882361e-13
5.396024596022179321e+04 -8.770832825932066260e-13
5.397436722440681478e+04 -8.943691340937469393e-13
5.398848848852205265e+04 -8.435257860541825316e-13
5.400260975261872227e+04 -8.848339414067552803e-13
5.401673101670752658e+04 -9.101178085476382508e-13
5.403085228092280886e+04 -8.780027196558940869e-13
5.404497354501824884e+04 -9.192278431035148104e-13
5.405909480909958074e+04 -9.106223034465737615e-13
5.407321607318460883e+04 -8.792195065771528418e-13
5.408733733730886888e+04 -9.011729683576344529e-13
5.410145860151864326e+04 -8.879065566119917160e-13
5.411557986560407880e+04 -8.484237990023148714e-13
5.412970112970528135e+04 -9.020389346124209824e-13
5.414382239382306580e+04 -8.480282019682507648e-13
5.415794365791073506e+04 -8.268989731290720000e-13
5.417206492211997102e+04 -8.159544116679748418e-13
5.418618618620734196e+04 -7.970739998147452098e-13
5.420030745027255034e+04 -7.146707028971727550e-13
5.421442871440447925e+04 -7.493580419543645975e-13
5.422854997848536732e+04 -7.005922304266598624e-13
5.424267124268015323e+04 -7.639686141717943512e-13
5.425679250682928250e+04 -7.226643713173607862e-13
5.427091377089152229e+04 -7.233616654301507119e-13
5.428503503501877276e+04 -7.262534362769578533e-13
5.429915629921374784e+04 -7.705759540846961388e-13
5.431327756327418319e+04 -7.459941629987731625e-13
5.432739882740981557e+04 -7.375666420071609817e-13
5.434152009149382502e+04 -6.928828702045794490e-13
5.435564135557598638e+04 -6.821082850515253228e-13
5.436976261977707327e+04 -6.562092862587733649e-13
5.438388388392837078e+04 -6.821826225161680958e-13
5.439800514802399994e+04 -6.923216440826269364e-13
5.441212641209088179e+04 -6.854765112272712829e-13
5.442624767622246145e+04 -6.252635995886034203e-13
5.444036894038382161e+04 -5.829981863579985091e-13
5.445449020447493967e+04 -6.272081111637339786e-13
5.446861146858739085e+04 -5.790948173812273890e-13
5.448273273268534103e+04 -5.379301202937547764e-13
5.449685399689160113e+04 -5.704673242625058419e-13
5.451097526101945550e+04 -5.360816822840398186e-13
5.452509652509741136e+04 -4.851118301379778319e-13
5.453921778917400661e+04 -4.952991058481521939e-13
5.455333905332008726e+04 -4.935980386016764549e-13
5.456746031750628754e+04 -4.790800621735385603e-13
5.458158158161163010e+04 -4.751440890456082496e-13
5.459570284568304487e+04 -4.991133568117550951e-13
5.460982410979537963e+04 -5.328756074200585233e-13
5.462394537387835589e+04 -5.485682027339560470e-13
5.463806663811435283e+04 -5.907984034813091131e-13
5.465218790220807568e+04 -6.027697783429111383e-13
5.466630916632288427e+04 -6.203099422224927351e-13
5.468043043042755744e+04 -6.176277073871348951e-13
5.469455169457645388e+04 -6.159314220828291236e-13
5.470867295868093788e+04 -6.297138488608170494e-13
5.472279422281531879e+04 -6.333820332272270590e-13
5.473691548687545583e+04 -6.624631971731101717e-13
5.475103675100149849e+04 -6.888856012724700414e-13
5.476515801521416870e+04 -6.784201034724043564e-13
5.477927927930197620e+04 -7.118024070392001098e-13
5.479340054337720358e+04 -6.874049380878299670e-13
5.480752180748889077e+04 -6.806206663146379678e-13
5.482164307157581061e+04 -6.805902357735560902e-13
5.483576433578784781e+04 -6.498706045514227634e-13
5.484988559992138471e+04 -5.553268259082362371e-13
5.486400686402752763e+04 -5.479500280279789629e-13
5.487812812808538001e+04 -4.795665161088328575e-13
5.489224939218382497e+04 -4.297643272962832699e-13
5.490637065637129126e+04 -4.243303021030947338e-13
5.492049192047755059e+04 -3.787414390643357941e-13
5.493461318459941685e+04 -3.356031040266971738e-13
5.494873444871557876e+04 -2.475540722944095181e-13
5.496285571291400265e+04 -1.835934221605033872e-13
5.497697697700469143e+04 -1.599375889674996594e-13
5.499109824107638269e+04 -1.265900631619403593e-13
5.500521950519531674e+04 -3.632699220493998607e-14
5.501934076928079594e+04 1.361995903875613746e-14
5.503346203351286385e+04 1.036432586501303286e-14
5.504758329762137146e+04 3.837390004279938633e-14
5.506170456170917896e+04 6.411987668611113419e-14
5.507582582578464644e+04 9.551028397809165479e-14
5.508994708988372440e+04 1.728534166357670167e-13
5.510406835412942746e+04 2.338779542772895421e-13
5.511818961818984098e+04 2.880799646082599749e-13
5.513231088228827139e+04 3.483872109242816178e-13
5.514643214641258965e+04 4.044793925784507926e-13
5.516055341060012870e+04 4.840256964104525088e-13
5.517467467470033444e+04 5.087683346420939236e-13
5.518879593878083688e+04 5.512354588878698698e-13
5.520291720291726233e+04 6.132798543776500322e-13
5.521703846697778499e+04 6.577788693236630869e-13
5.523115973121931165e+04 7.079849148885704394e-13
5.524528099531451880e+04 6.843308205836285317e-13
5.525940225938019285e+04 7.111888161424744217e-13
5.527352352348963177e+04 7.647309184539839859e-13
5.528764478759181657e+04 8.202127503984542419e-13
5.530176605181917694e+04 8.319685031403905701e-13
5.531588731589377130e+04 8.723359200515184729e-13
5.533000857999965228e+04 8.889075232806662025e-13
5.534412984412587684e+04 9.617625858507832211e-13
5.535825110830313497e+04 1.014746505094448572e-12
5.537237237239470414e+04 1.085225377128088296e-12
5.538649363650556916e+04 1.095011839140013041e-12
5.540061490058937488e+04 1.200411061231128507e-12
5.541473616470740672e+04 1.226956056938846570e-12
5.542885742891701375e+04 1.274974581321984088e-12
5.544297869299224112e+04 1.277840268847863877e-12
5.545709995708198403e+04 1.328937494544454227e-12
5.547122122117703111e+04 1.322617505883768255e-12
5.548534248530823243e+04 1.308891592967789458e-12
5.549946374952461338e+04 1.359539316100399226e-12
5.551358501362321113e+04 1.339035217519444826e-12
5.552770627770106512e+04 1.369918738941404789e-12
5.554182754182170902e+04 1.453845301801131887e-12
5.555594880590702087e+04 1.454235682171010482e-12
5.557007007007968059e+04 1.395707318342231042e-12
5.558419133418156707e+04 1.374542442297784990e-12
5.559831259830826457e+04 1.441492241009960215e-12
5.561243386239819665e+04 1.410142697587432455e-12
5.562655512659392843e+04 1.391313148210011100e-12
5.564067639069304278e+04 1.397020178828905499e-12
5.565479765477243200e+04 1.383293396468895817e-12
5.566891891891606792e+04 1.401017013038999363e-12
5.568304018302921031e+04 1.383589876883436226e-12
5.569716144719736621e+04 1.313350101958296897e-12
5.571128271132232476e+04 1.279400051439316692e-12
5.572540397540806589e+04 1.298773872780087901e-12
5.573952523949125316e+04 1.288884816372515718e-12
5.575364650358184736e+04 1.268443317761786843e-12
5.576776776781483932e+04 1.285372262487638636e-12
5.578188903188050608e+04 1.252245575465930595e-12
5.579601029598534660e+04 1.222499286836401103e-12
5.581013156010439707e+04 1.185421846138237304e-12
5.582425282432331005e+04 1.158658619978760687e-12
5.583837408838864940e+04 1.193367695136725155e-12
5.585249535252531496e+04 1.145213537484765767e-12
5.586661661658925732e+04 1.156306773875148573e-12
5.588073788072636671e+04 1.129183597886875137e-12
5.589485914492301526e+04 1.105375611988462273e-12
5.590898040897020837e+04 1.085293193762499332e-12
5.592310167309003737e+04 1.061624318909031878e-12
5.593722293722603354e+04 1.003574149297253026e-12
5.595134420130287617e+04 1.018332961721953085e-12
5.596546546547899925e+04 9.484644393980122793e-13
5.597958672957137605e+04 9.095907273319881272e-13
5.599370799368101143e+04 8.736974694039237921e-13
5.600782925780682126e+04 8.371303923519042294e-13
5.602195052199913334e+04 8.098654969865924272e-13
5.603607178607852256e+04 7.190920623834478057e-13
5.605019305020060710e+04 6.614340120296094202e-13
5.606431431428828364e+04 5.982054337697295926e-13
5.607843557837644767e+04 5.463900473036075765e-13
5.609255684259699046e+04 5.420150049400676052e-13
5.610667810669460596e+04 4.751999700526834660e-13
5.612079937077051000e+04 4.539090246237553274e-13
5.613492063491464796e+04 4.480959218330900013e-13
5.614904189902009239e+04 4.182826860131805096e-13
5.616316316320336045e+04 4.284404006263039293e-13
5.617728442732274561e+04 4.048949868252258055e-13
5.619140569142408640e+04 3.858489458841078180e-13
5.620552695549606869e+04 3.660064942106760561e-13
5.621964821962215501e+04 3.592152668852367763e-13
5.623376948378305678e+04 3.661656024683326239e-13
5.624789074789981532e+04 3.431940217276551960e-13
5.626201201201383810e+04 3.443043017551274801e-13
5.627613327612364810e+04 3.292342283673616161e-13
5.629025454032197013e+04 3.571503373118251356e-13
5.630437580441335740e+04 3.854124849805909130e-13
5.631849706851697556e+04 3.079398051623099382e-13
5.633261833262464643e+04 2.934644314916866118e-13
5.634673959667420422e+04 2.757903732313448139e-13
5.636086086092351616e+04 2.156778823782470769e-13
5.637498212501718808e+04 2.090005522208570414e-13
5.638910338908065751e+04 2.219135349679347722e-13
5.640322465322278731e+04 1.976847381585612585e-13
5.641734591731322143e+04 1.790542914642182840e-13
5.643146718147385400e+04 2.174219871042528769e-13
5.644558844560910802e+04 2.234707092272948822e-13
5.645970970971504721e+04 2.227125540323412012e-13
5.647383097377825470e+04 2.821903507428745627e-13
5.648795223799609812e+04 2.945008087765315148e-13
5.650207350208023854e+04 2.900170859091278102e-13
5.651619476617826149e+04 3.314452245379661989e-13
5.653031603031714621e+04 3.704910865221106960e-13
5.654443729437199363e+04 4.043637565223397282e-13
5.655855855862601311e+04 4.250617411221870484e-13
5.657267982268889318e+04 4.536899247279659900e-13
5.658680108680887497e+04 5.125295495198112348e-13
5.660092235087558220e+04 4.930948670968763708e-13
5.661504361499287916e+04 5.312591128336780077e-13
5.662916487919189967e+04 5.624365063380855235e-13
5.664328614329344418e+04 6.115948718457461673e-13
5.665740740742557682e+04 6.457031611783518534e-13
