5.300000000000400178e+04 -1.074107325206396936e-12
5.301412126418168191e+04 -1.082580217199545809e-12
5.302824252818209789e+04 -1.138644655986327238e-12
5.304236379246621073e+04 -1.103352045332744577e-12
5.305648505644708348e+04 -1.078635016446610055e-12
5.307060632056780014e+04 -1.131901136813541171e-12
5.308472758463475475e+04 -1.064181649200788794e-12
5.309884884873495321e+04 -1.020686543721458422e-12
5.311297011307234789e+04 -1.009585754965927829e-12
5.312709137701112195e+04 -9.965621803961543173e-13
5.314121264112700010e+04 -9.826215502610398983e-13
5.315533390527735901e+04 -9.430475284454151475e-13
5.316945516945826967e+04 -9.234396854285082855e-13
5.318357643357839697e+04 -8.981343208000766753e-13
5.319769769778395857e+04 -9.089902150193669417e-13
5.321181896183820936e+04 -8.809066656272646729e-13
5.322594022591292014e+04 -8.839901891938996504e-13
5.324006149002339225e+04 -8.172001404274933338e-13
5.325418275425828324e+04 -8.139333789405316008e-13
5.326830401839422120e+04 -7.815771646198242635e-13
5.328242528246861184e+04 -7.980436376944919319e-13
5.329654654643086542e+04 -7.845990315705458717e-13
5.331066781072688173e+04 -7.373271119810374645e-13
5.332478907485632226e+04 -7.394733164315957848e-13
5.333891033881388284e+04 -6.953102065489565340e-13
5.335303160303747427e+04 -7.134815889692743253e-13
5.336715286711890076e+04 -6.625639621747746575e-13
5.338127413128766784e+04 -7.079913790691211342e-13
5.339539539541412523e+04 -6.836311272301259140e-13
5.340951665948073787e+04 -6.571177432309192665e-13
5.342363792366523558e+04 -6.446953206663013080e-13
5.343775918781697692e+04 -6.364527317209357136e-13
5.345188045191369747e+04 -6.155220425457523111e-13
5.346600171595293796e+04 -6.031394543116402480e-13
5.348012298016121349e+04 -6.339168436023854035e-13
5.349424424413986708e+04 -5.904368058915507232e-13
5.350836550832583453e+04 -5.538488001291922647e-13
5.352248677241957193e+04 -6.081280980329024734e-13
5.353660803657863289e+04 -5.753330133056655917e-13
5.355072930073642783e+04 -6.100415314391135305e-13
5.356485056487807014e+04 -6.697576958786473701e-13
5.357897182895512378e+04 -6.296199316899942080e-13
5.359309309310525714e+04 -5.972425878548447984e-13
5.360721435720364389e+04 -6.242890591118643968e-13
5.362133562127876212e+04 -6.032967133207676249e-13
5.363545688549907936e+04 -5.745349411536180918e-13
5.364957814957258961e+04 -6.255485167268144175e-13
5.366369941361841484e+04 -6.600485107997013210e-13
5.367782067784569517e+04 -7.002998894266668113e-13
5.369194194189283007e+04 -6.928269690237705844e-13
5.370606320617179881e+04 -7.565750604814610704e-13
5.372018447011790704e+04 -7.679378898546234830e-13
5.373430573439342697e+04 -7.655914745950880376e-13
5.374842699831072241e+04 -8.168378212126315256e-13
5.376254826247246820e+04 -8.498060986811982030e-13
5.377666952660916286e+04 -8.336423665183748752e-13
5.379079079079334770e+04 -8.372232996381089138e-13
5.380491205491516303e+04 -8.750520581993536709e-13
5.381903331898368197e+04 -8.761798893308930428e-13
5.383315458328106615e+04 -8.521386585214272324e-13
5.384727584729265072e+04 -8.784979009808504566e-13
5.386139711144527246e+04 -8.190117365018025768e-13
5.387551837543764123e+04 -8.299838430505251496e-13
5.388963963959184912e+04 -8.295605599907152727e-13
5.390376090379815287e+04 -8.133774302408630232e-13
5.391788216797565838e+04 -7.901079462867626839e-13
5.393200343193822482e+04 -7.870701456038387579e-13
5.394612469609083200e+04 -7.661055106513547170e-13
5.396024596013646806e+04 -8.090974912171221974e-13
5.397436722446012573e+04 -8.406199556810680440e-13
5.398848848849698697e+04 -8.628537470420165160e-13
5.400260975253293145e+04 -8.247555005752625540e-13
5.401673101667372248e+04 -8.438884490954431295e-13
5.403085228097339132e+04 -8.694018182062117995e-13
5.404497354498806089e+04 -8.689681435819221106e-13
5.405909480915166205e+04 -8.974022350824757745e-13
5.407321607314168068e+04 -8.634869397043180294e-13
5.408733733723697515e+04 -9.308256630752569644e-13
5.410145860148732027e+04 -9.400104205334565221e-13
5.411557986559337587e+04 -9.656997534694162912e-13
5.412970112974850053e+04 -9.891583638970487440e-13
5.414382239387775917e+04 -1.031524079510167717e-12
5.415794365786883282e+04 -1.063316724650587968e-12
5.417206492205557879e+04 -1.083405697102908822e-12
5.418618618626065290e+04 -1.107820331462681553e-12
5.420030745029618993e+04 -1.090913948825036289e-12
5.421442871432740503e+04 -1.086919431439006784e-12
5.422854997855540569e+04 -1.114401655633212175e-12
5.424267124278960546e+04 -1.089847081538445086e-12
5.425679250672840863e+04 -1.098408345127857339e-12
5.427091377090756578e+04 -1.126415689713774522e-12
5.428503503503213869e+04 -1.110645451459252540e-12
5.429915629927605187e+04 -1.119209486132526197e-12
5.431327756322021014e+04 -1.104373103139254065e-12
5.432739882734233834e+04 -1.031194320530675946e-12
5.434152009146305500e+04 -1.024140526561797792e-12
5.435564135568767961e+04 -9.730542100372429848e-13
5.436976261989338673e+04 -9.674746326825634916e-13
5.438388388393679634e+04 -9.560162009161869703e-13
5.439800514807699801e+04 -9.364468066878555035e-13
5.441212641219921352e+04 -8.966388014786942135e-13
5.442624767624947708e+04 -8.313201982426255568e-13
5.444036894040197512e+04 -7.296754566690890370e-13
5.445449020451898105e+04 -7.165723866310451611e-13
5.446861146858216671e+04 -6.722724544827554060e-13
5.448273273268659977e+04 -6.062804778683965892e-13
5.449685399689053156e+04 -5.696993998156913387e-13
5.451097526093017950e+04 -4.832886917695198970e-13
5.452509652502816607e+04 -4.461339993575304996e-13
5.453921778921311488e+04 -4.164071972356915278e-13
5.455333905338200566e+04 -3.808597334632422428e-13
5.456746031741269690e+04 -3.686101572544714296e-13
5.458158158156566788e+04 -3.218578158889523590e-13
5.459570284573916433e+04 -3.220143821271144354e-13
5.460982410984142916e+04 -2.955533023357893466e-13
5.462394537387666787e+04 -2.657308978207363671e-13
5.463806663805288554e+04 -2.390896975784283251e-13
5.465218790228274156e+04 -2.572804775857750382e-13
5.466630916634593450e+04 -2.774872211022000744e-13
5.468043043031052366e+04 -1.993897646398568323e-13
5.469455169458079035e+04 -1.905153685741202501e-13
5.470867295876672870e+04 -1.539051941408715664e-13
5.472279422278865968e+04 -1.273609818337081585e-13
5.473691548691271601e+04 -1.404931482522954171e-13
5.475103675103895512e+04 -1.098033944886630472e-13
5.476515801516196370e+04 -9.765496284082878537e-14
5.477927927935687330e+04 -1.242878498315530182e-13
5.479340054332058207e+04 -1.140653214673056156e-13
5.480752180743328790e+04 -8.460592893807982063e-14
5.482164307160706085e+04 -1.131564059608070782e-13
5.483576433576444106e+04 -1.015774320464650587e-13
5.484988559995210380e+04 -3.823599714541685008e-14
5.486400686409040645e+04 -2.105250612164399491e-14
5.487812812814547942e+04 3.563971305427229997e-14
5.489224939214156620e+04 4.616428955939878057e-14
5.490637065642121888e+04 8.011145240196117382e-14
5.492049192058938206e+04 8.956500499470445919e-14
5.493461318462964118e+04 1.277671671062562381e-13
5.494873444865784404e+04 1.800381219815065817e-13
5.496285571281389275e+04 2.309789566033444002e-13
5.497697697691962821e+04 2.344622090169684283e-13
5.499109824102030689e+04 2.172537782384440730e-13
5.500521950515078788e+04 2.433684725471096714e-13
5.501934076932137395e+04 2.943481023430053587e-13
5.503346203358262574e+04 2.817091888517252565e-13
5.504758329762763606e+04 3.377931551200914498e-13
5.506170456167309749e+04 3.642182108212199984e-13
5.507582582589262165e+04 4.344097650273426000e-13
5.508994708985805482e+04 4.368732585800170281e-13
5.510406835419109120e+04 4.423710889607887277e-13
5.511818961824568396e+04 5.012122836711245800e-13
5.513231088222133985e+04 5.534278168691494617e-13
5.514643214643815736e+04 5.710796210654779668e-13
5.516055341050957941e+04 5.824188962258195530e-13
5.517467467462937930e+04 6.184956370157726356e-13
5.518879593882355402e+04 6.288456352376387066e-13
5.520291720290987723e+04 7.198923665837249760e-13
5.521703846697721019e+04 7.820422354244244594e-13
5.523115973121471325e+04 8.451841522874607615e-13
5.524528099521880358e+04 9.363971486652236186e-13
5.525940225933214970e+04 1.038760986500761249e-12
5.527352352351000445e+04 1.048301828235134809e-12
5.528764478763364605e+04 1.101467843197577362e-12
5.530176605185282824e+04 1.162251567694667704e-12
5.531588731589291274e+04 1.159757592219519292e-12
5.533000857996699051e+04 1.197361200217035497e-12
5.534412984415751998e+04 1.206716379332703446e-12
5.535825110835468513e+04 1.243785168144993246e-12
5.537237237246149016e+04 1.272518536702564849e-12
5.538649363650110899e+04 1.252408781121284371e-12
5.540061490068615240e+04 1.252414323289006978e-12
5.541473616464882798e+04 1.249734685195152955e-12
5.542885742892053531e+04 1.286321305415580813e-12
5.544297869306352368e+04 1.293135400630458697e-12
5.545709995712021919e+04 1.293143713882042506e-12
5.547122122119704727e+04 1.271789741647049227e-12
5.548534248521474365e+04 1.270503958735416975e-12
5.549946374955945066e+04 1.261387092831818896e-12
5.551358501352098392e+04 1.254431672340015852e-12
5.552770627761027572e+04 1.292758533225325071e-12
5.554182754175383889e+04 1.242003361222192838e-12
5.555594880599150201e+04 1.214131799745478208e-12
5.557007007007316861e+04 1.236491675422114621e-12
5.558419133426078042e+04 1.200234814181178737e-12
5.559831259823034634e+04 1.194146742937955272e-12
5.561243386234448553e+04 1.169387108637453551e-12
5.562655512660388194e+04 1.184217949463003075e-12
5.564067639063758543e+04 1.176007227982042016e-12
5.565479765474381566e+04 1.152663617534652492e-12
5.566891891899051552e+04 1.106056758071850537e-12
5.568304018299005111e+04 1.119513141302207111e-12
5.569716144717290445e+04 1.099766397706753843e-12
5.571128271126023174e+04 1.134150006257467216e-12
5.572540397533104988e+04 1.060838211623547746e-12
5.573952523956882214e+04 1.050175080925357522e-12
5.575364650368501316e+04 1.031672553983617257e-12
5.576776776789883297e+04 1.003019546858022746e-12
5.578188903183596994e+04 1.012693400617737455e-12
5.579601029608404497e+04 1.011208099668093379e-12
5.581013156002754840e+04 9.814854541720464631e-13
5.582425282421179145e+04 9.292338968838249403e-13
5.583837408830957429e+04 8.640690888020571576e-13
5.585249535249592736e+04 8.556505360315004641e-13
5.586661661656038632e+04 8.469798146295676867e-13
5.588073788072706520e+04 7.949444018825258087e-13
5.589485914491738367e+04 7.892359691282971720e-13
5.590898040907888208e+04 7.574627215749058427e-13
5.592310167317363084e+04 7.249495946305537787e-13
5.593722293720114249e+04 7.119947775790881699e-13
5.595134420139230497e+04 7.121721269462098702e-13
5.596546546544665762e+04 6.851291195440167749e-13
5.597958672956396185e+04 5.976598574628379401e-13
5.599370799367601285e+04 5.136599923759767174e-13
5.600782925774712203e+04 4.994304767483240707e-13
5.602195052208643756e+04 4.228682007451278354e-13
5.603607178601700434e+04 4.425179564054363432e-13
5.605019305017542501e+04 4.444632572760521368e-13
5.606431431432719546e+04 4.068790468655649551e-13
5.607843557843789313e+04 4.179412136397789793e-13
5.609255684255535743e+04 4.202550686639444885e-13
5.610667810660908435e+04 4.318963919651652158e-13
5.612079937089636223e+04 4.710795177636087007e-13
5.613492063492670422e+04 4.488720516993423584e-13
5.614904189899872290e+04 4.884375870706419749e-13
5.616316316321788327e+04 4.860599971176670936e-13
5.617728442721160536e+04 5.015946932439807115e-13
5.619140569142007735e+04 4.777412033661164134e-13
5.620552695549634518e+04 4.114180822303351234e-13
5.621964821951706108e+04 4.088963959165739300e-13
5.623376948388345045e+04 4.179522979752240919e-13
5.624789074785836419e+04 4.382975956847129344e-13
5.626201201201941149e+04 4.555891589790755331e-13
5.627613327606971870e+04 5.006358982279792307e-13
5.629025454026573425e+04 4.876284305831493624e-13
5.630437580440977763e+04 5.582827557941051365e-13
5.631849706856375997e+04 5.692257659622842762e-13
5.633261833260305139e+04 6.049200971793812272e-13
5.634673959671588818e+04 6.178139503858986663e-13
5.636086086087965668e+04 6.668732190659300886e-13
5.637498212507392600e+04 6.987961051478302863e-13
5.638910338918221532e+04 7.365826046801906969e-13
5.640322465317254682e+04 7.523085055929323301e-13
5.641734591738613381e+04 7.815933198388977534e-13
5.643146718151341338e+04 7.993615095573998901e-13
5.644558844553278323e+04 8.119643989584834016e-13
5.645970970972082432e+04 8.436212609897010994e-13
5.647383097381608241e+04 8.525857172809292087e-13
5.648795223800803797e+04 8.359509008616889498e-13
5.650207350219460204e+04 8.599845111905362516e-13
5.651619476621186186e+04 8.555258372577430234e-13
5.653031603028048994e+04 7.904164508532007025e-13
5.654443729441209143e+04 7.387634476790149561e-13
5.655855855867522041e+04 7.452062176564818215e-13
5.657267982275693066e+04 7.322458584372937069e-13
5.658680108681925049e+04 7.840346447206820068e-13
5.660092235096871445e+04 7.675938041717310665e-13
5.661504361497265927e+04 7.502246505292527807e-13
5.662916487913257151e+04 7.789053684934600228e-13
5.664328614325344097e+04 7.154475480702381637e-13
5.665740740736742009e+04 7.251629680878720192e-13
