5.300000000000093132e+04 1.483957382185255690e-12
5.301412126411803183e+04 1.491134042547222279e-12
5.302824252820684342e+04 1.547824728271639539e-12
5.304236379240798124e+04 1.554985869424956418e-12
5.305648505646149715e+04 1.580757905228063008e-12
5.307060632063078083e+04 1.625881941819751469e-12
5.308472758472014539e+04 1.688510780311910833e-12
5.309884884880387835e+04 1.717990510450235462e-12
5.311297011298376310e+04 1.700633072188807051e-12
5.312709137710754294e+04 1.664994517544030585e-12
5.314121264121062268e+04 1.627384216952624872e-12
5.315533390533525380e+04 1.687960113942633556e-12
5.316945516950434831e+04 1.714664797144141598e-12
5.318357643359720532e+04 1.708824067241345861e-12
5.319769769770036510e+04 1.665511903176887637e-12
5.321181896183579374e+04 1.628383189790275099e-12
5.322594022588105872e+04 1.647106318412885865e-12
5.324006149008303328e+04 1.561671284874338990e-12
5.325418275421649014e+04 1.523301978930108878e-12
5.326830401826612069e+04 1.506695599557253310e-12
5.328242528237708757e+04 1.487495997791001639e-12
5.329654654647107964e+04 1.411615918753170654e-12
5.331066781074125902e+04 1.382217462848231214e-12
5.332478907482475188e+04 1.298171565674302172e-12
5.333891033888646780e+04 1.312084644410909690e-12
5.335303160303058394e+04 1.345488118298659763e-12
5.336715286716573610e+04 1.344907475663245096e-12
5.338127413127711043e+04 1.369028535170750310e-12
5.339539539537356904e+04 1.275668123048114554e-12
5.340951665952927578e+04 1.234863579861153955e-12
5.342363792355845362e+04 1.225478254834957664e-12
5.343775918780708162e+04 1.125588524144871759e-12
5.345188045190375851e+04 1.095714853942113543e-12
5.346600171595993743e+04 1.021041693336160315e-12
5.348012298011610255e+04 1.030728511936734574e-12
5.349424424417916453e+04 1.041270716273382750e-12
5.350836550840976270e+04 1.036387023906790639e-12
5.352248677250406035e+04 1.070476883479006096e-12
5.353660803657239740e+04 1.043692735634981898e-12
5.355072930073085445e+04 1.008265667088307673e-12
5.356485056487745169e+04 9.866415282688127995e-13
5.357897182901523774e+04 9.777175702363930819e-13
5.359309309305794886e+04 9.429243305611143137e-13
5.360721435717848362e+04 9.511892828056978218e-13
5.362133562131463987e+04 9.037396072356598343e-13
5.363545688550447812e+04 9.098336798601405559e-13
5.364957814959986717e+04 9.471874119374423077e-13
5.366369941365827981e+04 9.477756076477891403e-13
5.367782067780819489e+04 9.086450146926822487e-13
5.369194194187133689e+04 8.869151328241362549e-13
5.370606320610010880e+04 9.076590237025717877e-13
5.372018447016446589e+04 8.514421164049576716e-13
5.373430573428368371e+04 8.338878261281082031e-13
5.374842699843545415e+04 8.610326333001459656e-13
5.376254826249612233e+04 8.677410226857807678e-13
5.377666952668514568e+04 8.397446063151349679e-13
5.379079079078272480e+04 8.466134985430795425e-13
5.380491205488831474e+04 8.559295870490638151e-13
5.381903331898223405e+04 9.187847030777342188e-13
5.383315458317826415e+04 9.272450911361889402e-13
5.384727584728850343e+04 9.238213452117038364e-13
5.386139711137656559e+04 9.131900775331466314e-13
5.387551837547206378e+04 9.909017772420413073e-13
5.388963963958740351e+04 1.005784796684528360e-12
5.390376090381962422e+04 1.009010589103497993e-12
5.391788216791960440e+04 9.833118810695250362e-13
5.393200343196847825e+04 9.553135764301463465e-13
5.394612469608172250e+04 9.796149656016582414e-13
5.396024596023935010e+04 1.021160968977798409e-12
5.397436722443530016e+04 1.003773161060913419e-12
5.398848848848153284e+04 1.019175139693535083e-12
5.400260975259420229e+04 1.038227141787152991e-12
5.401673101669780590e+04 1.087104348519380802e-12
5.403085228093232581e+04 1.072970657052461318e-12
5.404497354500732763e+04 1.053648003107105370e-12
5.405909480910432467e+04 1.045251501474119127e-12
5.407321607318265160e+04 9.866176101981939734e-13
5.408733733732843393e+04 1.031647154675366107e-12
5.410145860154171532e+04 9.728577959404193928e-13
5.411557986562442966e+04 9.770440877216032025e-13
5.412970112970014452e+04 9.875453795690352318e-13
5.414382239383995329e+04 9.622633495021567202e-13
5.415794365786640265e+04 9.644008697079754238e-13
5.417206492210627766e+04 9.153423891773742342e-13
5.418618618617486209e+04 8.761494833540764244e-13
5.420030745030465187e+04 8.567871757653264580e-13
5.421442871444026969e+04 8.517247272920049225e-13
5.422854997848386847e+04 8.421052569429096923e-13
5.424267124271757348e+04 8.350613851457020790e-13
5.425679250677009986e+04 8.882891630388895552e-13
5.427091377092363109e+04 8.296766721419391729e-13
5.428503503501247906e+04 8.337572208740718621e-13
5.429915629919406638e+04 8.559368254125404481e-13
5.431327756327933457e+04 8.371567340164826078e-13
5.432739882737209700e+04 8.115650278773827989e-13
5.434152009147564968e+04 7.912057143975795549e-13
5.435564135559860006e+04 7.856372099037992155e-13
5.436976261976172827e+04 7.746223089609761160e-13
5.438388388386426232e+04 8.030117999395529663e-13
5.439800514796511561e+04 7.512908604953436543e-13
5.441212641206277476e+04 7.619715378724159701e-13
5.442624767622737272e+04 7.042459038570905980e-13
5.444036894038305763e+04 7.093524119341834000e-13
5.445449020448261581e+04 6.908278662399989662e-13
5.446861146862569876e+04 6.149093924045958890e-13
5.448273273267659533e+04 5.710927458769565213e-13
5.449685399693674844e+04 5.322642759191384589e-13
5.451097526103584096e+04 4.730815278648052626e-13
5.452509652505945269e+04 4.128690439280459215e-13
5.453921778921001533e+04 3.906050967195007840e-13
5.455333905327234970e+04 3.183876296008862678e-13
5.456746031749458780e+04 2.533669840468568712e-13
5.458158158161442407e+04 1.562684292556824396e-13
5.459570284567897033e+04 1.027555227838036195e-13
5.460982410976397659e+04 4.759289886214539967e-14
5.462394537391821359e+04 -9.947055394429556142e-15
5.463806663808133453e+04 -3.977037176430643574e-14
5.465218790221116069e+04 -7.036032523980380799e-14
5.466630916629145213e+04 -1.534454083400631296e-13
5.468043043038367614e+04 -1.842097119619126151e-13
5.469455169460654724e+04 -2.491800036830605570e-13
5.470867295868654037e+04 -3.288567617201549024e-13
5.472279422284022439e+04 -4.154716485054057911e-13
5.473691548693367076e+04 -4.735673831924100849e-13
5.475103675096337247e+04 -4.993623929317687034e-13
5.476515801518368244e+04 -5.431802983052301996e-13
5.477927927930311853e+04 -5.959429326671750190e-13
5.479340054340907227e+04 -6.608439878681108408e-13
5.480752180749583204e+04 -6.751237054503867302e-13
5.482164307156545692e+04 -6.460500317675329179e-13
5.483576433582524623e+04 -6.459153352645749622e-13
5.484988559993543458e+04 -6.827227282551127261e-13
5.486400686400479754e+04 -6.838745721822765009e-13
5.487812812813003256e+04 -6.986924463534731488e-13
5.489224939223383262e+04 -7.853085919845460650e-13
5.490637065642300149e+04 -7.878917436113658471e-13
5.492049192050628335e+04 -8.001151365433444652e-13
5.493461318461286282e+04 -8.184263078706936672e-13
5.494873444872615801e+04 -8.225515456295085862e-13
5.496285571289550717e+04 -8.813585282059637873e-13
5.497697697697507101e+04 -8.904788661866213145e-13
5.499109824111954367e+04 -9.431389046140701328e-13
5.500521950516043580e+04 -9.349526302333640017e-13
5.501934076929717412e+04 -9.780983119378577470e-13
5.503346203353950841e+04 -1.031070544129171716e-12
5.504758329755772138e+04 -1.071278079685031188e-12
5.506170456172205741e+04 -1.076399064489077358e-12
5.507582582578639267e+04 -1.075448635893439402e-12
5.508994708986829210e+04 -1.101910833918477762e-12
5.510406835412235523e+04 -1.146777357861695967e-12
5.511818961818956450e+04 -1.153702268728721020e-12
5.513231088232481125e+04 -1.197654870605140370e-12
5.514643214642787643e+04 -1.202783408484118907e-12
5.516055341060130013e+04 -1.246657961919571945e-12
5.517467467469465191e+04 -1.231279901357568905e-12
5.518879593879678578e+04 -1.229584236035285197e-12
5.520291720294217521e+04 -1.165968462418648978e-12
5.521703846699649876e+04 -1.223141463118100022e-12
5.523115973122356081e+04 -1.249340562366332710e-12
5.524528099529186147e+04 -1.272124412899378954e-12
5.525940225943802216e+04 -1.256337227445213836e-12
5.527352352349094144e+04 -1.259907314196510575e-12
5.528764478763509396e+04 -1.265753394194050055e-12
5.530176605183261563e+04 -1.248911295941017989e-12
5.531588731592654949e+04 -1.223122580430769508e-12
5.533000858000051085e+04 -1.222032419948885587e-12
5.534412984406462783e+04 -1.172412494181655878e-12
5.535825110828608740e+04 -1.185941310231086841e-12
5.537237237235979410e+04 -1.149763340151567488e-12
5.538649363649132283e+04 -1.148926207679913020e-12
5.540061490058396885e+04 -1.183981287286175332e-12
5.541473616469994886e+04 -1.197687600596513490e-12
5.542885742890830443e+04 -1.196632687797646542e-12
5.544297869299304148e+04 -1.130328019505139319e-12
5.545709995712694217e+04 -1.093243680433753478e-12
5.547122122120017593e+04 -1.100237827820990752e-12
5.548534248534376093e+04 -1.085408624037395553e-12
5.549946374945997377e+04 -1.075876643472931994e-12
5.551358501359203365e+04 -1.019334324530321287e-12
5.552770627768611303e+04 -1.054263519554380038e-12
5.554182754183697398e+04 -9.915113141716611677e-13
5.555594880590624962e+04 -9.630840578184231885e-13
5.557007007007029461e+04 -9.492531187717033959e-13
5.558419133423018502e+04 -9.276500656197276605e-13
5.559831259834013326e+04 -9.292727178843333674e-13
5.561243386243258283e+04 -9.328075569526131330e-13
5.562655512661439570e+04 -8.955771917658708871e-13
5.564067639071846497e+04 -8.693214444556466577e-13
5.565479765476194734e+04 -8.422726242775391256e-13
5.566891891891793057e+04 -8.303375070388070338e-13
5.568304018300945609e+04 -8.110016352123198476e-13
5.569716144715815608e+04 -8.375771293613413925e-13
5.571128271133390808e+04 -8.527953165039458249e-13
5.572540397539569676e+04 -8.649066721577631848e-13
5.573952523949307943e+04 -8.803992876895716387e-13
5.575364650359180087e+04 -8.302493878312645007e-13
5.576776776784134563e+04 -8.388246455709799665e-13
5.578188903190210840e+04 -8.472513595036951738e-13
5.579601029595820728e+04 -9.016511228571990672e-13
5.581013156007158977e+04 -8.950749122828781657e-13
5.582425282431858068e+04 -8.594898585855382232e-13
5.583837408839637646e+04 -8.393055246749981189e-13
5.585249535252158967e+04 -8.190821665439748582e-13
5.586661661658943922e+04 -7.963209752357251094e-13
5.588073788071840681e+04 -7.718704128343018917e-13
5.589485914494105964e+04 -7.154464253989626815e-13
5.590898040899557236e+04 -7.034030474195354142e-13
5.592310167308015662e+04 -7.075320617158165168e-13
5.593722293718230503e+04 -7.407983214089643775e-13
5.595134420130588114e+04 -7.446692723117279175e-13
5.596546546554379165e+04 -7.449411830092878839e-13
5.597958672960847616e+04 -7.374346853724816689e-13
5.599370799369081942e+04 -7.779581912296724757e-13
5.600782925778180652e+04 -8.000471588689544735e-13
5.602195052202000807e+04 -8.553872800515199007e-13
5.603607178609674156e+04 -8.197506136754764255e-13
5.605019305018758314e+04 -9.038150788252805509e-13
5.606431431431583042e+04 -8.592078771214019356e-13
5.607843557843336748e+04 -8.380240196281644986e-13
5.609255684256373934e+04 -8.230601193416115462e-13
5.610667810666075093e+04 -7.707047216030957132e-13
5.612079937079376396e+04 -7.699468964182294842e-13
5.613492063486527331e+04 -7.220062709775971241e-13
5.614904189903826045e+04 -6.968494960700111092e-13
5.616316316319370526e+04 -6.879884803286931722e-13
5.617728442729758535e+04 -6.820391749737466265e-13
5.619140569137088460e+04 -6.433850551622807404e-13
5.620552695551704528e+04 -6.273309943938437663e-13
5.621964821963095164e+04 -6.023554932846311296e-13
5.623376948382036062e+04 -5.686058367958210616e-13
5.624789074788241851e+04 -6.033298399508877097e-13
5.626201201200429205e+04 -5.642552656348613967e-13
5.627613327607091924e+04 -5.946664630036295088e-13
5.629025454030108085e+04 -5.895215601289646147e-13
5.630437580442304170e+04 -5.959580388170394504e-13
5.631849706853942189e+04 -5.509127587670920227e-13
5.633261833263964945e+04 -5.579383772998800853e-13
5.634673959668250609e+04 -5.638776118882503098e-13
5.636086086088899174e+04 -5.435837583911930024e-13
5.637498212500624504e+04 -5.148946621069713779e-13
5.638910338909381971e+04 -5.609797488059213222e-13
5.640322465315904265e+04 -5.794797470065760677e-13
5.641734591734370042e+04 -6.628908711747429562e-13
5.643146718153922848e+04 -6.890673111981788452e-13
5.644558844556727126e+04 -6.687709400094773817e-13
5.645970970970566850e+04 -6.724518051931133508e-13
5.647383097379545507e+04 -6.425378519240498499e-13
5.648795223800473468e+04 -6.531713225827957798e-13
5.650207350209783181e+04 -6.358219094634828825e-13
5.651619476623187074e+04 -6.429205410539490469e-13
5.653031603031673149e+04 -6.545573118328584931e-13
5.654443729437586444e+04 -7.322394286649352696e-13
5.655855855860166048e+04 -7.113639883980969004e-13
5.657267982266256877e+04 -6.939365268378176903e-13
5.658680108682451828e+04 -6.702991788374302159e-13
5.660092235087884183e+04 -7.354255674405107834e-13
5.661504361496498313e+04 -7.263153002264294765e-13
5.662916487917923223e+04 -7.208594624337214595e-13
5.664328614327802643e+04 -7.385147750877893695e-13
5.665740740741977061e+04 -7.903779641098888024e-13
