5.300000000000145519e+04 -2.351599547244232885e-13
5.301412126407057076e+04 -2.934420441640207372e-13
5.302824252820483525e+04 -2.696174058961738296e-13
5.304236379243254487e+04 -2.824548433996195325e-13
5.305648505647787533e+04 -3.047370957353522769e-13
5.307060632060937496e+04 -2.637764171290122769e-13
5.308472758471338602e+04 -2.480943128936314150e-13
5.309884884880307800e+04 -2.805480012923472837e-13
5.311297011300094164e+04 -2.535643294573576006e-13
5.312709137707383343e+04 -2.571541145325178897e-13
5.314121264118849649e+04 -2.398586837345851453e-13
5.315533390529692406e+04 -2.687395287316615558e-13
5.316945516948849399e+04 -2.482790317855680683e-13
5.318357643360458314e+04 -2.812814118041194125e-13
5.319769769772797008e+04 -2.853644812393126081e-13
5.321181896182493074e+04 -3.158719370888479719e-13
5.322594022590951499e+04 -2.486926944839423160e-13
5.324006149007071508e+04 -2.655566801321377340e-13
5.325418275418257690e+04 -2.681672112544595284e-13
5.326830401827205787e+04 -2.276323866252061417e-13
5.328242528242202388e+04 -2.451520949125521339e-13
5.329654654645652045e+04 -2.044331399358516320e-13
5.331066781073960010e+04 -1.917628700868861332e-13
5.332478907477195753e+04 -2.353862921195500207e-13
5.333891033887113736e+04 -2.351586094798757223e-13
5.335303160301058233e+04 -1.877508043404687714e-13
5.336715286717029085e+04 -2.911228005251374862e-13
5.338127413134463131e+04 -2.896617808687045414e-13
5.339539539539354155e+04 -2.881583019312392699e-13
5.340951665945566492e+04 -2.821211807129328821e-13
5.342363792362782988e+04 -2.907652177088395149e-13
5.343775918777905463e+04 -2.179932049752429552e-13
5.345188045190850971e+04 -2.520394106849156417e-13
5.346600171595950087e+04 -2.529725900120002098e-13
5.348012298010332597e+04 -2.833402245063737201e-13
5.349424424421613367e+04 -2.894042506156312797e-13
5.350836550837097457e+04 -2.678866436885093540e-13
5.352248677248117019e+04 -2.731855619613429368e-13
5.353660803657615179e+04 -2.373246213570136185e-13
5.355072930072321469e+04 -1.920472211531263470e-13
5.356485056493084267e+04 -1.977868751708538393e-13
5.357897182902089116e+04 -1.440340980062100898e-13
5.359309309306731302e+04 -1.150446665508104651e-13
5.360721435719833971e+04 -3.365409238992664590e-14
5.362133562126605102e+04 5.398615162777783478e-14
5.363545688551929925e+04 8.462872047655862726e-14
5.364957814956993388e+04 1.461089186335162204e-13
5.366369941365925479e+04 2.178040631067920743e-13
5.367782067781655496e+04 2.407813444457993787e-13
5.369194194194302690e+04 2.903483932007143609e-13
5.370606320612395211e+04 3.564737207803919787e-13
5.372018447021295287e+04 4.047598444926784328e-13
5.373430573426974297e+04 4.496277018096183497e-13
5.374842699838932458e+04 5.390899954892067869e-13
5.376254826250616316e+04 6.232789305423652974e-13
5.377666952671585750e+04 6.599299500850326600e-13
5.379079079084062687e+04 6.777532632512057900e-13
5.380491205493053712e+04 7.040877705142141893e-13
5.381903331898024771e+04 7.457475558963635576e-13
5.383315458316752483e+04 7.713433557471937832e-13
5.384727584733090043e+04 8.609232742469094089e-13
5.386139711143376917e+04 8.680895601073228658e-13
5.387551837546889874e+04 8.955644984355241314e-13
5.388963963959345710e+04 9.062139587407038269e-13
5.390376090375804051e+04 9.123839228580816791e-13
5.391788216792613093e+04 9.046748308227282792e-13
5.393200343198009796e+04 9.507397035536427076e-13
5.394612469606976083e+04 9.652471570656523139e-13
5.396024596018563898e+04 9.659184340948840429e-13
5.397436722441428719e+04 9.651388648795736668e-13
5.398848848851643561e+04 1.017728678132853057e-12
5.400260975263424189e+04 9.987829265473105874e-13
5.401673101671042969e+04 9.884538026000183617e-13
5.403085228090290911e+04 9.668493433217945773e-13
5.404497354495918989e+04 9.625820594613700973e-13
5.405909480910731509e+04 9.840175223933067722e-13
5.407321607321898773e+04 9.393210996783962865e-13
5.408733733734255657e+04 9.475360036636317365e-13
5.410145860151802481e+04 9.568565305113919740e-13
5.411557986560282006e+04 9.535544596138406880e-13
5.412970112967803288e+04 9.521782744416883282e-13
5.414382239375999052e+04 9.487364662667594084e-13
5.415794365787428978e+04 9.846030400826315496e-13
5.417206492214363971e+04 9.592281966487378421e-13
5.418618618622357462e+04 9.638972041621771157e-13
5.420030745030058461e+04 9.143760618774475701e-13
5.421442871435692359e+04 9.101625877989253327e-13
5.422854997849911160e+04 8.861158370446089868e-13
5.424267124273940135e+04 9.002442679053438333e-13
5.425679250681580743e+04 9.223123320857699499e-13
5.427091377085547720e+04 9.051359133914040195e-13
5.428503503500059014e+04 8.759723568448797810e-13
5.429915629918757622e+04 8.973175202365615379e-13
5.431327756333087746e+04 8.244126646038935389e-13
5.432739882740508619e+04 7.691965976826428614e-13
5.434152009154311236e+04 8.054023412800682978e-13
5.435564135564455501e+04 8.093013644455986484e-13
5.436976261979163974e+04 8.485049855172584930e-13
5.438388388392031629e+04 8.563285914947227999e-13
5.439800514804632257e+04 8.818778122530938815e-13
5.441212641211444134e+04 8.955614716352921202e-13
5.442624767616062309e+04 8.606547298041030092e-13
5.444036894041719643e+04 8.178204618541507742e-13
5.445449020451685647e+04 7.693812324967952445e-13
5.446861146862996247e+04 7.679503967648981419e-13
5.448273273273468658e+04 7.394455055799723700e-13
5.449685399690755003e+04 7.640264865752380445e-13
5.451097526098757226e+04 7.101897997819402784e-13
5.452509652510854357e+04 7.610617357479871185e-13
5.453921778923933743e+04 7.236974002839768494e-13
5.455333905331719143e+04 6.793616712633806164e-13
5.456746031751031114e+04 6.410702941505339203e-13
5.458158158156018908e+04 6.623118737120537390e-13
5.459570284574446123e+04 6.780539254075851362e-13
5.460982410979954875e+04 6.638387262735328022e-13
5.462394537388987374e+04 6.408289909098156219e-13
5.463806663814702915e+04 6.169355980339208089e-13
5.465218790217725473e+04 6.359203617113424444e-13
5.466630916628085834e+04 6.422130793936850401e-13
5.468043043042749196e+04 6.590859772870080524e-13
5.469455169456303702e+04 6.877215253486155253e-13
5.470867295866597124e+04 6.873677260326075934e-13
5.472279422280333529e+04 7.037117746631715418e-13
5.473691548693639197e+04 7.093577660292752763e-13
5.475103675101198314e+04 7.306334811711893150e-13
5.476515801523033588e+04 7.025969032443822811e-13
5.477927927933139290e+04 6.742219963138643513e-13
5.479340054340182542e+04 6.709537246855705073e-13
5.480752180746921658e+04 5.993799885327118813e-13
5.482164307160936733e+04 5.923127463021123963e-13
5.483576433578450815e+04 5.550703236252245723e-13
5.484988559992953378e+04 5.123157614147151655e-13
5.486400686398062680e+04 4.613837939107335198e-13
5.487812812807846058e+04 3.956574994949754118e-13
5.489224939220600209e+04 4.152287897951326129e-13
5.490637065638126660e+04 3.942557546764192949e-13
5.492049192051986029e+04 3.593089918199403304e-13
5.493461318463454518e+04 3.541345086677559361e-13
5.494873444866125647e+04 3.670609635252471051e-13
5.496285571288059145e+04 3.628241158227111265e-13
5.497697697701335710e+04 3.885929477534711096e-13
5.499109824108224711e+04 4.138848904921215382e-13
5.500521950519741222e+04 3.392386157926388594e-13
5.501934076929587900e+04 3.728011220096799663e-13
5.503346203348319978e+04 3.406174914538865029e-13
5.504758329757224419e+04 3.613308943749210155e-13
5.506170456167410885e+04 3.909673043799121604e-13
5.507582582579967857e+04 3.232396223885236882e-13
5.508994708989647916e+04 3.744248321785832379e-13
5.510406835406756727e+04 3.839727053548808443e-13
5.511818961824495636e+04 3.465607818650006431e-13
5.513231088231535250e+04 3.173743561611678807e-13
5.514643214644036925e+04 3.043409543621457822e-13
5.516055341056761245e+04 2.861680457691758077e-13
5.517467467466122616e+04 2.785485806518035176e-13
5.518879593880425091e+04 2.666438390281831194e-13
5.520291720287663338e+04 3.054151321333713810e-13
5.521703846701236034e+04 3.046819738549519114e-13
5.523115973116690293e+04 3.301656139416294329e-13
5.524528099532661145e+04 3.028241911347733895e-13
5.525940225940894015e+04 3.108008186795225018e-13
5.527352352350194269e+04 2.954367807018549751e-13
5.528764478760859492e+04 2.599155984235684900e-13
5.530176605179400212e+04 1.658312126341369030e-13
5.531588731591060787e+04 9.300034545158463919e-14
5.533000857997633284e+04 1.847245227228711703e-14
5.534412984412928927e+04 -4.538630640032263658e-14
5.535825110830577614e+04 -5.316451037430683156e-14
5.537237237237246154e+04 -8.140791965030096402e-14
5.538649363646608253e+04 -8.892245569296366140e-14
5.540061490056812181e+04 -1.212258130134898443e-13
5.541473616465908708e+04 -2.126439241096601638e-13
5.542885742892111011e+04 -2.661880202138638797e-13
5.544297869301590981e+04 -2.712266336667448489e-13
5.545709995714196702e+04 -3.246032468247775114e-13
5.547122122117241815e+04 -3.358286399518807331e-13
5.548534248529394245e+04 -3.421095867444321628e-13
5.549946374954584462e+04 -4.231592254902940852e-13
5.551358501359717047e+04 -4.508490666349677958e-13
5.552770627770481224e+04 -4.944195196635715622e-13
5.554182754177045717e+04 -5.053516494793070768e-13
5.555594880593525886e+04 -4.754495536761731039e-13
5.557007007008005894e+04 -4.851817253554862651e-13
5.558419133417341072e+04 -4.800960283434406821e-13
5.559831259827729809e+04 -4.738917604901001704e-13
5.561243386244011344e+04 -5.187792079307638397e-13
5.562655512660096429e+04 -6.039661462826424505e-13
5.564067639072472957e+04 -5.787031263017645176e-13
5.565479765480693459e+04 -5.889848303787554021e-13
5.566891891892281274e+04 -5.347936716471759461e-13
5.568304018296689173e+04 -5.475102683552480558e-13
5.569716144716893905e+04 -5.469587180907489581e-13
5.571128271127011249e+04 -5.561211787041710549e-13
5.572540397543313156e+04 -5.721591842001653924e-13
5.573952523947187728e+04 -5.753507768892483185e-13
5.575364650355967751e+04 -6.114867359257691577e-13
5.576776776784094545e+04 -6.192118027401248111e-13
5.578188903186080279e+04 -6.713797136721759653e-13
5.579601029600440233e+04 -7.102458465179671114e-13
5.581013156013558182e+04 -7.078378587778371084e-13
5.582425282426868944e+04 -6.922996116312607985e-13
5.583837408843789308e+04 -7.789992774768690530e-13
5.585249535250818008e+04 -7.926514917677681030e-13
5.586661661660188838e+04 -8.543390257406181762e-13
5.588073788074464392e+04 -8.701180716612075672e-13
5.589485914491607400e+04 -8.446620090877549754e-13
5.590898040903055517e+04 -8.714330482064461461e-13
5.592310167307273514e+04 -8.934916956750393500e-13
5.593722293721768074e+04 -8.850301074708953368e-13
5.595134420133539970e+04 -8.976094892351164047e-13
5.596546546547845355e+04 -9.320248804953096629e-13
5.597958672957862291e+04 -8.972052432485750193e-13
5.599370799373261980e+04 -8.891243592513901604e-13
5.600782925775560579e+04 -9.213214422526592853e-13
5.602195052197585755e+04 -9.021375823821988673e-13
5.603607178613272845e+04 -9.342902723133985613e-13
5.605019305020626052e+04 -8.714505363855644557e-13
5.606431431425678602e+04 -8.255918223815633681e-13
5.607843557838675770e+04 -8.367122864339570349e-13
5.609255684263307921e+04 -8.722173257776728270e-13
5.610667810674387874e+04 -8.634328788821147521e-13
5.612079937084211269e+04 -8.319346504233024373e-13
5.613492063488049462e+04 -9.097213985190608309e-13
5.614904189902515645e+04 -8.993475451905621944e-13
5.616316316324528452e+04 -9.213476745213366488e-13
5.617728442731656833e+04 -9.497995967022023754e-13
5.619140569138644787e+04 -9.680027732974923614e-13
5.620552695548111660e+04 -9.849198961053163652e-13
5.621964821957036474e+04 -1.008193299400355100e-12
5.623376948376072687e+04 -1.004978837553963600e-12
5.624789074785629055e+04 -9.555754041671455127e-13
5.626201201203184610e+04 -9.538649257249246022e-13
5.627613327607071551e+04 -9.904878632876616662e-13
5.629025454033689311e+04 -9.534324296028845797e-13
5.630437580440881720e+04 -9.237758409296799928e-13
5.631849706849503855e+04 -9.407864582335593654e-13
5.633261833263315930e+04 -9.162586143979220748e-13
5.634673959665631264e+04 -8.862078690722829749e-13
5.636086086093063204e+04 -8.839283521864447579e-13
5.637498212502079696e+04 -8.908106232917548799e-13
5.638910338910367136e+04 -8.484912476923807289e-13
5.640322465318996547e+04 -8.174759620261419909e-13
5.641734591732887202e+04 -8.135108537222128122e-13
5.643146718151354435e+04 -8.114156353393902004e-13
5.644558844557771226e+04 -7.630904154574402593e-13
5.645970970970114286e+04 -7.827962302123534205e-13
5.647383097378123057e+04 -7.686805791748203767e-13
5.648795223796637583e+04 -7.561960371512021933e-13
5.650207350205693365e+04 -7.711275790068295461e-13
5.651619476615839812e+04 -7.788391933757095378e-13
5.653031603030781844e+04 -7.710125605980133207e-13
5.654443729438914306e+04 -7.629545457581368341e-13
5.655855855855950358e+04 -7.486021316802334583e-13
5.657267982269597269e+04 -7.430630872556606531e-13
5.658680108681399724e+04 -7.157122477369717476e-13
5.660092235089420137e+04 -7.456251054964861488e-13
5.661504361498357321e+04 -7.131455211402298461e-13
5.662916487921295629e+04 -7.138437030604127974e-13
5.664328614328418189e+04 -6.708207645626653294e-13
5.665740740737564920e+04 -7.250960010784671404e-13
