5.300000000000625005e+04 -8.384669341857321832e-14
5.301412126412426733e+04 -8.685944504707696020e-14
5.302824252819595131e+04 -1.276854441420323956e-13
5.304236379241854593e+04 -1.752434006997249112e-13
5.305648505649100116e+04 -2.127015657763779522e-13
5.307060632054170128e+04 -2.235212867050874859e-13
5.308472758468136453e+04 -2.413504769631625789e-13
5.309884884884678468e+04 -2.884037564161814740e-13
5.311297011300209851e+04 -3.081612733252695033e-13
5.312709137707031914e+04 -3.076039841890197179e-13
5.314121264117745159e+04 -3.116767881835046354e-13
5.315533390523166599e+04 -2.776712925613702948e-13
5.316945516944078554e+04 -2.897369851361667744e-13
5.318357643359494250e+04 -2.859786034536254284e-13
5.319769769767136313e+04 -2.865732326805855514e-13
5.321181896176371811e+04 -2.858404919884040315e-13
5.322594022599168238e+04 -2.600552064193156157e-13
5.324006149008224747e+04 -2.854236578377131060e-13
5.325418275417600671e+04 -3.108089826025404003e-13
5.326830401831155177e+04 -2.920631634231371255e-13
5.328242528232796758e+04 -3.430883192614406574e-13
5.329654654653399484e+04 -3.724862195480799497e-13
5.331066781066959811e+04 -3.710330807041609084e-13
5.332478907476658060e+04 -4.296449930482928311e-13
5.333891033893643180e+04 -4.381583774955559393e-13
5.335303160300463060e+04 -4.154140439163654949e-13
5.336715286722107703e+04 -4.306116170701536404e-13
5.338127413123627775e+04 -4.016194582712745921e-13
5.339539539533387142e+04 -4.157711964157955486e-13
5.340951665942752879e+04 -4.465898949656968628e-13
5.342363792361188098e+04 -4.327365650774801138e-13
5.343775918774971797e+04 -4.506110633954129085e-13
5.345188045184306247e+04 -4.696466979232162926e-13
5.346600171605533978e+04 -5.302702881250304599e-13
5.348012298002571333e+04 -5.438413019299269508e-13
5.349424424415497924e+04 -5.393945502069268114e-13
5.350836550839889969e+04 -5.441268989417196975e-13
5.352248677244802093e+04 -5.575308978638993307e-13
5.353660803652599134e+04 -5.739805358166518612e-13
5.355072930068691494e+04 -5.851478789287524510e-13
5.356485056485160749e+04 -5.600494010532311194e-13
5.357897182894582511e+04 -5.352358952507459516e-13
5.359309309316642612e+04 -5.907748274937012255e-13
5.360721435719922010e+04 -5.603209369429990882e-13
5.362133562124898162e+04 -5.261061649547289205e-13
5.363545688550201157e+04 -4.883336166248045502e-13
5.364957814962176053e+04 -4.765216491852112603e-13
5.366369941378887597e+04 -4.978604955006778280e-13
5.367782067782017839e+04 -4.941596081837490113e-13
5.369194194197501929e+04 -4.717586784513420837e-13
5.370606320613864227e+04 -4.245254947537503350e-13
5.372018447022207692e+04 -3.489410269522322368e-13
5.373430573422706948e+04 -2.717098455269202417e-13
5.374842699838201224e+04 -3.265135373226673618e-13
5.376254826243581920e+04 -2.703296682828409955e-13
5.377666952672570187e+04 -2.409550469648872125e-13
5.379079079087369610e+04 -2.318728120143761750e-13
5.380491205485216051e+04 -2.369835611663255030e-13
5.381903331895123119e+04 -2.412531427518131286e-13
5.383315458324916108e+04 -2.259312067854499969e-13
5.384727584738159203e+04 -1.886436109306923008e-13
5.386139711137196718e+04 -1.633020318788310998e-13
5.387551837547753530e+04 -6.073114621792787922e-14
5.388963963964587310e+04 -7.405702779552526609e-14
5.390376090386322176e+04 -3.598513380116175739e-14
5.391788216798258509e+04 -1.987171289949125324e-14
5.393200343201608484e+04 -1.263992160744459416e-14
5.394612469606401282e+04 -3.384096892706807374e-14
5.396024596017206204e+04 2.780017780527449288e-14
5.397436722444790939e+04 3.953121567588059857e-14
5.398848848843065934e+04 3.902376540547428241e-14
5.400260975268881884e+04 2.977967131698878811e-14
5.401673101663892157e+04 1.044987285852823859e-15
5.403085228089273733e+04 -5.670604593194306308e-15
5.404497354504492978e+04 -1.595334689524544160e-14
5.405909480916259781e+04 -2.631108184809553795e-14
5.407321607316369045e+04 -4.104963748511838341e-14
5.408733733724908961e+04 -8.483659640911952424e-14
5.410145860145852203e+04 -5.448457087575259223e-14
5.411557986563321174e+04 -7.612744989633329379e-14
5.412970112965531735e+04 -4.415058359565549902e-14
5.414382239376979851e+04 -5.357091041351856354e-14
5.415794365785457921e+04 -8.245352270625366474e-15
5.417206492205848190e+04 9.572570867457015900e-14
5.418618618621814676e+04 1.091618919427176785e-13
5.420030745030737307e+04 1.290961884025953320e-13
5.421442871435135748e+04 1.156387572167214370e-13
5.422854997847529739e+04 1.511352785948972294e-13
5.424267124262510333e+04 1.840120567051625854e-13
5.425679250674817740e+04 1.615667563210329817e-13
5.427091377096272481e+04 1.724094437490497081e-13
5.428503503506795096e+04 1.776601791824904083e-13
5.429915629921990330e+04 2.081834379351816365e-13
5.431327756328021496e+04 2.359469671384710558e-13
5.432739882747143565e+04 2.653828324545773188e-13
5.434152009150787489e+04 2.848909206824142076e-13
5.435564135565644392e+04 2.963160510316361788e-13
5.436976261987688486e+04 3.159166301954584714e-13
5.438388388398074312e+04 3.261356287443304935e-13
5.439800514808801381e+04 3.003069099316543263e-13
5.441212641213669121e+04 2.997807114985482937e-13
5.442624767622497893e+04 2.728808476569603071e-13
5.444036894032389682e+04 2.881331029519560061e-13
5.445449020455425489e+04 2.263116613883176208e-13
5.446861146858135180e+04 2.437587015966963463e-13
5.448273273263581359e+04 2.628718285303253814e-13
5.449685399690356280e+04 2.464846844532386479e-13
5.451097526103272685e+04 2.686637609270319429e-13
5.452509652518961957e+04 2.433687398125417605e-13
5.453921778918902419e+04 2.548926104853157203e-13
5.455333905325228261e+04 2.689824796929275130e-13
5.456746031745569053e+04 2.812887736890373290e-13
5.458158158167586225e+04 3.452400065353663099e-13
5.459570284566660121e+04 3.615684063693271466e-13
5.460982410980514396e+04 3.518481089482682347e-13
5.462394537385885633e+04 3.886632511029924766e-13
5.463806663814595959e+04 4.140645118061145495e-13
5.465218790217500646e+04 4.135595612907348546e-13
5.466630916625297687e+04 4.472637583148154264e-13
5.468043043039731128e+04 4.577539802840770249e-13
5.469455169457831653e+04 4.537443732213591231e-13
5.470867295865446795e+04 4.416143119546268963e-13
5.472279422277402045e+04 4.460038817813928483e-13
5.473691548695982056e+04 4.139970184203954341e-13
5.475103675109112373e+04 3.908505367512955257e-13
5.476515801524028939e+04 4.293280159987301011e-13
5.477927927925362746e+04 4.697828014722306796e-13
5.479340054340459028e+04 4.589738607370734605e-13
5.480752180745910300e+04 4.513321096206591743e-13
5.482164307161104080e+04 4.623072840650873965e-13
5.483576433575172268e+04 4.190177763913860426e-13
5.484988559983196319e+04 3.758545063465295997e-13
5.486400686407562171e+04 3.828188238507266032e-13
5.487812812803977431e+04 3.884720198434551346e-13
5.489224939225267735e+04 3.359296689386750550e-13
5.490637065646750852e+04 3.156579055502020645e-13
5.492049192056360334e+04 2.701586144329579058e-13
5.493461318464193755e+04 2.634605208390972110e-13
5.494873444875738642e+04 3.297402754927339555e-13
5.496285571287010680e+04 3.406979516519757908e-13
5.497697697697849799e+04 2.641592023690408819e-13
5.499109824105221196e+04 2.657502964434921996e-13
5.500521950514811033e+04 1.837758298551458583e-13
5.501934076925799309e+04 1.422299013125203891e-13
5.503346203344185051e+04 1.460270291979745354e-13
5.504758329766886163e+04 1.357892824864027843e-13
5.506170456176056905e+04 1.054035102601763198e-13
5.507582582577864378e+04 6.595862581743513103e-14
5.508994708982434531e+04 6.812091391547190416e-14
5.510406835407793551e+04 3.773889132178538425e-14
5.511818961827109888e+04 2.407023083616107595e-14
5.513231088226236898e+04 5.912010322705517926e-15
5.514643214644580439e+04 -1.887931015391831025e-14
5.516055341053097800e+04 -4.052593880703895951e-14
5.517467467463037610e+04 -4.630412255109905350e-14
5.518879593875075807e+04 -2.620734201449030357e-14
5.520291720295407868e+04 8.695487544860358274e-15
5.521703846701837756e+04 -3.917107158260436257e-14
5.523115973115272936e+04 1.815456056563621514e-14
5.524528099536578520e+04 6.296972596806861223e-15
5.525940225944741542e+04 2.578381290691737914e-14
5.527352352351163427e+04 4.554437639244410900e-14
5.528764478758494079e+04 3.660650229472104686e-14
5.530176605181777268e+04 3.388676882574532370e-14
5.531588731595580612e+04 1.972565659987449002e-14
5.533000857994629041e+04 -3.845783423752874925e-15
5.534412984411255457e+04 4.212846114855134887e-14
5.535825110825779120e+04 -8.737804010871890267e-15
5.537237237236275541e+04 1.083402797014411880e-14
5.538649363656916103e+04 6.641483110979549005e-14
5.540061490064964164e+04 8.665659743794889903e-14
5.541473616477299947e+04 1.332482815018312652e-13
5.542885742899151955e+04 1.188646910785901657e-13
5.544297869303839252e+04 1.080257532831133902e-13
5.545709995709350915e+04 1.018613573874386423e-13
5.547122122123740701e+04 1.160212197357961464e-13
5.548534248522395501e+04 9.434459402235592503e-14
5.549946374946155993e+04 1.275675882038098114e-13
5.551358501352126041e+04 9.498578118668705400e-14
5.552770627774950844e+04 9.973156610474808465e-14
5.554182754183358338e+04 1.369504186962733989e-13
5.555594880586367071e+04 1.128752780347796647e-13
5.557007007018184959e+04 1.211169703575856962e-13
5.558419133420638536e+04 1.187297043071520359e-13
5.559831259829731425e+04 1.348781217791953832e-13
5.561243386249139439e+04 1.306997812521798445e-13
5.562655512654184713e+04 5.353984284512687148e-14
5.564067639078388311e+04 9.051746907658218456e-14
5.565479765479636990e+04 7.704878899308843699e-14
5.566891891887742531e+04 4.361331563437081407e-14
5.568304018293614354e+04 3.396676098659755178e-14
5.569716144727046776e+04 6.136032644594538702e-14
5.571128271136009425e+04 1.209640425859332761e-14
5.572540397541205311e+04 -7.485426742529209180e-15
5.573952523952747288e+04 1.899447825458460052e-14
5.575364650356029597e+04 1.944568403689169490e-14
5.576776776781701483e+04 1.169144394427892729e-14
5.578188903183245566e+04 2.223666052412643064e-14
5.579601029592267150e+04 3.373303389160744598e-14
5.581013156014936249e+04 -1.386855120303427053e-14
5.582425282429706567e+04 -3.594558043576349168e-15
5.583837408839001728e+04 -1.886806125629846716e-14
5.585249535243835271e+04 6.468205816131159689e-15
5.586661661667117733e+04 8.581748691148597754e-15
5.588073788071989838e+04 3.611280067696120454e-14
5.589485914487255650e+04 3.242191238013891079e-14
5.590898040902848152e+04 2.711243270357233903e-14
5.592310167303436174e+04 -1.241369377753439007e-14
5.593722293713876570e+04 5.296864882154144129e-14
5.595134420133959793e+04 6.190402316423786952e-14
5.596546546552269865e+04 6.684603885188953530e-14
5.597958672954303620e+04 8.634537793713320537e-14
5.599370799362080288e+04 8.247075764585345863e-14
5.600782925785391853e+04 7.113686835510352388e-14
5.602195052192990261e+04 1.301748326965871036e-13
5.603607178607607057e+04 1.764977930951065020e-13
5.605019305018187151e+04 1.922012541724093428e-13
5.606431431436003186e+04 2.128779778751967226e-13
5.607843557843402959e+04 2.628718285303253814e-13
5.609255684252483479e+04 3.146367556218228221e-13
5.610667810671431653e+04 3.797841212483952670e-13
5.612079937077483191e+04 3.731697694479267070e-13
5.613492063492693705e+04 3.476810173188725486e-13
5.614904189907314139e+04 4.259146005098639812e-13
5.616316316326382366e+04 4.138157861809646276e-13
5.617728442729631206e+04 4.031343329521656870e-13
5.619140569140214211e+04 4.224811869807847900e-13
5.620552695554443198e+04 4.464663364613197669e-13
5.621964821954599756e+04 3.631545009337252470e-13
5.623376948383526178e+04 3.965799752723363406e-13
5.624789074792018073e+04 3.975586293652628066e-13
5.626201201200918149e+04 3.978985960488847649e-13
5.627613327614378795e+04 3.530142446681921424e-13
5.629025454025274666e+04 3.165853146650825859e-13
5.630437580435400014e+04 2.494006486918049747e-13
5.631849706845412584e+04 2.160089210460534387e-13
5.633261833260323328e+04 1.629003756277412094e-13
5.634673959662454581e+04 1.278838072146787729e-13
5.636086086086559226e+04 1.180547704499613619e-13
5.637498212505764968e+04 2.496639301320868311e-14
5.638910338904601667e+04 2.324156204483253367e-14
5.640322465316417220e+04 -3.268170753346744083e-14
5.641734591736616130e+04 -2.680728322088200786e-14
5.643146718153679103e+04 -7.185536855581903424e-14
5.644558844558658893e+04 -7.271028477492722302e-14
5.645970970975013188e+04 -1.189220060747614885e-13
5.647383097377372178e+04 -1.810859140770484913e-13
5.648795223792501929e+04 -2.388227559271700588e-13
5.650207350212286110e+04 -3.116631176482027344e-13
5.651619476626651885e+04 -3.383467526799870904e-13
5.653031603039154288e+04 -3.599433862325750900e-13
5.654443729432869441e+04 -3.639542431728062582e-13
5.655855855858719588e+04 -4.201162393561496032e-13
5.657267982271887013e+04 -4.631932678525872269e-13
5.658680108684968582e+04 -5.140395349717974153e-13
5.660092235092317424e+04 -5.379496918015334255e-13
5.661504361495038756e+04 -5.814129324495856843e-13
5.662916487926373520e+04 -6.336078174056639038e-13
5.664328614335966267e+04 -6.557156508611981830e-13
5.665740740735700092e+04 -6.836729110790515531e-13
