5.299999999999942520e+04 -6.767662989712714976e-13
5.301412126410898782e+04 -6.503759530054876363e-13
5.302824252819348476e+04 -6.779152009213337582e-13
5.304236379239276721e+04 -7.080066984444416647e-13
5.305648505651111191e+04 -7.534186055809857090e-13
5.307060632059746422e+04 -7.336710129891868815e-13
5.308472758467982931e+04 -7.125297021557416504e-13
5.309884884879996389e+04 -7.568262256618478463e-13
5.311297011301336170e+04 -7.494719654719947704e-13
5.312709137708794879e+04 -7.094032572216492898e-13
5.314121264119051921e+04 -7.161143065389819154e-13
5.315533390530192264e+04 -6.962746427211866164e-13
5.316945516951137688e+04 -6.975534897047304553e-13
5.318357643360430666e+04 -7.031792650685758561e-13
5.319769769771907158e+04 -7.103082518515072125e-13
5.321181896178235911e+04 -7.141092671707176894e-13
5.322594022591314570e+04 -7.350701471853036004e-13
5.324006149010884837e+04 -7.787281940448249844e-13
5.325418275420065766e+04 -8.032761781139451444e-13
5.326830401831456402e+04 -8.103785774840218766e-13
5.328242528239970125e+04 -8.369624302006992696e-13
5.329654654649314034e+04 -8.307348400359147265e-13
5.331066781071720470e+04 -7.974767892165877993e-13
5.332478907481547503e+04 -8.266759798353453261e-13
5.333891033891837287e+04 -8.350094294439195609e-13
5.335303160301606113e+04 -8.531542403767541106e-13
5.336715286719474534e+04 -8.343736797114737598e-13
5.338127413131039066e+04 -8.356154103636821779e-13
5.339539539538417011e+04 -9.275975571648965012e-13
5.340951665949240123e+04 -9.042266910324149095e-13
5.342363792361267406e+04 -8.917477259517451183e-13
5.343775918781472865e+04 -9.034083138002756384e-13
5.345188045189766126e+04 -8.472850879260090308e-13
5.346600171598164889e+04 -8.612138623572107043e-13
5.348012298011875100e+04 -8.552119243374227239e-13
5.349424424420154537e+04 -8.440515737381561942e-13
5.350836550841855933e+04 -8.482216314375020410e-13
5.352248677251450863e+04 -8.316341157208422980e-13
5.353660803658609075e+04 -7.502093685037308331e-13
5.355072930067910784e+04 -7.128685212375038832e-13
5.356485056490904390e+04 -7.009628141069294871e-13
5.357897182899252948e+04 -6.296846114103217543e-13
5.359309309309069795e+04 -5.973355319706387021e-13
5.360721435719531291e+04 -5.439534607869179372e-13
5.362133562131979124e+04 -5.152623851693812966e-13
5.363545688549108309e+04 -4.965160624260675396e-13
5.364957814958054223e+04 -4.262813588732909310e-13
5.366369941369007574e+04 -3.862523802469973685e-13
5.367782067779067438e+04 -3.508709722848225591e-13
5.369194194189902191e+04 -2.953476675211208787e-13
5.370606320611652336e+04 -2.631567491014958133e-13
5.372018447020305757e+04 -1.823149555291958705e-13
5.373430573429806827e+04 -1.625390712032056002e-13
5.374842699838792760e+04 -1.355405002945657429e-13
5.376254826250789483e+04 -7.756145785352641721e-14
5.377666952669018792e+04 -6.608720913782291415e-14
5.379079079079100484e+04 7.240118038961758227e-15
5.380491205490307038e+04 5.858185146584209490e-14
5.381903331900636113e+04 1.103220173474662813e-13
5.383315458319258323e+04 1.109379969524048972e-13
5.384727584731034585e+04 1.709488934174079737e-13
5.386139711141089356e+04 1.749910891426839292e-13
5.387551837548202457e+04 2.318517937963015076e-13
5.388963963958727982e+04 2.063351492269409097e-13
5.390376090381019458e+04 2.366099559782768875e-13
5.391788216789655417e+04 2.975295208324638663e-13
5.393200343199169583e+04 3.266284216090006874e-13
5.394612469610965491e+04 3.360290036172767840e-13
5.396024596021577599e+04 3.479168343107182477e-13
5.397436722440547601e+04 3.666846693766835509e-13
5.398848848849217029e+04 3.414488969636328706e-13
5.400260975260957639e+04 3.715052475933944793e-13
5.401673101669671451e+04 4.213283928353498993e-13
5.403085228091296449e+04 5.083308914284155531e-13
5.404497354499853827e+04 5.397664546315567153e-13
5.405909480909901322e+04 5.735665553836111878e-13
5.407321607318873430e+04 5.966262503137945898e-13
5.408733733731043321e+04 6.163518382234446155e-13
5.410145860150195949e+04 6.394375903331777806e-13
5.411557986560006975e+04 6.220007923574708515e-13
5.412970112970342598e+04 6.527703825297929747e-13
5.414382239377880614e+04 6.719202885656685294e-13
5.415794365791148448e+04 7.090275301873271130e-13
5.417206492211016302e+04 7.743025829023072264e-13
5.418618618621957285e+04 7.650492542575333760e-13
5.420030745029597165e+04 7.456969505944572040e-13
5.421442871439369628e+04 7.458011793126563575e-13
5.422854997849833308e+04 7.208420371894772371e-13
5.424267124270438217e+04 7.482917608928803026e-13
5.425679250680501718e+04 7.339624330737156762e-13
5.427091377088318404e+04 7.702631140911702314e-13
5.428503503499137150e+04 7.856420008633636211e-13
5.429915629920693755e+04 8.052070038292764832e-13
5.431327756329801923e+04 8.282573060552036174e-13
5.432739882738918823e+04 8.322473874213799961e-13
5.434152009150959202e+04 8.191733490775034294e-13
5.435564135559619899e+04 8.174956909011408347e-13
5.436976261982003780e+04 7.737278099999124593e-13
5.438388388387976011e+04 7.172915949805885570e-13
5.439800514798045333e+04 7.347156673569804384e-13
5.441212641209745198e+04 6.745081300835144362e-13
5.442624767619159684e+04 6.350118086856921513e-13
5.444036894041976484e+04 6.302854605020043398e-13
5.445449020448593365e+04 6.695154532855909355e-13
5.446861146860106965e+04 6.518883773010786677e-13
5.448273273271600920e+04 6.516311384006394122e-13
5.449685399690701888e+04 6.050524150030925694e-13
5.451097526101543190e+04 5.695861697121510118e-13
5.452509652509212174e+04 6.031808429324060220e-13
5.453921778920169163e+04 5.457735434891626816e-13
5.455333905330424022e+04 5.401551913915843245e-13
5.456746031752015551e+04 5.487561815762337864e-13
5.458158158160049061e+04 5.412086892205915358e-13
5.459570284570109652e+04 4.888240626307998062e-13
5.460982410979230190e+04 5.112277832153403067e-13
5.462394537391000631e+04 5.221257440763496960e-13
5.463806663810867758e+04 5.330939987240514790e-13
5.465218790218140930e+04 5.655903315272368783e-13
5.466630916631214495e+04 5.719391936235889133e-13
5.468043043040355406e+04 5.658775664832043449e-13
5.469455169460400066e+04 5.528101939294451360e-13
5.470867295871755050e+04 5.798666360159222744e-13
5.472279422281266307e+04 5.645238051084547854e-13
5.473691548689731280e+04 5.958142358813128425e-13
5.475103675100832334e+04 5.944059362237846808e-13
5.476515801518481021e+04 5.277686384011783433e-13
5.477927927927908604e+04 5.130705711923381811e-13
5.479340054338577465e+04 5.292054191619353439e-13
5.480752180749322724e+04 5.002019603802610766e-13
5.482164307160263706e+04 4.876733048641708350e-13
5.483576433581436868e+04 5.271790189662493877e-13
5.484988559991648799e+04 4.291403958624685322e-13
5.486400686399574624e+04 4.012907247520221819e-13
5.487812812809216848e+04 3.686919811733969359e-13
5.489224939220658416e+04 3.779313722570162008e-13
5.490637065637968772e+04 3.639126096592298437e-13
5.492049192050947750e+04 2.518000796939642095e-13
5.493461318461581686e+04 2.112272331921837950e-13
5.494873444870043022e+04 2.143213717684912811e-13
5.496285571290014195e+04 1.707404359810096666e-13
5.497697697700634308e+04 1.564229247897803839e-13
5.499109824108897737e+04 1.657350335837711689e-13
5.500521950519612437e+04 1.779928156287276306e-13
5.501934076931343589e+04 2.099958799632263322e-13
5.503346203350436554e+04 2.433411920349990584e-13
5.504758329760242486e+04 2.519188519542376671e-13
5.506170456169867975e+04 3.089852871301146427e-13
5.507582582580435701e+04 3.510464227708318152e-13
5.508994708987950435e+04 3.518220783481278277e-13
5.510406835411993961e+04 3.306521349162238910e-13
5.511818961819755350e+04 3.835506333259741608e-13
5.513231088230382011e+04 4.224291571760985356e-13
5.514643214641650411e+04 3.823950277119869873e-13
5.516055341058973136e+04 3.660462684777136975e-13
5.517467467470404517e+04 3.413307306842791820e-13
5.518879593877975276e+04 3.294183577635873776e-13
5.520291720289250952e+04 3.205995174382832904e-13
5.521703846699430142e+04 3.340716852464438349e-13
5.523115973121298885e+04 3.244244690038243390e-13
5.524528099529611063e+04 2.808247478078300881e-13
5.525940225940768869e+04 2.893842282994758294e-13
5.527352352348338900e+04 2.605595338891315931e-13
5.528764478760958445e+04 2.368475004988238026e-13
5.530176605178181489e+04 1.806736752177570407e-13
5.531588731591578107e+04 1.508860771259101466e-13
5.533000858000423614e+04 1.009950620209413078e-13
5.534412984408813645e+04 8.208300349607251497e-14
5.535825110830641643e+04 2.633760672527788318e-14
5.537237237241023104e+04 -1.479092427992477123e-14
5.538649363651618478e+04 -7.971753796604149599e-14
5.540061490061865334e+04 -1.280578478973380157e-13
5.541473616470095294e+04 -1.548512942646382700e-13
5.542885742889314861e+04 -1.931947369626123419e-13
5.544297869299669401e+04 -1.559553915004455852e-13
5.545709995708295173e+04 -2.041514779728386405e-13
5.547122122120225686e+04 -2.265927693744043886e-13
5.548534248529689648e+04 -2.148246199126160612e-13
5.549946374949625169e+04 -2.259583073514130335e-13
5.551358501358921785e+04 -2.108651405828877130e-13
5.552770627771192812e+04 -2.403788352990019571e-13
5.554182754180672055e+04 -2.944911134910365659e-13
5.555594880590527464e+04 -2.365405521532260919e-13
5.557007007009548397e+04 -2.031091907908470796e-13
5.558419133417974808e+04 -1.893273667326878687e-13
5.559831259828017210e+04 -1.816732217351673634e-13
5.561243386238375388e+04 -1.989800368035852097e-13
5.562655512661497050e+04 -2.165159126596732813e-13
5.564067639070744190e+04 -2.016033282052371979e-13
5.565479765479363414e+04 -1.799770811407520420e-13
5.566891891888906684e+04 -1.804261130022960840e-13
5.568304018298049778e+04 -1.840353353604016987e-13
5.569716144717869611e+04 -2.038636370359514303e-13
5.571128271128488268e+04 -1.699959694113433983e-13
5.572540397541158018e+04 -1.392975819970934232e-13
5.573952523948310409e+04 -2.063233135892675360e-13
5.575364650360438100e+04 -2.043702370848729193e-13
5.576776776781908120e+04 -2.777466487161583236e-13
5.578188903191917780e+04 -3.563441919521177605e-13
5.579601029598688910e+04 -3.386465191904530630e-13
5.581013156010174862e+04 -3.490942362280788471e-13
5.582425282428442733e+04 -3.629015114848680522e-13
5.583837408837998373e+04 -3.949803234343371187e-13
5.585249535249246401e+04 -4.632186228469560326e-13
5.586661661660004029e+04 -4.323978272869140366e-13
5.588073788071552553e+04 -4.746340914134425759e-13
5.589485914490502910e+04 -4.386479144933447379e-13
5.590898040900332126e+04 -4.324038870961116759e-13
5.592310167310506949e+04 -4.861053102245472593e-13
5.593722293719713343e+04 -4.395690054913837906e-13
5.595134420129133650e+04 -4.247564078887085536e-13
5.596546546549221966e+04 -4.424977112765961127e-13
5.597958672960360127e+04 -4.172325487889369398e-13
5.599370799370206078e+04 -4.300835861543409458e-13
5.600782925780145888e+04 -4.438599563842222863e-13
5.602195052201912040e+04 -3.893974212205649440e-13
5.603607178608605318e+04 -3.468957374511803690e-13
5.605019305020867614e+04 -3.215748247189030560e-13
5.606431431430954399e+04 -2.444892038777511653e-13
5.607843557840164431e+04 -2.666759832930166940e-13
5.609255684258939436e+04 -3.063447062625113853e-13
5.610667810671660845e+04 -2.419446899956683365e-13
5.612079937080428499e+04 -1.907817209401179426e-13
5.613492063488181157e+04 -2.027595398001441151e-13
5.614904189899680205e+04 -1.669290999764252385e-13
5.616316316321840713e+04 -1.525194796853920555e-13
5.617728442730352253e+04 -1.048469607276738440e-13
5.619140569137889543e+04 -1.137700297711770848e-13
5.620552695548489282e+04 -1.104019878191369486e-13
5.621964821959842811e+04 -1.282820608376501396e-13
5.623376948382015689e+04 -1.835341891397580799e-13
5.624789074789721781e+04 -1.938273810428444154e-13
5.626201201199500065e+04 -1.636889199984549936e-13
5.627613327609109547e+04 -1.952938548686697426e-13
5.629025454028991226e+04 -1.272143224570285845e-13
5.630437580441630416e+04 -1.145917398983750852e-13
5.631849706849916402e+04 -9.317395027028822382e-14
5.633261833260209823e+04 -3.433441492318611850e-14
5.634673959668376483e+04 -3.251647216389852615e-14
5.636086086088185402e+04 -6.618234814222563401e-14
5.637498212499396323e+04 3.996302175472936585e-15
5.638910338908256381e+04 9.080482092280561384e-15
5.640322465320487390e+04 3.964131183774446297e-14
5.641734591730434477e+04 1.839804471454921827e-14
5.643146718151649111e+04 4.644284168115909071e-14
5.644558844561180740e+04 7.890160366731922993e-14
5.645970970969719201e+04 1.235987563090034256e-13
5.647383097381336847e+04 8.827006868684794931e-14
5.648795223800805979e+04 9.465347169562643745e-14
5.650207350208971184e+04 1.387931218911291052e-13
5.651619476618923363e+04 1.080638294499712152e-13
5.653031603030728729e+04 1.885162802813237040e-13
5.654443729440111929e+04 2.317227198603920783e-13
5.655855855860744487e+04 2.468164926098371930e-13
5.657267982267875050e+04 2.626022955696510594e-13
5.658680108677886892e+04 2.048741292293934276e-13
5.660092235088513553e+04 2.104176426833810731e-13
5.661504361498905200e+04 2.316487901881810708e-13
5.662916487921593216e+04 2.371801840237734377e-13
5.664328614328344702e+04 3.013329600753534190e-13
5.665740740741702757e+04 3.104990274676814453e-13
