5.300000000000043656e+04 -9.089925665711598342e-13
5.301412126410812925e+04 -8.628579349261266929e-13
5.302824252818395325e+04 -9.046981827974582611e-13
5.304236379238877998e+04 -9.084522930339341620e-13
5.305648505649899744e+04 -9.681168059008424315e-13
5.307060632059810450e+04 -9.494696934859508796e-13
5.308472758469205291e+04 -1.028626343208685959e-12
5.309884884878739103e+04 -9.921426785294821130e-13
5.311297011300684972e+04 -1.043931751412281423e-12
5.312709137708941125e+04 -1.091129273426489219e-12
5.314121264118872205e+04 -1.136603680819383150e-12
5.315533390531376790e+04 -1.197088660239171131e-12
5.316945516951502213e+04 -1.187520773857340473e-12
5.318357643358566565e+04 -1.251286970161437383e-12
5.319769769769969571e+04 -1.286796111244928012e-12
5.321181896179285104e+04 -1.262192803583374381e-12
5.322594022588408552e+04 -1.280609521384764180e-12
5.324006149011014350e+04 -1.338475014944496946e-12
5.325418275420979626e+04 -1.383768917697827726e-12
5.326830401830244955e+04 -1.376684707892750240e-12
5.328242528238670639e+04 -1.371946783686639002e-12
5.329654654649738222e+04 -1.278546259202109358e-12
5.331066781068927230e+04 -1.306977134321902934e-12
5.332478907481818896e+04 -1.337575363770876366e-12
5.333891033889236860e+04 -1.292230014323246066e-12
5.335303160301042954e+04 -1.290924849982517014e-12
5.336715286718673451e+04 -1.277196407829826714e-12
5.338127413131292997e+04 -1.298424862293562714e-12
5.339539539540874102e+04 -1.286274185363727838e-12
5.340951665950562165e+04 -1.288229958919069125e-12
5.342363792359663785e+04 -1.290817278108125082e-12
5.343775918779624044e+04 -1.299015450364825274e-12
5.345188045190760022e+04 -1.280605192536700106e-12
5.346600171598971792e+04 -1.304462972665129420e-12
5.348012298010555241e+04 -1.242286928749117359e-12
5.349424424418915441e+04 -1.258290280455963808e-12
5.350836550841505232e+04 -1.254189862374363111e-12
5.352248677250745823e+04 -1.289885976395390048e-12
5.353660803659851808e+04 -1.287845290820330561e-12
5.355072930068421556e+04 -1.348105253387865704e-12
5.356485056491746946e+04 -1.386858166819911126e-12
5.357897182900436746e+04 -1.403881861314287419e-12
5.359309309310321260e+04 -1.404045891357083933e-12
5.360721435719908914e+04 -1.369154743282984236e-12
5.362133562130392238e+04 -1.361436174092950329e-12
5.363545688549667102e+04 -1.371880685506583985e-12
5.364957814959015377e+04 -1.359113580612427015e-12
5.366369941370752349e+04 -1.367860317815337174e-12
5.367782067781590013e+04 -1.356644805262663721e-12
5.369194194188550318e+04 -1.340374330331433650e-12
5.370606320610723196e+04 -1.332570849121681745e-12
5.372018447019394080e+04 -1.270632725355036548e-12
5.373430573430316144e+04 -1.252275179576799248e-12
5.374842699839240959e+04 -1.285009828740710148e-12
5.376254826248597965e+04 -1.278096458589422425e-12
5.377666952671591571e+04 -1.295813301555347943e-12
5.379079079079929943e+04 -1.268073710172553055e-12
5.380491205488927517e+04 -1.247213057949521370e-12
5.381903331900440389e+04 -1.250692486126917157e-12
5.383315458321255574e+04 -1.204501279767569860e-12
5.384727584730902163e+04 -1.202164933869735342e-12
5.386139711140590225e+04 -1.158947646130395660e-12
5.387551837550039636e+04 -1.132381239170623094e-12
5.388963963961522677e+04 -1.159640661406620179e-12
5.390376090381851100e+04 -1.154712301184521576e-12
5.391788216788322461e+04 -1.129865312675792673e-12
5.393200343199488270e+04 -1.060185610226711626e-12
5.394612469609749678e+04 -1.082322273663702723e-12
5.396024596018835291e+04 -9.969704096835069412e-13
5.397436722441215534e+04 -1.029125759079953353e-12
5.398848848851282673e+04 -9.939920956177726977e-13
5.400260975259655970e+04 -1.005926463339729800e-12
5.401673101669848256e+04 -9.023252747828980593e-13
5.403085228089467273e+04 -9.169043688790070140e-13
5.404497354500726942e+04 -8.711349921140864574e-13
5.405909480911846913e+04 -8.043129953639087856e-13
5.407321607321237389e+04 -8.011483743372637871e-13
5.408733733728683728e+04 -7.836919282318069382e-13
5.410145860149871442e+04 -7.988265800286907321e-13
5.411557986559064011e+04 -7.908299322987881092e-13
5.412970112970891932e+04 -8.065902691350845364e-13
5.414382239380658575e+04 -7.574226800422161904e-13
5.415794365789807489e+04 -7.698553980728402063e-13
5.417206492209973658e+04 -7.869537152480744525e-13
5.418618618618303299e+04 -7.328052536762074025e-13
5.420030745030652179e+04 -7.287809567228717491e-13
5.421442871438603470e+04 -6.940723861405815283e-13
5.422854997849676874e+04 -6.777714094799155768e-13
5.424267124269077613e+04 -6.448168881331816098e-13
5.425679250680393307e+04 -6.401358050320345467e-13
5.427091377091236791e+04 -6.326409040915874399e-13
5.428503503499134968e+04 -5.922546829861416420e-13
5.429915629918329068e+04 -5.738172533117067429e-13
5.431327756330314151e+04 -5.960262418101988478e-13
5.432739882741012116e+04 -6.007739225738698907e-13
5.434152009148566140e+04 -5.968608437169491521e-13
5.435564135560375871e+04 -5.987113263678401164e-13
5.436976261980080017e+04 -6.089048311914208527e-13
5.438388388390289765e+04 -6.621484636214059714e-13
5.439800514799141092e+04 -6.256274709523573584e-13
5.441212641208214336e+04 -6.420373680900813803e-13
5.442624767619416525e+04 -6.504086276716812631e-13
5.444036894040388870e+04 -5.937939547600580863e-13
5.445449020449557429e+04 -5.506132957351066430e-13
5.446861146858744905e+04 -5.222153864582623815e-13
5.448273273270270147e+04 -5.236399770573125508e-13
5.449685399690779741e+04 -5.329599203415664193e-13
5.451097526100583491e+04 -5.050987882246653943e-13
5.452509652509048465e+04 -5.095991252697223420e-13
5.453921778920716315e+04 -5.078006553932626170e-13
5.455333905330003472e+04 -4.986344195141141422e-13
5.456746031749945541e+04 -5.118886197119712314e-13
5.458158158159770392e+04 -5.563134562681954040e-13
5.459570284568305215e+04 -4.805263818785227723e-13
5.460982410981246358e+04 -4.674896230488063912e-13
5.462394537389084871e+04 -4.576887114458044601e-13
5.463806663811203907e+04 -4.784302204505809891e-13
5.465218790220882511e+04 -4.657928478030208207e-13
5.466630916630269348e+04 -4.707716224556499420e-13
5.468043043040000339e+04 -4.118692532386659596e-13
5.469455169459767058e+04 -4.769244473009140995e-13
5.470867295870324597e+04 -4.483606432467226843e-13
5.472279422281519510e+04 -4.280250469950297564e-13
5.473691548691080970e+04 -3.832144101798042872e-13
5.475103675098778331e+04 -3.728284381115293100e-13
5.476515801520937384e+04 -3.622544608419491753e-13
5.477927927928911231e+04 -3.678362107310703326e-13
5.479340054340650386e+04 -3.158154445803501991e-13
5.480752180750027765e+04 -3.013242593987729179e-13
5.482164307160535827e+04 -1.974123927462668970e-13
5.483576433578941214e+04 -1.154995321623148799e-13
5.484988559991585498e+04 -9.072933075847613147e-14
5.486400686398410471e+04 -9.249297005743578933e-14
5.487812812808296439e+04 -5.891169810868879674e-14
5.489224939221180830e+04 -1.187261889116010176e-13
5.490637065640313813e+04 -8.459235615689268414e-14
5.492049192049470730e+04 -6.627680020487668570e-14
5.493461318461439805e+04 -4.415612020689137773e-14
5.494873444870482490e+04 -2.000234676737444558e-14
5.496285571288619394e+04 1.886844452733852861e-14
5.497697697698274715e+04 7.044007604199699791e-14
5.499109824110864429e+04 8.197445820283524377e-14
5.500521950521090184e+04 9.950109824459235368e-14
5.501934076930917217e+04 1.819930921018527609e-13
5.503346203351677104e+04 1.709137051713782610e-13
5.504758329758780746e+04 1.788589395058124149e-13
5.506170456171568367e+04 1.840570202611329845e-13
5.507582582578376605e+04 2.132567653947657502e-13
5.508994708989359788e+04 2.531672793968028788e-13
5.510406835409641644e+04 2.633818956794036934e-13
5.511818961820262484e+04 2.412696069868964192e-13
5.513231088229931629e+04 2.922433246874147126e-13
5.514643214638438803e+04 3.007193423921648792e-13
5.516055341059300554e+04 2.980154772936918564e-13
5.517467467470272095e+04 3.163003983209468519e-13
5.518879593881665642e+04 3.180663019404323417e-13
5.520291720290589001e+04 3.094184622663703276e-13
5.521703846701527800e+04 3.062117848158413585e-13
5.523115973119851697e+04 2.609221110140810210e-13
5.524528099528539315e+04 2.410035493251131756e-13
5.525940225939638185e+04 2.177471793881066814e-13
5.527352352350849105e+04 1.916079964334252590e-13
5.528764478761747887e+04 2.060093413682577228e-13
5.530176605180580373e+04 1.595161812070267733e-13
5.531588731589059898e+04 1.962346692442902286e-13
5.533000857999408618e+04 1.295639490845357178e-13
5.534412984409921046e+04 1.664540592981234306e-13
5.535825110831490747e+04 2.099932801381038587e-13
5.537237237240617833e+04 1.874750786925130087e-13
5.538649363650425948e+04 2.329799295418882854e-13
5.540061490059952484e+04 2.749782802640517250e-13
5.541473616471804417e+04 2.553301050849311971e-13
5.542885742889565154e+04 2.595986156667422611e-13
5.544297869301481842e+04 2.425029956968402416e-13
5.545709995711323427e+04 3.387661874061313581e-13
5.547122122120771382e+04 3.024329002489065048e-13
5.548534248530488549e+04 3.342612551223602165e-13
5.549946374949486199e+04 3.571252982294380509e-13
5.551358501360619994e+04 3.555828963653829725e-13
5.552770627768785198e+04 4.104987961013449301e-13
5.554182754179024778e+04 4.330779344081452115e-13
5.555594880588806700e+04 3.668087315557476979e-13
5.557007007008352230e+04 3.577025001705332593e-13
5.558419133418435376e+04 3.510059054107608929e-13
5.559831259830678027e+04 4.025639510022644776e-13
5.561243386240439577e+04 3.436508595616141435e-13
5.562655512661506509e+04 3.325414370853413226e-13
5.564067639071634767e+04 3.459259689087578574e-13
5.565479765478855552e+04 3.775769076092477031e-13
5.566891891889041290e+04 3.850523620322378058e-13
5.568304018298293522e+04 3.765100796532762844e-13
5.569716144719738804e+04 4.475714505079108168e-13
5.571128271129111090e+04 4.257006449397154489e-13
5.572540397538312391e+04 4.502177752259631373e-13
5.573952523949247552e+04 5.190278120989749329e-13
5.575364650358955987e+04 5.287890314951125963e-13
5.576776776781384979e+04 5.866322980849780387e-13
5.578188903190389101e+04 6.052428816819751841e-13
5.579601029600941547e+04 6.027482664391524572e-13
5.581013156010121747e+04 5.942445441067923191e-13
5.582425282429832441e+04 6.665997077512799408e-13
5.583837408841647266e+04 7.011344584343825642e-13
5.585249535250449117e+04 7.538422460716999174e-13
5.586661661661014659e+04 8.080091884949172733e-13
5.588073788069769216e+04 8.449739546881943937e-13
5.589485914489144488e+04 8.499172327866982106e-13
5.590898040900065826e+04 8.997168336969190134e-13
5.592310167311741679e+04 9.754678121535036461e-13
5.593722293721656752e+04 9.985256544585262213e-13
5.595134420130342914e+04 1.055133268017921971e-12
5.596546546548749029e+04 1.146938545393183710e-12
5.597958672959754040e+04 1.179364680885452670e-12
5.599370799371083558e+04 1.253724567367236587e-12
5.600782925778651406e+04 1.360309464400467025e-12
5.602195052200146893e+04 1.452052539558931616e-12
5.603607178608929098e+04 1.525990063664988653e-12
5.605019305020173488e+04 1.568220973424685731e-12
5.606431431428906217e+04 1.559588051627029032e-12
5.607843557838855486e+04 1.628288069161551453e-12
5.609255684259158443e+04 1.641800068911038667e-12
5.610667810669299797e+04 1.683890590798135450e-12
5.612079937078222429e+04 1.704211002782772943e-12
5.613492063491018780e+04 1.705443325930116285e-12
5.614904189900781785e+04 1.753405230940650780e-12
5.616316316319665202e+04 1.781358800613135218e-12
5.617728442731148971e+04 1.779966376685084104e-12
5.619140569139151194e+04 1.813331272828290654e-12
5.620552695551718352e+04 1.807010755068791158e-12
5.621964821958721586e+04 1.863204131167287734e-12
5.623376948381105467e+04 1.888613137350056309e-12
5.624789074789212464e+04 1.921803414422125104e-12
5.626201201201383810e+04 1.918761899174655584e-12
5.627613327611093700e+04 1.915888742818046653e-12
5.629025454028598324e+04 1.924806835806631177e-12
5.630437580441871978e+04 1.940672396949715573e-12
5.631849706849710492e+04 1.986136090443651073e-12
5.633261833259886043e+04 2.043885987110657833e-12
5.634673959668982570e+04 2.054842767744425387e-12
5.636086086090028402e+04 2.067288272526254161e-12
5.637498212499669171e+04 2.123128947404023966e-12
5.638910338908960694e+04 2.126111723513147192e-12
5.640322465320226183e+04 2.175422630775767155e-12
5.641734591731146793e+04 2.233576508863644422e-12
5.643146718151407549e+04 2.207604352846572937e-12
5.644558844559224235e+04 2.204671258593692525e-12
5.645970970968629263e+04 2.195282719717039230e-12
5.647383097378948878e+04 2.205545819097957319e-12
5.648795223800913664e+04 2.171459803464941249e-12
5.650207350209232391e+04 2.153865100612084561e-12
5.651619476621384092e+04 2.138182816236266271e-12
5.653031603030749102e+04 2.119141212567413694e-12
5.654443729441137111e+04 2.152868799580726066e-12
5.655855855858902942e+04 2.153177546344186950e-12
5.657267982271489018e+04 2.180966353399587169e-12
5.658680108679406840e+04 2.164418832192257382e-12
5.660092235088531743e+04 2.159064113734680400e-12
5.661504361499815423e+04 2.200897835035084580e-12
5.662916487918479106e+04 2.172632321911338220e-12
5.664328614328570256e+04 2.147129013438435391e-12
5.665740740740407637e+04 2.163640039126702251e-12
