5.300000000000045111e+04 -1.065199283449428552e-12
5.301412126411985810e+04 -1.096636416017905652e-12
5.302824252822619019e+04 -1.206632422319383764e-12
5.304236379241426766e+04 -1.226750382248836762e-12
5.305648505647886486e+04 -1.218131526920840865e-12
5.307060632061682554e+04 -1.260292769860261223e-12
5.308472758471099223e+04 -1.239146616863338038e-12
5.309884884879976744e+04 -1.213794526878930470e-12
5.311297011297704739e+04 -1.236979843916782267e-12
5.312709137712322990e+04 -1.252872674440424656e-12
5.314121264121031709e+04 -1.194079023934532543e-12
5.315533390529111784e+04 -1.238901664198514669e-12
5.316945516947786382e+04 -1.275869472793829329e-12
5.318357643360085058e+04 -1.285442816464924498e-12
5.319769769769172126e+04 -1.305226137485740298e-12
5.321181896180941840e+04 -1.360380720607032507e-12
5.322594022589035740e+04 -1.335432328182248660e-12
5.324006149010179797e+04 -1.324957062474775597e-12
5.325418275417880068e+04 -1.356522095848778304e-12
5.326830401830350456e+04 -1.331205423052055416e-12
5.328242528237442457e+04 -1.324510309680123476e-12
5.329654654649727308e+04 -1.315654164059639485e-12
5.331066781067534612e+04 -1.265023348265313914e-12
5.332478907478359906e+04 -1.288592319069759218e-12
5.333891033890861581e+04 -1.278829726964470709e-12
5.335303160300606396e+04 -1.205523494604987386e-12
5.336715286717766867e+04 -1.189808771669412250e-12
5.338127413129072374e+04 -1.182362162008795534e-12
5.339539539539487305e+04 -1.133802765194182644e-12
5.340951665952250914e+04 -1.162039604575486485e-12
5.342363792358849605e+04 -1.218009464113285397e-12
5.343775918777789047e+04 -1.185777488121196268e-12
5.345188045192350546e+04 -1.116230099404663449e-12
5.346600171601008333e+04 -1.143959519462410342e-12
5.348012298008677317e+04 -1.166242476614036677e-12
5.349424424419634306e+04 -1.146134173706225576e-12
5.350836550841526332e+04 -1.151479541947499730e-12
5.352248677250350011e+04 -1.077848181751071782e-12
5.353660803660997044e+04 -1.042036053503896294e-12
5.355072930067859124e+04 -1.005844941888503450e-12
5.356485056490315037e+04 -1.016025437348475754e-12
5.357897182902439090e+04 -9.904394382454046878e-13
5.359309309310364188e+04 -1.002325212912406378e-12
5.360721435721696616e+04 -9.790782076960052925e-13
5.362133562132692168e+04 -9.684360238965741711e-13
5.363545688552128559e+04 -9.486679789704464203e-13
5.364957814962269185e+04 -9.615802682805016768e-13
5.366369941368854052e+04 -9.791343497764830919e-13
5.367782067782221566e+04 -9.147492107648994692e-13
5.369194194187906396e+04 -9.101087807784999318e-13
5.370606320610848343e+04 -8.994570615823844813e-13
5.372018447019952146e+04 -9.471385208022794217e-13
5.373430573431398079e+04 -9.054161980102350309e-13
5.374842699837694090e+04 -9.173139405730750385e-13
5.376254826249930920e+04 -9.408401966923732936e-13
5.377666952672626940e+04 -9.005996550850744580e-13
5.379079079078928044e+04 -9.506375248855831715e-13
5.380491205491834990e+04 -9.274077417631934463e-13
5.381903331898681063e+04 -9.384556664215376137e-13
5.383315458321000915e+04 -9.279401671780550027e-13
5.384727584728928923e+04 -9.232488493093503050e-13
5.386139711138551502e+04 -9.289318484332211859e-13
5.387551837550493656e+04 -8.745758061342552965e-13
5.388963963958773820e+04 -9.263189551417932948e-13
5.390376090380748064e+04 -9.567600279566269124e-13
5.391788216792331514e+04 -9.503318083918887587e-13
5.393200343198253540e+04 -9.511352142125233588e-13
5.394612469609748950e+04 -9.490264320458026852e-13
5.396024596021628531e+04 -9.407070903386579550e-13
5.397436722441756137e+04 -9.292527437216374311e-13
5.398848848849583010e+04 -9.824886688100976461e-13
5.400260975261551357e+04 -9.609917980851283351e-13
5.401673101669878815e+04 -8.805412670599066601e-13
5.403085228092454781e+04 -8.970326383254205045e-13
5.404497354502459348e+04 -9.023053234919684052e-13
5.405909480908718251e+04 -9.038304031616579017e-13
5.407321607319536997e+04 -8.782107382702932376e-13
5.408733733731885877e+04 -8.223831312830293317e-13
5.410145860148708016e+04 -8.047144304269041415e-13
5.411557986557740514e+04 -8.701443764751806639e-13
5.412970112971129856e+04 -8.490059588255678198e-13
5.414382239379966632e+04 -8.344566948847318275e-13
5.415794365789301082e+04 -7.976792536732211836e-13
5.417206492208502459e+04 -7.480529627295956536e-13
5.418618618618127948e+04 -7.359885453247128245e-13
5.420030745030949765e+04 -7.207755010146908168e-13
5.421442871442391333e+04 -7.315419368709162585e-13
5.422854997851375083e+04 -7.780904352847716663e-13
5.424267124271206558e+04 -7.710649885277053686e-13
5.425679250678224344e+04 -7.495955563931950577e-13
5.427091377092706534e+04 -7.379954544268574662e-13
5.428503503500817169e+04 -7.268119909156435680e-13
5.429915629920550418e+04 -7.849991220824384449e-13
5.431327756329953263e+04 -7.782889272157507881e-13
5.432739882741995098e+04 -7.921333502016785821e-13
5.434152009149371588e+04 -7.578644967178657080e-13
5.435564135558755515e+04 -7.554177917686497600e-13
5.436976261980975687e+04 -7.359782315282991707e-13
5.438388388391079934e+04 -7.377199009226746901e-13
5.439800514797993674e+04 -7.180014789792916946e-13
5.441212641208947025e+04 -7.375572153792447084e-13
5.442624767622251966e+04 -7.465578514494854626e-13
5.444036894040494371e+04 -6.797118016936256144e-13
5.445449020451477554e+04 -6.154013890560576718e-13
5.446861146857530548e+04 -5.411171460866545573e-13
5.448273273271130165e+04 -5.685391955512823736e-13
5.449685399688025791e+04 -5.070934885175804915e-13
5.451097526098110393e+04 -4.755377472903466748e-13
5.452509652508460567e+04 -4.671874641939610841e-13
5.453921778922640806e+04 -4.107235154279700115e-13
5.455333905331080314e+04 -3.596507631873173393e-13
5.456746031752401177e+04 -3.513989476566919343e-13
5.458158158160433231e+04 -3.067293115895063394e-13
5.459570284567561612e+04 -2.508458544216630298e-13
5.460982410979638371e+04 -2.420213312901832101e-13
5.462394537389232573e+04 -2.121323384833768511e-13
5.463806663810345344e+04 -1.496883337968095256e-13
5.465218790222334064e+04 -8.441815429297794137e-14
5.466630916631146101e+04 -4.219755837419627499e-14
5.468043043038317410e+04 -3.657731202148540139e-16
5.469455169459036551e+04 5.137659748759381324e-14
5.470867295867899520e+04 4.645983559728201724e-14
5.472279422279494611e+04 8.824744666662397514e-14
5.473691548689375486e+04 1.408306835820411661e-13
5.475103675097953237e+04 1.379556641817615022e-13
5.476515801518205262e+04 1.631816534100175781e-13
5.477927927932020975e+04 1.377809134425269365e-13
5.479340054337768379e+04 1.905931944782994599e-13
5.480752180751317064e+04 1.858541023262071784e-13
5.482164307157922303e+04 2.448062058270009434e-13
5.483576433581270976e+04 3.124577047027847682e-13
5.484988559990132489e+04 3.633868421933761168e-13
5.486400686400417908e+04 4.063101384678102943e-13
5.487812812812036282e+04 3.953695356721473815e-13
5.489224939218682266e+04 3.861460826793860064e-13
5.490637065640158107e+04 4.071811677649303347e-13
5.492049192049725389e+04 4.157381159894530580e-13
5.493461318458719325e+04 4.115557742437639078e-13
5.494873444869796367e+04 4.604704132348496985e-13
5.496285571288401115e+04 4.933943865863130664e-13
5.497697697701934521e+04 5.260692720243908005e-13
5.499109824108521570e+04 6.440645517943099312e-13
5.500521950517562072e+04 7.145852320724034842e-13
5.501934076927505521e+04 7.300956250790294616e-13
5.503346203349527786e+04 7.840721975099470151e-13
5.504758329759482149e+04 8.178166041761239113e-13
5.506170456171628757e+04 8.753084297846950200e-13
5.507582582581281895e+04 8.956884914980082869e-13
5.508994708987613558e+04 9.512101873916454489e-13
5.510406835409257474e+04 9.693515714834062186e-13
5.511818961819538526e+04 9.768576800733337754e-13
5.513231088227772125e+04 9.469577896703167185e-13
5.514643214639840153e+04 9.783708891471509685e-13
5.516055341057495389e+04 9.721647081052042120e-13
5.517467467468682298e+04 9.487948130315350237e-13
5.518879593879544700e+04 9.622229867622037868e-13
5.520291720289774821e+04 9.842143359152297701e-13
5.521703846700130816e+04 1.008848352149330619e-12
5.523115973118374677e+04 1.019254778130740944e-12
5.524528099527772429e+04 1.032087476068472241e-12
5.525940225938429649e+04 1.058367029330376296e-12
5.527352352349479042e+04 1.050156468985405406e-12
5.528764478762177168e+04 1.015249133123609772e-12
5.530176605178385216e+04 1.018235074485318868e-12
5.531588731592649128e+04 1.009286591196943275e-12
5.533000857998558058e+04 9.990078227711430157e-13
5.534412984411609796e+04 9.617831909151324805e-13
5.535825110829432379e+04 9.574755268130212896e-13
5.537237237241402909e+04 9.166640290042589190e-13
5.538649363652568718e+04 9.421737449338557565e-13
5.540061490057922492e+04 9.383603646598688058e-13
5.541473616471077548e+04 8.977855003688227723e-13
5.542885742892222333e+04 9.667190235988127768e-13
5.544297869301567698e+04 9.770390472102676518e-13
5.545709995709282521e+04 9.225230437669244174e-13
5.547122122117375693e+04 9.360742046548272975e-13
5.548534248530244076e+04 9.201590437889498290e-13
5.549946374949501478e+04 9.751848990550040004e-13
5.551358501361803064e+04 9.726558783344113552e-13
5.552770627770186547e+04 9.734397268618464187e-13
5.554182754182446661e+04 9.947834474400701780e-13
5.555594880590340472e+04 1.010150614896499393e-12
5.557007007008321671e+04 1.021192215057042747e-12
5.558419133419122227e+04 9.771884999582988100e-13
5.559831259829950432e+04 9.830677531139269536e-13
5.561243386241624103e+04 1.018222620089649672e-12
5.562655512661657121e+04 9.907225360521563438e-13
5.564067639067840355e+04 1.045718033728766850e-12
5.565479765479738853e+04 1.142592993642779937e-12
5.566891891888688406e+04 1.037813384477422400e-12
5.568304018298220763e+04 1.018689659927247546e-12
5.569716144721897581e+04 1.024236536398451804e-12
5.571128271128275082e+04 1.016604327052372831e-12
5.572540397540218692e+04 9.988303476328557629e-13
5.573952523949043098e+04 9.717879626362086137e-13
5.575364650360683299e+04 9.954232920175791546e-13
5.576776776779095235e+04 9.959160190462449472e-13
5.578188903188131371e+04 9.276106643978240481e-13
5.579601029601429036e+04 8.801251673097879241e-13
5.581013156010850798e+04 8.386294561389446628e-13
5.582425282427686034e+04 8.018780913183665997e-13
5.583837408840824355e+04 8.155405633675635237e-13
5.585249535247373569e+04 7.945089810808012072e-13
5.586661661659253878e+04 7.615390821453073765e-13
5.588073788070987939e+04 7.600243162720316349e-13
5.589485914490175492e+04 7.433945844546294089e-13
5.590898040901065542e+04 7.138753315192546750e-13
5.592310167307648953e+04 6.754317256871136175e-13
5.593722293721629831e+04 6.545021137648934480e-13
5.595134420132364176e+04 6.538381387957751015e-13
5.596546546549819323e+04 6.368542351015277957e-13
5.597958672958751413e+04 6.479526584423123600e-13
5.599370799369530141e+04 6.897278151159850211e-13
5.600782925780719961e+04 7.044504675965292103e-13
5.602195052202462102e+04 7.511015201747238597e-13
5.603607178609358380e+04 7.646666922577545851e-13
5.605019305020206957e+04 7.877112162445639110e-13
5.606431431431171950e+04 8.116563487182077185e-13
5.607843557842045993e+04 8.478208001428710894e-13
5.609255684262543218e+04 8.774762730308785618e-13
5.610667810668197490e+04 9.133410405597499886e-13
5.612079937081080425e+04 8.575967223435243350e-13
5.613492063488076383e+04 8.761911350777550325e-13
5.614904189901304926e+04 8.203681984888670751e-13
5.616316316321730119e+04 8.407614929975789635e-13
5.617728442731410905e+04 8.237744757044143587e-13
5.619140569140423031e+04 8.325688358463826427e-13
5.620552695552049408e+04 8.420287277569279227e-13
5.621964821959396068e+04 8.303667430121086104e-13
5.623376948377482040e+04 8.242368451436362844e-13
5.624789074790958693e+04 7.959420149824973461e-13
5.626201201197780756e+04 7.727815094360180278e-13
5.627613327607792598e+04 7.825955732234082867e-13
5.629025454028432432e+04 8.144235597559752493e-13
5.630437580439574958e+04 8.547968185171249631e-13
5.631849706850900839e+04 8.764090870019673738e-13
5.633261833257810213e+04 8.492437148480860067e-13
5.634673959670999466e+04 8.368134495704181257e-13
5.636086086092005280e+04 8.135206160699526926e-13
5.637498212498861540e+04 8.206717743833057438e-13
5.638910338909061829e+04 8.448675515697937337e-13
5.640322465319062030e+04 8.246034714161506611e-13
5.641734591728665691e+04 8.256582030493925522e-13
5.643146718149131630e+04 8.172569347707357871e-13
5.644558844562223385e+04 8.246750841912489412e-13
5.645970970969586779e+04 8.466524221491470792e-13
5.647383097378376260e+04 8.779744488576496276e-13
5.648795223798639927e+04 8.858705357119713033e-13
5.650207350211910671e+04 8.262248780523445992e-13
5.651619476618614135e+04 8.130411218366855215e-13
5.653031603028124664e+04 7.684870781293053576e-13
5.654443729439725576e+04 7.301018522768640596e-13
5.655855855861657619e+04 7.071445090597397106e-13
5.657267982271146320e+04 6.864289570630852586e-13
5.658680108681398269e+04 6.342388120109795992e-13
5.660092235090509348e+04 5.730379116921520649e-13
5.661504361502666143e+04 5.687325827892287473e-13
5.662916487922304805e+04 5.780570331468707144e-13
5.664328614328714320e+04 5.601631801690368282e-13
5.665740740740732872e+04 5.328055432820110382e-13
