5.299999999999882857e+04 -6.695692015270033666e-13
5.301412126408072072e+04 -6.985255345518628677e-13
5.302824252820738911e+04 -6.908003338749039248e-13
5.304236379241241229e+04 -6.685874172846872142e-13
5.305648505650454172e+04 -7.503566514545609891e-13
5.307060632059299678e+04 -7.176598878816651223e-13
5.308472758470129338e+04 -7.097149788239408171e-13
5.309884884882078040e+04 -6.815891309703428063e-13
5.311297011302211467e+04 -7.331344393575764029e-13
5.312709137710330833e+04 -7.537468090180665878e-13
5.314121264120790147e+04 -7.882826861640469529e-13
5.315533390532485646e+04 -7.617778310605883337e-13
5.316945516951692116e+04 -7.411167762936092340e-13
5.318357643359576468e+04 -7.845264762534331588e-13
5.319769769769592676e+04 -7.957775466336258957e-13
5.321181896181065531e+04 -8.352412513615924996e-13
5.322594022591090470e+04 -8.606022470016273698e-13
5.324006149010443187e+04 -9.392997011126823995e-13
5.325418275420030113e+04 -9.584045643532774062e-13
5.326830401832279313e+04 -1.032206952302819488e-12
5.328242528239253443e+04 -1.016893850646450053e-12
5.329654654649334407e+04 -1.056817658495423772e-12
5.331066781069309945e+04 -1.056618877013198629e-12
5.332478907481134229e+04 -1.081686896073671139e-12
5.333891033891596453e+04 -1.072547566241337623e-12
5.335303160298854345e+04 -1.044539486313317340e-12
5.336715286717423442e+04 -1.060279015621778660e-12
5.338127413131101639e+04 -1.012040349635141050e-12
5.339539539540333499e+04 -1.048464410323196347e-12
5.340951665949880407e+04 -1.073494712858484040e-12
5.342363792358198407e+04 -1.102670369401606879e-12
5.343775918780379288e+04 -1.080824804069442228e-12
5.345188045191595302e+04 -1.087982476879554674e-12
5.346600171598795714e+04 -1.083574357998555293e-12
5.348012298007308709e+04 -1.083782472396451110e-12
5.349424424422237644e+04 -1.054825032891898807e-12
5.350836550842085853e+04 -1.037283000055845308e-12
5.352248677251784829e+04 -1.051262360711921935e-12
5.353660803660963575e+04 -1.080721276056434237e-12
5.355072930069200811e+04 -1.077159758463963134e-12
5.356485056488766713e+04 -1.101197500606881740e-12
5.357897182897252060e+04 -1.094207242985090440e-12
5.359309309307265357e+04 -1.131455005642811719e-12
5.360721435718300199e+04 -1.174260182827794906e-12
5.362133562129647180e+04 -1.154011027153461563e-12
5.363545688551661442e+04 -1.171993727554176683e-12
5.364957814960846008e+04 -1.101008917980956647e-12
5.366369941371300956e+04 -1.088651367907835820e-12
5.367782067779327917e+04 -1.097935790903381171e-12
5.369194194190951384e+04 -1.033402046586807012e-12
5.370606320609560498e+04 -1.066578733699557211e-12
5.372018447018586448e+04 -1.042398207568438307e-12
5.373430573431027005e+04 -1.017002285656357107e-12
5.374842699840851128e+04 -9.629622023162602320e-13
5.376254826249254256e+04 -9.568794504739209177e-13
5.377666952670938190e+04 -8.848162561704106442e-13
5.379079079078160430e+04 -8.805288878993786418e-13
5.380491205489695130e+04 -8.465643872452638011e-13
5.381903331898374017e+04 -8.179279230672858780e-13
5.383315458317979210e+04 -7.733650788361801958e-13
5.384727584729941009e+04 -8.178640358919725203e-13
5.386139711138504936e+04 -7.609278622251686840e-13
5.387551837548344338e+04 -7.576888594092795516e-13
5.388963963961814443e+04 -7.161194757178584577e-13
5.390376090379938978e+04 -7.411420810031083979e-13
5.391788216787769488e+04 -7.428701136365853482e-13
5.393200343199043709e+04 -7.865520076008695094e-13
5.394612469611799315e+04 -7.382529182014354447e-13
5.396024596018131706e+04 -6.893318909989503946e-13
5.397436722438610741e+04 -6.621783020407469017e-13
5.398848848852205992e+04 -6.183251442631225658e-13
5.400260975261113344e+04 -6.245806993688095448e-13
5.401673101671022596e+04 -6.719822894138409151e-13
5.403085228091601311e+04 -6.474449957434717233e-13
5.404497354501351219e+04 -6.484868185360825085e-13
5.405909480907330726e+04 -6.916745490479425006e-13
5.407321607321862393e+04 -6.648361624787851483e-13
5.408733733729524829e+04 -6.675821564297557797e-13
5.410145860150636145e+04 -6.802810795420510860e-13
5.411557986561362486e+04 -7.029625662283165111e-13
5.412970112967471505e+04 -7.349819717978896334e-13
5.414382239378373197e+04 -7.434416344518889674e-13
5.415794365789737640e+04 -7.396599755083378137e-13
5.417206492212142621e+04 -7.681705896481983333e-13
5.418618618621261703e+04 -7.453590194362948569e-13
5.420030745030618709e+04 -7.407972442014168134e-13
5.421442871439376904e+04 -7.077895117269953529e-13
5.422854997851228836e+04 -6.768954441129427288e-13
5.424267124269397027e+04 -6.601608528058501260e-13
5.425679250677550590e+04 -6.649931863795554856e-13
5.427091377092457697e+04 -6.702477141178318800e-13
5.428503503501939849e+04 -6.475519875189966174e-13
5.429915629921969230e+04 -6.691797206750927557e-13
5.431327756332002173e+04 -6.752597784799188111e-13
5.432739882738419692e+04 -6.977850109904177449e-13
5.434152009151191305e+04 -6.741178914368172406e-13
5.435564135559040733e+04 -7.194877923343819975e-13
5.436976261980705749e+04 -7.284697134034433536e-13
5.438388388387824671e+04 -6.971322841872157486e-13
5.439800514797467622e+04 -6.846973767512155727e-13
5.441212641208004788e+04 -6.679185262564058665e-13
5.442624767619680642e+04 -7.139049768819951921e-13
5.444036894039163599e+04 -7.169122924717476950e-13
5.445449020451272372e+04 -7.214956200067315067e-13
5.446861146861314046e+04 -7.079550026028071879e-13
5.448273273267854529e+04 -6.591478947008810397e-13
5.449685399689203041e+04 -6.381190075977225277e-13
5.451097526101732365e+04 -6.436202321997091341e-13
5.452509652509712032e+04 -5.850984250251269243e-13
5.453921778918736527e+04 -5.624092410888238474e-13
5.455333905332435825e+04 -5.791480658834370982e-13
5.456746031748886890e+04 -6.161456679149310598e-13
5.458158158161640313e+04 -5.596536255753059494e-13
5.459570284570202784e+04 -5.094052076038094175e-13
5.460982410979380802e+04 -4.662113192919191626e-13
5.462394537391621998e+04 -4.591152244821088391e-13
5.463806663811745966e+04 -4.380567029663050346e-13
5.465218790221840754e+04 -4.056101000196362828e-13
5.466630916629824787e+04 -3.921691620037009779e-13
5.468043043039876648e+04 -3.743165451286239086e-13
5.469455169462039339e+04 -3.676665059585017239e-13
5.470867295868248766e+04 -3.656963948113372334e-13
5.472279422279002029e+04 -3.377661533243238042e-13
5.473691548690779018e+04 -2.939472483093675335e-13
5.475103675100051623e+04 -2.745979011644481700e-13
5.476515801520795503e+04 -3.191372687829386711e-13
5.477927927931486920e+04 -3.084253907678909012e-13
5.479340054338256596e+04 -3.118622129097504705e-13
5.480752180747617240e+04 -3.185930732052691093e-13
5.482164307161907345e+04 -3.796607458298401777e-13
5.483576433581462334e+04 -3.656425140610729138e-13
5.484988559988275665e+04 -3.111282801186500971e-13
5.486400686400344421e+04 -2.896048447005655940e-13
5.487812812810783362e+04 -2.641735154383107117e-13
5.489224939221522072e+04 -2.232549342375821760e-13
5.490637065639899083e+04 -1.996136004716082140e-13
5.492049192048743862e+04 -1.943633062208525937e-13
5.493461318460064649e+04 -1.961690810797109172e-13
5.494873444868367369e+04 -1.248894668300445373e-13
5.496285571291461383e+04 -7.537228761213506932e-14
5.497697697697574768e+04 -7.832649217662709864e-14
5.499109824112411297e+04 -5.211504662304528874e-14
5.500521950519651728e+04 5.476547884473704153e-15
5.501934076931080199e+04 4.862887104615999225e-14
5.503346203349361895e+04 8.014680077577307156e-14
5.504758329760863853e+04 1.045724843205947100e-13
5.506170456169034878e+04 1.635303407098159826e-13
5.507582582578110305e+04 2.483016948256668808e-13
5.508994708988175262e+04 3.202571276286485657e-13
5.510406835408050392e+04 3.710558989778449726e-13
5.511818961820282857e+04 4.088817251134018038e-13
5.513231088231302419e+04 4.403373071177090090e-13
5.514643214638233621e+04 4.294949607145212649e-13
5.516055341059377679e+04 4.723740314998670497e-13
5.517467467468529503e+04 4.630441947290990282e-13
5.518879593881431356e+04 4.521741382257753036e-13
5.520291720291000820e+04 4.361015104219300912e-13
5.521703846701095608e+04 4.539437360094561489e-13
5.523115973118013062e+04 4.793161813089222179e-13
5.524528099529744213e+04 4.380689275315813733e-13
5.525940225937652576e+04 4.241877068134862190e-13
5.527352352352121670e+04 4.081450982847882220e-13
5.528764478761146165e+04 3.623610853351920051e-13
5.530176605179288890e+04 3.133049713945443594e-13
5.531588731589380768e+04 2.716205138150587462e-13
5.533000858000011067e+04 2.763689473633524700e-13
5.534412984408714692e+04 2.559727742132978274e-13
5.535825110831905477e+04 2.610775904383398152e-13
5.537237237242238189e+04 2.337739051043999928e-13
5.538649363648854342e+04 2.689364827268920596e-13
5.540061490062285884e+04 3.292883110979515695e-13
5.541473616470047273e+04 2.845765250786152257e-13
5.542885742887968081e+04 2.657713735113654744e-13
5.544297869298337901e+04 3.155240885804303474e-13
5.545709995707646885e+04 3.479572213395330067e-13
5.547122122119660344e+04 3.589050200682381045e-13
5.548534248530445620e+04 4.110954542242613750e-13
5.549946374947572622e+04 4.375147255288626724e-13
5.551358501361784874e+04 4.467860631993438036e-13
5.552770627772288572e+04 4.899276102109772289e-13
5.554182754180582560e+04 4.928348615502389464e-13
5.555594880592384288e+04 4.727150196765398084e-13
5.557007007008029177e+04 4.398200519151715818e-13
5.558419133420511935e+04 4.091595958397648992e-13
5.559831259830435010e+04 4.702980831646834340e-13
5.561243386241851113e+04 4.562906275459689532e-13
5.562655512661983084e+04 4.674100749505160478e-13
5.564067639071275335e+04 4.830785971273789394e-13
5.565479765479654452e+04 5.078368018738318261e-13
5.566891891892176500e+04 5.385318955744084464e-13
5.568304018302427721e+04 6.067603199091070421e-13
5.569716144718796568e+04 6.323290450845359064e-13
5.571128271129699715e+04 6.210471857041920577e-13
5.572540397537661192e+04 6.720938085046043447e-13
5.573952523951050534e+04 6.748994561433675849e-13
5.575364650359020015e+04 6.473356037581514580e-13
5.576776776777542545e+04 6.767652695525204402e-13
5.578188903189194389e+04 7.008807539208204193e-13
5.579601029597525485e+04 7.772482504454456906e-13
5.581013156010676175e+04 7.819928353687204875e-13
5.582425282431251253e+04 7.982994595737136149e-13
5.583837408837755356e+04 8.531793128929299888e-13
5.585249535251676571e+04 8.751195544005592108e-13
5.586661661658840603e+04 9.538924415619843788e-13
5.588073788067647547e+04 9.584476741343303375e-13
5.589485914488484559e+04 9.813246709715546616e-13
5.590898040899643820e+04 1.028349480627237667e-12
5.592310167312114208e+04 1.009180249133201849e-12
5.593722293720790913e+04 1.089059231125053083e-12
5.595134420128823695e+04 1.137609635738219829e-12
5.596546546549300547e+04 1.139022850845152562e-12
5.597958672961028788e+04 1.169168360893033052e-12
5.599370799369380984e+04 1.186178513751477465e-12
5.600782925778948993e+04 1.234983697340894201e-12
5.602195052202390070e+04 1.253031439504428448e-12
5.603607178612259304e+04 1.294230200606531339e-12
5.605019305020296451e+04 1.335995479311413356e-12
5.606431431427614734e+04 1.338046796446476223e-12
5.607843557837731350e+04 1.347439750667553959e-12
5.609255684258796100e+04 1.374008348622887841e-12
5.610667810669056053e+04 1.339449235403356122e-12
5.612079937079475349e+04 1.296396206767156954e-12
5.613492063487439009e+04 1.284256873732606665e-12
5.614904189900210622e+04 1.300415710736874799e-12
5.616316316318503232e+04 1.323468204874960248e-12
5.617728442729544622e+04 1.304793136833348498e-12
5.619140569139787840e+04 1.249887882589007530e-12
5.620552695551630313e+04 1.254364603210968269e-12
5.621964821959945402e+04 1.223171497432948755e-12
5.623376948382292903e+04 1.161947570632611094e-12
5.624789074790151790e+04 1.152623121936869389e-12
5.626201201198693161e+04 1.156306256079937247e-12
5.627613327610443957e+04 1.200976476949069746e-12
5.629025454030297988e+04 1.196307325076164886e-12
5.630437580437243741e+04 1.236168304121705284e-12
5.631849706850246002e+04 1.301959779094449227e-12
5.633261833259478590e+04 1.293478179277842302e-12
5.634673959671428020e+04 1.263953837308008952e-12
5.636086086090195022e+04 1.272034410397648686e-12
5.637498212500655063e+04 1.292774650624391118e-12
5.638910338911528379e+04 1.374316238624398152e-12
5.640322465318881586e+04 1.399630184823577229e-12
5.641734591731538239e+04 1.406460724507084831e-12
5.643146718150780362e+04 1.439533498744325317e-12
5.644558844562319427e+04 1.507126899950908859e-12
5.645970970971640781e+04 1.549211614532357866e-12
5.647383097379677929e+04 1.572983031823970006e-12
5.648795223797700601e+04 1.537378632049310397e-12
5.650207350212428719e+04 1.490456195819129614e-12
5.651619476622181537e+04 1.543606477054861547e-12
5.653031603029593680e+04 1.498190392657070173e-12
5.654443729440322204e+04 1.575787909737729400e-12
5.655855855857922143e+04 1.497261334577512723e-12
5.657267982267942716e+04 1.509614651163112599e-12
5.658680108680250123e+04 1.607600644143788766e-12
5.660092235091698967e+04 1.613154979771035896e-12
5.661504361497850914e+04 1.652311660438121264e-12
5.662916487919098290e+04 1.669000837969990994e-12
5.664328614330266282e+04 1.688612661341198049e-12
5.665740740738504246e+04 1.675548118852109135e-12
