5.299999999999922875e+04 4.937038963745391035e-13
5.301412126412527141e+04 4.941398771457720223e-13
5.302824252823051938e+04 4.743218961660154663e-13
5.304236379240662791e+04 4.548321901248159844e-13
5.305648505650569859e+04 4.514929398235901822e-13
5.307060632063273806e+04 4.495949401272493981e-13
5.308472758471944690e+04 4.410355594519470004e-13
5.309884884879047604e+04 4.434103837694475950e-13
5.311297011301318707e+04 4.202517207213927697e-13
5.312709137708130584e+04 4.119227775680301867e-13
5.314121264117436658e+04 3.781618947438419144e-13
5.315533390530373435e+04 3.288682789970446159e-13
5.316945516949744342e+04 3.339488659652645691e-13
5.318357643356745393e+04 2.703653526961225856e-13
5.319769769768989499e+04 2.455597572357859584e-13
5.321181896182813216e+04 2.805761612244074311e-13
5.322594022587322979e+04 2.702717489993431632e-13
5.324006149012316746e+04 2.399506788690391060e-13
5.325418275422101578e+04 2.308826975807754125e-13
5.326830401829529001e+04 1.893108325858637498e-13
5.328242528241295804e+04 2.502166643133202165e-13
5.329654654652470344e+04 2.445674348871653251e-13
5.331066781072875165e+04 2.737167345291019730e-13
5.332478907480237103e+04 2.853731043588340409e-13
5.333891033887897356e+04 3.007270665368703408e-13
5.335303160300749005e+04 2.804930263621362262e-13
5.336715286720300355e+04 2.709573960782523036e-13
5.338127413129918568e+04 2.557884243641142070e-13
5.339539539539324323e+04 2.562559501969755592e-13
5.340951665949879680e+04 2.123146800459557765e-13
5.342363792361666128e+04 1.935897531562717286e-13
5.343775918782192457e+04 2.137076508493440060e-13
5.345188045188859542e+04 2.450641502938907895e-13
5.346600171598949237e+04 2.414473527154381935e-13
5.348012298006681522e+04 2.045906507830300859e-13
5.349424424421571894e+04 2.443808433074011170e-13
5.350836550841826102e+04 2.205946660026475713e-13
5.352248677247638989e+04 2.411069308497825801e-13
5.353660803663232946e+04 1.811663256639842476e-13
5.355072930072079907e+04 1.920864285208909185e-13
5.356485056492793228e+04 1.690751912952636809e-13
5.357897182902524946e+04 1.570636200688056031e-13
5.359309309307017247e+04 1.201877047460059168e-13
5.360721435722387105e+04 8.664826856235631926e-14
5.362133562129621714e+04 1.655683511186733587e-14
5.363545688551985222e+04 9.639768245387231673e-15
5.364957814963105193e+04 -4.898117492043392380e-15
5.366369941368293075e+04 -5.820887136516366902e-14
5.367782067776846816e+04 -9.020729510920287580e-14
5.369194194188273832e+04 -9.165322589892682977e-14
5.370606320611207775e+04 -1.210913422105314914e-13
5.372018447022805049e+04 -1.412885567203484535e-13
5.373430573431075754e+04 -1.759101009038715360e-13
5.374842699842436559e+04 -1.722075820452104378e-13
5.376254826251570921e+04 -2.133094579520823530e-13
5.377666952668808517e+04 -2.169048252104828299e-13
5.379079079077940696e+04 -2.366315579812243604e-13
5.380491205490617722e+04 -2.051757893529878504e-13
5.381903331897970929e+04 -2.459535008783816264e-13
5.383315458316721197e+04 -2.324410682717211589e-13
5.384727584730977105e+04 -2.897955018457116827e-13
5.386139711143120803e+04 -3.263393703704623094e-13
5.387551837551344215e+04 -3.265837252841601052e-13
5.388963963962047274e+04 -3.386438226376327507e-13
5.390376090377636865e+04 -3.127146133276665250e-13
5.391788216789172293e+04 -3.259048521569915643e-13
5.393200343200250791e+04 -3.437230548155046548e-13
5.394612469612844870e+04 -3.242702360206017889e-13
5.396024596022977494e+04 -3.568344694791206935e-13
5.397436722437675053e+04 -3.730574680840984332e-13
5.398848848847402405e+04 -4.132942487723144066e-13
5.400260975258098915e+04 -4.162767581423276324e-13
5.401673101672736811e+04 -4.220870844571501874e-13
5.403085228089855809e+04 -4.243197789508568172e-13
5.404497354501619702e+04 -4.784995692509185305e-13
5.405909480908480327e+04 -4.490025811405499604e-13
5.407321607319304894e+04 -4.953423228587830228e-13
5.408733733730168024e+04 -4.660749101310418267e-13
5.410145860152204841e+04 -4.334683086834543425e-13
5.411557986559923302e+04 -4.614548287184247210e-13
5.412970112967290333e+04 -4.780758893602327344e-13
5.414382239382135594e+04 -4.839266130599811831e-13
5.415794365791604650e+04 -5.235623594846662480e-13
5.417206492211161822e+04 -5.525194020599283332e-13
5.418618618617524771e+04 -5.705366357368565353e-13
5.420030745031373954e+04 -5.724737396091545770e-13
5.421442871441668831e+04 -6.504377366098270491e-13
5.422854997853287932e+04 -7.177870743957152212e-13
5.424267124271947978e+04 -7.438394464646016626e-13
5.425679250681991834e+04 -7.609974967353020562e-13
5.427091377089300659e+04 -8.048749685772011654e-13
5.428503503499591898e+04 -8.494431371711251832e-13
5.429915629919023195e+04 -8.471128977723537088e-13
5.431327756326800591e+04 -9.030484963635826766e-13
5.432739882740535541e+04 -8.918525089266945795e-13
5.434152009148245997e+04 -9.249635850348195966e-13
5.435564135557231202e+04 -9.915808433816854972e-13
5.436976261979171250e+04 -9.817977791151308984e-13
5.438388388389809552e+04 -9.394642756190561963e-13
5.439800514800554811e+04 -9.336608464187332186e-13
5.441212641207218985e+04 -9.116088007595770798e-13
5.442624767619783233e+04 -8.800150898413497810e-13
5.444036894037204911e+04 -7.995947347767714134e-13
5.445449020447650400e+04 -7.432561476383553309e-13
5.446861146858069696e+04 -7.195941183945933691e-13
5.448273273273019004e+04 -6.634447092538787668e-13
5.449685399691846396e+04 -6.281216299955458518e-13
5.451097526098220987e+04 -6.271826371215376746e-13
5.452509652507688588e+04 -5.663362930066397529e-13
5.453921778919993085e+04 -5.702735600838028954e-13
5.455333905328042601e+04 -5.347898765878379252e-13
5.456746031751247210e+04 -5.175411785265721632e-13
5.458158158157742582e+04 -4.880018224271350640e-13
5.459570284567576891e+04 -4.923322250307716392e-13
5.460982410982564033e+04 -4.492420095438909152e-13
5.462394537392291386e+04 -4.157772099921469908e-13
5.463806663810744067e+04 -4.158846079179254669e-13
5.465218790217379137e+04 -3.826651485819507569e-13
5.466630916632698063e+04 -4.045822078573303123e-13
5.468043043036632298e+04 -3.877709839157493496e-13
5.469455169460531033e+04 -3.976052838900149426e-13
5.470867295866787754e+04 -4.196937857258115529e-13
5.472279422278516722e+04 -4.500617808672642486e-13
5.473691548690351192e+04 -4.669804027346236875e-13
5.475103675100116379e+04 -4.814584313712190712e-13
5.476515801519855449e+04 -5.513843340737191490e-13
5.477927927932752937e+04 -5.455582429257547535e-13
5.479340054338856135e+04 -5.819099775465897954e-13
5.480752180752836284e+04 -6.012347070722155542e-13
5.482164307161397301e+04 -5.733299671091682304e-13
5.483576433581222227e+04 -6.039699056223168797e-13
5.484988559992022056e+04 -6.576866039488384228e-13
5.486400686398953985e+04 -6.107931224664997210e-13
5.487812812807469163e+04 -6.080490561977561323e-13
5.489224939220970555e+04 -5.726993737834964277e-13
5.490637065641485242e+04 -5.264148089812596304e-13
5.492049192047130782e+04 -5.184043031410854443e-13
5.493461318457386369e+04 -4.430779597854493521e-13
5.494873444867931539e+04 -4.559125045670126468e-13
5.496285571291652741e+04 -3.930187027478241534e-13
5.497697697697576950e+04 -3.562235821948762041e-13
5.499109824108690373e+04 -3.265807693779460006e-13
5.500521950518700032e+04 -2.849773747167507832e-13
5.501934076927392744e+04 -2.504346546989366760e-13
5.503346203351068834e+04 -1.521133316018508202e-13
5.504758329760186461e+04 -1.868087734407260876e-13
5.506170456169522367e+04 -1.221847811842256348e-13
5.507582582578082656e+04 -1.562092323125032816e-13
5.508994708991863445e+04 -1.363593367828414850e-13
5.510406835408601182e+04 -8.942644321764837124e-14
5.511818961821748235e+04 -6.163599829487905027e-14
5.513231088232569891e+04 -3.624771982209063333e-14
5.514643214642191742e+04 -4.925370716407095764e-14
5.516055341057631449e+04 -3.993767607934186920e-14
5.517467467467976530e+04 -2.410781300083763165e-14
5.518879593879973254e+04 -1.053823287403815643e-14
5.520291720292146056e+04 1.742956642157635904e-14
5.521703846702962619e+04 2.415228245448027953e-14
5.523115973116600071e+04 6.371511652588453087e-14
5.524528099529034807e+04 1.030010807152360098e-13
5.525940225942950201e+04 1.248728160953329190e-13
5.527352352353135939e+04 9.840169064611750985e-14
5.528764478756758763e+04 7.341640072051621386e-14
5.530176605176860176e+04 2.865708352474801099e-14
5.531588731587124494e+04 -1.314140094657694630e-14
5.533000857999570871e+04 -4.880440941952982221e-14
5.534412984409843921e+04 -3.076648439910301441e-14
5.535825110832955397e+04 -2.105140597547225254e-14
5.537237237238159287e+04 -1.713581554387908709e-14
5.538649363651020394e+04 2.938728858053276803e-15
5.540061490063186648e+04 9.099918931186180915e-16
5.541473616468464752e+04 5.821910157182648381e-14
5.542885742891107657e+04 1.027527845932527539e-13
5.544297869299700687e+04 9.061287777199975225e-14
5.545709995707456983e+04 6.212680958684874478e-14
5.547122122121703433e+04 1.557098150227540192e-13
5.548534248526961892e+04 1.492945132361150830e-13
5.549946374948439188e+04 2.270653910308006273e-13
5.551358501362213428e+04 2.095654409413375427e-13
5.552770627771546424e+04 2.714926614285198022e-13
5.554182754181222845e+04 2.751569998319156230e-13
5.555594880587993975e+04 1.972471944451679973e-13
5.557007007009629160e+04 1.448665657274135873e-13
5.558419133417068224e+04 1.301274320419072496e-13
5.559831259832124488e+04 1.395459345420580173e-13
5.561243386239245592e+04 1.591071365648107021e-13
5.562655512659912347e+04 1.192930504652091061e-13
5.564067639071570738e+04 1.057333233591232433e-13
5.565479765481271897e+04 1.311826905603361155e-13
5.566891891891614068e+04 1.012708902779240883e-13
5.568304018298192386e+04 1.092902638367405881e-13
5.569716144723197795e+04 3.699668025675721513e-14
5.571128271131872316e+04 7.271585094777773691e-14
5.572540397539019614e+04 1.087650978327045629e-13
5.573952523951457988e+04 1.419086889091844400e-13
5.575364650362794055e+04 1.483909912366759838e-13
5.576776776778086059e+04 1.470283184719821368e-13
5.578188903187119286e+04 1.787905160444122848e-13
5.579601029600359470e+04 2.306479493622733934e-13
5.581013156011598039e+04 2.335476933582921964e-13
5.582425282430979860e+04 2.431839476162139955e-13
5.583837408837888506e+04 2.918421051083622151e-13
5.585249535251128691e+04 3.729167007483250200e-13
5.586661661656989600e+04 4.063322351965008380e-13
5.588073788071181480e+04 4.474528318427286225e-13
5.589485914489534480e+04 4.418543454732489151e-13
5.590898040898654290e+04 4.638856997889064734e-13
5.592310167313200509e+04 4.991644404540281735e-13
5.593722293722232280e+04 5.952540543594787424e-13
5.595134420133088861e+04 6.460936706376227489e-13
5.596546546552833024e+04 7.169506837975600584e-13
5.597958672960101831e+04 7.498420375437712320e-13
5.599370799367689324e+04 8.007309189254833450e-13
5.600782925779169454e+04 8.479525059975855832e-13
5.602195052196781762e+04 8.591189343723327357e-13
5.603607178607022070e+04 9.123360845486735868e-13
5.605019305021841137e+04 9.228571400666785653e-13
5.606431431430893281e+04 9.311060890081225399e-13
5.607843557837717526e+04 9.494001925671035365e-13
5.609255684261083661e+04 9.359724959385800767e-13
5.610667810668702441e+04 8.766740613777921358e-13
5.612079937079003867e+04 8.390355222517581177e-13
5.613492063492990565e+04 8.306555281348231334e-13
5.614904189901352947e+04 7.891634726076917133e-13
5.616316316317254677e+04 7.434218092467755053e-13
5.617728442732938129e+04 6.830021009287773329e-13
5.619140569140689331e+04 6.501964684627747371e-13
5.620552695553026570e+04 6.031187354930913455e-13
5.621964821959858818e+04 5.596166637403812437e-13
5.623376948380402609e+04 5.557444265999279976e-13
5.624789074787754362e+04 5.494503169680665911e-13
5.626201201200411742e+04 4.916061882646091075e-13
5.627613327610355191e+04 4.765084046251269206e-13
5.629025454029002140e+04 4.132855119141034722e-13
5.630437580436636199e+04 3.934947345087234387e-13
5.631849706850283837e+04 4.234420056657044934e-13
5.633261833263000881e+04 4.517694402173661946e-13
5.634673959671401826e+04 3.337952820048910185e-13
5.636086086086855357e+04 3.620970987026972984e-13
5.637498212500598311e+04 3.708189926383950240e-13
5.638910338907335245e+04 3.416599631385036721e-13
5.640322465317849856e+04 4.017515658667382073e-13
5.641734591730332613e+04 4.020491270922895823e-13
5.643146718149113440e+04 3.909467433521809075e-13
5.644558844561009755e+04 3.665506640652541902e-13
5.645970970971195493e+04 3.434315362628128177e-13
5.647383097377824743e+04 4.015682996814648353e-13
5.648795223800426902e+04 3.321419451291453486e-13
5.650207350207489071e+04 3.745414638640012144e-13
5.651619476616756583e+04 4.051922406999348128e-13
5.653031603026623634e+04 3.851236081104306166e-13
5.654443729438097216e+04 3.845107502220433908e-13
5.655855855858598079e+04 3.839668634786514837e-13
5.657267982272030349e+04 3.990222791290650910e-13
5.658680108677721728e+04 3.641701742608432411e-13
5.660092235089126189e+04 3.508646550891688307e-13
5.661504361497426726e+04 4.220527297450838820e-13
5.662916487922240776e+04 4.076633782949110797e-13
5.664328614330621349e+04 3.990084849000659869e-13
5.665740740741208720e+04 4.434948734220668996e-13
