5.299999999999967986e+04 6.899091969557818826e-14
5.301412126411357895e+04 4.354675246582772788e-14
5.302824252821825939e+04 -1.038648468230592311e-14
5.304236379241637769e+04 -6.716640588798939659e-14
5.305648505650161678e+04 -1.006931761713999431e-13
5.307060632061592332e+04 -1.664954424060219597e-13
5.308472758467348467e+04 -2.028007966657293481e-13
5.309884884879455785e+04 -2.291758700564795507e-13
5.311297011299695441e+04 -2.470683939709861758e-13
5.312709137709372590e+04 -2.704124475268676029e-13
5.314121264121208515e+04 -2.978464205591904533e-13
5.315533390529573808e+04 -2.901193891266568639e-13
5.316945516947867145e+04 -3.333219911969461439e-13
5.318357643358597124e+04 -4.398870563034136571e-13
5.319769769767282560e+04 -4.532624658979629266e-13
5.321181896182784112e+04 -5.309197105966838246e-13
5.322594022592860711e+04 -5.978799718077012608e-13
5.324006149012693641e+04 -6.365077471508452391e-13
5.325418275418673147e+04 -6.687240487386765080e-13
5.326830401829326729e+04 -7.326443704162335630e-13
5.328242528240949468e+04 -7.522357753558965974e-13
5.329654654647425923e+04 -7.668501562501049105e-13
5.331066781068695127e+04 -8.043499112779511619e-13
5.332478907481397619e+04 -8.365315127217319990e-13
5.333891033888716629e+04 -8.556376748734401022e-13
5.335303160301387106e+04 -9.357036296520035983e-13
5.336715286718805146e+04 -9.322879163587572339e-13
5.338127413127617911e+04 -9.176161026717370876e-13
5.339539539538124518e+04 -9.343721059939183222e-13
5.340951665947281435e+04 -9.705457059596966470e-13
5.342363792360346270e+04 -1.022812846868249358e-12
5.343775918777733023e+04 -1.083581551030607468e-12
5.345188045192327263e+04 -1.087385425000492611e-12
5.346600171600533940e+04 -1.080099569130270402e-12
5.348012298012768588e+04 -1.098961963469059977e-12
5.349424424418585113e+04 -1.108465440954627551e-12
5.350836550841975986e+04 -1.083415236399815978e-12
5.352248677251837216e+04 -1.102735359471970823e-12
5.353660803658926307e+04 -1.109479881910430580e-12
5.355072930067020206e+04 -1.138275465107686556e-12
5.356485056487308611e+04 -1.080393276070726815e-12
5.357897182901421911e+04 -1.044669072329911573e-12
5.359309309308736556e+04 -1.062437950767390654e-12
5.360721435719943838e+04 -1.038223905042301590e-12
5.362133562130007340e+04 -1.011611942352280122e-12
5.363545688547971804e+04 -1.014676963295259577e-12
5.364957814956893708e+04 -1.036838303963915210e-12
5.366369941371105961e+04 -9.972084466203834283e-13
5.367782067778333294e+04 -1.007003673745776038e-12
5.369194194187607354e+04 -1.031279570170816369e-12
5.370606320610609691e+04 -1.032869233820742221e-12
5.372018447020655003e+04 -9.848295826615787834e-13
5.373430573428895150e+04 -9.390285241959542369e-13
5.374842699841783178e+04 -9.103593266966096208e-13
5.376254826250941551e+04 -8.891837944716637114e-13
5.377666952670245519e+04 -8.573471253220059366e-13
5.379079079079601070e+04 -8.441155493624249942e-13
5.380491205489708955e+04 -8.144350425882876131e-13
5.381903331898337638e+04 -7.967081622300702204e-13
5.383315458319996833e+04 -8.037669712270532158e-13
5.384727584727980138e+04 -7.577605639637599257e-13
5.386139711142752640e+04 -7.363611165465849652e-13
5.387551837549462653e+04 -7.412525785930112285e-13
5.388963963957130181e+04 -7.678394319120759506e-13
5.390376090378728986e+04 -8.207095891837170571e-13
5.391788216787864076e+04 -8.738088065521038960e-13
5.393200343199841882e+04 -8.764425502816791388e-13
5.394612469612886343e+04 -8.496235051848584207e-13
5.396024596019677119e+04 -8.511618316353671371e-13
5.397436722439587902e+04 -8.393108796182813184e-13
5.398848848849862406e+04 -8.429639855166756030e-13
5.400260975259136467e+04 -8.279229690077031796e-13
5.401673101670190954e+04 -8.042418682830994406e-13
5.403085228089590964e+04 -7.848997115981228712e-13
5.404497354501177324e+04 -7.488144697751321143e-13
5.405909480908349360e+04 -7.308723981932141538e-13
5.407321607322939963e+04 -7.308808984702418679e-13
5.408733733730335371e+04 -7.026852558779390635e-13
5.410145860149314103e+04 -7.089669606013918085e-13
5.411557986562932638e+04 -6.457893226676902811e-13
5.412970112972813513e+04 -6.787938851426505678e-13
5.414382239380450483e+04 -6.730964626191001820e-13
5.415794365789257427e+04 -6.901433208151034764e-13
5.417206492212316516e+04 -7.021235665196102512e-13
5.418618618620394409e+04 -6.544016691372314696e-13
5.420030745028705132e+04 -6.406611950134935470e-13
5.421442871440068120e+04 -5.923514363672007051e-13
5.422854997850925429e+04 -6.112728293393072949e-13
5.424267124267517647e+04 -5.246075838291320251e-13
5.425679250682448037e+04 -5.260146033687131658e-13
5.427091377088456647e+04 -5.487564234817587890e-13
5.428503503501919477e+04 -5.268726839655070148e-13
5.429915629922898370e+04 -4.996075980162340450e-13
5.431327756328713440e+04 -4.700051595758508691e-13
5.432739882741640031e+04 -4.352157626165793184e-13
5.434152009147572244e+04 -4.334005060881689496e-13
5.435564135558125417e+04 -4.345021867292559527e-13
5.436976261982289725e+04 -4.499675460151099556e-13
5.438388388388858584e+04 -4.443886799869455744e-13
5.439800514796959760e+04 -5.008446120152617117e-13
5.441212641210536822e+04 -4.911276769151240762e-13
5.442624767619626073e+04 -4.727048922981410030e-13
5.444036894037495949e+04 -4.589223641722661493e-13
5.445449020450651733e+04 -4.114420536106739525e-13
5.446861146857216954e+04 -3.930966662529428276e-13
5.448273273268481717e+04 -4.058363446024222179e-13
5.449685399688471807e+04 -3.786010096227460959e-13
5.451097526102907432e+04 -3.817584151555263583e-13
5.452509652508588624e+04 -3.400357001311804496e-13
5.453921778917207121e+04 -3.094147942879812077e-13
5.455333905326984677e+04 -2.889362847793047742e-13
5.456746031750801922e+04 -3.149520536970100951e-13
5.458158158159939921e+04 -3.024969109364570956e-13
5.459570284567480121e+04 -2.836804292781921149e-13
5.460982410980555142e+04 -3.576863016876494370e-13
5.462394537388715253e+04 -3.153045915021578957e-13
5.463806663810738974e+04 -3.063262857374252299e-13
5.465218790218686627e+04 -2.454857766033332908e-13
5.466630916632958542e+04 -1.715798942947015395e-13
5.468043043042401405e+04 -1.694532591972773760e-13
5.469455169459108583e+04 -1.692982409872726600e-13
5.470867295870283851e+04 -1.914891089340243970e-13
5.472279422282111773e+04 -1.946646334783636557e-13
5.473691548687072645e+04 -2.143879604805812549e-13
5.475103675097625091e+04 -1.422434250486842954e-13
5.476515801519656816e+04 -1.142198012204415847e-13
5.477927927929446014e+04 -1.109861168859129550e-13
5.479340054341513314e+04 -8.844494804902066740e-14
5.480752180752775166e+04 -7.138645789497955938e-14
5.482164307160648605e+04 -2.716577988200049313e-14
5.483576433581716265e+04 -6.202250798299127545e-14
5.484988559990907379e+04 -3.943257439894021834e-14
5.486400686397231038e+04 -9.193610130088759050e-14
5.487812812811547337e+04 -5.442236555424580250e-14
5.489224939220643864e+04 -4.843951267576610070e-14
5.490637065640305082e+04 2.360379756634370260e-15
5.492049192048039549e+04 5.106696712521920524e-14
5.493461318462868803e+04 6.171803793239825638e-14
5.494873444870605454e+04 5.279565504284767999e-14
5.496285571289835934e+04 2.367706131853981725e-14
5.497697697699462151e+04 2.956462161770925530e-14
5.499109824109144392e+04 3.118392439148157671e-14
5.500521950520575774e+04 6.725306042641985597e-14
5.501934076930911397e+04 3.594385583547953931e-14
5.503346203349142161e+04 7.004540143001150313e-14
5.504758329757757747e+04 6.484233712307072643e-14
5.506170456168671080e+04 1.284839112292827202e-13
5.507582582582779287e+04 1.665781264203144856e-13
5.508994708992235246e+04 2.117817048874938159e-13
5.510406835412699729e+04 2.191939464556274866e-13
5.511818961820194818e+04 1.947997172267017940e-13
5.513231088231843023e+04 3.014768517750341668e-13
5.514643214640469523e+04 3.070306643551169441e-13
5.516055341060455976e+04 3.185635270581670540e-13
5.517467467472657154e+04 3.339521601592712648e-13
5.518879593881945038e+04 3.036061711704671060e-13
5.520291720291106321e+04 2.889443117552292190e-13
5.521703846697111294e+04 3.144576695622987046e-13
5.523115973117518297e+04 3.292937846566039227e-13
5.524528099529929023e+04 2.841371814045775872e-13
5.525940225937020296e+04 3.122482686096050919e-13
5.527352352352928574e+04 3.207118602311618896e-13
5.528764478758093901e+04 3.738969751358284413e-13
5.530176605180208571e+04 3.617563426252995001e-13
5.531588731591637043e+04 3.285363652351378258e-13
5.533000858000188600e+04 3.210858724203796437e-13
5.534412984408885677e+04 3.449463737285675466e-13
5.535825110828667675e+04 3.105692402051383119e-13
5.537237237237797672e+04 2.578453771749735392e-13
5.538649363650469604e+04 2.609475309070739123e-13
5.540061490057283663e+04 2.459362653676983874e-13
5.541473616470886191e+04 2.557321635675930523e-13
5.542885742892501003e+04 2.723609423487350419e-13
5.544297869302914478e+04 2.349199063398299960e-13
5.545709995712449017e+04 2.242641380111356315e-13
5.547122122120387212e+04 2.043457520202829292e-13
5.548534248532144557e+04 1.569126403653444206e-13
5.549946374952176848e+04 1.455569413308711615e-13
5.551358501361182425e+04 1.328863836551168249e-13
5.552770627772599255e+04 8.935064901736787318e-14
5.554182754177549214e+04 1.197825355424517068e-13
5.555594880591968831e+04 1.358118211016418099e-13
5.557007007012933900e+04 1.622150236986085868e-13
5.558419133422793675e+04 1.727741572989882871e-13
5.559831259827577742e+04 2.230611251202187203e-13
5.561243386241229746e+04 2.411539647736275902e-13
5.562655512658903899e+04 2.893064682949083777e-13
5.564067639070052974e+04 2.939116052204023492e-13
5.565479765482175571e+04 3.145569885886220941e-13
5.566891891886999656e+04 3.677210764922201802e-13
5.568304018300707685e+04 3.951009161813668359e-13
5.569716144718143187e+04 4.004263397392059864e-13
5.571128271130643407e+04 4.117129180999541665e-13
5.572540397538328398e+04 4.485309732793309043e-13
5.573952523951634794e+04 4.765067271264177959e-13
5.575364650358202198e+04 5.223024169960248920e-13
5.576776776778772182e+04 5.093410603693237384e-13
5.578188903187843243e+04 5.423297407477323419e-13
5.579601029598555033e+04 5.477616414599181828e-13
5.581013156012436230e+04 5.858607778639659866e-13
5.582425282427897764e+04 6.001363220574460363e-13
5.583837408839952695e+04 5.468424930834255568e-13
5.585249535249987821e+04 6.007027089372901936e-13
5.586661661657485820e+04 6.086310067976040445e-13
5.588073788072024763e+04 6.490462450001929206e-13
5.589485914491760923e+04 6.434602208440052889e-13
5.590898040901301283e+04 6.922102043637313936e-13
5.592310167310032557e+04 7.048047069292381446e-13
5.593722293719379377e+04 7.003606278842685461e-13
5.595134420132656669e+04 7.089993699508956507e-13
5.596546546549179038e+04 7.152795088338432134e-13
5.597958672961733828e+04 7.185713529585612141e-13
5.599370799368694861e+04 7.525755927502763892e-13
5.600782925777761557e+04 7.848663556464125914e-13
5.602195052198389021e+04 7.937057489891929937e-13
5.603607178608481627e+04 7.806121906855613896e-13
5.605019305017400620e+04 8.000847595154624580e-13
5.606431431432664976e+04 8.193671905697445625e-13
5.607843557842097653e+04 8.008500081394540625e-13
5.609255684261713031e+04 8.755495478926699287e-13
5.610667810669611208e+04 9.103228390638890774e-13
5.612079937079335650e+04 9.911962642372066355e-13
5.613492063492225861e+04 9.574868498434514158e-13
5.614904189899047196e+04 9.614419392678288557e-13
5.616316316321800696e+04 9.580662108303377619e-13
5.617728442731030373e+04 8.946680130769182161e-13
5.619140569139730360e+04 9.372512693045658289e-13
5.620552695549623604e+04 9.338878438996148184e-13
5.621964821957383538e+04 9.661969494988108620e-13
5.623376948377302324e+04 1.000309903359879965e-12
5.624789074789187725e+04 9.946795882865481142e-13
5.626201201202312950e+04 1.036595349076022481e-12
5.627613327608341933e+04 1.017515358829899424e-12
5.629025454029624234e+04 1.068310330049284038e-12
5.630437580441028695e+04 1.115706532606602373e-12
5.631849706847339257e+04 1.126765840402610570e-12
5.633261833257004037e+04 1.111516343414959341e-12
5.634673959671500052e+04 1.156468045252318623e-12
5.636086086087297736e+04 1.203008404127850397e-12
5.637498212501491071e+04 1.223743711479362841e-12
5.638910338906924881e+04 1.233354393116654606e-12
5.640322465318703325e+04 1.248783290687889796e-12
5.641734591730899410e+04 1.237630927227578585e-12
5.643146718148395303e+04 1.292311867197615485e-12
5.644558844562718878e+04 1.341150432551629927e-12
5.645970970973031217e+04 1.340190796013505451e-12
5.647383097381107655e+04 1.360658568330147034e-12
5.648795223800006352e+04 1.383349386781026372e-12
5.650207350210080767e+04 1.372798753457674386e-12
5.651619476618806948e+04 1.439836859310945157e-12
5.653031603030175029e+04 1.487735025595897839e-12
5.654443729442586482e+04 1.485593850550926456e-12
5.655855855861363671e+04 1.461848102982612138e-12
5.657267982269643835e+04 1.457105843167171753e-12
5.658680108681871934e+04 1.530449812425973898e-12
5.660092235091105249e+04 1.562232348232455428e-12
5.661504361502976826e+04 1.574963973687908642e-12
5.662916487920887448e+04 1.608385273428725669e-12
5.664328614329962875e+04 1.614286702600940284e-12
5.665740740739168541e+04 1.677632556543189334e-12
