5.299999999999657302e+04 -3.175881723039428447e-13
5.301412126412248472e+04 -3.098516588492226528e-13
5.302824252822333074e+04 -3.507204636447879364e-13
5.304236379243127158e+04 -3.653957492115392639e-13
5.305648505653409666e+04 -3.780983462799728764e-13
5.307060632056281611e+04 -3.800195179467602736e-13
5.308472758465506195e+04 -3.751949346095261617e-13
5.309884884883652558e+04 -4.392389494657509360e-13
5.311297011302223837e+04 -4.472992601012204511e-13
5.312709137710378127e+04 -4.703768340091766996e-13
5.314121264123993024e+04 -4.900350583853516796e-13
5.315533390531780606e+04 -4.937980529726025373e-13
5.316945516951323225e+04 -5.459741716888570286e-13
5.318357643358499627e+04 -5.986241597500761285e-13
5.319769769765141973e+04 -6.302954251982093523e-13
5.321181896183886420e+04 -6.826135251572125534e-13
5.322594022594325361e+04 -7.656251395792048634e-13
5.324006149013084359e+04 -8.579242340410207430e-13
5.325418275418496341e+04 -8.813398951719994036e-13
5.326830401829052425e+04 -9.916728305958865064e-13
5.328242528237846273e+04 -9.997866674330788052e-13
5.329654654651328019e+04 -1.040550247497022337e-12
5.331066781072632148e+04 -1.083420716336606306e-12
5.332478907476959284e+04 -1.114728841563147290e-12
5.333891033888398670e+04 -1.145600805200250597e-12
5.335303160300394666e+04 -1.238524172503565321e-12
5.336715286723498866e+04 -1.253954639242226925e-12
5.338127413133049413e+04 -1.292801707668127328e-12
5.339539539538363169e+04 -1.283558006246965216e-12
5.340951665948767914e+04 -1.321921928022969905e-12
5.342363792362937966e+04 -1.281172926581060981e-12
5.343775918781922519e+04 -1.321722359085556049e-12
5.345188045190551929e+04 -1.335964005463749666e-12
5.346600171602858609e+04 -1.367462636085559542e-12
5.348012298013494728e+04 -1.374381196926133566e-12
5.349424424418507988e+04 -1.321187695604130017e-12
5.350836550838016410e+04 -1.322491392086027192e-12
5.352248677248299646e+04 -1.285369346594083256e-12
5.353660803655043856e+04 -1.213121372509906022e-12
5.355072930068759888e+04 -1.183548146058054719e-12
5.356485056489503040e+04 -1.175329137929937532e-12
5.357897182897671155e+04 -1.130426127011834562e-12
5.359309309313834092e+04 -1.168208656761298955e-12
5.360721435722086608e+04 -1.142395560475360464e-12
5.362133562128013000e+04 -1.155838332568096853e-12
5.363545688550377963e+04 -1.151777096141214668e-12
5.364957814961319673e+04 -1.134622290509513061e-12
5.366369941369007574e+04 -1.112966153626221321e-12
5.367782067784303945e+04 -1.089432922962704644e-12
5.369194194188430993e+04 -1.078329399794461337e-12
5.370606320613364369e+04 -9.891920707067748335e-13
5.372018447018633015e+04 -9.940776191906996359e-13
5.373430573430888035e+04 -9.373041897317464684e-13
5.374842699839152192e+04 -9.591653678797847847e-13
5.376254826246789162e+04 -9.325136801826697679e-13
5.377666952667745500e+04 -8.980138200393414363e-13
5.379079079077592178e+04 -8.542183568703048109e-13
5.380491205486656690e+04 -8.220252537079314729e-13
5.381903331898063334e+04 -7.814247746500361057e-13
5.383315458315561409e+04 -7.783251287416439528e-13
5.384727584731725801e+04 -7.613647617404818142e-13
5.386139711140388681e+04 -7.358832115363006865e-13
5.387551837549725315e+04 -7.427874930227409028e-13
5.388963963958790555e+04 -7.615833983184454303e-13
5.390376090377160290e+04 -7.885859135006541179e-13
5.391788216786898556e+04 -7.796164269819281003e-13
5.393200343195835012e+04 -7.732958889126789780e-13
5.394612469613865687e+04 -7.246325340658769526e-13
5.396024596023451886e+04 -7.614604419636891515e-13
5.397436722435627598e+04 -7.024814935794356056e-13
5.398848848847746558e+04 -7.375193519036584369e-13
5.400260975255200174e+04 -7.051577181604613417e-13
5.401673101665067225e+04 -6.657049742554817362e-13
5.403085228087367432e+04 -6.423244557265927645e-13
5.404497354496179469e+04 -6.063291966344940493e-13
5.405909480906304088e+04 -6.051443522618535633e-13
5.407321607316676091e+04 -6.110421530446529344e-13
5.408733733727355866e+04 -5.655705331146383583e-13
5.410145860150779481e+04 -5.903711205863586074e-13
5.411557986561034340e+04 -5.575231337514694198e-13
5.412970112968236208e+04 -5.953154538365524682e-13
5.414382239381976251e+04 -5.860455023452163126e-13
5.415794365788447612e+04 -5.991353093249945773e-13
5.417206492205816903e+04 -6.378843461370369449e-13
5.418618618622222129e+04 -6.508010907649190720e-13
5.420030745030174876e+04 -6.671197418812095104e-13
5.421442871441449824e+04 -6.760973513858200502e-13
5.422854997852935776e+04 -6.823783005870217620e-13
5.424267124269201304e+04 -7.090461487507910633e-13
5.425679250682598649e+04 -7.571639809666162756e-13
5.427091377085565182e+04 -7.584087644245726051e-13
5.428503503496265330e+04 -7.647481136190278139e-13
5.429915629916017497e+04 -7.798020585856663807e-13
5.431327756331464479e+04 -7.678560535235335040e-13
5.432739882740755274e+04 -7.486574191381893254e-13
5.434152009150754020e+04 -7.470559083422338152e-13
5.435564135563932359e+04 -6.871270836401867999e-13
5.436976261979074479e+04 -7.029927286594686125e-13
5.438388388386728911e+04 -6.942016058097421348e-13
5.439800514797095821e+04 -7.055593356836115370e-13
5.441212641206469561e+04 -7.435629389068050041e-13
5.442624767620523198e+04 -7.622658146378538955e-13
5.444036894043612847e+04 -7.205481257529455171e-13
5.445449020453408593e+04 -7.031642519193024037e-13
5.446861146856987034e+04 -6.549058492951189405e-13
5.448273273272218648e+04 -6.462871047563719347e-13
5.449685399689447513e+04 -5.915884569025369803e-13
5.451097526103504788e+04 -4.767887770459045535e-13
5.452509652508703584e+04 -4.469986241183811466e-13
5.453921778920680663e+04 -4.080713946475682541e-13
5.455333905332869472e+04 -3.801305463380335440e-13
5.456746031747628876e+04 -3.361154205296584554e-13
5.458158158155846468e+04 -3.056369514298210228e-13
5.459570284568639909e+04 -2.628305259210523360e-13
5.460982410980207351e+04 -2.307472968309055339e-13
5.462394537388320896e+04 -1.653952247319402956e-13
5.463806663810965983e+04 -1.183396225544576737e-13
5.465218790220327355e+04 -7.744586095357635101e-14
5.466630916631441505e+04 -1.958506295259614976e-14
5.468043043036084418e+04 3.480149123304679419e-14
5.469455169459731405e+04 2.195654882628760638e-15
5.470867295872561226e+04 5.933701284959026807e-14
5.472279422281542065e+04 1.654290007732011630e-14
5.473691548688646435e+04 4.955095248669036702e-14
5.475103675099239626e+04 1.185123444068999285e-14
5.476515801517688669e+04 4.537639970788028772e-15
5.477927927927181736e+04 -6.083751850911194738e-14
5.479340054341482755e+04 -3.043925320674415131e-14
5.480752180752896675e+04 -1.250883068074931930e-14
5.482164307163749618e+04 2.097890542137644314e-14
5.483576433576091949e+04 6.989963066304373865e-14
5.484988559987866029e+04 1.778306625908944738e-14
5.486400686397741083e+04 8.461249572764998553e-14
5.487812812808386661e+04 6.240014807405969086e-14
5.489224939222535613e+04 1.064267315677875929e-13
5.490637065642932430e+04 1.162540053959117583e-13
5.492049192053269508e+04 1.326730395167111565e-13
5.493461318461968767e+04 1.632342775674554254e-13
5.494873444872369146e+04 1.904497004849513350e-13
5.496285571291035740e+04 2.852853041705805320e-13
5.497697697702596633e+04 2.743083285719054433e-13
5.499109824113813374e+04 2.998620450927862748e-13
5.500521950519763777e+04 3.457858160686637960e-13
5.501934076925005502e+04 3.682770814059918073e-13
5.503346203351957229e+04 3.820256197884417879e-13
5.504758329760660854e+04 4.441767224182456242e-13
5.506170456165339419e+04 4.702554403426057198e-13
5.507582582578193978e+04 5.289709474688593949e-13
5.508994708987153717e+04 6.103071746759048769e-13
5.510406835405770835e+04 6.293469405583720659e-13
5.511818961820353434e+04 6.726089373175865722e-13
5.513231088227238070e+04 7.050844638733950844e-13
5.514643214642706880e+04 7.619686224557205190e-13
5.516055341055578901e+04 7.599659216621876032e-13
5.517467467468557152e+04 7.886516905298838660e-13
5.518879593881414621e+04 7.894043065483569491e-13
5.520291720290026569e+04 7.751870291278167977e-13
5.521703846700523718e+04 8.112431678614915950e-13
5.523115973122497235e+04 8.737167957834655154e-13
5.524528099534265493e+04 8.611141969465252257e-13
5.525940225939000811e+04 8.335032273690137466e-13
5.527352352348222485e+04 8.293353660642588847e-13
5.528764478756563767e+04 8.374209007085274452e-13
5.530176605183434731e+04 8.228920426504827005e-13
5.531588731593059492e+04 8.566939245435502893e-13
5.533000857996087871e+04 8.562994039449097184e-13
5.534412984414044331e+04 8.384729556382358697e-13
5.535825110831535858e+04 7.828592320482387008e-13
5.537237237239017122e+04 7.692389513376484518e-13
5.538649363650973100e+04 7.988770761714607693e-13
5.540061490063575184e+04 7.865167988292207945e-13
5.541473616472944559e+04 7.631701403257027383e-13
5.542885742888368986e+04 7.160787115052140142e-13
5.544297869302715117e+04 7.019741298256812662e-13
5.545709995713477110e+04 6.901598881451056543e-13
5.547122122116488754e+04 6.901742530043540194e-13
5.548534248530465993e+04 7.073364975810233818e-13
5.549946374953354098e+04 6.884525220173084894e-13
5.551358501355199405e+04 7.519669181938670611e-13
5.552770627771328873e+04 7.113894400117919290e-13
5.554182754182312783e+04 7.001641575603963564e-13
5.555594880590296816e+04 6.508981626660825924e-13
5.557007007005375635e+04 6.257095529844291883e-13
5.558419133424316533e+04 6.228716382317455447e-13
5.559831259833786316e+04 6.297542869241986554e-13
5.561243386241056578e+04 6.075415972501501036e-13
5.562655512657005602e+04 5.866792043454411021e-13
5.564067639073899772e+04 5.448379605699743371e-13
5.565479765481813956e+04 5.261810865905658148e-13
5.566891891888993996e+04 5.177920087895625244e-13
5.568304018301268661e+04 5.056480593871926965e-13
5.569716144719499425e+04 5.309399592472505112e-13
5.571128271134038368e+04 4.916317189858995302e-13
5.572540397540421691e+04 4.736806042221780412e-13
5.573952523950005707e+04 5.120961710873850360e-13
5.575364650360437372e+04 5.060694285918093181e-13
5.576776776781251101e+04 5.411786836867007809e-13
5.578188903191418649e+04 5.968828716879163418e-13
5.579601029600506445e+04 5.533925762727914518e-13
5.581013156013256230e+04 5.789079865023434949e-13
5.582425282434219844e+04 5.558342603245429612e-13
5.583837408841183060e+04 6.211808600961755551e-13
5.585249535252363421e+04 6.468730949026648926e-13
5.586661661661583639e+04 6.902195707150778239e-13
5.588073788071870513e+04 6.569491886141970160e-13
5.589485914485482499e+04 7.086982520357158211e-13
5.590898040897002647e+04 7.235241548617877790e-13
5.592310167305305367e+04 6.404959524475683947e-13
5.593722293724097835e+04 6.937938555144656072e-13
5.595134420133921230e+04 6.858871975698841364e-13
5.596546546547843172e+04 6.652633639348342931e-13
5.597958672962190030e+04 6.497195601668059492e-13
5.599370799371315661e+04 6.266468600503803131e-13
5.600782925781475205e+04 6.699151841880733212e-13
5.602195052200118516e+04 6.696723496626854564e-13
5.603607178605950321e+04 6.926137139231267185e-13
5.605019305015577993e+04 6.765086545830399659e-13
5.606431431433351827e+04 6.853020005657453549e-13
5.607843557839879941e+04 7.255468638521307950e-13
5.609255684257069515e+04 7.092297518279027030e-13
5.610667810672435735e+04 7.022846844018110628e-13
5.612079937079967203e+04 7.089616077886012349e-13
5.613492063486447296e+04 7.401470331757296132e-13
5.614904189895658055e+04 7.474339500498847213e-13
5.616316316315529548e+04 7.546295474616757567e-13
5.617728442728763912e+04 7.332212899055316093e-13
5.619140569141179003e+04 7.266987887556606043e-13
5.620552695553598460e+04 7.549038478692265097e-13
5.621964821963538998e+04 7.602879339236701879e-13
5.623376948381626426e+04 7.602085851773462511e-13
5.624789074793814507e+04 7.654695438668046354e-13
5.626201201198038325e+04 7.613705996843957189e-13
5.627613327613825095e+04 7.973203700555415137e-13
5.629025454027193337e+04 7.586229783327013514e-13
5.630437580441981117e+04 7.531075564222731983e-13
5.631849706852966483e+04 7.401087268844008753e-13
5.633261833256205864e+04 8.223003472576363013e-13
5.634673959669437318e+04 8.363669646662985433e-13
5.636086086091743346e+04 8.701743188866988522e-13
5.637498212502260867e+04 9.191386517367984645e-13
5.638910338912199222e+04 9.465426989370428905e-13
5.640322465322435164e+04 9.691297300026927970e-13
5.641734591726308281e+04 1.019399212921637372e-12
5.643146718148662330e+04 9.950603530686120759e-13
5.644558844559884892e+04 1.062103203303147380e-12
5.645970970969666814e+04 1.042460284342480902e-12
5.647383097382048436e+04 1.062168871231139617e-12
5.648795223799682572e+04 1.094428924898223663e-12
5.650207350211888843e+04 1.110482681169566442e-12
5.651619476621249487e+04 1.088392947850273967e-12
5.653031603028927202e+04 1.153203772573991074e-12
5.654443729437385628e+04 1.178307390171758806e-12
5.655855855859688745e+04 1.173513631428328297e-12
5.657267982271730580e+04 1.239456543868994127e-12
5.658680108681546699e+04 1.236486438209180227e-12
5.660092235085018183e+04 1.220242518563026787e-12
5.661504361499072547e+04 1.235801713251678394e-12
5.662916487917511404e+04 1.212410934109040546e-12
5.664328614332871803e+04 1.296311288691906368e-12
5.665740740736392036e+04 1.269228740722457078e-12
