5.299999999999992724e+04 3.043753066680079053e-13
5.301412126409931807e+04 3.014632664785259685e-13
5.302824252818353852e+04 3.805792007278770576e-13
5.304236379239806411e+04 3.475900288357050119e-13
5.305648505651902815e+04 3.706172984439335159e-13
5.307060632060737407e+04 3.674812126841070676e-13
5.308472758470101689e+04 3.827601739101818455e-13
5.309884884882087499e+04 4.098197510042577186e-13
5.311297011300794838e+04 4.153779744916507478e-13
5.312709137710859068e+04 4.150800491055921946e-13
5.314121264121386776e+04 4.181577962389152219e-13
5.315533390528582095e+04 4.060489220546452165e-13
5.316945516951878380e+04 3.597944773891554296e-13
5.318357643360216025e+04 3.499677124509866350e-13
5.319769769769604318e+04 3.967399074961142008e-13
5.321181896179262549e+04 4.013554829130681138e-13
5.322594022591756220e+04 3.356148325454311114e-13
5.324006149008486682e+04 2.775862409333374625e-13
5.325418275418518169e+04 2.667250796858877475e-13
5.326830401830773189e+04 2.431830969355067172e-13
5.328242528241499531e+04 2.288477304512950520e-13
5.329654654650918383e+04 1.673944760736283475e-13
5.331066781071955484e+04 1.443840493278183396e-13
5.332478907481984061e+04 1.664667380781170616e-13
5.333891033890547988e+04 2.414229192011659992e-13
5.335303160300352465e+04 2.398347201088502410e-13
5.336715286718201241e+04 2.751834310806774376e-13
5.338127413131550566e+04 2.978328604568055145e-13
5.339539539538136887e+04 3.318385602351306677e-13
5.340951665950164897e+04 3.874444618946604170e-13
5.342363792358915816e+04 4.971333864496596087e-13
5.343775918780540815e+04 4.911478985929052762e-13
5.345188045189264085e+04 5.018714769267349830e-13
5.346600171599649912e+04 5.754843312991405704e-13
5.348012298009862570e+04 6.092599899214359013e-13
5.349424424420733703e+04 6.036424416914727314e-13
5.350836550840698328e+04 6.461135929002675228e-13
5.352248677250723267e+04 6.188005445324180039e-13
5.353660803658409714e+04 6.400492157581806584e-13
5.355072930068611458e+04 6.879359586264870556e-13
5.356485056488036935e+04 7.277179318768645398e-13
5.357897182898907340e+04 6.930738600016279878e-13
5.359309309310584649e+04 7.122221828946957888e-13
5.360721435719056899e+04 7.276068557631162300e-13
5.362133562127965706e+04 7.280902893036343524e-13
5.363545688551253988e+04 6.651401107367817209e-13
5.364957814960369433e+04 6.634427288735657468e-13
5.366369941371495224e+04 6.582805295985422897e-13
5.367782067778263445e+04 7.001312954674816148e-13
5.369194194188717665e+04 7.115027126124625332e-13
5.370606320609524118e+04 6.739302704656803205e-13
5.372018447020807798e+04 6.218362042320160897e-13
5.373430573430629738e+04 6.384490254944943796e-13
5.374842699840274145e+04 6.554518753836569815e-13
5.376254826251055783e+04 6.537147333206332578e-13
5.377666952668826707e+04 6.221631214304343761e-13
5.379079079080318479e+04 6.858214102224323059e-13
5.380491205488337437e+04 7.062142904809070253e-13
5.381903331897928001e+04 7.294680117826827300e-13
5.383315458321679762e+04 6.773556432348213356e-13
5.384727584728904185e+04 7.048570792160450858e-13
5.386139711139181600e+04 6.898195192030879865e-13
5.387551837551178323e+04 6.968444522833845539e-13
5.388963963961972331e+04 6.471492514381137718e-13
5.390376090378841764e+04 6.651748220223280551e-13
5.391788216792042658e+04 6.456266882311947972e-13
5.393200343199350027e+04 6.358983771211210265e-13
5.394612469611114648e+04 6.520706806143020631e-13
5.396024596018575539e+04 6.282382275153265335e-13
5.397436722440412996e+04 6.400533180010179258e-13
5.398848848850221111e+04 6.562701150511265426e-13
5.400260975259778934e+04 6.828671642652975101e-13
5.401673101671436598e+04 7.061956726095684791e-13
5.403085228090146120e+04 6.839949654884121401e-13
5.404497354498454661e+04 6.271984667346429161e-13
5.405909480909800914e+04 6.410009360964329603e-13
5.407321607321854390e+04 6.010823266038595149e-13
5.408733733728650259e+04 5.872044390852915419e-13
5.410145860150820226e+04 5.636373695421747826e-13
5.411557986560568679e+04 5.304619006026897616e-13
5.412970112970123591e+04 4.558944858777599335e-13
5.414382239378040686e+04 4.353712805199157948e-13
5.415794365791710152e+04 4.280831727837497822e-13
5.417206492207849078e+04 3.263674305187448061e-13
5.418618618619941844e+04 2.925015225540290365e-13
5.420030745029477112e+04 2.962582303215669881e-13
5.421442871439699229e+04 2.306851407959763963e-13
5.422854997850405925e+04 1.802243983258381935e-13
5.424267124268961925e+04 1.477330572687574547e-13
5.425679250680929545e+04 5.194978926076332602e-14
5.427091377088644367e+04 6.807539029702749513e-14
5.428503503501286468e+04 1.191063694020165845e-14
5.429915629921264917e+04 -4.432511677342351049e-14
5.431327756328242685e+04 -4.740369224424252210e-14
5.432739882740669418e+04 -1.491206967378127953e-13
5.434152009149712831e+04 -1.913141576622368374e-13
5.435564135559474380e+04 -1.361664449719187651e-13
5.436976261979055562e+04 -1.490654742380799725e-13
5.438388388390721229e+04 -2.291879568789895589e-13
5.439800514801566169e+04 -2.511920719010970308e-13
5.441212641208851710e+04 -2.701769361949556381e-13
5.442624767621372303e+04 -3.084363462384140467e-13
5.444036894040118932e+04 -3.654231259484054949e-13
5.445449020450650278e+04 -3.788396689263484947e-13
5.446861146858410939e+04 -3.519661916563721823e-13
5.448273273269782658e+04 -3.823196330809397187e-13
5.449685399691753264e+04 -4.184815348059752125e-13
5.451097526098583330e+04 -4.228343300134862571e-13
5.452509652511764580e+04 -4.713086402789498803e-13
5.453921778921979421e+04 -5.128388000922974608e-13
5.455333905329015397e+04 -5.339378972330694856e-13
5.456746031751279952e+04 -5.299969040949945701e-13
5.458158158160788298e+04 -6.085690545005481044e-13
5.459570284569251817e+04 -6.485416242642890945e-13
5.460982410980659188e+04 -6.742645801969748623e-13
5.462394537390970072e+04 -6.626653307959534466e-13
5.463806663808206940e+04 -7.370670780216848569e-13
5.465218790220360097e+04 -7.851179106034830616e-13
5.466630916631812579e+04 -8.059244862742418525e-13
5.468043043040308839e+04 -8.160425104538585524e-13
5.469455169458240562e+04 -8.634158418532205256e-13
5.470867295868893416e+04 -9.087632964052415269e-13
5.472279422280831204e+04 -9.637440793677959791e-13
5.473691548689512274e+04 -9.929943330262724900e-13
5.475103675099621614e+04 -1.029079869923106109e-12
5.476515801520701643e+04 -1.074358217461175724e-12
5.477927927929900761e+04 -1.071160361390933823e-12
5.479340054340280767e+04 -1.112250318992125634e-12
5.480752180749452964e+04 -1.097778237376432612e-12
5.482164307161538454e+04 -1.118333629562692326e-12
5.483576433579037257e+04 -1.095001334532725270e-12
5.484988559988501220e+04 -1.126305234066979881e-12
5.486400686401327403e+04 -1.116067298173657672e-12
5.487812812808617309e+04 -1.087302371398547075e-12
5.489224939218016516e+04 -1.051763695027639087e-12
5.490637065639065986e+04 -1.048714150813822589e-12
5.492049192048284749e+04 -9.757888954523758616e-13
5.493461318461701740e+04 -9.584951018789066361e-13
5.494873444871582615e+04 -9.131476473268855337e-13
5.496285571288112260e+04 -8.296600633308290694e-13
5.497697697699067066e+04 -8.092548763438425477e-13
5.499109824110889895e+04 -7.483277346100588482e-13
5.500521950518499943e+04 -7.359755658698231714e-13
5.501934076931942400e+04 -6.803220150819525204e-13
5.503346203348289418e+04 -6.137041158614170979e-13
5.504758329759845219e+04 -5.780493144624994860e-13
5.506170456171562546e+04 -5.556516996851529981e-13
5.507582582580405870e+04 -5.280688499614660589e-13
5.508994708990643994e+04 -4.955166063761085440e-13
5.510406835409297491e+04 -4.529681436676878311e-13
5.511818961818795651e+04 -3.888488258922062603e-13
5.513231088232019829e+04 -3.794464853091267797e-13
5.514643214639937651e+04 -3.184473965471198052e-13
5.516055341059858620e+04 -3.334805387600982544e-13
5.517467467470744305e+04 -2.973877440490140968e-13
5.518879593879004824e+04 -2.337215663284828633e-13
5.520291720287885983e+04 -2.543848790570776674e-13
5.521703846699865971e+04 -2.560649052775205249e-13
5.523115973121116986e+04 -2.633473329851426093e-13
5.524528099529067549e+04 -3.269358836489065386e-13
5.525940225940137316e+04 -3.104101561574354667e-13
5.527352352349531429e+04 -3.295064121221836654e-13
5.528764478760360362e+04 -3.202751035097052491e-13
5.530176605181863852e+04 -3.281798099000308432e-13
5.531588731587975053e+04 -3.943067022086561718e-13
5.533000857998897845e+04 -3.709662026930146316e-13
5.534412984410428908e+04 -3.858718598208956004e-13
5.535825110827874596e+04 -3.748027464173091619e-13
5.537237237238963280e+04 -3.393499015888429628e-13
5.538649363650227315e+04 -3.767535206650134867e-13
5.540061490059322387e+04 -2.790791187090264934e-13
5.541473616469297849e+04 -2.814136104405884872e-13
5.542885742890052643e+04 -3.029838343933667312e-13
5.544297869302124309e+04 -2.597013857742115849e-13
5.545709995711667580e+04 -2.582340450670254331e-13
5.547122122119011328e+04 -2.399355175555603574e-13
5.548534248529927572e+04 -2.222106729270339186e-13
5.549946374951084726e+04 -2.141595480231310667e-13
5.551358501358598005e+04 -2.239878907470065219e-13
5.552770627768157283e+04 -2.437550211942230528e-13
5.554182754182069766e+04 -2.618048896783198105e-13
5.555594880589142849e+04 -2.460888818115024328e-13
5.557007007009552763e+04 -2.347086290665642647e-13
5.558419133419622813e+04 -2.045016061555740113e-13
5.559831259831301577e+04 -2.172848259508669772e-13
5.561243386239724350e+04 -1.543658875410060768e-13
5.562655512659860688e+04 -1.532784776319816334e-13
5.564067639069268625e+04 -1.360282309440160674e-13
5.565479765479826892e+04 -7.982813518736123068e-14
5.566891891891294654e+04 -9.274010229631698037e-14
5.568304018299038580e+04 -9.074388782026111674e-14
5.569716144721949240e+04 -5.975806988446753031e-14
5.571128271130121720e+04 -9.095341776210447571e-14
5.572540397538086836e+04 -8.727591483704042596e-14
5.573952523951727198e+04 -9.179847978658718096e-14
5.575364650360419910e+04 -9.249081215466599811e-14
5.576776776777864143e+04 -5.759902792348518774e-14
5.578188903191382997e+04 -4.234247125444484713e-14
5.579601029601375922e+04 -7.231156408087199344e-14
5.581013156008113583e+04 -7.902535781981678065e-14
5.582425282430004881e+04 -9.706639070395625083e-14
5.583837408838726697e+04 -1.339884695824566073e-13
5.585249535248983011e+04 -7.157631594157225678e-14
5.586661661659763922e+04 -9.143054015979598049e-14
5.588073788070146838e+04 -3.459869900619775799e-14
5.589485914491353469e+04 -2.072933153044568044e-14
5.590898040899201442e+04 -1.754283551729168365e-14
5.592310167309756071e+04 -3.947153238262120792e-14
5.593722293719976005e+04 -5.065361524280392382e-14
5.595134420131086517e+04 -7.592056622580043319e-15
5.596546546548049082e+04 -1.575110206881788673e-14
5.597958672960724653e+04 1.213215805341557274e-14
5.599370799369920860e+04 5.967841476622655416e-14
5.600782925779852667e+04 7.217321533434357879e-14
5.602195052198827761e+04 1.274146484956367685e-13
5.603607178611322888e+04 1.382426762432468101e-13
5.605019305019450985e+04 1.165885140908747199e-13
5.606431431430160592e+04 1.375781129036050704e-13
5.607843557839903951e+04 1.100034676655927165e-13
5.609255684261421266e+04 1.200804694168364898e-13
5.610667810669138998e+04 1.355137380850218543e-13
5.612079937078002695e+04 7.177624445054998490e-14
5.613492063489149587e+04 6.200533312639665215e-14
5.614904189900762867e+04 3.095955933375029863e-14
5.616316316318908503e+04 4.663896257217333663e-14
5.617728442731036193e+04 -4.680385999057879833e-16
5.619140569138245337e+04 -3.975174712412257017e-14
5.620552695552150544e+04 -3.923044672664481098e-14
5.621964821960125846e+04 -7.263658793644227440e-14
5.623376948382066621e+04 -3.968548012444319801e-14
5.624789074790865561e+04 -5.545197713387340995e-14
5.626201201202084485e+04 -2.084103875847662928e-14
5.627613327610949636e+04 3.271595038239509390e-14
5.629025454028379318e+04 3.529278999849883214e-14
5.630437580438981240e+04 5.654240789568542001e-14
5.631849706851013616e+04 8.049003935124660888e-14
5.633261833261180436e+04 1.046749697770882152e-13
5.634673959668792668e+04 1.029526588997071025e-13
5.636086086091783363e+04 1.336046173799731709e-13
5.637498212497874920e+04 1.792733091018684801e-13
5.638910338909026905e+04 1.793698695871155869e-13
5.640322465318495961e+04 2.063992320849090710e-13
5.641734591730791726e+04 1.968952821023212450e-13
5.643146718149540538e+04 2.155901493832971997e-13
5.644558844562014565e+04 1.633490335217730973e-13
5.645970970971325005e+04 1.858507821557585625e-13
5.647383097378574166e+04 1.794197276154457884e-13
5.648795223801610700e+04 2.006857544839815343e-13
5.650207350211420271e+04 2.338646945520211332e-13
5.651619476619059424e+04 2.591206259155379997e-13
5.653031603028243262e+04 3.398426671249752822e-13
5.654443729439435992e+04 2.819429806051151337e-13
5.655855855859192525e+04 2.357416284286541396e-13
5.657267982271201618e+04 2.006264297414114441e-13
5.658680108679694968e+04 2.114348929462589935e-13
5.660092235091434122e+04 1.884244662004489856e-13
5.661504361498270009e+04 1.639952945472176734e-13
5.662916487921589578e+04 1.579176640051949094e-13
5.664328614332138386e+04 1.507797614683021152e-13
5.665740740738945169e+04 1.335314081231845168e-13
