5.299999999999965803e+04 9.763462000376734749e-13
5.301412126410916972e+04 9.432914751807429580e-13
5.302824252821375558e+04 1.000910061045691739e-12
5.304236379239556118e+04 9.373994168291402979e-13
5.305648505649076833e+04 9.293215928201234134e-13
5.307060632061753859e+04 9.454406977495186855e-13
5.308472758471425914e+04 9.480651949253433462e-13
5.309884884879705351e+04 9.222900506236094944e-13
5.311297011301514431e+04 9.394053407369514733e-13
5.312709137710589857e+04 9.028660050562899083e-13
5.314121264117877581e+04 8.485940927227458466e-13
5.315533390530845645e+04 8.106696152861654330e-13
5.316945516950063757e+04 7.755676196464850948e-13
5.318357643361934606e+04 7.408884429830962334e-13
5.319769769771995925e+04 6.661042988124524964e-13
5.321181896181852790e+04 6.389219024705355029e-13
5.322594022588189546e+04 6.222453009846542252e-13
5.324006149009238288e+04 5.601344028921925556e-13
5.325418275417622499e+04 5.289596312255474718e-13
5.326830401830399933e+04 5.351159836055439625e-13
5.328242528240427055e+04 5.110491429157714279e-13
5.329654654649964505e+04 5.297506261089688938e-13
5.331066781071438163e+04 5.208069196193904696e-13
5.332478907479983900e+04 5.482928123171848927e-13
5.333891033891786356e+04 5.145738353314425170e-13
5.335303160298224975e+04 5.519514960578646454e-13
5.336715286720523727e+04 5.307219345424338872e-13
5.338127413129063643e+04 5.725840155617333710e-13
5.339539539540467376e+04 5.783486449035405016e-13
5.340951665949257585e+04 5.644497470636922351e-13
5.342363792361621017e+04 5.625746405506557773e-13
5.343775918782016379e+04 5.805396003657969368e-13
5.345188045191349374e+04 6.153305079516081154e-13
5.346600171597816370e+04 5.793306760742821425e-13
5.348012298008675862e+04 5.836466207190693280e-13
5.349424424420703144e+04 6.355567643855404542e-13
5.350836550840790733e+04 6.676333611480980686e-13
5.352248677248545573e+04 6.826306104126646951e-13
5.353660803660583770e+04 6.589091705360465118e-13
5.355072930068139249e+04 6.538090077777967852e-13
5.356485056488811824e+04 6.173089816519911374e-13
5.357897182900689222e+04 6.601932397703958962e-13
5.359309309309574019e+04 6.094707464846828868e-13
5.360721435720973386e+04 5.728093646083386807e-13
5.362133562129355414e+04 5.298947396979665980e-13
5.363545688549374609e+04 4.477908261528135338e-13
5.364957814959915413e+04 4.258225109299730124e-13
5.366369941372020548e+04 4.350046053146851090e-13
5.367782067781117803e+04 4.524842111497375754e-13
5.369194194187832909e+04 4.941563710463936444e-13
5.370606320611420233e+04 5.113777733678251443e-13
5.372018447020713211e+04 4.990011610936635692e-13
5.373430573430422373e+04 4.797870452767456220e-13
5.374842699840995192e+04 4.537349112256821058e-13
5.376254826248189056e+04 4.344082495583088409e-13
5.377666952670722821e+04 4.555975793634777068e-13
5.379079079080343945e+04 4.257429053284314081e-13
5.380491205488229025e+04 4.562232725290428037e-13
5.381903331899310433e+04 4.728567257201229175e-13
5.383315458320959442e+04 4.454048026540208544e-13
5.384727584731255047e+04 4.817023835000438712e-13
5.386139711141948646e+04 4.458920438358702735e-13
5.387551837548323965e+04 4.076897617219272958e-13
5.388963963958613749e+04 3.818000985860790915e-13
5.390376090381185350e+04 3.674642277567341310e-13
5.391788216788650607e+04 3.468808612805414273e-13
5.393200343201785290e+04 2.915328364793906864e-13
5.394612469609080290e+04 3.540841388372776196e-13
5.396024596019202727e+04 3.584893824381044610e-13
5.397436722441950405e+04 3.377879800699707786e-13
5.398848848850419745e+04 3.631610646147806845e-13
5.400260975261412386e+04 3.315207545865340502e-13
5.401673101672322809e+04 3.510682188599074023e-13
5.403085228092147736e+04 3.536011867503388495e-13
5.404497354498985806e+04 3.714276945817643817e-13
5.405909480911792343e+04 3.602932041937259886e-13
5.407321607318143651e+04 3.468863513220270378e-13
5.408733733728944208e+04 3.414337107440203259e-13
5.410145860151093075e+04 2.736826528440583517e-13
5.411557986561941652e+04 1.952332197265725485e-13
5.412970112971978961e+04 2.090706977273004026e-13
5.414382239378370286e+04 1.664967985166300362e-13
5.415794365789422591e+04 1.212864784462834504e-13
5.417206492210248689e+04 1.008877146150449669e-13
5.418618618618838082e+04 4.437460007236621478e-14
5.420030745028034289e+04 -1.542035833214284192e-14
5.421442871441779425e+04 -3.283476992455347878e-14
5.422854997850288055e+04 -1.378503422271946567e-13
5.424267124268961197e+04 -2.180675687030525614e-13
5.425679250677904929e+04 -2.808096500025650393e-13
5.427091377090915194e+04 -3.231140224890503614e-13
5.428503503499770886e+04 -3.958088627468199677e-13
5.429915629920651554e+04 -4.911494378776175026e-13
5.431327756330099510e+04 -4.813920900834895510e-13
5.432739882740097528e+04 -5.193488644047470932e-13
5.434152009148000798e+04 -4.964538473355122772e-13
5.435564135561474541e+04 -5.388390263701142156e-13
5.436976261980893469e+04 -5.679705590032255033e-13
5.438388388389383181e+04 -5.810673960947828684e-13
5.439800514798908989e+04 -5.565468120544130553e-13
5.441212641211634764e+04 -5.882691295773513180e-13
5.442624767621874344e+04 -6.429792801833906281e-13
5.444036894042122731e+04 -6.651233625156694984e-13
5.445449020450014359e+04 -7.091502355182704336e-13
5.446861146862155874e+04 -6.673766814179266838e-13
5.448273273269082711e+04 -6.981624321761761340e-13
5.449685399689463520e+04 -6.900903555543393323e-13
5.451097526101823314e+04 -6.858287108511209475e-13
5.452509652507877763e+04 -6.970023177847444289e-13
5.453921778918158816e+04 -6.853704639508675255e-13
5.455333905328558467e+04 -7.099159247417190521e-13
5.456746031748165115e+04 -6.809961018333972557e-13
5.458158158160929452e+04 -7.525560475778098032e-13
5.459570284571514640e+04 -7.188447909629065451e-13
5.460982410980705754e+04 -7.146428504608444140e-13
5.462394537387676246e+04 -7.114301468089736931e-13
5.463806663809291058e+04 -7.062401704032949620e-13
5.465218790221611562e+04 -6.836505368916982512e-13
5.466630916628379055e+04 -6.577931277495780968e-13
5.468043043040706107e+04 -5.903730164129216046e-13
5.469455169458013552e+04 -5.586601348987868201e-13
5.470867295868480142e+04 -4.733280769600847996e-13
5.472279422281167354e+04 -4.669740401956565968e-13
5.473691548688821058e+04 -4.431970136489963929e-13
5.475103675100336113e+04 -3.922508011727440246e-13
5.476515801521727553e+04 -4.036831263113777201e-13
5.477927927930169972e+04 -3.979916689287461952e-13
5.479340054342096118e+04 -3.646125598237234311e-13
5.480752180750617845e+04 -3.864715031263424292e-13
5.482164307159354939e+04 -3.669207791408369737e-13
5.483576433580087905e+04 -3.806167170095135130e-13
5.484988559991875809e+04 -3.772146069263886753e-13
5.486400686398274411e+04 -3.665354468540644830e-13
5.487812812809592288e+04 -4.327130931770048606e-13
5.489224939218390500e+04 -4.456328764306508081e-13
5.490637065640798392e+04 -4.139354356581943599e-13
5.492049192050361307e+04 -3.896406295739209466e-13
5.493461318460573239e+04 -4.003794938474013421e-13
5.494873444871722313e+04 -3.291534112508335483e-13
5.496285571291900851e+04 -2.930001155576046515e-13
5.497697697698254342e+04 -2.486045519564844728e-13
5.499109824107866734e+04 -2.335851709621788876e-13
5.500521950518100493e+04 -1.982907236338577987e-13
5.501934076928833383e+04 -1.884093352149138841e-13
5.503346203348976269e+04 -1.687779762450882787e-13
5.504758329759341723e+04 -1.518442864102628890e-13
5.506170456171798287e+04 -1.081970840891523423e-13
5.507582582580289454e+04 -7.528565789318649110e-14
5.508994708991871448e+04 -8.637897297008269211e-14
5.510406835408060579e+04 -5.497936694822153990e-14
5.511818961820727418e+04 -4.335008657129095011e-14
5.513231088230782188e+04 -1.158573591822841280e-14
5.514643214638066274e+04 1.700262573539857821e-14
5.516055341060195497e+04 -2.115076069656303917e-14
5.517467467469014082e+04 -7.393304892216500706e-14
5.518879593881326582e+04 -7.662213986734396282e-14
5.520291720288132638e+04 -5.933331297391705371e-14
5.521703846700640861e+04 -6.242111818198970722e-14
5.523115973120050330e+04 -7.484165078803636809e-14
5.524528099532291526e+04 -4.278221040512134947e-14
5.525940225938543881e+04 -8.113804211686548423e-14
5.527352352348618297e+04 -7.513227985918177512e-14
5.528764478758804034e+04 -1.329382991717258269e-13
5.530176605179361650e+04 -8.966682156478790211e-14
5.531588731588162773e+04 -1.537431545091043320e-13
5.533000858000938752e+04 -1.432660965889698128e-13
5.534412984411688376e+04 -2.122048906515880108e-13
5.535825110828653851e+04 -1.624963394027517848e-13
5.537237237239402748e+04 -1.711623698878148811e-13
5.538649363648147119e+04 -1.154727615679802690e-13
5.540061490060997312e+04 -9.880774063835780655e-14
5.541473616468455293e+04 -9.436629707648509810e-14
5.542885742891360860e+04 -1.366087350324606971e-13
5.544297869299222657e+04 -1.007344020722202220e-13
5.545709995709244686e+04 -6.106610731781824966e-14
5.547122122121852590e+04 -6.836751936611005743e-14
5.548534248530098557e+04 -9.767404707157570919e-14
5.549946374947866570e+04 -1.106459857193350951e-13
5.551358501357802743e+04 -1.000759402215377645e-13
5.552770627768657869e+04 -1.035082455328335482e-13
5.554182754181009659e+04 -1.167124815609535531e-13
5.555594880590037064e+04 -1.360713972220548931e-13
5.557007007010094821e+04 -1.525610799517301345e-13
5.558419133417675039e+04 -1.527213205375918888e-13
5.559831259827825124e+04 -1.500946788143119542e-13
5.561243386242263659e+04 -2.050077893915231176e-13
5.562655512661779358e+04 -2.212617434649092334e-13
5.564067639071928716e+04 -2.249078172665516377e-13
5.565479765479789057e+04 -2.205339698404707417e-13
5.566891891889296676e+04 -2.593169954053152606e-13
5.568304018300016469e+04 -2.557196457218578134e-13
5.569716144718270516e+04 -2.600169756947327673e-13
5.571128271132113150e+04 -2.971330874135036179e-13
5.572540397542221763e+04 -2.565060941646739627e-13
5.573952523951019248e+04 -2.601586873905805484e-13
5.575364650359718507e+04 -2.968355957905011978e-13
5.576776776780839282e+04 -2.950077551033800864e-13
5.578188903191253485e+04 -2.736998747148809439e-13
5.579601029598880268e+04 -2.564999178680026383e-13
5.581013156007854559e+04 -3.113076882742083289e-13
5.582425282432063250e+04 -3.710602704210001467e-13
5.583837408839386626e+04 -3.943665259102677629e-13
5.585249535248127358e+04 -4.097465340046604907e-13
5.586661661661358085e+04 -3.974406060146263397e-13
5.588073788070510636e+04 -4.685284081912748717e-13
5.589485914488568960e+04 -5.287421538228594841e-13
5.590898040901407512e+04 -5.720407385096326800e-13
5.592310167309683311e+04 -5.776532765459083145e-13
5.593722293722184259e+04 -5.662446272111813710e-13
5.595134420131376828e+04 -5.400235028206383866e-13
5.596546546552105428e+04 -5.820785931109169223e-13
5.597958672960046533e+04 -5.907820245036008472e-13
5.599370799367971631e+04 -6.206735847548787270e-13
5.600782925777952914e+04 -5.855373192468623263e-13
5.602195052201044018e+04 -5.836679601210061533e-13
5.603607178610503615e+04 -5.531742109442734622e-13
5.605019305021990294e+04 -5.003411398349294428e-13
5.606431431431387318e+04 -4.446052092900598723e-13
5.607843557840062567e+04 -4.110679183647324957e-13
5.609255684260414273e+04 -3.944203969423454735e-13
5.610667810668628954e+04 -3.768481466572230400e-13
5.612079937080585660e+04 -3.722059734535320612e-13
5.613492063489495195e+04 -3.355719560027179014e-13
5.614904189901302743e+04 -3.189161995181024130e-13
5.616316316321813792e+04 -3.383801122226163941e-13
5.617728442727678339e+04 -3.385729499297990300e-13
5.619140569137649436e+04 -3.425583769207718236e-13
5.620552695549924101e+04 -3.780552695288754173e-13
5.621964821957788081e+04 -3.011761598400754729e-13
5.623376948379790701e+04 -2.574747433592943587e-13
5.624789074790447194e+04 -2.435821933799138326e-13
5.626201201200039941e+04 -2.579637001791080879e-13
5.627613327607892279e+04 -2.516752007849145305e-13
5.629025454030446417e+04 -2.040528653006167730e-13
5.630437580439846352e+04 -1.892640660487075346e-13
5.631849706847715424e+04 -1.638856630262084089e-13
5.633261833259259583e+04 -1.273044872246933888e-13
5.634673959670163458e+04 -8.385080886595120460e-14
5.636086086087982403e+04 -6.015745703466395992e-15
5.637498212501093803e+04 5.619328688055095289e-14
5.638910338909603888e+04 4.767720315356404711e-14
5.640322465317846945e+04 7.787860762118698953e-14
5.641734591731427645e+04 8.763887199985423799e-14
5.643146718150362722e+04 1.502033847700659751e-13
5.644558844561925798e+04 1.512066898515644198e-13
5.645970970970334747e+04 1.316580246316160556e-13
5.647383097381779953e+04 1.779898572391984806e-13
5.648795223798784718e+04 2.286711752137693356e-13
5.650207350210371078e+04 2.717611383240887276e-13
5.651619476620426576e+04 3.088027913552107527e-13
5.653031603029550024e+04 3.581716462871237576e-13
5.654443729439539311e+04 3.574634309354778352e-13
5.655855855858614814e+04 3.281013165599702007e-13
5.657267982269751519e+04 3.727518239625791920e-13
5.658680108678906254e+04 3.947751253821741775e-13
5.660092235087660083e+04 4.615285398059197586e-13
5.661504361501098901e+04 4.485150827194252984e-13
5.662916487918321945e+04 4.853608098950289495e-13
5.664328614331689460e+04 4.609026750765581449e-13
5.665740740738559543e+04 4.743546492267171430e-13
