5.300000000000024738e+04 -4.297834226545300501e-13
5.301412126411449572e+04 -4.395796097357594031e-13
5.302824252817851084e+04 -3.890682944031947542e-13
5.304236379241501709e+04 -3.850605666397293776e-13
5.305648505649275467e+04 -3.655827978891450316e-13
5.307060632060278294e+04 -3.941343398877483587e-13
5.308472758467942913e+04 -3.197337922553973815e-13
5.309884884879852325e+04 -2.455073162734445691e-13
5.311297011299471342e+04 -2.818944727283494184e-13
5.312709137711171206e+04 -2.742609116105664797e-13
5.314121264121068089e+04 -2.640655630696407942e-13
5.315533390530031465e+04 -2.406416345114847575e-13
5.316945516950640740e+04 -1.669013970245719144e-13
5.318357643358232599e+04 -1.726670671324234822e-13
5.319769769768391416e+04 -1.733628592122822948e-13
5.321181896181281627e+04 -1.588531794327580249e-13
5.322594022590951499e+04 -1.247541750414684972e-13
5.324006149010012450e+04 -1.271988020237774333e-13
5.325418275420639839e+04 -1.631531283309235993e-13
5.326830401828586764e+04 -1.933721151965754711e-13
5.328242528240560205e+04 -2.259856587189600702e-13
5.329654654650419252e+04 -2.828521964866957098e-13
5.331066781067957345e+04 -2.713397305171768244e-13
5.332478907480191992e+04 -2.787769252963830863e-13
5.333891033889268874e+04 -2.882993533876514768e-13
5.335303160299657611e+04 -2.979946168249828107e-13
5.336715286720806762e+04 -2.666914734776367278e-13
5.338127413128157059e+04 -2.517153772825804824e-13
5.339539539542028797e+04 -2.123933991764540904e-13
5.340951665950880124e+04 -1.785062149279313286e-13
5.342363792359579384e+04 -1.648373869369310422e-13
5.343775918781696237e+04 -1.585110528130596091e-13
5.345188045189851255e+04 -1.701964365489305217e-13
5.346600171598927409e+04 -1.517731941861397318e-13
5.348012298012286192e+04 -1.458003606818506795e-13
5.349424424422002630e+04 -1.366366256883726042e-13
5.350836550838672702e+04 -1.059418264942411358e-13
5.352248677250058245e+04 -7.024642352503342861e-14
5.353660803661192040e+04 -4.969269911151173125e-14
5.355072930071238079e+04 -6.822885727025212211e-14
5.356485056489340786e+04 -1.054287601951270620e-13
5.357897182901231281e+04 -5.643517327461641100e-14
5.359309309309632226e+04 -3.452143167206957683e-14
5.360721435720334557e+04 -1.350582395891168425e-14
5.362133562130648352e+04 2.162714295806237311e-14
5.363545688551083731e+04 5.177030315782106418e-14
5.364957814957911614e+04 7.892168928664929444e-14
5.366369941370001470e+04 1.090200952694732199e-13
5.367782067781240039e+04 1.171427795924115474e-13
5.369194194188537949e+04 1.783647351128193741e-13
5.370606320608485839e+04 1.970450463570457909e-13
5.372018447018239385e+04 2.403883927844694216e-13
5.373430573431836092e+04 2.421522693896646446e-13
5.374842699841561262e+04 2.086668840500866737e-13
5.376254826247784513e+04 2.898933975983138409e-13
5.377666952669673628e+04 2.992017801990120470e-13
5.379079079078065843e+04 3.135353278209127498e-13
5.380491205489352433e+04 2.795557504284049299e-13
5.381903331897929456e+04 3.078414869949371488e-13
5.383315458321141341e+04 3.121945145592279519e-13
5.384727584730875242e+04 2.951882418051711759e-13
5.386139711141401494e+04 2.995149772972664013e-13
5.387551837551542849e+04 2.791809029539678312e-13
5.388963963961679110e+04 2.516488999304715559e-13
5.390376090377810760e+04 2.213287833701991197e-13
5.391788216788302816e+04 2.250208826368841782e-13
5.393200343202019576e+04 2.134555028418181054e-13
5.394612469610117842e+04 2.250838517376911013e-13
5.396024596018597367e+04 2.099038477476134405e-13
5.397436722440787707e+04 2.225057450973234793e-13
5.398848848850504146e+04 1.478947784671189484e-13
5.400260975261111162e+04 1.588848646448651217e-13
5.401673101669561584e+04 2.023867877083522735e-13
5.403085228091552563e+04 2.108368454192554328e-13
5.404497354500253277e+04 2.845321226385109934e-13
5.405909480907979741e+04 2.785765973949149378e-13
5.407321607318227325e+04 3.171285227407806118e-13
5.408733733730010135e+04 2.690250749416245456e-13
5.410145860148400243e+04 2.370862239051110401e-13
5.411557986559310666e+04 1.979248829422735464e-13
5.412970112972211791e+04 1.694402662183498303e-13
5.414382239379142266e+04 1.034979359055144123e-13
5.415794365789652511e+04 8.656699529561673420e-14
5.417206492210154101e+04 3.428203655360861685e-14
5.418618618620748020e+04 -3.616295900373587131e-15
5.420030745031627157e+04 -2.507062681195465521e-14
5.421442871438176371e+04 -5.571861128192599340e-14
5.422854997850242216e+04 -5.657232063553622514e-14
5.424267124268542830e+04 -1.213772509599741622e-13
5.425679250681657868e+04 -9.353831478018854596e-14
5.427091377089005982e+04 -1.166740195876615515e-13
5.428503503499751241e+04 -1.335939158788313093e-13
5.429915629920221545e+04 -1.415883542320633767e-13
5.431327756329024123e+04 -1.500283566677067750e-13
5.432739882739302266e+04 -1.721712266737133970e-13
5.434152009150184313e+04 -1.130356583494138238e-13
5.435564135559226270e+04 -1.187968365515141137e-13
5.436976261978235561e+04 -2.010915170453667749e-13
5.438388388389017928e+04 -1.949732941512564691e-13
5.439800514799026132e+04 -2.140136996381864131e-13
5.441212641208153946e+04 -1.981484533652437739e-13
5.442624767620398779e+04 -1.280923615871260843e-13
5.444036894039715844e+04 -1.285417170028321123e-13
5.445449020450526587e+04 -7.239470835819142518e-14
5.446861146860637382e+04 -8.544464239898326274e-14
5.448273273270167556e+04 -7.001094875931954362e-14
5.449685399688730104e+04 -5.822089125640045675e-14
5.451097526099158131e+04 -1.053519433762618138e-15
5.452509652511702734e+04 8.078438781837271841e-14
5.453921778919698409e+04 1.214393492587275405e-13
5.455333905332152062e+04 1.539612414197282548e-13
5.456746031749301619e+04 1.439468466233334590e-13
5.458158158159875893e+04 1.938876075051965734e-13
5.459570284568156785e+04 1.674128919491758248e-13
5.460982410981409339e+04 1.779402706243956612e-13
5.462394537389505422e+04 2.085511659643105791e-13
5.463806663812213810e+04 1.196488509001806573e-13
5.465218790222181997e+04 1.004467368062046477e-13
5.466630916631364380e+04 1.459328459074222833e-13
5.468043043041653436e+04 1.852427082310635877e-13
5.469455169460587058e+04 2.194675684036779537e-13
5.470867295869862573e+04 2.134825366966148057e-13
5.472279422280407744e+04 1.661429601360433259e-13
5.473691548692030483e+04 1.634771583081644816e-13
5.475103675097894302e+04 8.906136292234582182e-14
5.476515801519391971e+04 5.715762292895244630e-14
5.477927927929546422e+04 -2.571371476250159489e-15
5.479340054339745257e+04 -4.659897114307057221e-14
5.480752180749533727e+04 -6.965357438615349561e-14
5.482164307161358738e+04 -1.310566897018147699e-13
5.483576433578280557e+04 -1.225041011513778089e-13
5.484988559992004593e+04 -1.220234260258463606e-13
5.486400686398584367e+04 -1.780079018605508009e-13
5.487812812808345916e+04 -1.937976511487563387e-13
5.489224939218885265e+04 -1.538172173536946447e-13
5.490637065641159279e+04 -1.698588430451279003e-13
5.492049192049098929e+04 -1.579421879782828399e-13
5.493461318458650931e+04 -1.836929237156018874e-13
5.494873444870543608e+04 -2.014251543752966831e-13
5.496285571287862695e+04 -2.151649462351383016e-13
5.497697697700514254e+04 -2.363739943666127754e-13
5.499109824111883063e+04 -1.698047753355345249e-13
5.500521950521937833e+04 -2.013249313038552827e-13
5.501934076928975992e+04 -1.953906704948249369e-13
5.503346203350587166e+04 -2.271679777648703550e-13
5.504758329761650384e+04 -2.295179450452463863e-13
5.506170456169368845e+04 -1.882425236691918368e-13
5.507582582579031441e+04 -1.604161153733363988e-13
5.508994708991894731e+04 -1.909254689171856618e-13
5.510406835408217739e+04 -1.968412675814767976e-13
5.511818961821388075e+04 -1.945348182137003326e-13
5.513231088232014008e+04 -1.432285179834481466e-13
5.514643214641247323e+04 -1.297570865846371372e-13
5.516055341060765204e+04 -1.560794894465594286e-13
5.517467467471263808e+04 -1.283341827150940664e-13
5.518879593879915046e+04 -1.319197949683726353e-13
5.520291720291903766e+04 -1.513901046828012254e-13
5.521703846701547445e+04 -1.662461969370526563e-13
5.523115973118933471e+04 -1.322191454580726074e-13
5.524528099530663167e+04 -1.440494240620306748e-13
5.525940225938510412e+04 -1.776498681250726509e-13
5.527352352351256559e+04 -1.969302814936122491e-13
5.528764478758535552e+04 -2.562629991492340627e-13
5.530176605177934835e+04 -2.311004145943211250e-13
5.531588731591524265e+04 -2.519125266139027101e-13
5.533000857999396976e+04 -3.119112002047601362e-13
5.534412984409255296e+04 -3.170423577176350742e-13
5.535825110829017649e+04 -3.027005680668329132e-13
5.537237237240933609e+04 -3.357913250626103966e-13
5.538649363647974678e+04 -3.279462322730722454e-13
5.540061490058178606e+04 -2.967696040693631154e-13
5.541473616469679109e+04 -3.084462512545985469e-13
5.542885742890425900e+04 -3.251624045913249306e-13
5.544297869300414459e+04 -3.163117842758122016e-13
5.545709995712032105e+04 -3.044689777879239811e-13
5.547122122120332642e+04 -3.027684823849807214e-13
5.548534248528472381e+04 -2.821568165082819372e-13
5.549946374951647886e+04 -3.066752040842590204e-13
5.551358501358722424e+04 -3.273468719313601866e-13
5.552770627767909900e+04 -3.418647113194969068e-13
5.554182754179857875e+04 -3.319314180874921868e-13
5.555594880588451633e+04 -2.819326333221630091e-13
5.557007007011988026e+04 -2.921039563488410646e-13
5.558419133421419247e+04 -2.786793396741901697e-13
5.559831259831411444e+04 -2.684829608796518083e-13
5.561243386238771927e+04 -2.289601245291975500e-13
5.562655512658634689e+04 -2.119419832535227104e-13
5.564067639069602592e+04 -2.303500602831348635e-13
5.565479765479686466e+04 -2.468281838251879117e-13
5.566891891890155966e+04 -2.309428270017257759e-13
5.568304018301110773e+04 -1.800440126803603380e-13
5.569716144721019373e+04 -1.734523676461518450e-13
5.571128271128568304e+04 -1.123532183563753326e-13
5.572540397538885736e+04 -1.301098454216183701e-13
5.573952523952034244e+04 -1.010688917468480631e-13
5.575364650361280655e+04 -7.450450291637974840e-14
5.576776776780367072e+04 -1.017051763780385419e-13
5.578188903191126883e+04 -2.019744480369453638e-14
5.579601029599782487e+04 -5.638588594178585408e-14
5.581013156012212858e+04 -7.316533806047523717e-14
5.582425282428516221e+04 -5.092702535979004584e-14
5.583837408841404977e+04 -8.491171170071281934e-16
5.585249535248779284e+04 -3.646127559431038876e-14
5.586661661658441881e+04 -4.836342469028893335e-14
5.588073788072200841e+04 -7.449263439476168483e-14
5.589485914489871357e+04 -7.723096607697313979e-14
5.590898040899034822e+04 -3.802132682477325482e-14
5.592310167310417455e+04 -7.436208065696302344e-14
5.593722293720779271e+04 -5.086702338938762597e-14
5.595134420131873776e+04 -7.710634659998349755e-14
5.596546546549923369e+04 -7.020875745295388596e-14
5.597958672959665273e+04 -5.865804846933236391e-14
5.599370799369802262e+04 -7.943191747481128713e-14
5.600782925778227946e+04 -7.280862304962129118e-14
5.602195052199169731e+04 -5.322226556826056185e-14
5.603607178611458949e+04 -3.641116405858968853e-14
5.605019305018398154e+04 2.189822328863044249e-14
5.606431431430893281e+04 6.337936570606471318e-14
5.607843557840283029e+04 1.133761723844575469e-13
5.609255684261454735e+04 1.258374607211091886e-13
5.610667810669741448e+04 1.435037551495925453e-13
5.612079937078397052e+04 1.598658309247134416e-13
5.613492063489495922e+04 1.930449424703142619e-13
5.614904189900083293e+04 1.946485116133766944e-13
5.616316316319310863e+04 2.211825697774877356e-13
5.617728442730821553e+04 2.348247760151363869e-13
5.619140569140553998e+04 1.731915432525471654e-13
5.620552695549210330e+04 1.438749761313129882e-13
5.621964821960734844e+04 1.961927381483488090e-13
5.623376948379355599e+04 2.236940808243318039e-13
5.624789074788503785e+04 2.411361920666962325e-13
5.626201201197777846e+04 2.869117612229321332e-13
5.627613327607858810e+04 2.761700897962751137e-13
5.629025454031087429e+04 3.361806319087506033e-13
5.630437580437929137e+04 3.599717428544653870e-13
5.631849706847967900e+04 3.581538809599657714e-13
5.633261833258749539e+04 3.636364785851976626e-13
5.634673959668690077e+04 4.285691603576077991e-13
5.636086086092035112e+04 4.352280603476519605e-13
5.637498212501610396e+04 4.301575641674915695e-13
5.638910338911887084e+04 3.883744338111088713e-13
5.640322465317826573e+04 3.751166358014229810e-13
5.641734591731556429e+04 4.249967353505715230e-13
5.643146718148402579e+04 4.010236404067131484e-13
5.644558844558116107e+04 4.405847197712700559e-13
5.645970970970535564e+04 4.714699098330245642e-13
5.647383097378926323e+04 4.805176794798594704e-13
5.648795223799689120e+04 5.031575438286223908e-13
5.650207350208559365e+04 5.258040018005064577e-13
5.651619476618996123e+04 5.849962752836479281e-13
5.653031603029798862e+04 6.186204563899260060e-13
5.654443729438909213e+04 5.584727669165306707e-13
5.655855855859176518e+04 6.074666835181973348e-13
5.657267982271578512e+04 5.936675490502654238e-13
5.658680108681663114e+04 6.166258853957796661e-13
5.660092235092227202e+04 5.818451827940528077e-13
5.661504361501827952e+04 6.217412182131638528e-13
5.662916487921431690e+04 6.513472453894163076e-13
5.664328614331874996e+04 7.246624002357378272e-13
5.665740740740665206e+04 7.259916746569606440e-13
