5.300000000000008731e+04 7.099887099268028254e-13
5.301412126411289501e+04 7.555711808187442136e-13
5.302824252819047251e+04 7.669323189675283772e-13
5.304236379240427050e+04 8.134590047075028168e-13
5.305648505649748404e+04 8.145611019780647500e-13
5.307060632057876501e+04 8.299372691698811343e-13
5.308472758470663393e+04 8.195026430521448183e-13
5.309884884879874880e+04 8.279256519882243261e-13
5.311297011300056329e+04 7.648629630360694088e-13
5.312709137711310905e+04 8.073337438855201889e-13
5.314121264118159161e+04 8.099765461769130529e-13
5.315533390530556062e+04 7.373437832786214038e-13
5.316945516948518343e+04 7.435823249002904831e-13
5.318357643361670489e+04 6.744927958969832104e-13
5.319769769769040431e+04 6.002013522705065549e-13
5.321181896182160563e+04 5.613450042369077202e-13
5.322594022588752705e+04 5.099293043944188438e-13
5.324006149010487570e+04 4.609443176198793534e-13
5.325418275419717247e+04 3.816829050380325328e-13
5.326830401831574272e+04 3.625851836049572718e-13
5.328242528238296654e+04 3.923335830535738769e-13
5.329654654650523298e+04 4.037634003792022130e-13
5.331066781070376601e+04 2.943579239282368968e-13
5.332478907478111796e+04 3.413814299663039646e-13
5.333891033889660321e+04 3.411125711253751105e-13
5.335303160299167939e+04 3.607048946203513885e-13
5.336715286721324810e+04 3.241353542738073710e-13
5.338127413130695641e+04 3.408162319991990501e-13
5.339539539541234262e+04 2.999576135267311713e-13
5.340951665949082235e+04 3.511989556973071480e-13
5.342363792361997184e+04 4.254459484548573667e-13
5.343775918780115899e+04 4.037615913322110475e-13
5.345188045189325203e+04 3.760100351814898385e-13
5.346600171600247268e+04 3.753066174097484554e-13
5.348012298011516395e+04 3.865547116578569280e-13
5.349424424417916453e+04 3.831595611808657391e-13
5.350836550841970893e+04 3.881652803505856822e-13
5.352248677249600587e+04 4.078589104770686915e-13
5.353660803661481623e+04 4.054597695863703638e-13
5.355072930067728885e+04 4.182028688825084022e-13
5.356485056490657735e+04 4.527511868693233448e-13
5.357897182899795007e+04 4.187328335058324936e-13
5.359309309311608376e+04 4.650027422544263588e-13
5.360721435722158640e+04 4.542455458291418053e-13
5.362133562131944200e+04 4.574448023605154406e-13
5.363545688547887403e+04 4.816735410037242502e-13
5.364957814958396921e+04 5.030096135080189075e-13
5.366369941370059678e+04 4.881058229436404481e-13
5.367782067779368663e+04 4.932176728701768971e-13
5.369194194191398128e+04 4.650744149733154488e-13
5.370606320608017995e+04 4.924785479566331699e-13
5.372018447017994913e+04 4.635959067109435926e-13
5.373430573431104131e+04 4.537129968529731412e-13
5.374842699837731197e+04 5.123346477319441256e-13
5.376254826248106838e+04 4.436046452818623123e-13
5.377666952672158368e+04 4.337393090232348134e-13
5.379079079080204247e+04 3.799609938102506935e-13
5.380491205489951972e+04 3.794027735958260897e-13
5.381903331898430770e+04 4.221596853777169416e-13
5.383315458321006736e+04 3.816289351361286466e-13
5.384727584728727379e+04 3.827303863184794241e-13
5.386139711139455903e+04 3.716993346367664555e-13
5.387551837548913318e+04 3.379728408545211092e-13
5.388963963961411355e+04 3.659041818181287648e-13
5.390376090380677488e+04 3.573279207583669747e-13
5.391788216789119906e+04 3.022153903168321700e-13
5.393200343200443604e+04 3.622069204936087494e-13
5.394612469611530105e+04 3.791140152379940618e-13
5.396024596018181910e+04 3.817514334609607117e-13
5.397436722438585275e+04 3.984832229373901835e-13
5.398848848849765636e+04 4.028400972529363515e-13
5.400260975260796113e+04 3.786019687943922428e-13
5.401673101669940661e+04 4.186473775717724676e-13
5.403085228089435986e+04 4.585994050663693136e-13
5.404497354501458176e+04 4.467547991091893205e-13
5.405909480908536352e+04 4.395585824684217306e-13
5.407321607320978364e+04 4.479622087581670195e-13
5.408733733731535176e+04 4.815932537753533189e-13
5.410145860149660439e+04 4.194543848200332180e-13
5.411557986560017889e+04 4.194268183896912448e-13
5.412970112970748596e+04 3.736772260138018207e-13
5.414382239377836231e+04 3.680078450335992566e-13
5.415794365791438031e+04 3.734050075141749869e-13
5.417206492211645673e+04 3.607782040960420595e-13
5.418618618617924221e+04 2.675020183283448093e-13
5.420030745029996615e+04 2.069923254062342742e-13
5.421442871438561269e+04 2.259735355985673554e-13
5.422854997849076608e+04 1.925392459779467332e-13
5.424267124269403575e+04 1.523670316209935226e-13
5.425679250682296697e+04 1.226886681344644263e-13
5.427091377088749869e+04 8.326832816508807025e-14
5.428503503499789804e+04 3.970923326024628668e-14
5.429915629921840446e+04 -2.219015233147809248e-14
5.431327756331641285e+04 -1.067805004788042748e-13
5.432739882738436427e+04 -1.945144554262512669e-13
5.434152009151662787e+04 -1.854754229171238946e-13
5.435564135559762508e+04 -2.030755549493249919e-13
5.436976261980267009e+04 -2.400621236998858938e-13
5.438388388390541513e+04 -2.859905532926188235e-13
5.439800514801793906e+04 -2.901506722115992133e-13
5.441212641207714478e+04 -2.590088758542915590e-13
5.442624767622232321e+04 -3.006476243054368046e-13
5.444036894040813058e+04 -3.280427981988934147e-13
5.445449020450573880e+04 -3.504970340339336783e-13
5.446861146858745633e+04 -3.824913222495663288e-13
5.448273273271202197e+04 -3.817666697119521779e-13
5.449685399689304904e+04 -4.365645982672094306e-13
5.451097526099711104e+04 -4.403322401341962749e-13
5.452509652508399449e+04 -4.483234037099500272e-13
5.453921778919230564e+04 -4.515107722182387092e-13
5.455333905328300170e+04 -4.992933888318474449e-13
5.456746031750881957e+04 -5.213737549553748738e-13
5.458158158160626772e+04 -5.601018329427888267e-13
5.459570284570725926e+04 -5.409876147240558561e-13
5.460982410980894929e+04 -5.999563441900510083e-13
5.462394537391163612e+04 -5.565378380799532034e-13
5.463806663808110170e+04 -5.995986697563641988e-13
5.465218790220941446e+04 -6.411075114045229311e-13
5.466630916628018895e+04 -6.783118549547853354e-13
5.468043043041860074e+04 -7.290523495440859071e-13
5.469455169459713943e+04 -7.145089900564285150e-13
5.470867295868794463e+04 -6.697421409222297185e-13
5.472279422281475854e+04 -6.986100513567053683e-13
5.473691548690829950e+04 -7.331921382206891371e-13
5.475103675099240354e+04 -7.287429163634974498e-13
5.476515801519063825e+04 -8.166384795088241638e-13
5.477927927931638988e+04 -8.610287022884759181e-13
5.479340054342168878e+04 -8.257560763444261446e-13
5.480752180748400133e+04 -8.457562107182737185e-13
5.482164307161288161e+04 -8.318499803518947325e-13
5.483576433580835874e+04 -8.124997245733587427e-13
5.484988559988253110e+04 -8.223102725516816153e-13
5.486400686401750863e+04 -8.003625698741748063e-13
5.487812812811666663e+04 -7.379287401141957234e-13
5.489224939220401575e+04 -7.130641645261307181e-13
5.490637065640106448e+04 -7.339484921531965471e-13
5.492049192048835539e+04 -6.771385587633558332e-13
5.493461318458343885e+04 -6.459164751776771466e-13
5.494873444870509411e+04 -5.842486476008252249e-13
5.496285571291380620e+04 -5.758040162459462962e-13
5.497697697697943659e+04 -5.333258699908885018e-13
5.499109824108062458e+04 -5.520806908740382140e-13
5.500521950518309313e+04 -5.225463619860458367e-13
5.501934076932194148e+04 -4.538797623257505416e-13
5.503346203350817814e+04 -4.021168977511426296e-13
5.504758329761998175e+04 -3.653246723344925429e-13
5.506170456169611862e+04 -3.167688173497919335e-13
5.507582582580723101e+04 -3.017285729552207370e-13
5.508994708990040817e+04 -3.237669002724767678e-13
5.510406835411123029e+04 -2.851577025159124480e-13
5.511818961820438562e+04 -2.504040146230499868e-13
5.513231088230367459e+04 -2.262940700655959677e-13
5.514643214638173959e+04 -1.880167032142729837e-13
5.516055341058913473e+04 -1.841753211461214065e-13
5.517467467469914118e+04 -1.969830292633734320e-13
5.518879593881962501e+04 -1.315520393644652216e-13
5.520291720290319063e+04 -1.262878849102894564e-13
5.521703846702336159e+04 -1.121404482784183438e-13
5.523115973117742396e+04 -1.140800912333542390e-13
5.524528099527847371e+04 -9.146872674536482154e-14
5.525940225938482035e+04 -9.464506868151669918e-14
5.527352352351898298e+04 -1.069148868267213185e-13
5.528764478759476333e+04 -7.315117836351432354e-14
5.530176605181036575e+04 -4.608955827719539730e-14
5.531588731588226074e+04 -1.030144008575101569e-14
5.533000857998491847e+04 6.670779513715799593e-14
5.534412984410872741e+04 1.665186032174159085e-13
5.535825110829878395e+04 2.180013239436736845e-13
5.537237237239500246e+04 2.736131513547771809e-13
5.538649363648733561e+04 3.065147197090394538e-13
5.540061490058393247e+04 3.457420946660221489e-13
5.541473616470271372e+04 3.670306150779769428e-13
5.542885742888476670e+04 3.508463638242145654e-13
5.544297869301938772e+04 3.955229328990434097e-13
5.545709995711474039e+04 4.328606290560849730e-13
5.547122122118392144e+04 4.625338238369249241e-13
5.548534248532102356e+04 4.767088268991380478e-13
5.549946374948956509e+04 4.580949393911115272e-13
5.551358501360381342e+04 3.958365010441831529e-13
5.552770627768005215e+04 3.562070007845872115e-13
5.554182754179176845e+04 2.727168977882843377e-13
5.555594880589066452e+04 2.424703212563316672e-13
5.557007007011123642e+04 2.484894513214977386e-13
5.558419133420693834e+04 1.469839969359680738e-13
5.559831259829563351e+04 1.481576377077768456e-13
5.561243386240774271e+04 1.587865640868765427e-13
5.562655512661967077e+04 1.275103813816517943e-13
5.564067639067702112e+04 1.112871925450314201e-13
5.565479765480906644e+04 6.747707919990222590e-15
5.566891891888003011e+04 -5.424612043500090041e-14
5.568304018298813025e+04 -9.193838980231589708e-14
5.569716144720592274e+04 -1.061630124391444639e-13
5.571128271131067595e+04 -9.460957690245142383e-14
5.572540397538891557e+04 -1.192670596825725246e-13
5.573952523949115857e+04 -9.421985649349202260e-14
5.575364650361018721e+04 -1.205561348814382334e-13
5.576776776779472129e+04 -1.299979818539374418e-13
5.578188903191480495e+04 -1.577373915462892200e-13
5.579601029598245805e+04 -1.144618862935903254e-13
5.581013156011566025e+04 -1.676847379351840488e-13
5.582425282427953061e+04 -2.086911813903606882e-13
5.583837408841490833e+04 -2.517027380725353964e-13
5.585249535248536995e+04 -2.454699681722191336e-13
5.586661661661538528e+04 -2.473686060620213260e-13
5.588073788068629074e+04 -2.138581641775810836e-13
5.589485914491242147e+04 -2.217590476939649342e-13
5.590898040899248008e+04 -1.844699373704010684e-13
5.592310167308585369e+04 -1.432867241806566168e-13
5.593722293719685695e+04 -1.117410796188392671e-13
5.595134420129330829e+04 -6.866301892346461421e-14
5.596546546547728212e+04 -6.087446861072422359e-14
5.597958672960449621e+04 -3.173571799813890679e-14
5.599370799367738800e+04 -1.696424629940178171e-14
5.600782925779102516e+04 6.926545136833662011e-15
5.602195052199639758e+04 -3.001849331201066937e-15
5.603607178608732647e+04 3.022327999919995533e-14
5.605019305021729815e+04 2.583677177103620591e-14
5.606431431430470548e+04 3.198959902336078487e-14
5.607843557839350979e+04 6.220033919586891042e-14
5.609255684258436668e+04 8.009267538969473184e-14
5.610667810671104235e+04 5.441936965147255863e-14
5.612079937078700459e+04 3.021707755237301389e-14
5.613492063490947476e+04 6.318067037490472644e-14
5.614904189900182246e+04 9.499871409255255379e-15
5.616316316320573969e+04 -6.122662975834270653e-14
5.617728442732099938e+04 -1.363568681730681511e-13
5.619140569139023137e+04 -1.349358186889403112e-13
5.620552695548420161e+04 -1.651458697006898975e-13
5.621964821961676353e+04 -2.593245114817069198e-13
5.623376948378852103e+04 -2.992255410801711559e-13
5.624789074787891877e+04 -3.728210184856082095e-13
5.626201201200770447e+04 -4.172570704557034285e-13
5.627613327612139256e+04 -4.322797412509316221e-13
5.629025454032180278e+04 -4.827580101716043303e-13
5.630437580441297177e+04 -4.988974659760611023e-13
5.631849706850125222e+04 -5.163042884154891934e-13
5.633261833260169806e+04 -4.828786133043504126e-13
5.634673959670822660e+04 -5.080129953293873644e-13
5.636086086091304605e+04 -5.439634108794699646e-13
5.637498212499477813e+04 -5.516744306068736818e-13
5.638910338909536949e+04 -4.931098939257674442e-13
5.640322465321447817e+04 -5.435878182660608322e-13
5.641734591730059037e+04 -5.044565812348957736e-13
5.643146718150538800e+04 -4.755631718523538694e-13
5.644558844559163845e+04 -4.397750536609094799e-13
5.645970970971688803e+04 -4.832686782936890708e-13
5.647383097380397521e+04 -3.827425213460574132e-13
5.648795223801016255e+04 -3.461039787785636958e-13
5.650207350209091237e+04 -3.366786716642696562e-13
5.651619476622098591e+04 -3.196081596750134059e-13
5.653031603029923281e+04 -2.877096648048190214e-13
5.654443729438828450e+04 -2.412526489102791292e-13
5.655855855859463190e+04 -2.534352882195273113e-13
5.657267982269975619e+04 -2.555985638406123050e-13
5.658680108678972465e+04 -2.406554911129965034e-13
5.660092235087895824e+04 -2.846460006526898986e-13
5.661504361498609796e+04 -2.374798383376031902e-13
5.662916487920894724e+04 -1.914552708190526996e-13
5.664328614332139114e+04 -1.720667666184172270e-13
5.665740740741644549e+04 -1.792316264446708779e-13
