5.299999999999735155e+04 1.050178757375382216e-12
5.301412126410916972e+04 1.106367912954823590e-12
5.302824252818698733e+04 1.112289741983729026e-12
5.304236379240883980e+04 1.119937572289082943e-12
5.305648505649157596e+04 1.162313256654655083e-12
5.307060632057712064e+04 1.166407004586698685e-12
5.308472758470127155e+04 1.181549982911414008e-12
5.309884884877230797e+04 1.136527052995731643e-12
5.311297011298219877e+04 1.144972612967603838e-12
5.312709137710105279e+04 1.121972875139160777e-12
5.314121264118747058e+04 1.100499960170642618e-12
5.315533390528382733e+04 1.095660863038402583e-12
5.316945516949695593e+04 1.068144523545748343e-12
5.318357643362441740e+04 1.038373961333802778e-12
5.319769769768353581e+04 9.939597285612417286e-13
5.321181896182215132e+04 9.985501313673882544e-13
5.322594022591340763e+04 1.002738423783364465e-12
5.324006149010596710e+04 1.035224303573851773e-12
5.325418275417187397e+04 9.961138187942665489e-13
5.326830401830246410e+04 1.000635867349641489e-12
5.328242528241158288e+04 9.835360157631612652e-13
5.329654654648443830e+04 1.009434995469187392e-12
5.331066781071235164e+04 9.797233048373860246e-13
5.332478907478643669e+04 9.618875302768687024e-13
5.333891033892767155e+04 1.005171970577553350e-12
5.335303160300468153e+04 9.944436269855721618e-13
5.336715286722556630e+04 1.041764467638792859e-12
5.338127413130911009e+04 1.078178938847899036e-12
5.339539539542467537e+04 1.177797893344291826e-12
5.340951665949689050e+04 1.223259396776485066e-12
5.342363792360646767e+04 1.265204522740005128e-12
5.343775918782433291e+04 1.334770523350951508e-12
5.345188045187348325e+04 1.386569724541300139e-12
5.346600171598443558e+04 1.403982504258479951e-12
5.348012298008803191e+04 1.397252291669717742e-12
5.349424424420107971e+04 1.435745951302786746e-12
5.350836550838672702e+04 1.447245269883445257e-12
5.352248677248443710e+04 1.454373415971744424e-12
5.353660803659010708e+04 1.490590783098526788e-12
5.355072930068254209e+04 1.449271174729597783e-12
5.356485056488049304e+04 1.499299938736049817e-12
5.357897182902220084e+04 1.517305272478497445e-12
5.359309309311660036e+04 1.524186078907935587e-12
5.360721435718669090e+04 1.478650520333700757e-12
5.362133562131593499e+04 1.449779174941772661e-12
5.363545688552020147e+04 1.431581252674442699e-12
5.364957814962780685e+04 1.467158426644948896e-12
5.366369941368095169e+04 1.443226423760463245e-12
5.367782067776824988e+04 1.434104320394910229e-12
5.369194194192169380e+04 1.445504522489726598e-12
5.370606320609254908e+04 1.407683793804384787e-12
5.372018447022460168e+04 1.433586611734236353e-12
5.373430573427390482e+04 1.430896694166303283e-12
5.374842699839441048e+04 1.403177493255587172e-12
5.376254826251503982e+04 1.405103830060153731e-12
5.377666952667565783e+04 1.397605746928455141e-12
5.379079079079908843e+04 1.332772276294128396e-12
5.380491205487429397e+04 1.258116565112935853e-12
5.381903331900898775e+04 1.201721768225382774e-12
5.383315458321729966e+04 1.172616742735854197e-12
5.384727584729927185e+04 1.170165923934451341e-12
5.386139711140005238e+04 1.071414069355772577e-12
5.387551837548842013e+04 1.013089774773444145e-12
5.388963963959728426e+04 9.761111975509519150e-13
5.390376090379532980e+04 8.921067020206405119e-13
5.391788216787369311e+04 8.940075259256621891e-13
5.393200343200059433e+04 8.479698373639268482e-13
5.394612469609037362e+04 8.044628929703097142e-13
5.396024596019466117e+04 7.812642166143321002e-13
5.397436722439762525e+04 7.805810127734251683e-13
5.398848848847853515e+04 7.664170637465064555e-13
5.400260975262553984e+04 7.521749955758489026e-13
5.401673101670928008e+04 7.265803644413835345e-13
5.403085228091954923e+04 7.257059267428267526e-13
5.404497354496826301e+04 6.817160434808355957e-13
5.405909480912637810e+04 6.840067857709353324e-13
5.407321607317899907e+04 6.565377467424813233e-13
5.408733733728923835e+04 5.802930108976063226e-13
5.410145860149506188e+04 6.062303728418856275e-13
5.411557986562547012e+04 5.701332324319845118e-13
5.412970112968924514e+04 5.411932505669446615e-13
5.414382239377267251e+04 4.510554991416441860e-13
5.415794365788139112e+04 4.074146684698850062e-13
5.417206492211075238e+04 3.166986999141937039e-13
5.418618618617050379e+04 2.392230231107513826e-13
5.420030745031077095e+04 2.175212540466486194e-13
5.421442871440344607e+04 1.603757457344374511e-13
5.422854997847935738e+04 5.522670092831088559e-14
5.424267124271212379e+04 -3.414995329021589435e-14
5.425679250678902463e+04 -1.081339753019774688e-13
5.427091377092730545e+04 -1.684744662819593139e-13
5.428503503499812359e+04 -2.414370692004416502e-13
5.429915629919917410e+04 -3.485189983694249043e-13
5.431327756332096760e+04 -4.215418839797519254e-13
5.432739882741410838e+04 -4.926172096655372743e-13
5.434152009151307720e+04 -5.565775972685399242e-13
5.435564135557623376e+04 -5.992595493175853407e-13
5.436976261978197726e+04 -6.996006543378185766e-13
5.438388388391862827e+04 -7.223509358398499068e-13
5.439800514802276302e+04 -7.971132141766631532e-13
5.441212641207752313e+04 -8.142321439933339590e-13
5.442624767620576313e+04 -7.997776188450513420e-13
5.444036894038500759e+04 -8.427745310256450738e-13
5.445449020451330580e+04 -8.748106048504856616e-13
5.446861146858391294e+04 -9.399710018435810663e-13
5.448273273270661593e+04 -9.938416021213059418e-13
5.449685399689740734e+04 -1.018050408676958945e-12
5.451097526097344962e+04 -1.065311135971738866e-12
5.452509652511915920e+04 -1.099446040895413099e-12
5.453921778921625810e+04 -1.111933363444283226e-12
5.455333905330309062e+04 -1.108791438576450749e-12
5.456746031751705596e+04 -1.105197054852974838e-12
5.458158158160142921e+04 -1.130264720434011056e-12
5.459570284571709635e+04 -1.133068881605215405e-12
5.460982410979719134e+04 -1.168112316686130132e-12
5.462394537389670586e+04 -1.158170865422807348e-12
5.463806663809407473e+04 -1.146014081678658902e-12
5.465218790221821837e+04 -1.152793739621406377e-12
5.466630916628573323e+04 -1.209206598738725574e-12
5.468043043039026088e+04 -1.230306895551613369e-12
5.469455169460620527e+04 -1.243858083433713414e-12
5.470867295872828981e+04 -1.228192711557478372e-12
5.472279422279909340e+04 -1.240130942321455677e-12
5.473691548687034810e+04 -1.260006619956194594e-12
5.475103675097881205e+04 -1.334049118436824343e-12
5.476515801519889646e+04 -1.310050736857947779e-12
5.477927927932464809e+04 -1.300795650325741124e-12
5.479340054342514486e+04 -1.353598772824283059e-12
5.480752180749870604e+04 -1.356989053351400924e-12
5.482164307156832365e+04 -1.405373251337639056e-12
5.483576433582122263e+04 -1.425183001833731289e-12
5.484988559988693305e+04 -1.471577645211221549e-12
5.486400686402824067e+04 -1.474707829629705897e-12
5.487812812812790071e+04 -1.446938054475644454e-12
5.489224939216905477e+04 -1.441010030666373948e-12
5.490637065639572393e+04 -1.393388961887758099e-12
5.492049192048941768e+04 -1.402239454473201484e-12
5.493461318460856273e+04 -1.385191418908362970e-12
5.494873444871426909e+04 -1.382863197491498512e-12
5.496285571289982909e+04 -1.362683171285198937e-12
5.497697697698498814e+04 -1.377090508858217229e-12
5.499109824110352201e+04 -1.348507030253187968e-12
5.500521950520973041e+04 -1.359897975455249163e-12
5.501934076928161812e+04 -1.319910908087322525e-12
5.503346203351124132e+04 -1.323880986189935715e-12
5.504758329759435583e+04 -1.295087985719618270e-12
5.506170456171218393e+04 -1.326612898442075187e-12
5.507582582579190785e+04 -1.386934424080802368e-12
5.508994708990135405e+04 -1.421780980857265497e-12
5.510406835408148618e+04 -1.390948754646342901e-12
5.511818961818843673e+04 -1.451511411052449023e-12
5.513231088231514150e+04 -1.434313458980551021e-12
5.514643214642372914e+04 -1.480590697864560805e-12
5.516055341059141938e+04 -1.455219586823452185e-12
5.517467467471299460e+04 -1.438652909681883298e-12
5.518879593878836022e+04 -1.453013285457509481e-12
5.520291720291980891e+04 -1.444097768844907667e-12
5.521703846702573355e+04 -1.457959627078986562e-12
5.523115973120091803e+04 -1.445046939019122078e-12
5.524528099528945313e+04 -1.478089079041940603e-12
5.525940225942376128e+04 -1.401518771505529629e-12
5.527352352349989815e+04 -1.422598296754186539e-12
5.528764478759652411e+04 -1.308330309472716179e-12
5.530176605178600585e+04 -1.275287266338409198e-12
5.531588731590902171e+04 -1.284145886927247487e-12
5.533000858002551104e+04 -1.233661051619198795e-12
5.534412984407675685e+04 -1.181435017361687419e-12
5.535825110829009645e+04 -1.125592924704980587e-12
5.537237237237955560e+04 -1.059842795910018443e-12
5.538649363651769818e+04 -1.045194327569621008e-12
5.540061490060336655e+04 -1.012871064291497827e-12
5.541473616467719694e+04 -9.075104656192344780e-13
5.542885742887866218e+04 -8.348786272833458357e-13
5.544297869298849400e+04 -7.446903016146999766e-13
5.545709995711445663e+04 -6.767374838997484520e-13
5.547122122120624408e+04 -6.463423636491681392e-13
5.548534248529971228e+04 -6.004354004753656977e-13
5.549946374950583413e+04 -5.513260039640140304e-13
5.551358501357250498e+04 -5.240141063345260580e-13
5.552770627768549457e+04 -4.530042562316432160e-13
5.554182754179943004e+04 -4.050643890976536633e-13
5.555594880587280932e+04 -3.591511041434330299e-13
5.557007007010947564e+04 -3.545109173164933693e-13
5.558419133418489946e+04 -3.418149760138235162e-13
5.559831259829346527e+04 -3.023381666367922432e-13
5.561243386241619010e+04 -3.011496719181755530e-13
5.562655512662158435e+04 -2.718157076663602413e-13
5.564067639072113525e+04 -2.972590676265336875e-13
5.565479765482080984e+04 -3.016924419226502339e-13
5.566891891889330145e+04 -2.995890952663749081e-13
5.568304018300947791e+04 -3.272071476904002006e-13
5.569716144721996534e+04 -3.211553976072311281e-13
5.571128271131960355e+04 -3.878854023670101862e-13
5.572540397538818797e+04 -3.780478089248432390e-13
5.573952523947222653e+04 -3.867014232058350255e-13
5.575364650362292741e+04 -3.822328275616743971e-13
5.576776776781900844e+04 -3.487707406967914523e-13
5.578188903190607380e+04 -3.105718340757196598e-13
5.579601029599717003e+04 -3.386071240073444045e-13
5.581013156008519582e+04 -3.501832070645091701e-13
5.582425282431917731e+04 -3.768638297636680783e-13
5.583837408840261196e+04 -3.592170312820797150e-13
5.585249535252601345e+04 -3.205521191330396481e-13
5.586661661660097889e+04 -3.263708664522245834e-13
5.588073788068205613e+04 -3.049156468244305966e-13
5.589485914491181029e+04 -3.251832748450961991e-13
5.590898040901526838e+04 -2.451964965484064381e-13
5.592310167312533304e+04 -2.159239438777962062e-13
5.593722293719397567e+04 -1.742715389254248063e-13
5.595134420127217163e+04 -1.766304661328919928e-13
5.596546546548235347e+04 -1.591290686009216135e-13
5.597958672957147064e+04 -1.189460260400315068e-13
5.599370799370935856e+04 -3.051515532763796614e-14
5.600782925781088124e+04 -1.675193059928498784e-15
5.602195052202045190e+04 7.802058898402532028e-15
5.603607178609899711e+04 5.682114426092317887e-14
5.605019305019803869e+04 7.972224538150239163e-14
5.606431431427851930e+04 1.698599968068029050e-13
5.607843557839132700e+04 2.251087452156897980e-13
5.609255684257864050e+04 2.351703103069577728e-13
5.610667810667402227e+04 3.051569350935847144e-13
5.612079937080191303e+04 2.907044419461507731e-13
5.613492063488894200e+04 3.201729698097244231e-13
5.614904189896849130e+04 3.429268637577090273e-13
5.616316316321321938e+04 3.387246860025999559e-13
5.617728442732211988e+04 3.172766912667124164e-13
5.619140569141096057e+04 3.010279093690288258e-13
5.620552695551910438e+04 3.217019375594342095e-13
5.621964821958584071e+04 3.584965058161830879e-13
5.623376948378837551e+04 3.286974391478878077e-13
5.624789074788375001e+04 3.344502593284260580e-13
5.626201201197740011e+04 3.266365387315631123e-13
5.627613327611680870e+04 3.469998965699896464e-13
5.629025454029397952e+04 3.296122910855463927e-13
5.630437580440718739e+04 3.355376055603519811e-13
5.631849706850201619e+04 3.842333770100574704e-13
5.633261833260447747e+04 3.741094972260960846e-13
5.634673959670308250e+04 3.263005812579115457e-13
5.636086086091618927e+04 3.230186741093909957e-13
5.637498212502422393e+04 3.548876723088940809e-13
5.638910338911686267e+04 3.684388601909940258e-13
5.640322465322048083e+04 3.698874510182441821e-13
5.641734591731264663e+04 3.716178126298472474e-13
5.643146718152266112e+04 4.153013153194290709e-13
5.644558844559854333e+04 3.801919530998677097e-13
5.645970970968694019e+04 4.203641583228980697e-13
5.647383097380730032e+04 4.343425179389689328e-13
5.648795223802740657e+04 4.598924450547630826e-13
5.650207350207248965e+04 4.696803673650729522e-13
5.651619476618936460e+04 4.707930007186714914e-13
5.653031603031911072e+04 5.550216936759559858e-13
5.654443729442229960e+04 6.127052306573282164e-13
5.655855855857741699e+04 5.907812961671009869e-13
5.657267982267567277e+04 6.089482868659562319e-13
5.658680108678662509e+04 6.189132190279749692e-13
5.660092235091215116e+04 6.106605862477931284e-13
5.661504361498403887e+04 6.572819106088492325e-13
5.662916487919972133e+04 7.004659926453952609e-13
5.664328614330440178e+04 7.687321900467906033e-13
5.665740740740609181e+04 8.148260972986733280e-13
