5.299999999999919237e+04 -6.385652397803256619e-13
5.301412126409861958e+04 -7.053820834121106346e-13
5.302824252821160917e+04 -6.819907025153527495e-13
5.304236379240368115e+04 -6.756918734057850579e-13
5.305648505650849984e+04 -6.607325032782720477e-13
5.307060632061009528e+04 -6.762936867899619222e-13
5.308472758469310065e+04 -6.486082236059253972e-13
5.309884884880337631e+04 -6.561286107244291068e-13
5.311297011300011945e+04 -6.689287244384424396e-13
5.312709137709101196e+04 -6.705014617612029661e-13
5.314121264120827982e+04 -6.613162303073288369e-13
5.315533390529175813e+04 -6.618940940068526667e-13
5.316945516950071033e+04 -6.709862877608893816e-13
5.318357643359855138e+04 -6.803687938840753228e-13
5.319769769770865241e+04 -7.035452635885611615e-13
5.321181896181038610e+04 -7.318313302633788944e-13
5.322594022590701934e+04 -7.584734930654437182e-13
5.324006149010530498e+04 -8.134240280128774293e-13
5.325418275420563441e+04 -8.372702822920515673e-13
5.326830401830180199e+04 -9.317911252951530817e-13
5.328242528240029787e+04 -9.759334653785776690e-13
5.329654654649796430e+04 -9.866814137560632587e-13
5.331066781071448349e+04 -1.054845070386145353e-12
5.332478907479815825e+04 -1.059415178993631819e-12
5.333891033889997925e+04 -1.106849328777640041e-12
5.335303160301172466e+04 -1.149805756172939825e-12
5.336715286720712174e+04 -1.183073946690836277e-12
5.338127413131350477e+04 -1.196040746487285894e-12
5.339539539541100385e+04 -1.256091354372423933e-12
5.340951665950113238e+04 -1.219644960041507823e-12
5.342363792359171202e+04 -1.267712225323442896e-12
5.343775918778831692e+04 -1.252707375613415130e-12
5.345188045190292905e+04 -1.271092047012835694e-12
5.346600171598705492e+04 -1.288563869356665617e-12
5.348012298009618826e+04 -1.276417904671919459e-12
5.349424424418214039e+04 -1.298020427160249216e-12
5.350836550838407129e+04 -1.313565261599643506e-12
5.352248677249453613e+04 -1.353143914817450757e-12
5.353660803660650708e+04 -1.362109721245999705e-12
5.355072930069096765e+04 -1.316582301407776327e-12
5.356485056490157876e+04 -1.261281610902468239e-12
5.357897182898913888e+04 -1.173099616559714698e-12
5.359309309309181845e+04 -1.191381974409931081e-12
5.360721435719258443e+04 -1.165632712933881781e-12
5.362133562129438360e+04 -1.155467374760780036e-12
5.363545688550546765e+04 -1.130943890409097933e-12
5.364957814960351243e+04 -1.095902709700001256e-12
5.366369941368371656e+04 -1.063031581376242654e-12
5.367782067781526712e+04 -1.045313778398197577e-12
5.369194194188743131e+04 -1.010686505322055633e-12
5.370606320609641989e+04 -1.006806966637337191e-12
5.372018447021110478e+04 -1.013953279536220925e-12
5.373430573429825017e+04 -1.009514149644544153e-12
5.374842699839699344e+04 -1.018624708959869179e-12
5.376254826249197504e+04 -9.568481105885173031e-13
5.377666952671269246e+04 -9.405744860042143726e-13
5.379079079080417432e+04 -9.685241402692162739e-13
5.380491205489289860e+04 -9.797025625123053423e-13
5.381903331899634213e+04 -1.014559839425257805e-12
5.383315458320152538e+04 -1.022567782559315116e-12
5.384727584730882518e+04 -1.065140022267123349e-12
5.386139711140945292e+04 -1.110740842304685100e-12
5.387551837549053016e+04 -1.092993257335361567e-12
5.388963963958524982e+04 -1.120925042405596555e-12
5.390376090380101232e+04 -1.121621692818250701e-12
5.391788216789664148e+04 -1.070857544134425666e-12
5.393200343199199415e+04 -1.136699508406910516e-12
5.394612469608705578e+04 -1.148712881184652637e-12
5.396024596021549951e+04 -1.186780222436711116e-12
5.397436722441452002e+04 -1.228931915609342426e-12
5.398848848850742070e+04 -1.262117492124348814e-12
5.400260975259289262e+04 -1.236009109470134143e-12
5.401673101668438903e+04 -1.254799312317462556e-12
5.403085228089386510e+04 -1.233389286970677161e-12
5.404497354501272639e+04 -1.181071014708640609e-12
5.405909480910742423e+04 -1.212171975925788986e-12
5.407321607319158647e+04 -1.230587049774639755e-12
5.408733733728849620e+04 -1.180109552756869439e-12
5.410145860150420049e+04 -1.195510813179975872e-12
5.411557986559256096e+04 -1.183810213356472119e-12
5.412970112969843467e+04 -1.193545698122122335e-12
5.414382239380360261e+04 -1.188612807633375691e-12
5.415794365789951553e+04 -1.215123991719630721e-12
5.417206492210024589e+04 -1.153748271360049088e-12
5.418618618620717461e+04 -1.161006639001117934e-12
5.420030745030775870e+04 -1.166435896011171389e-12
5.421442871439924056e+04 -1.176075333854948768e-12
5.422854997850045766e+04 -1.209497925383879113e-12
5.424267124270830391e+04 -1.225427319785656003e-12
5.425679250678484823e+04 -1.244991109856440789e-12
5.427091377088686568e+04 -1.277436355704918243e-12
5.428503503498741338e+04 -1.287140073013204812e-12
5.429915629918628110e+04 -1.295550010983705312e-12
5.431327756328995747e+04 -1.317199533177021254e-12
5.432739882740587200e+04 -1.325027977767810854e-12
5.434152009150881349e+04 -1.284831224139346431e-12
5.435564135561325384e+04 -1.312987118693951440e-12
5.436976261981225252e+04 -1.248706909634943295e-12
5.438388388391333865e+04 -1.296825672943463769e-12
5.439800514798414952e+04 -1.256841116002857822e-12
5.441212641208603600e+04 -1.198743151966725506e-12
5.442624767618659826e+04 -1.173893058444023577e-12
5.444036894039717299e+04 -1.151920898011858188e-12
5.445449020449132513e+04 -1.094242115502969352e-12
5.446861146860016743e+04 -1.085094576881807004e-12
5.448273273268969206e+04 -1.027682591378120584e-12
5.449685399690882332e+04 -9.944900657318158296e-13
5.451097526101479161e+04 -9.209374818715366377e-13
5.452509652509686566e+04 -8.418280748052282059e-13
5.453921778920295037e+04 -8.111032353196000681e-13
5.455333905328445690e+04 -7.593314625975224867e-13
5.456746031750825205e+04 -7.314709061230949545e-13
5.458158158158315928e+04 -7.071623484751387176e-13
5.459570284569180512e+04 -6.446092467270174553e-13
5.460982410980302666e+04 -5.766186979212412787e-13
5.462394537389979087e+04 -5.142229443603742586e-13
5.463806663811247563e+04 -4.896081285687716961e-13
5.465218790221058589e+04 -4.094109342710195029e-13
5.466630916630088905e+04 -4.096154372777978679e-13
5.468043043038932228e+04 -3.536965222702022075e-13
5.469455169460907928e+04 -3.057924374821468495e-13
5.470867295871412352e+04 -2.807398264187517455e-13
5.472279422280485596e+04 -2.278130088015932761e-13
5.473691548689564661e+04 -1.956367936076641274e-13
5.475103675099843531e+04 -1.190082264148468984e-13
5.476515801520462264e+04 -1.641135485725140343e-13
5.477927927930566511e+04 -1.185766357245706770e-13
5.479340054339771450e+04 -8.147572008949645681e-14
5.480752180750167463e+04 -8.159112530570027601e-14
5.482164307160656608e+04 -1.003081140911358155e-13
5.483576433579837612e+04 -5.353748225448448056e-14
5.484988559990350041e+04 -2.798776012000066442e-14
5.486400686399868573e+04 1.050571179059969023e-14
5.487812812810419564e+04 4.572068282796885192e-14
5.489224939218646614e+04 2.562826241199227375e-14
5.490637065640381479e+04 3.214332118740423035e-14
5.492049192050324200e+04 9.021597053094996290e-14
5.493461318458818278e+04 1.354379388211241870e-13
5.494873444870897220e+04 1.521540741591721368e-13
5.496285571288658684e+04 1.920304231981331539e-13
5.497697697700904973e+04 2.251470047666779488e-13
5.499109824108816974e+04 2.838110748203606895e-13
5.500521950518419180e+04 3.012856582029653870e-13
5.501934076929727598e+04 3.475241851287758655e-13
5.503346203350046562e+04 3.719796672670389453e-13
5.504758329759499611e+04 4.075840378403732345e-13
5.506170456170344551e+04 4.115974093483991075e-13
5.507582582580247254e+04 4.010146269308782213e-13
5.508994708989058563e+04 4.027300696285144102e-13
5.510406835410191707e+04 4.338673896933484616e-13
5.511818961821545963e+04 4.499861479230037384e-13
5.513231088229182933e+04 4.951810642377667427e-13
5.514643214638742211e+04 4.957853904774577325e-13
5.516055341060226783e+04 4.720814072524530837e-13
5.517467467469035910e+04 4.686185062165564603e-13
5.518879593880462926e+04 4.751705442978058079e-13
5.520291720291514503e+04 4.890318275885578555e-13
5.521703846701523435e+04 4.696353130354533636e-13
5.523115973119463160e+04 4.563525449252843298e-13
5.524528099529095925e+04 4.274511078556765606e-13
5.525940225938446383e+04 3.815945349680116427e-13
5.527352352350066212e+04 3.302461628886086717e-13
5.528764478760853672e+04 3.407132919066650647e-13
5.530176605178834143e+04 3.258198144348555878e-13
5.531588731591016403e+04 3.134007240717602945e-13
5.533000858001226879e+04 2.947800303914582663e-13
5.534412984410003992e+04 3.223298614235476942e-13
5.535825110830993799e+04 3.162091658493139697e-13
5.537237237238988018e+04 2.814354646493865300e-13
5.538649363650884334e+04 2.473889404031734882e-13
5.540061490060739743e+04 2.360566445384793612e-13
5.541473616470183333e+04 2.727460723273902755e-13
5.542885742890374968e+04 2.768922218798657090e-13
5.544297869300845196e+04 3.140415332507673083e-13
5.545709995711465308e+04 3.243443649502711928e-13
5.547122122118615516e+04 3.756962115953233474e-13
5.548534248530729383e+04 3.268105620113838664e-13
5.549946374950679456e+04 3.143152793872679900e-13
5.551358501359506772e+04 3.838547399227820083e-13
5.552770627769443672e+04 4.731319669947989251e-13
5.554182754178466712e+04 4.913307491319901850e-13
5.555594880589893728e+04 4.928620398502215103e-13
5.557007007008871005e+04 5.203078820960971387e-13
5.558419133420996513e+04 5.493314253299463697e-13
5.559831259830961790e+04 5.996086384563693492e-13
5.561243386239038227e+04 5.967810865677453659e-13
5.562655512658328371e+04 6.096687469269543033e-13
5.564067639068428980e+04 6.101115058639598705e-13
5.565479765481530922e+04 6.338517238450199451e-13
5.566891891888582177e+04 6.631296549210388507e-13
5.568304018301219185e+04 7.189147991511423050e-13
5.569716144718356372e+04 7.588933996934925804e-13
5.571128271129906352e+04 7.965978970184758061e-13
5.572540397538836987e+04 7.786726128345245288e-13
5.573952523949364695e+04 8.644382949515567060e-13
5.575364650360881933e+04 9.059990637805722617e-13
5.576776776780567889e+04 9.541203089216992229e-13
5.578188903190493875e+04 9.842785460232557903e-13
5.579601029601110349e+04 9.884500102683179022e-13
5.581013156011296815e+04 9.489315414912189102e-13
5.582425282429408253e+04 9.946560808842162138e-13
5.583837408840238641e+04 9.713913820305682514e-13
5.585249535250420740e+04 9.976064834868638072e-13
5.586661661660738901e+04 1.042447242288674265e-12
5.588073788069991861e+04 1.046024803990992938e-12
5.589485914489792776e+04 1.037024686226658681e-12
5.590898040899941407e+04 1.094864787854972139e-12
5.592310167309723329e+04 1.118736542964178379e-12
5.593722293719384470e+04 1.138358656101216784e-12
5.595134420130171202e+04 1.105280294754812681e-12
5.596546546549619234e+04 1.162434666033940942e-12
5.597958672960854165e+04 1.165637471012672818e-12
5.599370799368483131e+04 1.173550546095345311e-12
5.600782925779536890e+04 1.226836733073929799e-12
5.602195052201561339e+04 1.223083705806329272e-12
5.603607178608341928e+04 1.292500315627819882e-12
5.605019305019712920e+04 1.305336602052073567e-12
5.606431431431314559e+04 1.289385615706619881e-12
5.607843557838580455e+04 1.328204952238458139e-12
5.609255684261386341e+04 1.338931184580636785e-12
5.610667810668981838e+04 1.371884709746932391e-12
5.612079937081557728e+04 1.431399055651613587e-12
5.613492063489432621e+04 1.508998019393585492e-12
5.614904189899841003e+04 1.492550914710085898e-12
5.616316316318234749e+04 1.519910140997993342e-12
5.617728442730671668e+04 1.555319935894975418e-12
5.619140569140244770e+04 1.567754413620231339e-12
5.620552695549673808e+04 1.605870398791377782e-12
5.621964821961403504e+04 1.641947062109735548e-12
5.623376948379848182e+04 1.616869880903535812e-12
5.624789074791115854e+04 1.613882747178311597e-12
5.626201201200937066e+04 1.653090986879593681e-12
5.627613327611231944e+04 1.689892593502320056e-12
5.629025454029572575e+04 1.706158524405542724e-12
5.630437580438549776e+04 1.709890456095987652e-12
5.631849706848487403e+04 1.722355708545564422e-12
5.633261833258619299e+04 1.698736355812442667e-12
5.634673959668476891e+04 1.668761029773987719e-12
5.636086086089960736e+04 1.720947020358095806e-12
5.637498212500143563e+04 1.723453919473955634e-12
5.638910338911562576e+04 1.743586297394897382e-12
5.640322465320930496e+04 1.727179398399623593e-12
5.641734591730630927e+04 1.733834928900565443e-12
5.643146718149855587e+04 1.743908687450486129e-12
5.644558844561444857e+04 1.775385274032633549e-12
5.645970970971423230e+04 1.814140331099962414e-12
5.647383097380614345e+04 1.864671187518773374e-12
5.648795223799459927e+04 1.907507866490807784e-12
5.650207350209263677e+04 1.947876611118905281e-12
5.651619476618277258e+04 1.971918868128180198e-12
5.653031603031136910e+04 2.035862292502481664e-12
5.654443729441445612e+04 2.050663445801328187e-12
5.655855855861159944e+04 2.076403524496733231e-12
5.657267982271022629e+04 2.123223048435733262e-12
5.658680108681365527e+04 2.210847126808537888e-12
5.660092235089816677e+04 2.263353521982149533e-12
5.661504361501424137e+04 2.299433411682895783e-12
5.662916487918657367e+04 2.317117461737492022e-12
5.664328614329460106e+04 2.341038605315568325e-12
5.665740740740065667e+04 2.381012986742487420e-12
