5.300000000000087311e+04 1.292005957882419485e-12
5.301412126407331380e+04 1.269505959364414572e-12
5.302824252820364200e+04 1.277291638497063072e-12
5.304236379241784016e+04 1.274035577979175150e-12
5.305648505648074206e+04 1.266119470192841446e-12
5.307060632062865625e+04 1.260037416166782877e-12
5.308472758467889071e+04 1.204220562348485608e-12
5.309884884880368190e+04 1.169090938929439341e-12
5.311297011302882311e+04 1.126022964687694383e-12
5.312709137709534843e+04 1.099994310421349552e-12
5.314121264117470855e+04 1.046851552206046077e-12
5.315533390528276504e+04 9.973018837235526351e-13
5.316945516949031298e+04 9.440574055848725062e-13
5.318357643357951747e+04 9.398107692788663364e-13
5.319769769767720572e+04 8.981945728398689719e-13
5.321181896182105993e+04 8.772853842168906178e-13
5.322594022592654073e+04 8.729860780794918962e-13
5.324006149009826186e+04 8.526833794173998219e-13
5.325418275417737459e+04 7.585998996127115145e-13
5.326830401832704956e+04 6.961052561057120519e-13
5.328242528239569947e+04 6.170724953814048837e-13
5.329654654648422729e+04 6.200608263330458414e-13
5.331066781069730496e+04 6.143814027411886557e-13
5.332478907482406066e+04 5.756713849072577068e-13
5.333891033888849779e+04 5.689364662878917352e-13
5.335303160300256422e+04 5.373873422037130488e-13
5.336715286720330187e+04 4.980970119446179516e-13
5.338127413132922811e+04 5.101573541336925399e-13
5.339539539542283455e+04 5.324810739655053113e-13
5.340951665947401489e+04 6.028854251398844542e-13
5.342363792360801745e+04 6.424904104275580023e-13
5.343775918778964115e+04 6.292297836346364078e-13
5.345188045192912978e+04 6.779407742341882525e-13
5.346600171597639564e+04 7.042924771277399036e-13
5.348012298007846402e+04 6.973943030150534190e-13
5.349424424419842398e+04 7.350544915005495247e-13
5.350836550837279356e+04 7.104978645936429309e-13
5.352248677251306799e+04 6.897732302205044044e-13
5.353660803658774967e+04 7.053991731068813827e-13
5.355072930069194263e+04 7.054684202955648794e-13
5.356485056490448187e+04 6.431577015185079601e-13
5.357897182899609470e+04 6.105771090828940276e-13
5.359309309310323442e+04 5.970096962601079653e-13
5.360721435721976013e+04 5.534498571387445266e-13
5.362133562128013727e+04 5.668187613539713462e-13
5.363545688548098406e+04 5.611879157141754249e-13
5.364957814958364179e+04 5.835459443803813530e-13
5.366369941369412845e+04 5.541016200722321110e-13
5.367782067781341902e+04 5.646800724234801333e-13
5.369194194191746647e+04 5.172637944123438002e-13
5.370606320610743569e+04 5.114088396891722393e-13
5.372018447022263717e+04 4.064586398803452338e-13
5.373430573431083030e+04 3.651147107968533854e-13
5.374842699837334658e+04 3.950597132631808150e-13
5.376254826252697239e+04 3.584640429237189475e-13
5.377666952668684826e+04 3.277959319355633947e-13
5.379079079078641371e+04 3.915893799103096565e-13
5.380491205490476568e+04 3.794262161380383946e-13
5.381903331898294709e+04 3.770088597330876423e-13
5.383315458322149789e+04 3.840217113870332745e-13
5.384727584732396645e+04 3.626801475147146059e-13
5.386139711139495193e+04 3.906404835853801893e-13
5.387551837549640186e+04 4.061526932103436940e-13
5.388963963962466369e+04 4.133711880306827237e-13
5.390376090377647779e+04 4.483796288695328205e-13
5.391788216790300066e+04 4.505178981200925442e-13
5.393200343200276257e+04 4.322945561381878131e-13
5.394612469608454558e+04 4.740329843572098177e-13
5.396024596022303012e+04 5.065002632113417657e-13
5.397436722440478479e+04 5.492245195892577723e-13
5.398848848852380615e+04 5.538460349940003365e-13
5.400260975260575651e+04 5.503643702829810400e-13
5.401673101672063785e+04 6.026434796594237050e-13
5.403085228088431177e+04 6.344568971804109256e-13
5.404497354497653578e+04 6.065662279783602775e-13
5.405909480910231650e+04 6.255815059908452907e-13
5.407321607322531781e+04 6.702455230117616774e-13
5.408733733728900552e+04 6.683678749986106897e-13
5.410145860152158275e+04 6.491838856536968139e-13
5.411557986560156132e+04 5.960255468209396171e-13
5.412970112967891328e+04 5.863225468066234308e-13
5.414382239377941733e+04 5.516103999993523898e-13
5.415794365787722927e+04 5.113601568171281783e-13
5.417206492210218858e+04 4.685851191675108667e-13
5.418618618621628411e+04 4.409957801562162358e-13
5.420030745030152320e+04 3.859979841840668013e-13
5.421442871441320312e+04 3.342611012790123816e-13
5.422854997848105268e+04 2.850901414746296303e-13
5.424267124272193178e+04 2.885323562720959616e-13
5.425679250679222605e+04 1.923463324710096738e-13
5.427091377092825132e+04 1.766032988837679143e-13
5.428503503500460647e+04 7.078394193698029985e-14
5.429915629917452316e+04 3.034316406589364437e-14
5.431327756330920965e+04 2.058938277987622259e-14
5.432739882740241592e+04 -5.463404812695922985e-14
5.434152009150071535e+04 -4.100368331446089159e-14
5.435564135558247654e+04 -9.490233754623429540e-14
5.436976261981216521e+04 -9.140220691823268101e-14
5.438388388391824265e+04 -8.744966132416564007e-14
5.439800514798058430e+04 -1.326038645049748530e-13
5.441212641207638808e+04 -1.478222981779477573e-13
5.442624767621025967e+04 -1.512813001726707023e-13
5.444036894037650927e+04 -1.540952541128086780e-13
5.445449020450925309e+04 -1.577922146286439570e-13
5.446861146858806751e+04 -1.473023147429245005e-13
5.448273273269180208e+04 -2.240617741987390811e-13
5.449685399692834471e+04 -1.999809594140743335e-13
5.451097526102044503e+04 -1.977184649038157242e-13
5.452509652511425520e+04 -1.917229174036201784e-13
5.453921778920576617e+04 -1.783233765534001266e-13
5.455333905330620473e+04 -1.534846198125997630e-13
5.456746031749978283e+04 -1.493671400054865931e-13
5.458158158161038591e+04 -1.617766558974985336e-13
5.459570284570525109e+04 -1.451027722223781862e-13
5.460982410979358247e+04 -1.478944831261511481e-13
5.462394537388325989e+04 -1.677675869184485315e-13
5.463806663809938618e+04 -1.233843357716488020e-13
5.465218790218406502e+04 -1.733900389596160828e-13
5.466630916632570734e+04 -1.769497641378786341e-13
5.468043043041049532e+04 -2.289439108408904822e-13
5.469455169462378399e+04 -2.381432949375086119e-13
5.470867295869334339e+04 -2.883185488177676074e-13
5.472279422279701976e+04 -2.567309190998816298e-13
5.473691548692828655e+04 -2.647837376238738261e-13
5.475103675097831729e+04 -2.839677269687876514e-13
5.476515801517460932e+04 -3.888243381529091297e-13
5.477927927927950805e+04 -3.524238189815552477e-13
5.479340054337241600e+04 -3.778627180242791397e-13
5.480752180751348351e+04 -4.349819960497317095e-13
5.482164307159684540e+04 -4.955392920733364256e-13
5.483576433578287833e+04 -5.235999316476103029e-13
5.484988559991594229e+04 -5.341053596907920317e-13
5.486400686398525431e+04 -5.891023163030786898e-13
5.487812812808554736e+04 -5.757757997609248052e-13
5.489224939217275096e+04 -5.709129683956184732e-13
5.490637065640913352e+04 -5.688716452092156852e-13
5.492049192047928955e+04 -5.443635962543703559e-13
5.493461318461078918e+04 -5.527958054363617736e-13
5.494873444867972285e+04 -5.701264882041466922e-13
5.496285571289209474e+04 -5.534152530151304468e-13
5.497697697698001866e+04 -5.548593716591296511e-13
5.499109824107223540e+04 -5.116088366472191102e-13
5.500521950522827683e+04 -4.335051423710821048e-13
5.501934076927629212e+04 -3.877722005648515504e-13
5.503346203350029828e+04 -3.027160885448926512e-13
5.504758329757682077e+04 -3.165273354078308610e-13
5.506170456170725811e+04 -3.247954497366389894e-13
5.507582582582227769e+04 -3.167333982541556972e-13
5.508994708989958599e+04 -2.814991696122042564e-13
5.510406835410463100e+04 -2.585913602358445905e-13
5.511818961817266973e+04 -2.270448591512373328e-13
5.513231088230093155e+04 -2.406429086090167030e-13
5.514643214637677738e+04 -2.039473544458780561e-13
5.516055341062676598e+04 -1.900912018302784306e-13
5.517467467471308191e+04 -1.850928138471250500e-13
5.518879593878203013e+04 -1.777526118466756406e-13
5.520291720288778743e+04 -1.225663795853208357e-13
5.521703846697642439e+04 -1.621023275242766065e-13
5.523115973119622504e+04 -1.342867810299492434e-13
5.524528099531148473e+04 -1.675711767105462804e-13
5.525940225939055381e+04 -1.339951034776157608e-13
5.527352352347715350e+04 -1.570053147572407121e-13
5.528764478762662475e+04 -2.032775452753396176e-13
5.530176605180164916e+04 -2.636426278903562928e-13
5.531588731591067335e+04 -2.739961317983657980e-13
5.533000857997295680e+04 -2.764831550719314857e-13
5.534412984409354249e+04 -3.009395833952126832e-13
5.535825110829501500e+04 -2.947199268116414977e-13
5.537237237238954549e+04 -2.839106504981152205e-13
5.538649363651267049e+04 -2.514173514882355377e-13
5.540061490059114294e+04 -2.918434405617226657e-13
5.541473616469016997e+04 -2.672065498679329786e-13
5.542885742889071844e+04 -3.143936826365167105e-13
5.544297869299155718e+04 -3.112637097080231965e-13
5.545709995711998636e+04 -3.174892418106342208e-13
5.547122122121102439e+04 -3.196749348934438409e-13
5.548534248529870092e+04 -3.393151163238058264e-13
5.549946374950225436e+04 -3.740117349736145446e-13
5.551358501358285866e+04 -3.889598947707562036e-13
5.552770627767601400e+04 -3.697343571126322703e-13
5.554182754177267634e+04 -3.910717241856367539e-13
5.555594880589329841e+04 -4.552760388132383720e-13
5.557007007009927474e+04 -4.465374632813140261e-13
5.558419133417884586e+04 -4.855013874737510454e-13
5.559831259828896145e+04 -5.309032018140951521e-13
5.561243386242813722e+04 -5.622365054935435702e-13
5.562655512659616215e+04 -6.230632360331167804e-13
5.564067639069821598e+04 -6.757322280658440283e-13
5.565479765478448098e+04 -6.689896502877296666e-13
5.566891891892753483e+04 -6.906476528283353375e-13
5.568304018300861208e+04 -7.220506233763986404e-13
5.569716144717480347e+04 -7.533083846681923349e-13
5.571128271130497160e+04 -7.842278839352655278e-13
5.572540397541920538e+04 -8.146017992914991173e-13
5.573952523951599869e+04 -8.306763800245587632e-13
5.575364650361504755e+04 -8.199174653028022009e-13
5.576776776782338129e+04 -8.285486027722843505e-13
5.578188903191264399e+04 -8.075050116512703915e-13
5.579601029597235174e+04 -8.236710826093785226e-13
5.581013156011798128e+04 -8.239715734402717633e-13
5.582425282429781510e+04 -8.387661303825154945e-13
5.583837408842664445e+04 -7.656293480946756591e-13
5.585249535247912718e+04 -7.425142168321969419e-13
5.586661661660080426e+04 -7.688642410060229392e-13
5.588073788068838621e+04 -7.113974679973586710e-13
5.589485914492174197e+04 -6.755559624946496732e-13
5.590898040898206818e+04 -5.821687841561704770e-13
5.592310167311596160e+04 -5.279956592492515735e-13
5.593722293718009314e+04 -4.257196599634013606e-13
5.595134420128935744e+04 -4.023829376971354843e-13
5.596546546550748462e+04 -3.530386500810783478e-13
5.597958672962911078e+04 -3.547996270732958920e-13
5.599370799368530425e+04 -2.551911134315198059e-13
5.600782925778609206e+04 -2.585645007202340288e-13
5.602195052200114878e+04 -2.653154720969767100e-13
5.603607178608224785e+04 -2.095097922568532824e-13
5.605019305018459272e+04 -1.979753090218417391e-13
5.606431431428162614e+04 -2.200714574108446909e-13
5.607843557841798611e+04 -2.373958449796584078e-13
5.609255684258841211e+04 -2.399928243952547724e-13
5.610667810667765298e+04 -2.657737625820819627e-13
5.612079937082956167e+04 -3.092693906739388157e-13
5.613492063492041780e+04 -3.568703278548978233e-13
5.614904189902857615e+04 -3.719066204376366095e-13
5.616316316317732708e+04 -4.157044180801123570e-13
5.617728442728972004e+04 -4.016375861389423222e-13
5.619140569142003369e+04 -4.209512565826634332e-13
5.620552695548120391e+04 -4.539876214237941377e-13
5.621964821959603432e+04 -5.133874401965561203e-13
5.623376948381475813e+04 -4.971055375773774735e-13
5.624789074787384743e+04 -5.484441442275189908e-13
5.626201201202704397e+04 -5.945048560601846854e-13
5.627613327610377746e+04 -5.924307978391314969e-13
5.629025454032381094e+04 -5.890498563116517310e-13
5.630437580442530452e+04 -5.301032918648180397e-13
5.631849706852687814e+04 -4.582666780045020658e-13
5.633261833261012362e+04 -4.280925302956220855e-13
5.634673959669657052e+04 -4.135036165197717518e-13
5.636086086091863399e+04 -3.551949655686889255e-13
5.637498212498678186e+04 -3.099408785642029080e-13
5.638910338910316932e+04 -2.509120568508118274e-13
5.640322465320948686e+04 -2.144855175237102359e-13
5.641734591728034866e+04 -1.778373871928214853e-13
5.643146718152182439e+04 -1.783687019859929557e-13
5.644558844562572631e+04 -1.681134031819345257e-13
5.645970970971198403e+04 -1.506815775506785622e-13
5.647383097381304106e+04 -8.415643290235166353e-14
5.648795223802704277e+04 -8.505202987599140814e-14
5.650207350211103039e+04 -1.011727754015067101e-13
5.651619476618668705e+04 -1.337684763146516404e-13
5.653031603032405837e+04 -1.205099479213870373e-13
5.654443729441501637e+04 -1.017930623401381724e-13
5.655855855862278986e+04 -7.325734508350254240e-14
5.657267982270665379e+04 -8.966766976169423451e-14
5.658680108677743556e+04 -1.249980051079396958e-13
5.660092235090478789e+04 -1.375800094517632199e-13
5.661504361499888182e+04 -1.532508580908015634e-13
5.662916487918634812e+04 -1.459652144814361295e-13
5.664328614332192228e+04 -1.454582411242867401e-13
5.665740740738280147e+04 -1.672790794782813843e-13
