5.300000000000076398e+04 3.522995499093474026e-13
5.301412126406007155e+04 3.726412011250032475e-13
5.302824252822598646e+04 4.190421189126452068e-13
5.304236379240875976e+04 3.949793968856048194e-13
5.305648505645816476e+04 3.973397726689528530e-13
5.307060632060038188e+04 4.192773355466969279e-13
5.308472758473753493e+04 3.981312595395309503e-13
5.309884884878352022e+04 3.782316506021883323e-13
5.311297011302919418e+04 3.343492007359392454e-13
5.312709137709107017e+04 2.897423882669646511e-13
5.314121264118640829e+04 2.899062551846478997e-13
5.315533390531829355e+04 3.091083834202993874e-13
5.316945516950968886e+04 3.064727498479156731e-13
5.318357643363156967e+04 2.600627574065562486e-13
5.319769769768691185e+04 2.393904145415727685e-13
5.321181896180393232e+04 1.379584021903162626e-13
5.322594022587411746e+04 1.004048693535475475e-13
5.324006149013530376e+04 2.228896239775546941e-14
5.325418275418369740e+04 -3.733670379139701937e-14
5.326830401830467599e+04 -1.180989487891464191e-13
5.328242528243852576e+04 -2.013169439796026968e-13
5.329654654646503332e+04 -2.371732147534518069e-13
5.331066781066040130e+04 -2.609422882298206412e-13
5.332478907483334478e+04 -1.892097864681806514e-13
5.333891033889216487e+04 -2.144027958520406193e-13
5.335303160297440627e+04 -2.100749707549563793e-13
5.336715286722602468e+04 -1.803468076001653863e-13
5.338127413131316280e+04 -1.494535474412571684e-13
5.339539539539382531e+04 -1.113527184157624914e-13
5.340951665948502341e+04 -2.912726096050748894e-14
5.342363792363521497e+04 -4.639188020333544349e-14
5.343775918782773806e+04 1.610773485449746903e-14
5.345188045187832176e+04 -2.311215390747454460e-14
5.346600171602408955e+04 2.885555084566346192e-14
5.348012298013837426e+04 6.036403630848658149e-14
5.349424424422626180e+04 1.043074131180982500e-13
5.350836550839433767e+04 1.148267678043459132e-13
5.352248677247789601e+04 1.305898638564574572e-13
5.353660803662843682e+04 1.267842237112046999e-13
5.355072930068775895e+04 1.644514009918676796e-13
5.356485056492244621e+04 2.086333345519769650e-13
5.357897182904296642e+04 2.447075579845128528e-13
5.359309309307896183e+04 2.416768248547091595e-13
5.360721435720856971e+04 2.466337186298937247e-13
5.362133562133154919e+04 2.587263888892612326e-13
5.363545688546398742e+04 2.351965160412591103e-13
5.364957814955803769e+04 2.886267893740336340e-13
5.366369941367975844e+04 2.870879212669100709e-13
5.367782067781252408e+04 2.708084351637888492e-13
5.369194194188905385e+04 3.219448935879324647e-13
5.370606320608119131e+04 3.080944367459508977e-13
5.372018447019741870e+04 3.041265393776876293e-13
5.373430573427633499e+04 2.781373750086986378e-13
5.374842699842470756e+04 2.820981897204019617e-13
5.376254826249262987e+04 2.647234673619597210e-13
5.377666952670722821e+04 1.962647626257046056e-13
5.379079079080505471e+04 1.546332293050583549e-13
5.380491205493485904e+04 1.608311976729126780e-13
5.381903331896245072e+04 7.966556319017877654e-14
5.383315458320053585e+04 6.222548722802395731e-14
5.384727584730827948e+04 4.371450995670884671e-15
5.386139711142123269e+04 -1.639071283205055827e-14
5.387551837553565565e+04 -5.786932515878810656e-14
5.388963963957744272e+04 -7.438092923371603267e-14
5.390376090383694100e+04 -1.386302824007993225e-13
5.391788216789059516e+04 -2.214806233280055639e-13
5.393200343201211945e+04 -2.789467231442322769e-13
5.394612469611665438e+04 -2.979906988782887407e-13
5.396024596017892327e+04 -2.908475177986112302e-13
5.397436722437955905e+04 -2.937945468054332751e-13
5.398848848851073126e+04 -3.468133821798597037e-13
5.400260975261662679e+04 -3.286978783330301583e-13
5.401673101668369782e+04 -3.383772943390507137e-13
5.403085228091795580e+04 -3.608119309317318171e-13
5.404497354501985683e+04 -3.985991914349799362e-13
5.405909480912284926e+04 -3.935872461019882753e-13
5.407321607316070731e+04 -4.229158830390092799e-13
5.408733733728641528e+04 -4.036703735319278863e-13
5.410145860153451213e+04 -4.479112219170588377e-13
5.411557986560037534e+04 -4.489736204010563126e-13
5.412970112971573690e+04 -4.777272744009805463e-13
5.414382239376432699e+04 -4.736676244363720173e-13
5.415794365787518473e+04 -4.733405344788746656e-13
5.417206492211775185e+04 -5.058892046392115884e-13
5.418618618618862820e+04 -5.649688623953763085e-13
5.420030745029986429e+04 -5.554941995517261581e-13
5.421442871438189468e+04 -6.164462541512027939e-13
5.422854997846324841e+04 -6.338206545707104618e-13
5.424267124267347390e+04 -6.922982865192766212e-13
5.425679250675666844e+04 -7.479595966684458169e-13
5.427091377086139255e+04 -7.876971632371656952e-13
5.428503503500560328e+04 -7.751022682399084489e-13
5.429915629918602644e+04 -7.718023941608254021e-13
5.431327756333303842e+04 -7.994962251882284401e-13
5.432739882740635221e+04 -8.108735471350377207e-13
5.434152009151534003e+04 -8.717856813066307670e-13
5.435564135560450814e+04 -8.710078768407708256e-13
5.436976261979390983e+04 -8.668168757908681203e-13
5.438388388391090848e+04 -8.928862029545586617e-13
5.439800514798368386e+04 -9.045416801408145760e-13
5.441212641210189759e+04 -9.129211067291437074e-13
5.442624767618023179e+04 -9.141837512304279220e-13
5.444036894040389598e+04 -9.300244345657648377e-13
5.445449020447114890e+04 -9.009121405927577973e-13
5.446861146856489358e+04 -9.139603256098539123e-13
5.448273273273409723e+04 -9.239468713594302267e-13
5.449685399690081977e+04 -8.719595283312849130e-13
5.451097526100539108e+04 -8.511564782588763011e-13
5.452509652508485306e+04 -8.382583167852779670e-13
5.453921778916452604e+04 -7.784266096780168043e-13
5.455333905334251904e+04 -7.712029438647031206e-13
5.456746031751530245e+04 -7.456313342938186523e-13
5.458158158161258325e+04 -7.436687945488342388e-13
5.459570284573280514e+04 -7.115792093091578886e-13
5.460982410977935797e+04 -6.490818478238667898e-13
5.462394537389423203e+04 -6.112147464648515926e-13
5.463806663805893913e+04 -6.155403179893939999e-13
5.465218790222053212e+04 -5.739226280429331664e-13
5.466630916634306050e+04 -5.258571451154113559e-13
5.468043043039830809e+04 -5.028842266241715453e-13
5.469455169463373750e+04 -4.248430095011938197e-13
5.470867295870952512e+04 -3.797380770157448984e-13
5.472279422282733140e+04 -3.317112267603683864e-13
5.473691548693281220e+04 -3.240439290952521081e-13
5.475103675103224668e+04 -3.219661352117006923e-13
5.476515801516737702e+04 -2.902899195639798233e-13
5.477927927930769511e+04 -3.029736697071714278e-13
5.479340054341792711e+04 -3.313983021159909741e-13
5.480752180745689839e+04 -3.444761055150652590e-13
5.482164307159239252e+04 -3.762926865382476349e-13
5.483576433579543664e+04 -3.785089141636532725e-13
5.484988559985723259e+04 -3.441303430993642521e-13
5.486400686396559468e+04 -3.134218758888846949e-13
5.487812812811609911e+04 -3.584102664800284238e-13
5.489224939219481894e+04 -3.105656336616042428e-13
5.490637065643090318e+04 -2.648799233382367457e-13
5.492049192052116268e+04 -2.528645184231598851e-13
5.493461318463717907e+04 -2.444129775134927656e-13
5.494873444873982226e+04 -2.341547153031608185e-13
5.496285571293275279e+04 -1.937809973997806706e-13
5.497697697702486039e+04 -2.188381485532627716e-13
5.499109824106031010e+04 -2.324664675304084684e-13
5.500521950519333768e+04 -1.994458348920289711e-13
5.501934076934368204e+04 -1.953816777823368526e-13
5.503346203351330041e+04 -1.531883610209101026e-13
5.504758329761258938e+04 -9.766290910211874842e-14
5.506170456173241837e+04 -7.775935641282799269e-14
5.507582582578020083e+04 -9.848964828602950886e-14
5.508994708987831109e+04 -1.050443249933593410e-13
5.510406835413009685e+04 -7.708586016176050110e-14
5.511818961823009158e+04 -5.545413927183385626e-14
5.513231088232208276e+04 -4.556932622557376926e-14
5.514643214644230466e+04 -4.800447232646978277e-14
5.516055341064032109e+04 -1.410043925169965225e-14
5.517467467470093106e+04 -2.451065663913666708e-14
5.518879593883421330e+04 -9.675246579522637755e-14
5.520291720290251396e+04 -9.536297735373150043e-14
5.521703846701511065e+04 -1.230561645032655317e-13
5.523115973122174910e+04 -1.230780563508145611e-13
5.524528099532573106e+04 -1.589214495672818967e-13
5.525940225939130323e+04 -1.758824803948342097e-13
5.527352352346948464e+04 -1.922305394910134473e-13
5.528764478757087636e+04 -2.450607186497966702e-13
5.530176605182701314e+04 -2.020509647503646046e-13
5.531588731591022224e+04 -2.209230250933741823e-13
5.533000857998397987e+04 -2.019093116191649329e-13
5.534412984408452030e+04 -2.170816497263869532e-13
5.535825110828683682e+04 -1.939896138293656206e-13
5.537237237242647097e+04 -1.639333949002735828e-13
5.538649363646066195e+04 -1.585621657163300201e-13
5.540061490056148614e+04 -7.543882057262988014e-14
5.541473616465981468e+04 -1.127824492240754551e-13
5.542885742885965010e+04 -7.881660387387274512e-14
5.544297869298532169e+04 -7.997558403823361762e-14
5.545709995710906514e+04 -1.141281539704722482e-13
5.547122122121069697e+04 -8.776264298700051301e-14
5.548534248526456213e+04 -2.609459619709652954e-14
5.549946374950455356e+04 3.529271984188449063e-14
5.551358501362911193e+04 9.795233855018611311e-14
5.552770627774090826e+04 1.223797771476988318e-13
5.554182754184022633e+04 1.963484667486862286e-13
5.555594880588533124e+04 2.856826578176224916e-13
5.557007007009317749e+04 3.268534965229353058e-13
5.558419133418767160e+04 3.429440044714787743e-13
5.559831259827335452e+04 3.710582877473972884e-13
5.561243386243199348e+04 4.058779151520124728e-13
5.562655512663929403e+04 4.276641667305205766e-13
5.564067639071493613e+04 4.868249530981905143e-13
5.565479765478166519e+04 4.368626059683313785e-13
5.566891891888702230e+04 4.605598870622967974e-13
5.568304018297321454e+04 4.984018771844175405e-13
5.569716144721888122e+04 4.893141849400900251e-13
5.571128271132926602e+04 5.053506071476300152e-13
5.572540397542649589e+04 4.617021264020612999e-13
5.573952523950832256e+04 4.644811032850510541e-13
5.575364650358306244e+04 4.468671802982421015e-13
5.576776776776092447e+04 4.446380751154547146e-13
5.578188903191253485e+04 4.382830005475425650e-13
5.579601029599223693e+04 4.346605436560457308e-13
5.581013156011357933e+04 4.441294115988740763e-13
5.582425282431983214e+04 4.133675025252600853e-13
5.583837408836757822e+04 4.023095440015191675e-13
5.585249535250684858e+04 3.772292132447498218e-13
5.586661661657148943e+04 3.407071727542622974e-13
5.588073788072328171e+04 3.087463630884038948e-13
5.589485914491579024e+04 2.747380217988412909e-13
5.590898040897383908e+04 3.045663079622757042e-13
5.592310167312006524e+04 3.234409438167616368e-13
5.593722293719047593e+04 3.746305221651051135e-13
5.595134420127458725e+04 4.299370556084060727e-13
5.596546546551113715e+04 4.427643905164046088e-13
5.597958672956900409e+04 4.146513949962243352e-13
5.599370799367421569e+04 3.849441578721787291e-13
5.600782925777312630e+04 4.011505638371582950e-13
5.602195052199580095e+04 3.927273535537311047e-13
5.603607178605993977e+04 4.182854416893647287e-13
5.605019305021505716e+04 4.171985758463418948e-13
5.606431431428372889e+04 4.176261107514172144e-13
5.607843557841094298e+04 4.314153991958353080e-13
5.609255684261643910e+04 4.560128215507876150e-13
5.610667810669491155e+04 4.580976980908989753e-13
5.612079937080098171e+04 4.620807265890858509e-13
5.613492063494234753e+04 4.498766654583658604e-13
5.614904189897851757e+04 4.389114253477737699e-13
5.616316316319785983e+04 4.715598965778196161e-13
5.617728442729643575e+04 5.394761342093669066e-13
5.619140569136934937e+04 5.231924629000966428e-13
5.620552695545946335e+04 5.030674162238390994e-13
5.621964821959989058e+04 4.816430240077592776e-13
5.623376948381876718e+04 4.687294094653027636e-13
5.624789074794452608e+04 4.430232294197785427e-13
5.626201201201301592e+04 4.338286534491822605e-13
5.627613327612802823e+04 4.120990631231540154e-13
5.629025454033835558e+04 3.689038723974242193e-13
5.630437580436516146e+04 3.956067753842987764e-13
5.631849706847212656e+04 3.609790235846721971e-13
5.633261833256147656e+04 3.374195323546919554e-13
5.634673959667392046e+04 3.512719208302807570e-13
5.636086086090755998e+04 4.021563010686759112e-13
5.637498212496231281e+04 4.278920994961782010e-13
5.638910338905668323e+04 4.733485892981498835e-13
5.640322465321026539e+04 4.410130427124815002e-13
5.641734591729593376e+04 4.577371264842089844e-13
5.643146718147725915e+04 4.886831846283824401e-13
5.644558844556329859e+04 5.355420404292308501e-13
5.645970970968453912e+04 5.719288665672096279e-13
5.647383097379284300e+04 6.145793366156898169e-13
5.648795223797228391e+04 6.177124463266787126e-13
5.650207350206905539e+04 6.102627793813146391e-13
5.651619476618074987e+04 6.722385997926432999e-13
5.653031603028029349e+04 6.835772890673072820e-13
5.654443729437050933e+04 6.154820533881530852e-13
5.655855855861554301e+04 6.654122066245577719e-13
5.657267982272677182e+04 6.854496859106191978e-13
5.658680108678999386e+04 6.474724814359896071e-13
5.660092235088328744e+04 6.784996681916684320e-13
5.661504361504178814e+04 6.570327800362286405e-13
5.662916487919047358e+04 6.500763235385870253e-13
5.664328614331641438e+04 6.522011205065819750e-13
5.665740740736382577e+04 6.928723099854814816e-13
