5.300000000000056752e+04 1.873619725910159278e-12
5.301412126409517805e+04 1.899283442821830379e-12
5.302824252819264075e+04 1.911503159367277887e-12
5.304236379240833776e+04 1.926845530201845497e-12
5.305648505650585867e+04 1.920517606776244401e-12
5.307060632059217460e+04 1.861456616441545598e-12
5.308472758470500412e+04 1.828855072567577190e-12
5.309884884879719903e+04 1.819135972001421368e-12
5.311297011299961014e+04 1.776017843389636329e-12
5.312709137709957577e+04 1.735615558996841732e-12
5.314121264120544947e+04 1.730729951748210893e-12
5.315533390529323515e+04 1.679973114635616298e-12
5.316945516950274759e+04 1.636099776778032741e-12
5.318357643359305803e+04 1.622812724943782805e-12
5.319769769770748098e+04 1.553048864705325795e-12
5.321181896180558397e+04 1.482733954579870590e-12
5.322594022590455279e+04 1.424923829778448054e-12
5.324006149009595538e+04 1.340131118607503706e-12
5.325418275420493592e+04 1.332286151760108643e-12
5.326830401829296170e+04 1.325941075668699711e-12
5.328242528239881358e+04 1.299042350420535947e-12
5.329654654649936856e+04 1.296863797879544877e-12
5.331066781070845900e+04 1.325848195459202146e-12
5.332478907479185000e+04 1.352099186195509315e-12
5.333891033889239043e+04 1.348193232300620535e-12
5.335303160299718729e+04 1.330069227098668248e-12
5.336715286720098811e+04 1.350642488672541454e-12
5.338127413129781780e+04 1.423219123729978440e-12
5.339539539539193356e+04 1.474415338020058737e-12
5.340951665949833841e+04 1.442247956650796947e-12
5.342363792359620857e+04 1.473548718438220950e-12
5.343775918779683707e+04 1.508617294486916690e-12
5.345188045190152479e+04 1.484894009791004134e-12
5.346600171600105386e+04 1.481709320573824163e-12
5.348012298009650112e+04 1.492447676489826840e-12
5.349424424419668503e+04 1.468594844891543046e-12
5.350836550840456039e+04 1.454746445011473661e-12
5.352248677249483444e+04 1.443687993458219444e-12
5.353660803660149395e+04 1.447978586864756236e-12
5.355072930069656286e+04 1.440025522146420268e-12
5.356485056489807903e+04 1.431006696380120609e-12
5.357897182899667678e+04 1.354378686930297710e-12
5.359309309310732351e+04 1.321933320866225982e-12
5.360721435719228612e+04 1.288372736354500514e-12
5.362133562130606879e+04 1.246972694838316066e-12
5.363545688549915940e+04 1.273205319431502220e-12
5.364957814960911492e+04 1.268089823825359709e-12
5.366369941370122251e+04 1.215841557501287873e-12
5.367782067779958015e+04 1.211205680604076325e-12
5.369194194190949929e+04 1.201189310892833570e-12
5.370606320610739931e+04 1.170567046906993614e-12
5.372018447020198073e+04 1.153660093856964194e-12
5.373430573430076038e+04 1.145037976782078011e-12
5.374842699840842397e+04 1.135222585151273322e-12
5.376254826249164034e+04 1.107346715495704707e-12
5.377666952670499450e+04 1.088377375759924480e-12
5.379079079080709198e+04 1.095440207283838585e-12
5.380491205490526772e+04 1.127607719839836886e-12
5.381903331900929334e+04 1.131673983926824559e-12
5.383315458320885955e+04 1.118547439064778382e-12
5.384727584730651142e+04 1.068819269950379893e-12
5.386139711140340660e+04 1.067228499582628846e-12
5.387551837550812343e+04 1.112468770438676195e-12
5.388963963959334797e+04 1.109604701605694010e-12
5.390376090379690868e+04 1.100052470568466058e-12
5.391788216790023580e+04 1.109690760104889576e-12
5.393200343199935014e+04 1.085364541167662216e-12
5.394612469609222171e+04 1.120696540183407513e-12
5.396024596020858735e+04 1.168290038720200339e-12
5.397436722439633741e+04 1.125015732298518621e-12
5.398848848849181377e+04 1.131797037085735176e-12
5.400260975260316627e+04 1.106158688409249666e-12
5.401673101669525931e+04 1.102824183938896924e-12
5.403085228090850433e+04 1.102032340796908910e-12
5.404497354499340145e+04 1.071770184402977114e-12
5.405909480910853017e+04 1.033385470027049647e-12
5.407321607320139447e+04 1.017982048164946706e-12
5.408733733729715459e+04 9.656185998861591458e-13
5.410145860150462249e+04 8.773829256103959971e-13
5.411557986559736310e+04 8.592851905524434945e-13
5.412970112970839546e+04 8.088318211582390523e-13
5.414382239379246312e+04 8.081921546306822182e-13
5.415794365789444419e+04 7.591010283091091336e-13
5.417206492209999124e+04 6.744777120117719531e-13
5.418618618620634516e+04 6.312503704417853640e-13
5.420030745029381796e+04 5.986423328243563350e-13
5.421442871440070303e+04 5.209010727279281688e-13
5.422854997849617212e+04 4.111274224141774795e-13
5.424267124269227497e+04 3.396915216246589773e-13
5.425679250680677796e+04 2.887430534866072605e-13
5.427091377089443267e+04 2.826633353666125320e-13
5.428503503499560611e+04 2.700589137161487556e-13
5.429915629919571074e+04 2.215258557719806566e-13
5.431327756329658587e+04 1.501736521203992624e-13
5.432739882739495806e+04 1.401633169990390617e-13
5.434152009149689547e+04 1.244400618731576786e-13
5.435564135559747956e+04 7.411053275828338618e-14
5.436976261979690025e+04 5.790608468263200045e-14
5.438388388389793545e+04 4.060255412792581755e-14
5.439800514800298697e+04 2.231381118151497915e-14
5.441212641209186404e+04 -3.064181402618803409e-14
5.442624767620785133e+04 -4.592060848854141276e-14
5.444036894039909384e+04 -1.898167450561642442e-14
5.445449020450015814e+04 2.687225895476441649e-15
5.446861146860261942e+04 -2.623525154451570191e-14
5.448273273270908248e+04 -5.445325620908121365e-14
5.449685399690111808e+04 -2.366845185662046576e-14
5.451097526100812684e+04 -2.813824634532364429e-14
5.452509652509312582e+04 -4.407113787625750390e-14
5.453921778920396173e+04 -8.436356977550958045e-14
5.455333905329500703e+04 -5.232173411315349666e-14
5.456746031750089605e+04 -8.266260254903254548e-14
5.458158158160269522e+04 -1.211577761571589721e-13
5.459570284569254727e+04 -1.437874882169528635e-13
5.460982410980856366e+04 -2.285671791042916159e-13
5.462394537389639299e+04 -2.857409826399402127e-13
5.463806663809712336e+04 -3.457820034902488716e-13
5.465218790220085066e+04 -3.991752676511778147e-13
5.466630916629501007e+04 -5.270259255185015843e-13
5.468043043039480835e+04 -6.572266625848929541e-13
5.469455169460399338e+04 -7.521077321887774111e-13
5.470867295870609087e+04 -8.314468467367319479e-13
5.472279422279239225e+04 -9.647089574879194472e-13
5.473691548690772470e+04 -1.053191787575396524e-12
5.475103675100092369e+04 -1.142830897559076651e-12
5.476515801519348315e+04 -1.190406029952748463e-12
5.477927927929307043e+04 -1.230208348204143152e-12
5.479340054340872302e+04 -1.323549810267542159e-12
5.480752180750131811e+04 -1.369235066534063828e-12
5.482164307159747113e+04 -1.442354093153884849e-12
5.483576433579570585e+04 -1.455317704089100501e-12
5.484988559989293572e+04 -1.538675855498874458e-12
5.486400686399715778e+04 -1.523060435870460681e-12
5.487812812810836476e+04 -1.526612972697006790e-12
5.489224939219703811e+04 -1.506415725106851816e-12
5.490637065639283537e+04 -1.469532311744328931e-12
5.492049192049389967e+04 -1.443788751305107371e-12
5.493461318460101029e+04 -1.421919397570522599e-12
5.494873444870013918e+04 -1.354283451792737408e-12
5.496285571289346262e+04 -1.276308416931726289e-12
5.497697697699622950e+04 -1.234787290057679695e-12
5.499109824110717454e+04 -1.247460715931583838e-12
5.500521950520465907e+04 -1.230755921642621890e-12
5.501934076930786250e+04 -1.179582074691128310e-12
5.503346203349396819e+04 -1.106009929083165257e-12
5.504758329760560446e+04 -1.079096970074082893e-12
5.506170456169656973e+04 -1.034284630352754563e-12
5.507582582580210874e+04 -1.022775093205775141e-12
5.508994708989586070e+04 -1.041383931789437475e-12
5.510406835410451458e+04 -9.755074625226433622e-13
5.511818961820360710e+04 -9.626805481669425271e-13
5.513231088230058958e+04 -9.393537097889704253e-13
5.514643214639413054e+04 -9.399988861594635437e-13
5.516055341059345665e+04 -9.359213400131300792e-13
5.517467467470180418e+04 -9.847002419016463157e-13
5.518879593879512686e+04 -1.002882198844482323e-12
5.520291720289197110e+04 -9.949826583146702596e-13
5.521703846700911527e+04 -9.791392361380830381e-13
5.523115973119314003e+04 -1.019978979102340730e-12
5.524528099529648898e+04 -1.001539633782337695e-12
5.525940225939162337e+04 -1.020334232784995361e-12
5.527352352350865112e+04 -9.821583676937010558e-13
5.528764478760782367e+04 -1.042080270987196292e-12
5.530176605179959734e+04 -1.076811959496358213e-12
5.531588731589176314e+04 -1.092962883383485670e-12
5.533000858000273729e+04 -1.068718000222937060e-12
5.534412984410153149e+04 -1.052715579721616661e-12
5.535825110830015910e+04 -1.040292195767631099e-12
5.537237237240928516e+04 -1.053248722619071730e-12
5.538649363649860607e+04 -1.033468911224709453e-12
5.540061490059697826e+04 -1.002068578704222195e-12
5.541473616470706475e+04 -1.021021388911193570e-12
5.542885742890040274e+04 -1.023535451530984185e-12
5.544297869299419108e+04 -1.041156716361683500e-12
5.545709995710702788e+04 -1.000186836154739968e-12
5.547122122119958658e+04 -9.437143569128401763e-13
5.548534248529650358e+04 -9.334854646883401365e-13
5.549946374950250174e+04 -8.822567816809567358e-13
5.551358501359578077e+04 -8.791954079961605053e-13
5.552770627770459396e+04 -8.806568282416451814e-13
5.554182754180490883e+04 -8.536055984122089613e-13
5.555594880590632965e+04 -8.762838495645369453e-13
5.557007007010314555e+04 -7.923600209466364585e-13
5.558419133420600701e+04 -8.395966915599356144e-13
5.559831259829297778e+04 -7.940520674750261088e-13
5.561243386240526161e+04 -7.023630335455700689e-13
5.562655512660624663e+04 -6.901789341991039447e-13
5.564067639069251891e+04 -6.726883313580367151e-13
5.565479765479417983e+04 -6.622799756778972988e-13
5.566891891889231192e+04 -7.023341724635228321e-13
5.568304018300642929e+04 -6.843820546831724304e-13
5.569716144719466683e+04 -6.642535489429844991e-13
5.571128271129677159e+04 -6.679745295392975169e-13
5.572540397539627884e+04 -6.737876762105646603e-13
5.573952523949438182e+04 -7.033886514521409330e-13
5.575364650360918313e+04 -6.774580187265584269e-13
5.576776776779991633e+04 -7.016868971052444289e-13
5.578188903189638950e+04 -6.713882707985436245e-13
5.579601029600280162e+04 -7.220392074180353355e-13
5.581013156010626699e+04 -7.513253344918231290e-13
5.582425282430381048e+04 -7.757486316141185230e-13
5.583837408839567070e+04 -7.547912880722275271e-13
5.585249535249197652e+04 -7.378527190186827281e-13
5.586661661660681420e+04 -7.805414078482779637e-13
5.588073788070271985e+04 -8.028058960334372727e-13
5.589485914489460265e+04 -7.716721349616776504e-13
5.590898040899258922e+04 -7.408605685149549536e-13
5.592310167309496319e+04 -7.025910360937435129e-13
5.593722293720865855e+04 -7.249079989735343361e-13
5.595134420129172213e+04 -6.871364514043749744e-13
5.596546546549217601e+04 -7.075735083489955305e-13
5.597958672959195974e+04 -6.418969676687470942e-13
5.599370799370346504e+04 -5.794148240241853816e-13
5.600782925779650395e+04 -6.002777131157398741e-13
5.602195052200857026e+04 -5.522108928333718380e-13
5.603607178609824769e+04 -5.700108339992911615e-13
5.605019305020081811e+04 -5.491112126214946394e-13
5.606431431429601798e+04 -5.343361752276028415e-13
5.607843557840854191e+04 -5.543702265174541684e-13
5.609255684259568079e+04 -5.449998202971240003e-13
5.610667810669563187e+04 -5.789115917026702420e-13
5.612079937079865340e+04 -5.788150382645484538e-13
5.613492063490727742e+04 -5.663711891796567938e-13
5.614904189899883932e+04 -4.947080729623843673e-13
5.616316316320695478e+04 -4.975191423537887931e-13
5.617728442730326788e+04 -5.049621530403074207e-13
5.619140569140792650e+04 -5.214601970324214916e-13
5.620552695550852513e+04 -4.559140559683320182e-13
5.621964821960100380e+04 -4.508938019329454295e-13
5.623376948379506939e+04 -4.159005270710459109e-13
5.624789074790721497e+04 -3.870037622314231469e-13
5.626201201199580100e+04 -4.422876896399216514e-13
5.627613327610788110e+04 -4.426211663243042177e-13
5.629025454029448156e+04 -4.602175056750536418e-13
5.630437580439876183e+04 -4.769243989518007737e-13
5.631849706849932409e+04 -4.508785842715022914e-13
5.633261833259169362e+04 -4.503952923339470545e-13
5.634673959670749173e+04 -3.654497814115730495e-13
5.636086086089433229e+04 -3.435741307136324739e-13
5.637498212500006048e+04 -3.442599749724649173e-13
5.638910338909726124e+04 -3.628737986521173406e-13
5.640322465319730691e+04 -3.263461637191954837e-13
5.641734591730619286e+04 -3.050157250984751884e-13
5.643146718149246590e+04 -3.187415309732120974e-13
5.644558844560675789e+04 -3.004121201384619276e-13
5.645970970969892369e+04 -3.081211775267617939e-13
5.647383097380572144e+04 -3.382253850898532062e-13
5.648795223800677195e+04 -3.302576274570204971e-13
5.650207350210587902e+04 -3.576069135519630694e-13
5.651619476620601927e+04 -3.266882987281922614e-13
5.653031603029285907e+04 -3.510034979795469522e-13
5.654443729440473544e+04 -4.409299069163340366e-13
5.655855855859244912e+04 -4.738892626143202498e-13
5.657267982270729408e+04 -4.635958265154236364e-13
5.658680108680114063e+04 -4.207696539858940640e-13
5.660092235090160102e+04 -4.422171111756423966e-13
5.661504361499172228e+04 -4.621223370901736990e-13
5.662916487920533837e+04 -4.394223089395737007e-13
5.664328614329551056e+04 -4.497960313212564227e-13
5.665740740739344619e+04 -4.067646827357180629e-13
