5.299999999999833381e+04 1.058451721613927261e-12
5.301412126406347670e+04 1.033129139590229032e-12
5.302824252822216658e+04 1.009613220376255680e-12
5.304236379242347175e+04 9.446994148525895779e-13
5.305648505646477133e+04 9.258731280980629726e-13
5.307060632057043404e+04 9.453785012067804792e-13
5.308472758469900145e+04 9.027518146437138859e-13
5.309884884883160703e+04 8.689431468666731934e-13
5.311297011298670986e+04 7.852012791571222402e-13
5.312709137712109805e+04 7.272989103111823755e-13
5.314121264123108995e+04 6.871069696111986722e-13
5.315533390533378406e+04 6.316236582712499347e-13
5.316945516951418540e+04 5.897999508906001245e-13
5.318357643358818314e+04 5.562413929710614832e-13
5.319769769773374719e+04 4.934896431941577988e-13
5.321181896180926560e+04 4.437142952496683423e-13
5.322594022593132831e+04 4.249091199880181604e-13
5.324006149013077084e+04 3.872301893934396605e-13
5.325418275416778488e+04 3.787923227417547950e-13
5.326830401830885239e+04 3.386901058864958277e-13
5.328242528236984799e+04 3.624270743746960667e-13
5.329654654651489545e+04 3.572506589875689720e-13
5.331066781067182455e+04 3.460693796610518329e-13
5.332478907477872417e+04 3.975580511466848388e-13
5.333891033893296844e+04 3.618300452298198647e-13
5.335303160298339935e+04 3.250363124298234269e-13
5.336715286717164417e+04 3.045067252511840253e-13
5.338127413130725472e+04 2.966611909214189414e-13
5.339539539538483223e+04 3.584009771047716962e-13
5.340951665951393807e+04 3.871584135457169247e-13
5.342363792360627849e+04 4.243236795678248853e-13
5.343775918777335755e+04 3.624040583281809441e-13
5.345188045191350830e+04 4.216077860790432974e-13
5.346600171601979673e+04 3.878640990897093133e-13
5.348012298011348321e+04 3.928181336290909123e-13
5.349424424422494485e+04 3.907941418808487503e-13
5.350836550838113908e+04 4.010668845605672422e-13
5.352248677247684100e+04 3.360336086467854554e-13
5.353660803659607336e+04 3.265877327713926765e-13
5.355072930069338327e+04 3.129153618466004641e-13
5.356485056492890726e+04 3.184306263785648449e-13
5.357897182897068706e+04 3.132239640972096460e-13
5.359309309309975652e+04 3.126377489433327903e-13
5.360721435722467868e+04 2.815742208516272261e-13
5.362133562128899939e+04 2.664193647428155391e-13
5.363545688548652834e+04 2.509965799017803556e-13
5.364957814959259122e+04 2.463264852574152765e-13
5.366369941372255562e+04 2.946129241844259330e-13
5.367782067779131467e+04 2.753015250217241641e-13
5.369194194190533017e+04 2.026829607347056398e-13
5.370606320611161937e+04 2.317044199588864873e-13
5.372018447018284496e+04 1.817797098163250076e-13
5.373430573431762605e+04 1.585737567070495217e-13
5.374842699842723232e+04 1.537093330303970912e-13
5.376254826250711631e+04 1.694614119675058880e-13
5.377666952668475278e+04 1.585771138863448526e-13
5.379079079078430368e+04 1.397141564041308178e-13
5.380491205490221182e+04 1.572474772019733374e-13
5.381903331898230681e+04 1.733769805652455744e-13
5.383315458322015184e+04 1.571166117705957602e-13
5.384727584729424416e+04 1.279291012935766636e-13
5.386139711141378939e+04 1.200944132353810774e-13
5.387551837552132929e+04 1.090125580649179522e-13
5.388963963961218542e+04 8.295342220202397577e-14
5.390376090376496722e+04 8.288175933629673166e-14
5.391788216792023741e+04 8.728360244273690215e-14
5.393200343201174837e+04 1.076841641824970979e-13
5.394612469610627159e+04 1.642372213365606306e-13
5.396024596023047343e+04 1.875492161187703257e-13
5.397436722439066943e+04 2.288923949322059010e-13
5.398848848849369824e+04 2.750491555243117748e-13
5.400260975259130646e+04 2.628752486657619847e-13
5.401673101668583695e+04 3.169593425523864817e-13
5.403085228090333112e+04 3.162520106993166042e-13
5.404497354498224740e+04 3.760476995455419866e-13
5.405909480906715180e+04 4.206266504299830942e-13
5.407321607323151693e+04 4.346517188642058579e-13
5.408733733728100924e+04 3.991687224747596360e-13
5.410145860147371422e+04 4.035174963238774875e-13
5.411557986562837323e+04 4.093740310434402239e-13
5.412970112970625632e+04 3.673371104969667755e-13
5.414382239383249544e+04 2.764323133939877018e-13
5.415794365793180623e+04 3.086758254468614215e-13
5.417206492211705336e+04 2.498099138625917148e-13
5.418618618623090879e+04 1.931265561871281769e-13
5.420030745029064565e+04 1.078658230910016055e-13
5.421442871439199371e+04 9.716468496485693621e-14
5.422854997846976039e+04 3.704945295851210541e-15
5.424267124272292131e+04 -7.850927671204404334e-14
5.425679250678129756e+04 -1.342735742748408737e-13
5.427091377089112211e+04 -1.667988957051014308e-13
5.428503503500553779e+04 -2.146967411286776114e-13
5.429915629917509068e+04 -1.960881222586549931e-13
5.431327756331366254e+04 -2.834154897361884137e-13
5.432739882740323810e+04 -3.613301334838704734e-13
5.434152009149073274e+04 -3.276987505980793432e-13
5.435564135559795977e+04 -3.105185146765091148e-13
5.436976261979545961e+04 -2.799235713410632700e-13
5.438388388387378654e+04 -2.834947062553301524e-13
5.439800514798454242e+04 -3.154933379030656747e-13
5.441212641209686990e+04 -2.892775767138165168e-13
5.442624767620768398e+04 -2.586684944886460704e-13
5.444036894037420279e+04 -2.541011811796303489e-13
5.445449020446655049e+04 -2.438451921158183349e-13
5.446861146861981251e+04 -2.182370158178835907e-13
5.448273273271387006e+04 -2.096932527558301589e-13
5.449685399687485915e+04 -1.795029786477521413e-13
5.451097526101083349e+04 -1.616358121934452059e-13
5.452509652509775333e+04 -1.707336066809385134e-13
5.453921778921686200e+04 -1.659675419015252178e-13
5.455333905329101253e+04 -1.131696350518538294e-13
5.456746031751245755e+04 -9.578835573940560033e-14
5.458158158160552557e+04 -5.803080581623309761e-14
5.459570284567102499e+04 -7.840591432643206346e-14
5.460982410981234716e+04 -7.950087126583196642e-14
5.462394537386983575e+04 2.032101589672495063e-15
5.463806663813236082e+04 -3.841600157471590591e-14
5.465218790222183452e+04 -9.807233519961494881e-14
5.466630916631999571e+04 -9.954077833562031346e-14
5.468043043037703319e+04 -1.591593114128767514e-13
5.469455169457981538e+04 -1.291449018509617905e-13
5.470867295866447967e+04 -1.782248617533358849e-13
5.472279422283086024e+04 -1.346342773656679620e-13
5.473691548691251955e+04 -2.017303462730090987e-13
5.475103675101903355e+04 -2.200566392765225599e-13
5.476515801517971704e+04 -2.291639242516391873e-13
5.477927927931640443e+04 -2.086593060940088471e-13
5.479340054342951044e+04 -2.464078820186804002e-13
5.480752180752083223e+04 -2.697104508744070276e-13
5.482164307159824239e+04 -2.861244106218181800e-13
5.483576433582699974e+04 -3.478469267001420361e-13
5.484988559990254726e+04 -3.235251956837216235e-13
5.486400686400858831e+04 -3.594563755090943692e-13
5.487812812810210744e+04 -3.122391336265059989e-13
5.489224939219684893e+04 -3.317904419865432210e-13
5.490637065643291135e+04 -3.406215021229085794e-13
5.492049192047891847e+04 -2.779658193227635907e-13
5.493461318460215261e+04 -2.512272420194070487e-13
5.494873444872475375e+04 -2.200132864708145946e-13
5.496285571286774211e+04 -1.955634661520492375e-13
5.497697697699694254e+04 -2.211542109421044023e-13
5.499109824112083152e+04 -1.860600017395135136e-13
5.500521950522339466e+04 -1.451086767670972660e-13
5.501934076932609605e+04 -8.973484498080342173e-14
5.503346203346718539e+04 -8.048181323147124920e-14
5.504758329756892635e+04 -1.149125275952524194e-13
5.506170456171912519e+04 -9.963284252168070285e-14
5.507582582576313871e+04 -3.864219152973875590e-14
5.508994708992289816e+04 -5.357001838870377276e-14
5.510406835413207591e+04 -4.066134119245881037e-14
5.511818961816788214e+04 7.197767546940503811e-15
5.513231088233109767e+04 -9.704532665660563185e-15
5.514643214640903170e+04 -6.369178484184284697e-14
5.516055341060038336e+04 -5.766790764663598625e-14
5.517467467468153336e+04 -6.894538307219238841e-14
5.518879593878577725e+04 -4.023194504835805644e-14
5.520291720291288220e+04 -5.900654840630894725e-15
5.521703846702412557e+04 -3.874639321017457481e-14
5.523115973121188290e+04 -1.033599571508998543e-13
5.524528099528862367e+04 -1.336078197961208422e-13
5.525940225941761310e+04 -1.405633142457817500e-13
5.527352352352223534e+04 -7.391904419822364048e-14
5.528764478759212943e+04 -9.484912027039676867e-14
5.530176605178444152e+04 -7.128327108454790121e-14
5.531588731591361284e+04 -8.130574250391356029e-14
5.533000858000116568e+04 -1.228129388942681181e-13
5.534412984410501667e+04 -1.652692486080965925e-13
5.535825110830313497e+04 -1.688300537399163223e-13
5.537237237240451213e+04 -1.412591542158791545e-13
5.538649363646411803e+04 -1.793250481450996541e-13
5.540061490061344375e+04 -2.514891665655830605e-13
5.541473616469751141e+04 -2.504050558977526930e-13
5.542885742892282724e+04 -2.805910044094309418e-13
5.544297869303145853e+04 -2.877353401944541875e-13
5.545709995712283126e+04 -3.317376955349223645e-13
5.547122122118389234e+04 -3.324743381456861353e-13
5.548534248527234740e+04 -3.158244074304974324e-13
5.549946374950689642e+04 -3.223853041906765310e-13
5.551358501363011601e+04 -3.348778848377214453e-13
5.552770627772119042e+04 -3.492182053200037503e-13
5.554182754177116294e+04 -3.086931775569540983e-13
5.555594880590348475e+04 -3.724646059836738877e-13
5.557007007012372924e+04 -3.278129592552608459e-13
5.558419133421878360e+04 -3.186667761931165515e-13
5.559831259826727910e+04 -3.225886072214648573e-13
5.561243386241864209e+04 -3.431863871045406299e-13
5.562655512659443775e+04 -3.717337738755366938e-13
5.564067639069639699e+04 -3.498514209840151881e-13
5.565479765479026537e+04 -3.371240960308583212e-13
5.566891891891074192e+04 -3.562197318626948276e-13
5.568304018297248695e+04 -3.231861205748933035e-13
5.569716144721855380e+04 -3.344641770507123154e-13
5.571128271130010398e+04 -3.019915375109323122e-13
5.572540397540842969e+04 -2.721742976714776887e-13
5.573952523951311014e+04 -1.923480631208067244e-13
5.575364650360619999e+04 -2.183132625245717635e-13
5.576776776782597153e+04 -1.696798720296168553e-13
5.578188903189766279e+04 -1.719229842880195854e-13
5.579601029599428875e+04 -1.042554201667888043e-13
5.581013156006982899e+04 -8.871632843151256147e-14
5.582425282426805643e+04 -6.529806601237762320e-14
5.583837408837382827e+04 -8.207789374183944017e-14
5.585249535252121132e+04 -9.180364216041018061e-14
5.586661661661530525e+04 -9.164637122265203641e-14
5.588073788072334719e+04 -2.449555446834088689e-14
5.589485914486945694e+04 1.493787353460419304e-14
5.590898040898067120e+04 3.260980710065963858e-14
5.592310167311725672e+04 7.085427714393557557e-14
5.593722293722772883e+04 2.506977608676955622e-14
5.595134420126949408e+04 5.327272917429285712e-14
5.596546546552774817e+04 4.391368803259661397e-14
5.597958672956539522e+04 -2.930716713223218037e-14
5.599370799370570603e+04 -5.267494273965658782e-14
5.600782925778019853e+04 -1.801284124905884005e-14
5.602195052198995108e+04 6.515227171743816160e-15
5.603607178608851245e+04 3.870612189527727985e-14
5.605019305020148022e+04 2.897075386680261437e-14
5.606431431426476775e+04 -1.150533655190358441e-14
5.607843557841081201e+04 -8.041608999065113676e-14
5.609255684258999099e+04 -8.792687480798768208e-14
5.610667810666689184e+04 -1.494520920415706082e-13
5.612079937076568604e+04 -2.239755327729874259e-13
5.613492063487176347e+04 -2.197284427198339140e-13
5.614904189897044125e+04 -2.758292975069875410e-13
5.616316316318411555e+04 -2.827711695560462427e-13
5.617728442729500966e+04 -3.268800507780008732e-13
5.619140569138742285e+04 -3.404288516802688682e-13
5.620552695552003570e+04 -4.207230253757966018e-13
5.621964821960091649e+04 -4.444216122660915693e-13
5.623376948378214001e+04 -4.559215008199635805e-13
5.624789074787836580e+04 -4.534449354782548233e-13
5.626201201202210359e+04 -4.744719823831507321e-13
5.627613327611384739e+04 -4.388287452434928632e-13
5.629025454032310518e+04 -4.191368872810338109e-13
5.630437580441307364e+04 -3.731747785269167763e-13
5.631849706851749215e+04 -3.523119751629308208e-13
5.633261833263140579e+04 -3.523984870909258941e-13
5.634673959670254408e+04 -3.435104840288205155e-13
5.636086086087495642e+04 -2.575656610901302230e-13
5.637498212498545035e+04 -2.692649144452325568e-13
5.638910338910910650e+04 -2.817928100360187986e-13
5.640322465321302298e+04 -2.694774497190830935e-13
5.641734591729230306e+04 -2.165396388783928630e-13
5.643146718149501248e+04 -1.460102085301739403e-13
5.644558844558695273e+04 -1.047538321698647116e-13
5.645970970966557798e+04 -4.864994300911720992e-14
5.647383097378863022e+04 -4.107588827429176037e-14
5.648795223797898507e+04 -1.236993934273162506e-14
5.650207350209033757e+04 -4.189090810937338657e-14
5.651619476617799228e+04 -4.430756071288856404e-14
5.653031603027175879e+04 -6.039929580908834096e-14
5.654443729439597519e+04 -1.016432764304609613e-13
5.655855855858040741e+04 -5.680685571852416535e-14
5.657267982270073844e+04 -9.408084270088857732e-14
5.658680108678803663e+04 -1.478693111261031483e-13
5.660092235091551993e+04 -2.209832530426037620e-13
5.661504361502778920e+04 -2.291204746042207933e-13
5.662916487917376071e+04 -2.210795782639236176e-13
5.664328614332510188e+04 -1.851048196688518727e-13
5.665740740736923181e+04 -1.761377937710256886e-13
