5.300000000000048749e+04 8.669913232079118719e-14
5.301412126407876349e+04 9.956220695916137230e-14
5.302824252821673144e+04 1.192822181080386431e-13
5.304236379238055088e+04 2.100560242117689143e-13
5.305648505649937579e+04 2.231422640041646481e-13
5.307060632061745127e+04 2.486504563147176100e-13
5.308472758468037500e+04 2.729921388005352765e-13
5.309884884881136531e+04 2.650563101302752454e-13
5.311297011299133737e+04 2.834263237870630060e-13
5.312709137711501535e+04 2.839772527303837016e-13
5.314121264118188992e+04 2.622631476030199479e-13
5.315533390530078759e+04 2.549166414357302174e-13
5.316945516951904574e+04 2.381204323885684180e-13
5.318357643361353257e+04 1.986754193422294597e-13
5.319769769770824496e+04 2.017428866651255146e-13
5.321181896182243509e+04 1.800693701984484080e-13
5.322594022588093503e+04 1.492364011928097864e-13
5.324006149008745706e+04 1.320627176012618091e-13
5.325418275422221632e+04 1.258348017888966427e-13
5.326830401828257163e+04 1.592770832556801493e-13
5.328242528239245439e+04 1.756407745645245110e-13
5.329654654648141877e+04 1.757261350029686614e-13
5.331066781070790603e+04 2.426456538851270781e-13
5.332478907478278416e+04 2.539910957210716236e-13
5.333891033890837571e+04 2.383110334257930438e-13
5.335303160300676973e+04 2.751639013577775859e-13
5.336715286718441348e+04 2.953028144059919219e-13
5.338127413129291381e+04 3.463833539611832207e-13
5.339539539540084661e+04 3.828766602015845825e-13
5.340951665948153095e+04 5.193099760557919690e-13
5.342363792360103980e+04 5.779972033766748126e-13
5.343775918779137282e+04 6.679175707639664404e-13
5.345188045190321282e+04 7.127295230121044076e-13
5.346600171599438909e+04 7.691589646652894779e-13
5.348012298011502571e+04 8.538848325331994224e-13
5.349424424418361741e+04 8.302690244016622542e-13
5.350836550840284326e+04 8.606427617035315327e-13
5.352248677248411695e+04 9.182797781376465880e-13
5.353660803659231169e+04 9.767198287983475400e-13
5.355072930071808514e+04 9.730003336334203480e-13
5.356485056487913243e+04 9.218008858692175395e-13
5.357897182898712344e+04 9.223176043699595118e-13
5.359309309311875404e+04 9.271338631304417994e-13
5.360721435720084264e+04 9.114135020934814955e-13
5.362133562128353515e+04 8.990759988397530289e-13
5.363545688551060448e+04 8.658832962191920120e-13
5.364957814962029806e+04 8.092082724603520121e-13
5.366369941371693858e+04 8.196816379295426471e-13
5.367782067778370401e+04 7.683487445890819709e-13
5.369194194188506663e+04 7.071644034619525123e-13
5.370606320609046088e+04 7.070794157765147274e-13
5.372018447022260807e+04 6.160666749957420377e-13
5.373430573429843207e+04 5.617030097950062472e-13
5.374842699841986905e+04 5.409712330902616567e-13
5.376254826251122722e+04 4.669153993193695628e-13
5.377666952669803140e+04 4.213996893953252616e-13
5.379079079077861388e+04 3.793207621894251630e-13
5.380491205490438733e+04 2.924576321258565804e-13
5.381903331901827914e+04 2.384286162907823809e-13
5.383315458321128244e+04 1.554159419483565650e-13
5.384727584729743830e+04 1.407783869777153239e-13
5.386139711141731823e+04 1.106509151620124598e-13
5.387551837551585049e+04 1.065730801070227977e-13
5.388963963960528781e+04 1.105441421342060538e-13
5.390376090378875233e+04 1.222205058057492050e-13
5.391788216788561840e+04 1.059157094719012644e-13
5.393200343197989423e+04 1.130751350470259247e-13
5.394612469611344568e+04 1.103867161145426870e-13
5.396024596018974262e+04 1.211936955243774360e-13
5.397436722440872109e+04 1.772831657273108293e-13
5.398848848848042689e+04 2.452269270367976075e-13
5.400260975261715794e+04 2.985554571390208396e-13
5.401673101670983306e+04 3.461797065687378500e-13
5.403085228089120938e+04 3.702859748225727670e-13
5.404497354499071662e+04 3.546482407020102955e-13
5.405909480908282421e+04 3.454230593829367287e-13
5.407321607321330521e+04 3.810152973560936639e-13
5.408733733730595122e+04 4.242708815519007009e-13
5.410145860148382781e+04 4.323107497279208706e-13
5.411557986560998688e+04 4.341923240697537332e-13
5.412970112969874754e+04 4.622894516771068015e-13
5.414382239380059764e+04 5.045085340133780832e-13
5.415794365790909069e+04 5.157401619313971117e-13
5.417206492212235753e+04 4.757448411967479238e-13
5.418618618619670451e+04 4.118705487081092844e-13
5.420030745028184174e+04 4.047286839412817307e-13
5.421442871440394811e+04 3.422426064821291788e-13
5.422854997848670610e+04 2.773748858146834718e-13
5.424267124271803186e+04 2.484562934154327201e-13
5.425679250678837707e+04 1.632201888073904292e-13
5.427091377090667811e+04 1.727295321682714987e-13
5.428503503498967621e+04 1.493746511411487241e-13
5.429915629919456842e+04 8.624536766111430339e-14
5.431327756331808632e+04 1.001302514780216730e-13
5.432739882738156302e+04 5.642794351265687582e-14
5.434152009147869830e+04 -2.051705739311475597e-14
5.435564135561634612e+04 -3.937927068622963190e-14
5.436976261981457355e+04 -3.342541116750098995e-14
5.438388388388609019e+04 -5.776270345124438924e-14
5.439800514802164980e+04 -1.019057711380660466e-13
5.441212641208267451e+04 -1.173713762037163877e-13
5.442624767620108469e+04 -9.409493897592075324e-14
5.444036894040745392e+04 -1.339052913854406470e-13
5.445449020450995158e+04 -1.884689592825602025e-13
5.446861146858301072e+04 -2.271237773725305035e-13
5.448273273269428319e+04 -2.070815937294526329e-13
5.449685399690293707e+04 -1.615497311751350550e-13
5.451097526099054085e+04 -1.491945428621073810e-13
5.452509652508579165e+04 -1.184534367640229216e-13
5.453921778918719065e+04 -1.046433520503810233e-13
5.455333905327833781e+04 -7.964007439537033429e-14
5.456746031752177078e+04 -1.226145199904209957e-13
5.458158158159785671e+04 -1.293624262465835009e-13
5.459570284567792260e+04 -1.048992262807099562e-13
5.460982410980680288e+04 -1.170874212469123905e-13
5.462394537389308971e+04 -6.151276436268871139e-14
5.463806663808008307e+04 -6.905554569629905759e-14
5.465218790221598465e+04 -6.652877731755066339e-14
5.466630916629051353e+04 -8.732640705340931830e-14
5.468043043040240445e+04 -1.149931291894807125e-13
5.469455169459392346e+04 -1.263777515080881383e-13
5.470867295870311500e+04 -1.578248518001167708e-13
5.472279422282132873e+04 -2.165809970101655398e-13
5.473691548692190554e+04 -3.147111251103515908e-13
5.475103675099460088e+04 -3.773029815892937173e-13
5.476515801521947287e+04 -4.887075069160588337e-13
5.477927927929807629e+04 -5.295903111417226294e-13
5.479340054339070775e+04 -5.368546873966228802e-13
5.480752180748941464e+04 -5.549068669900334129e-13
5.482164307160703902e+04 -5.457759093475539860e-13
5.483576433579718287e+04 -6.027060618307102259e-13
5.484988559988282213e+04 -6.437188326045728153e-13
5.486400686398017569e+04 -6.982738029315452412e-13
5.487812812811199547e+04 -6.667269705018292884e-13
5.489224939219869702e+04 -6.240519698218447011e-13
5.490637065641831578e+04 -6.393597761148253856e-13
5.492049192050512647e+04 -7.359909401256517184e-13
5.493461318460931943e+04 -6.860128797121123778e-13
5.494873444868694787e+04 -6.924785705255003471e-13
5.496285571291365341e+04 -6.850761928242653098e-13
5.497697697700661956e+04 -7.002361404247444878e-13
5.499109824109937472e+04 -6.906340229822938926e-13
5.500521950519054371e+04 -7.253857857602314615e-13
5.501934076929406729e+04 -7.617751767458747981e-13
5.503346203349263669e+04 -7.287495917231409955e-13
5.504758329758853506e+04 -7.028152598923785701e-13
5.506170456169911631e+04 -7.222703161335233084e-13
5.507582582582284522e+04 -7.510909159091162516e-13
5.508994708991697553e+04 -7.985660641363107225e-13
5.510406835412031069e+04 -8.709474085688734752e-13
5.511818961818890239e+04 -8.054363162125430395e-13
5.513231088232233014e+04 -7.685629261567113961e-13
5.514643214639937651e+04 -7.954899406602682087e-13
5.516055341060068167e+04 -7.742287718525672916e-13
5.517467467468981340e+04 -8.152236504821272693e-13
5.518879593881453184e+04 -7.964425316763843773e-13
5.520291720290250669e+04 -8.389376997393264728e-13
5.521703846698199777e+04 -8.324472415595195902e-13
5.523115973119482805e+04 -8.469444343147861174e-13
5.524528099530910549e+04 -8.197854846073052760e-13
5.525940225939785159e+04 -8.286851697178720128e-13
5.527352352350040019e+04 -8.284992902187273424e-13
5.528764478760352358e+04 -8.641311642615547640e-13
5.530176605179204489e+04 -8.745742124862324578e-13
5.531588731588974042e+04 -8.560816873413720507e-13
5.533000858001792221e+04 -8.410251165746418240e-13
5.534412984411067009e+04 -7.866545347347890108e-13
5.535825110828574543e+04 -7.846380238046731721e-13
5.537237237239912065e+04 -7.611028959905009958e-13
5.538649363649612496e+04 -7.248888645858244727e-13
5.540061490060338110e+04 -6.985880751328622049e-13
5.541473616467804823e+04 -6.566396114791692525e-13
5.542885742888732784e+04 -6.370414180836029127e-13
5.544297869297934812e+04 -5.748784760639172383e-13
5.545709995709012583e+04 -5.413416395845340487e-13
5.547122122122259316e+04 -5.033277909974078532e-13
5.548534248531293269e+04 -5.224157269443415112e-13
5.549946374950382597e+04 -5.200701993606594007e-13
5.551358501360070659e+04 -4.751778152971606684e-13
5.552770627769432031e+04 -4.530836677713672030e-13
5.554182754178286996e+04 -4.325733063523686331e-13
5.555594880589123932e+04 -4.231706531852925775e-13
5.557007007008518849e+04 -4.143236504996171226e-13
5.558419133419326681e+04 -3.742886522782966765e-13
5.559831259830473573e+04 -3.704358772051146029e-13
5.561243386239132815e+04 -3.379864854961290143e-13
5.562655512660751265e+04 -3.267777197624967295e-13
5.564067639069590223e+04 -3.468474042940398565e-13
5.565479765481212235e+04 -3.393940008479416318e-13
5.566891891889127874e+04 -2.602968069177587511e-13
5.568304018300445023e+04 -2.066876352187875592e-13
5.569716144718151190e+04 -2.111699487026202906e-13
5.571128271128164488e+04 -1.050526348513053518e-13
5.572540397538256366e+04 -9.377727058054637268e-14
5.573952523948533781e+04 -2.379811218862432842e-14
5.575364650358025392e+04 -1.960704305371894456e-14
5.576776776782119123e+04 1.523360060772235855e-14
5.578188903190969722e+04 4.013416410099530245e-14
5.579601029599111644e+04 9.850595954454156043e-14
5.581013156011805404e+04 1.596888096596458224e-13
5.582425282427969796e+04 1.782201011171620989e-13
5.583837408841622528e+04 1.981324010460425426e-13
5.585249535249144537e+04 2.139033322408584783e-13
5.586661661661656399e+04 1.535239719393478075e-13
5.588073788067996065e+04 1.791577820130259731e-13
5.589485914491135190e+04 2.540844496406510202e-13
5.590898040900279739e+04 2.953235229063423195e-13
5.592310167309977260e+04 2.927241919423662931e-13
5.593722293718498986e+04 3.201704099667071439e-13
5.595134420130361832e+04 3.250695441455916926e-13
5.596546546550987114e+04 3.492401744185154900e-13
5.597958672960819240e+04 3.591464583141121022e-13
5.599370799369741144e+04 3.227727229547335888e-13
5.600782925778035860e+04 2.920936595236988038e-13
5.602195052199684142e+04 3.259654767047493042e-13
5.603607178611537529e+04 2.888654528210833321e-13
5.605019305021860055e+04 2.619222028532517497e-13
5.606431431428875658e+04 2.463785681582813047e-13
5.607843557841238362e+04 1.964505394815884716e-13
5.609255684261839633e+04 1.588177273009086677e-13
5.610667810671995539e+04 1.748451125640633189e-13
5.612079937079342199e+04 1.131059492955472438e-13
5.613492063489233260e+04 9.889428534311134034e-14
5.614904189898997720e+04 1.101428113974162502e-13
5.616316316321693012e+04 6.090329894037187576e-14
5.617728442729022208e+04 1.674482412928955566e-14
5.619140569141908782e+04 6.933302331296175428e-15
5.620552695550459612e+04 -1.321689684960911275e-14
5.621964821958699758e+04 -2.506746042609942875e-14
5.623376948379669921e+04 3.223333076530139000e-15
5.624789074792158499e+04 -1.913124454966928545e-14
5.626201201199044590e+04 -5.060485172214636192e-14
5.627613327610120905e+04 -3.367059981164914303e-14
5.629025454027994419e+04 -4.628290486502675763e-14
5.630437580442209583e+04 -4.383466311960688937e-14
5.631849706851573137e+04 -1.928299644023665611e-14
5.633261833261683205e+04 -1.141177829106973852e-14
5.634673959669459146e+04 6.451022269739457109e-14
5.636086086088659795e+04 7.495691561813390852e-14
5.637498212500366208e+04 1.292688509849946030e-13
5.638910338908670383e+04 1.025366620527338298e-13
5.640322465319483308e+04 1.413483677413583985e-13
5.641734591732094123e+04 1.525511694268897454e-13
5.643146718148946093e+04 2.258310971066548841e-13
5.644558844560779107e+04 2.497638281275538662e-13
5.645970970972167561e+04 2.874261292127325136e-13
5.647383097378750244e+04 2.959229097404828455e-13
5.648795223801639804e+04 2.859122550031204759e-13
5.650207350210430013e+04 2.900804619536391035e-13
5.651619476620398200e+04 2.231635109255241196e-13
5.653031603030914994e+04 2.239779348273026921e-13
5.654443729441984760e+04 2.181739220171092006e-13
5.655855855859824806e+04 1.907475841531046749e-13
5.657267982268383639e+04 1.590728560252249833e-13
5.658680108678778925e+04 1.520127484177806198e-13
5.660092235091879411e+04 1.383023958418259913e-13
5.661504361500997038e+04 9.032759291817823896e-14
5.662916487921091175e+04 4.500016467931931981e-14
5.664328614330801065e+04 3.310619608609467047e-14
5.665740740739935427e+04 -2.047481205240003981e-14
