5.300000000000045111e+04 3.055168068619618072e-13
5.301412126410636120e+04 3.377034834008383257e-13
5.302824252817479282e+04 3.716216961090746320e-13
5.304236379241596296e+04 3.707411343374750525e-13
5.305648505651811138e+04 3.933101754714840304e-13
5.307060632058461488e+04 3.864185493968576055e-13
5.308472758468551183e+04 3.484856674584903921e-13
5.309884884878840967e+04 3.738055038367901578e-13
5.311297011300218583e+04 4.108821167947101484e-13
5.312709137711493531e+04 4.117222424887292185e-13
5.314121264120226260e+04 4.522355586872803130e-13
5.315533390528305608e+04 5.144379252326481731e-13
5.316945516948571458e+04 5.129200410470129908e-13
5.318357643361646478e+04 5.518959557747295953e-13
5.319769769770954008e+04 5.378101857048871220e-13
5.321181896179180330e+04 5.225125790917903993e-13
5.322594022587649670e+04 5.333622171710289668e-13
5.324006149012207607e+04 5.673716057075967637e-13
5.325418275419606653e+04 5.260854880674295961e-13
5.326830401828717004e+04 4.940789052014229877e-13
5.328242528237940860e+04 4.847140342121888713e-13
5.329654654652101453e+04 4.442278138191538204e-13
5.331066781068193086e+04 4.510176489462380248e-13
5.332478907479812915e+04 4.333944747493636609e-13
5.333891033889845130e+04 4.164173434556565215e-13
5.335303160299146839e+04 3.950476810232851041e-13
5.336715286717343406e+04 3.392707058300425447e-13
5.338127413132778020e+04 2.857917871536744206e-13
5.339539539538016106e+04 1.959193605013628595e-13
5.340951665950302413e+04 1.886074379951965923e-13
5.342363792362242384e+04 1.890812512380144018e-13
5.343775918781432119e+04 1.545859030630526928e-13
5.345188045188124670e+04 1.107758267113636040e-13
5.346600171598921588e+04 5.074439479070741192e-14
5.348012298008012294e+04 6.836559649599248312e-14
5.349424424422534503e+04 6.682290044247091543e-14
5.350836550839982374e+04 5.806545304739251999e-14
5.352248677248975582e+04 1.155936893258877560e-13
5.353660803658777149e+04 1.147004620819779568e-13
5.355072930070385337e+04 9.222568528286783996e-14
5.356485056490498391e+04 8.314142717604746437e-14
5.357897182898372557e+04 1.078033857016442621e-13
5.359309309308588854e+04 7.148587055956206746e-14
5.360721435719376314e+04 3.866651734341947843e-14
5.362133562132222869e+04 1.032077505179581478e-14
5.363545688548273756e+04 3.187367157127796178e-14
5.364957814961095573e+04 1.631258160799033524e-14
5.366369941367515275e+04 2.658531780503378836e-14
5.367782067782602826e+04 5.462335140872757935e-14
5.369194194187499670e+04 2.955983512168922929e-14
5.370606320610447438e+04 2.082647288706957781e-14
5.372018447022515466e+04 1.690183751645523123e-14
5.373430573431616358e+04 3.461232041999255854e-14
5.374842699840248679e+04 4.866684207044674594e-14
5.376254826250441693e+04 -2.493740829148866906e-14
5.377666952668965678e+04 -5.119023319152453185e-14
5.379079079078037466e+04 -8.129792954912181495e-14
5.380491205488659762e+04 -1.742853356823159080e-13
5.381903331898381293e+04 -1.916075491888027219e-13
5.383315458317640878e+04 -2.484464515645130599e-13
5.384727584728229704e+04 -3.207181281348601307e-13
5.386139711141221778e+04 -3.603863874104189518e-13
5.387551837552413781e+04 -3.583977006270233038e-13
5.388963963962042908e+04 -4.222416473437444999e-13
5.390376090379031666e+04 -4.515213124952255149e-13
5.391788216791244486e+04 -4.929374069495923803e-13
5.393200343198495830e+04 -5.125655669393108002e-13
5.394612469607710955e+04 -5.188505480348824778e-13
5.396024596018316515e+04 -4.706324720578551792e-13
5.397436722437611024e+04 -4.891128495732980453e-13
5.398848848852451920e+04 -5.214023292593481662e-13
5.400260975258256076e+04 -5.257198019022724560e-13
5.401673101669174503e+04 -4.795012095047085419e-13
5.403085228091978206e+04 -4.543629461679705817e-13
5.404497354501479276e+04 -4.544783888336176777e-13
5.405909480908320984e+04 -4.105686497489958848e-13
5.407321607320863404e+04 -4.352767022885740935e-13
5.408733733729550295e+04 -4.902041564989116392e-13
5.410145860151799570e+04 -4.004092799106634192e-13
5.411557986560800055e+04 -3.449615031821394149e-13
5.412970112968582544e+04 -3.335970447980950604e-13
5.414382239380626561e+04 -3.473442730220066385e-13
5.415794365788650612e+04 -3.459091296677749834e-13
5.417206492212542071e+04 -3.557844607172491012e-13
5.418618618621628411e+04 -3.623289801798331636e-13
5.420030745032044797e+04 -3.229323018515161528e-13
5.421442871437307622e+04 -2.943851577870908558e-13
5.422854997850758082e+04 -3.700179600255950263e-13
5.424267124269468331e+04 -3.549784383646554433e-13
5.425679250680394762e+04 -3.477732380350046504e-13
5.427091377088810259e+04 -4.264943392102624716e-13
5.428503503500518127e+04 -4.824009797716643696e-13
5.429915629917857586e+04 -4.734105707383557179e-13
5.431327756328205578e+04 -5.247966758384828002e-13
5.432739882738995948e+04 -5.987887803360815630e-13
5.434152009152789833e+04 -5.896874965123851569e-13
5.435564135562418232e+04 -6.408161395524360198e-13
5.436976261980412528e+04 -6.540459520878716295e-13
5.438388388392633351e+04 -7.407600044443361819e-13
5.439800514802138059e+04 -7.779940014680125254e-13
5.441212641209872527e+04 -8.395199591212727657e-13
5.442624767619451450e+04 -8.419176783710799554e-13
5.444036894039832987e+04 -9.100566736158155931e-13
5.445449020450836542e+04 -9.290868572079373848e-13
5.446861146860626468e+04 -8.959236675631767473e-13
5.448273273267530749e+04 -8.969468716212864210e-13
5.449685399687561585e+04 -9.273207505280915704e-13
5.451097526102873235e+04 -9.333935330547939382e-13
5.452509652512343746e+04 -9.678456940454847262e-13
5.453921778922891099e+04 -9.672576839211816109e-13
5.455333905332248105e+04 -9.257120279140020585e-13
5.456746031752358249e+04 -8.933523690535117512e-13
5.458158158157208527e+04 -8.514919449148196948e-13
5.459570284568009083e+04 -8.123867800803309645e-13
5.460982410982377769e+04 -7.362917919178511973e-13
5.462394537392174243e+04 -7.118254215056348666e-13
5.463806663811144244e+04 -7.265343951023474527e-13
5.465218790222797543e+04 -6.657945272550942993e-13
5.466630916628389241e+04 -6.497442593776617315e-13
5.468043043039074109e+04 -5.762355191347869266e-13
5.469455169460138859e+04 -5.131652043824561788e-13
5.470867295870072849e+04 -4.449958950564535474e-13
5.472279422281553707e+04 -3.620698570742079917e-13
5.473691548687642353e+04 -3.274636341088586041e-13
5.475103675098241365e+04 -2.473941792092980815e-13
5.476515801517335058e+04 -1.916316343492614722e-13
5.477927927930261649e+04 -1.278802909218902857e-13
5.479340054339200287e+04 -5.340772899927827587e-14
5.480752180750541447e+04 1.568844374299897138e-14
5.482164307162473415e+04 8.462681715813269695e-14
5.483576433582198661e+04 1.568739933066337920e-13
5.484988559992345108e+04 1.905483697190619526e-13
5.486400686401216808e+04 2.188600605769335899e-13
5.487812812812819175e+04 2.583260875569163109e-13
5.489224939217233623e+04 2.436254191879481336e-13
5.490637065640627407e+04 2.425382648762066684e-13
5.492049192052311264e+04 2.572219075282988656e-13
5.493461318461621704e+04 2.339498288657267378e-13
5.494873444871100219e+04 1.873981968356125495e-13
5.496285571287476341e+04 1.328511220559682770e-13
5.497697697699170385e+04 7.768447728659205482e-14
5.499109824110714544e+04 8.001824628276733947e-14
5.500521950518846279e+04 4.117635716777596023e-14
5.501934076928841387e+04 -2.198822191945363594e-14
5.503346203347266419e+04 -4.586741273014111289e-14
5.504758329757208412e+04 -8.975472769985308272e-14
5.506170456170742546e+04 -1.318422998173544278e-13
5.507582582578183792e+04 -1.190572322276311715e-13
5.508994708992699452e+04 -1.614354873161863587e-13
5.510406835411990323e+04 -1.918475702706157737e-13
5.511818961819065589e+04 -1.614944544331715706e-13
5.513231088228865701e+04 -1.117079361966151151e-13
5.514643214640535734e+04 -9.784152795457149993e-14
5.516055341061738727e+04 -1.001204824476337646e-13
5.517467467468242830e+04 -8.967416699073243569e-14
5.518879593877543084e+04 -5.797394321314720763e-14
5.520291720287396311e+04 -5.406467251386000224e-14
5.521703846698035341e+04 -4.802511089813520672e-14
5.523115973118326656e+04 -2.875033834894088914e-14
5.524528099531398038e+04 -1.426020750329312618e-14
5.525940225938093499e+04 3.557863366805303428e-14
5.527352352350075671e+04 1.690266803922967274e-14
5.528764478757375764e+04 6.267360866137065198e-14
5.530176605179253238e+04 9.637040918870868612e-14
5.531588731588410883e+04 1.052212903959115421e-13
5.533000858000028529e+04 1.273887737684789992e-13
5.534412984411881916e+04 1.284385545553706499e-13
5.535825110829728510e+04 7.181434231685293695e-14
5.537237237241223193e+04 9.877228105238801718e-14
5.538649363652424654e+04 6.926629844487222754e-14
5.540061490061461518e+04 7.526765601297280806e-14
5.541473616468552791e+04 5.764479326213885382e-14
5.542885742890744586e+04 1.267779868565540977e-14
5.544297869300103775e+04 3.426474663888958155e-14
5.545709995712190721e+04 4.330249547034134593e-14
5.547122122122093424e+04 4.757102985824912032e-15
5.548534248531061166e+04 4.962858744324780440e-14
5.549946374951323378e+04 1.202853124786970756e-13
5.551358501358842477e+04 1.205012484000513518e-13
5.552770627768129634e+04 1.214048571786416494e-13
5.554182754179008771e+04 1.015204809130086614e-13
5.555594880590647517e+04 1.535477495950031791e-13
5.557007007008174696e+04 1.308379348507266659e-13
5.558419133417253761e+04 1.221000047408476034e-13
5.559831259831033094e+04 1.330055992920140389e-13
5.561243386242108681e+04 1.035884826213632799e-13
5.562655512661405373e+04 1.107226732537994733e-13
5.564067639071610029e+04 1.406746465911893306e-13
5.565479765479246271e+04 1.417327326058253901e-13
5.566891891892293643e+04 1.581538289020452341e-13
5.568304018302491750e+04 1.527421425037967593e-13
5.569716144721183809e+04 1.400077368033143313e-13
5.571128271127982589e+04 1.413922182683051581e-13
5.572540397542203573e+04 9.927806942202173504e-14
5.573952523950242903e+04 7.883724289751421349e-14
5.575364650361319218e+04 9.402002973704460905e-14
5.576776776777974737e+04 1.387984956437302632e-13
5.578188903188462427e+04 1.407352747537234191e-13
5.579601029597342131e+04 1.261853462683160123e-13
5.581013156009090744e+04 1.477440564472192436e-13
5.582425282430183870e+04 2.153137283300764964e-13
5.583837408839639102e+04 2.180710639412159625e-13
5.585249535249255860e+04 2.628121563230518527e-13
5.586661661661871040e+04 3.105265202373815104e-13
5.588073788069766306e+04 2.734478309725254050e-13
5.589485914491036965e+04 2.116635807364144439e-13
5.590898040899923944e+04 1.741845794942784437e-13
5.592310167310223187e+04 2.079602796851882355e-13
5.593722293720840389e+04 1.738399125428860072e-13
5.595134420128407510e+04 1.752551233505310912e-13
5.596546546549414779e+04 1.353127915594072583e-13
5.597958672958590614e+04 1.434037444279978673e-13
5.599370799369710585e+04 2.113704061970372615e-13
5.600782925777999480e+04 1.980828723287780281e-13
5.602195052201194630e+04 2.195062072954476176e-13
5.603607178612046846e+04 2.568373754837333375e-13
5.605019305022477056e+04 2.521050567149764752e-13
5.606431431428139331e+04 3.002031221510972354e-13
5.607843557837764092e+04 3.525202432813711695e-13
5.609255684259672853e+04 4.028980937333286453e-13
5.610667810670164909e+04 4.036987176878884349e-13
5.612079937077459908e+04 4.552550799567757216e-13
5.613492063490412693e+04 4.832619689564279385e-13
5.614904189897670585e+04 5.490775767396688025e-13
5.616316316318314057e+04 5.995143943086115153e-13
5.617728442727354559e+04 5.908628385672741180e-13
5.619140569138765568e+04 5.908362618384920905e-13
5.620552695549638156e+04 5.880556715896682745e-13
5.621964821961040434e+04 5.545291282310903185e-13
5.623376948378971429e+04 5.672826359553848920e-13
5.624789074791160965e+04 5.141715350527466751e-13
5.626201201201347430e+04 5.324197814527337106e-13
5.627613327611189743e+04 5.326813961266821597e-13
5.629025454031691334e+04 4.518798354014531320e-13
5.630437580441644241e+04 4.389901219421504658e-13
5.631849706848966889e+04 4.037676510781668818e-13
5.633261833258435217e+04 4.008109900011619319e-13
5.634673959668770840e+04 4.072151511148656718e-13
5.636086086088399315e+04 3.695210444741498463e-13
5.637498212502138631e+04 3.338235145831868143e-13
5.638910338910370774e+04 3.229253947369903366e-13
5.640322465322310745e+04 2.733282356930061299e-13
5.641734591732291301e+04 2.627864101170442004e-13
5.643146718151653477e+04 2.746977677480569905e-13
5.644558844559618592e+04 2.732485055066598960e-13
5.645970970967737958e+04 2.712020973904407000e-13
5.647383097382694541e+04 2.556372700746681040e-13
5.648795223801994871e+04 2.240275732794968085e-13
5.650207350210655568e+04 1.921778554025124613e-13
5.651619476622602815e+04 1.951594321627506378e-13
5.653031603027278470e+04 2.489631890592714557e-13
5.654443729439951130e+04 2.447109124541406969e-13
5.655855855861405871e+04 1.874189599049735211e-13
5.657267982270202629e+04 2.062427585876471345e-13
5.658680108678990655e+04 1.739744572323452233e-13
5.660092235090713802e+04 1.887270332747158927e-13
5.661504361502383108e+04 1.859132221149145171e-13
5.662916487918013445e+04 1.306734913413876184e-13
5.664328614330149139e+04 1.511982006661135404e-13
5.665740740738645400e+04 1.577883988812918009e-13
