5.300000000000088039e+04 -3.781199330772709089e-14
5.301412126410034398e+04 -2.102364326628209025e-15
5.302824252820002584e+04 -8.349670928258391391e-14
5.304236379240679526e+04 -3.964422238921023100e-14
5.305648505647994898e+04 -5.712410361821565029e-14
5.307060632062193326e+04 -6.848870945002086761e-14
5.308472758468351822e+04 -8.381149494687212444e-14
5.309884884881689504e+04 -9.922740208447355873e-14
5.311297011301224120e+04 -9.047224192632675784e-14
5.312709137710487266e+04 -5.921694777178986659e-14
5.314121264118326508e+04 -6.614364450873659635e-14
5.315533390531684563e+04 -7.257072740213996374e-15
5.316945516948650766e+04 1.209783273036657962e-14
5.318357643359836220e+04 9.128825636080437298e-14
5.319769769767975959e+04 1.495324300204113271e-13
5.321181896181444608e+04 1.710501973904545399e-13
5.322594022590343957e+04 1.390832718936725720e-13
5.324006149008456123e+04 1.266556515444579575e-13
5.325418275418032135e+04 1.023456078488875303e-13
5.326830401828029426e+04 1.057400760146829968e-13
5.328242528240386309e+04 6.167541769973487673e-14
5.329654654650099837e+04 7.037495591745043779e-14
5.331066781068918499e+04 2.040166281333579198e-14
5.332478907480347698e+04 1.421217252805667143e-14
5.333891033890171093e+04 -5.021408075278615448e-15
5.335303160299796582e+04 -3.841187083594635439e-14
5.336715286721874872e+04 -6.673214660485073262e-14
5.338127413131883804e+04 -6.613650544444993987e-14
5.339539539539625548e+04 -7.899929491012727182e-14
5.340951665948408481e+04 -1.021360608481245510e-13
5.342363792360421940e+04 -1.017257607797812856e-13
5.343775918779146741e+04 -1.182042117272567469e-13
5.345188045188113028e+04 -1.364421674419984795e-13
5.346600171599596797e+04 -1.596805277563828524e-13
5.348012298009295046e+04 -2.029934661373223274e-13
5.349424424421021831e+04 -2.283896282451639244e-13
5.350836550841995631e+04 -2.019799543623841805e-13
5.352248677248034801e+04 -2.211542258162610481e-13
5.353660803659241355e+04 -2.078270049156712607e-13
5.355072930072118470e+04 -1.229579655783580500e-13
5.356485056489131239e+04 -7.353963665846141258e-14
5.357897182899700420e+04 -5.502231602146913491e-14
5.359309309309341916e+04 4.048134021152424805e-14
5.360721435720103909e+04 5.294810773743164643e-14
5.362133562129727943e+04 9.904873304542839087e-14
5.363545688548529870e+04 1.461411391304797136e-13
5.364957814960227552e+04 1.378372305962545984e-13
5.366369941371494497e+04 1.836188730977726311e-13
5.367782067779974750e+04 2.035881695789134781e-13
5.369194194188601250e+04 2.315343897596991890e-13
5.370606320610761759e+04 2.141160927665731964e-13
5.372018447018201550e+04 2.073496719454247886e-13
5.373430573428698699e+04 2.244693834586053783e-13
5.374842699839748821e+04 2.652015893255448781e-13
5.376254826248089375e+04 2.854344820265009451e-13
5.377666952671207400e+04 3.279619664333959000e-13
5.379079079079108487e+04 2.896564148138739317e-13
5.380491205491308210e+04 2.783205221417271430e-13
5.381903331901565980e+04 2.393488409083805690e-13
5.383315458320690959e+04 2.716494980477499759e-13
5.384727584731691604e+04 2.593838010907075359e-13
5.386139711138743587e+04 2.641666603577467744e-13
5.387551837551069184e+04 2.300733135698665305e-13
5.388963963958355453e+04 2.193289433671859285e-13
5.390376090382173425e+04 1.666413937115339877e-13
5.391788216789011494e+04 6.552808042559895718e-14
5.393200343199072086e+04 2.149350518764843023e-15
5.394612469609377149e+04 -6.827265469127950311e-14
5.396024596021527395e+04 -1.266831450133888799e-13
5.397436722441066377e+04 -1.893754264311209917e-13
5.398848848852225638e+04 -1.914807443343828909e-13
5.400260975258589315e+04 -2.259264941637541350e-13
5.401673101668187883e+04 -2.796668596735488533e-13
5.403085228090253077e+04 -3.294680307222246229e-13
5.404497354500013898e+04 -3.872668366021022273e-13
5.405909480909430567e+04 -3.876007251472014437e-13
5.407321607321140618e+04 -4.352391519732984569e-13
5.408733733729233063e+04 -4.568716150794636572e-13
5.410145860147968051e+04 -4.760676959824799883e-13
5.411557986561011057e+04 -5.575832579352040907e-13
5.412970112968007743e+04 -5.927413451681235362e-13
5.414382239380984538e+04 -5.566923654732335382e-13
5.415794365792020108e+04 -6.025232753634551173e-13
5.417206492210095894e+04 -6.242614907625699302e-13
5.418618618620289635e+04 -6.287906386680370387e-13
5.420030745032029517e+04 -6.376835592315395985e-13
5.421442871439630107e+04 -6.580884170854226823e-13
5.422854997849170468e+04 -6.727202039203299194e-13
5.424267124269785563e+04 -6.685161580193014300e-13
5.425679250680818950e+04 -6.927613617518727392e-13
5.427091377089967864e+04 -6.973058861034957037e-13
5.428503503499586077e+04 -6.575122710621123769e-13
5.429915629919779894e+04 -6.523071871358334995e-13
5.431327756328100804e+04 -6.924670126397458323e-13
5.432739882741259498e+04 -6.614241644861789951e-13
5.434152009148911020e+04 -6.922897128014176755e-13
5.435564135558609269e+04 -6.691252535700886852e-13
5.436976261981485732e+04 -7.034492470503072245e-13
5.438388388389842294e+04 -6.991601599878860178e-13
5.439800514800577366e+04 -7.481429275350404436e-13
5.441212641211589653e+04 -7.969888760919098889e-13
5.442624767620593047e+04 -8.137736791936645194e-13
5.444036894040753396e+04 -8.025928062031710159e-13
5.445449020449589443e+04 -7.955516490838700280e-13
5.446861146860719600e+04 -7.642869407786253917e-13
5.448273273270592472e+04 -8.024111130945126866e-13
5.449685399691470957e+04 -7.625650926141898858e-13
5.451097526098730305e+04 -7.309878345054501390e-13
5.452509652510877640e+04 -7.365654049947297264e-13
5.453921778920791985e+04 -6.727343251463914549e-13
5.455333905330651032e+04 -6.696088271114400468e-13
5.456746031749000394e+04 -7.186483933678642201e-13
5.458158158158144943e+04 -7.059028885297534307e-13
5.459570284570596414e+04 -7.802458090582925532e-13
5.460982410979412816e+04 -7.307477736624042374e-13
5.462394537391627091e+04 -7.441883566277657146e-13
5.463806663808387384e+04 -7.481485760254650377e-13
5.465218790221743257e+04 -7.431192229123962900e-13
5.466630916631569562e+04 -7.330485920953623960e-13
5.468043043038857286e+04 -7.555832446443472865e-13
5.469455169459405442e+04 -7.998140627192860897e-13
5.470867295869996451e+04 -8.779163674304272872e-13
5.472279422279687424e+04 -8.873935929478534885e-13
5.473691548690825584e+04 -8.480142005376082673e-13
5.475103675099127577e+04 -8.456509349049557672e-13
5.476515801519477827e+04 -7.548865974919785717e-13
5.477927927932046441e+04 -7.513594290268327686e-13
5.479340054340962524e+04 -7.081889581266028430e-13
5.480752180748592946e+04 -6.857879865176670814e-13
5.482164307160530734e+04 -6.934573812941942432e-13
5.483576433580314188e+04 -6.390994474979754039e-13
5.484988559988790075e+04 -6.441366457366338823e-13
5.486400686400008271e+04 -5.944572310371108426e-13
5.487812812810729520e+04 -5.643379110679679024e-13
5.489224939218319196e+04 -5.175276156991234951e-13
5.490637065641504159e+04 -4.876740885849608864e-13
5.492049192051379214e+04 -4.637768946235503797e-13
5.493461318459621543e+04 -4.891737627926950888e-13
5.494873444871138781e+04 -4.692876246428054531e-13
5.496285571287933999e+04 -4.457101980004326273e-13
5.497697697700626304e+04 -4.655307509003920192e-13
5.499109824109502370e+04 -4.396430916743533781e-13
5.500521950519643724e+04 -4.545369057039578335e-13
5.501934076931538584e+04 -4.282839774304610026e-13
5.503346203349786811e+04 -3.579555645687022084e-13
5.504758329760006018e+04 -3.250502836001317716e-13
5.506170456168627425e+04 -3.220920436427536528e-13
5.507582582581527095e+04 -3.544412621095235192e-13
5.508994708988057391e+04 -2.624759928712693523e-13
5.510406835407963081e+04 -2.614689925505706638e-13
5.511818961821973789e+04 -2.120672952969242788e-13
5.513231088232014008e+04 -8.862706838762054562e-14
5.514643214642102976e+04 -9.605389188091303845e-14
5.516055341058231716e+04 -1.000382742654288023e-13
5.517467467470892734e+04 -7.173870962808132559e-14
5.518879593881134497e+04 -7.555457871492953005e-14
5.520291720289477962e+04 -4.976953373160464966e-14
5.521703846700886061e+04 -5.951914200950654214e-14
5.523115973120462877e+04 -6.385153416518305799e-14
5.524528099529234169e+04 -2.309234106621483934e-14
5.525940225938311050e+04 1.554458865821765069e-14
5.527352352348167187e+04 -4.077325661809632248e-15
5.528764478760878410e+04 6.302716908483551140e-15
5.530176605179237959e+04 3.022187722154532412e-14
5.531588731588636438e+04 3.560061002311399851e-15
5.533000858000158041e+04 5.865292616377679919e-14
5.534412984408165357e+04 8.311779341286069502e-14
5.535825110829096229e+04 3.781376215724588123e-14
5.537237237241456751e+04 6.631698625490293455e-14
5.538649363648446160e+04 1.277345916668145202e-13
5.540061490061961376e+04 1.164953509419333180e-13
5.541473616470032721e+04 7.737202343093711579e-14
5.542885742891519476e+04 4.280608627753109299e-14
5.544297869301854371e+04 -6.044454657447351014e-16
5.545709995708864153e+04 -7.880214045445874214e-16
5.547122122118808329e+04 -2.307727842508254448e-14
5.548534248532202764e+04 -4.604121624633790476e-14
5.549946374948044831e+04 -7.127961287856989664e-14
5.551358501359077491e+04 -1.066090376543691480e-13
5.552770627771653380e+04 -1.260574177963514481e-13
5.554182754180023039e+04 -8.526119570459966834e-14
5.555594880590985849e+04 -9.258258070996607820e-14
5.557007007008700020e+04 -2.086934627910688449e-14
5.558419133418924321e+04 -1.684950392692550440e-14
5.559831259830545605e+04 -4.408056245895076736e-14
5.561243386241847475e+04 -5.320632634995675305e-14
5.562655512661347166e+04 -4.016521717962468564e-14
5.564067639071997110e+04 2.809365155156139611e-14
5.565479765479009802e+04 1.042895907443964773e-13
5.566891891889908584e+04 1.599786854506819090e-13
5.568304018300050666e+04 2.137648664939206659e-13
5.569716144721442106e+04 2.488005697676401454e-13
5.571128271131129441e+04 2.705911906056944323e-13
5.572540397539299011e+04 3.038670753071240476e-13
5.573952523951397598e+04 3.776878242764102647e-13
5.575364650359324150e+04 3.839130883343786006e-13
5.576776776779779175e+04 4.194941847390965975e-13
5.578188903189909615e+04 5.107565307245103459e-13
5.579601029598100286e+04 5.429510433146505830e-13
5.581013156011563115e+04 5.498968037067803807e-13
5.582425282431540109e+04 5.686526161617006719e-13
5.583837408842235891e+04 6.042333987613950635e-13
5.585249535250127519e+04 5.852833409968729344e-13
5.586661661660189566e+04 5.689940360273659632e-13
5.588073788071310264e+04 6.179677032288363378e-13
5.589485914488826529e+04 5.820021956702211313e-13
5.590898040898155887e+04 5.645979414519008737e-13
5.592310167311118130e+04 5.481705622720146014e-13
5.593722293721046299e+04 4.980907323623912853e-13
5.595134420130203944e+04 5.035289734211971499e-13
5.596546546552200743e+04 5.372002524523495070e-13
5.597958672960731928e+04 5.037294948312708935e-13
5.599370799371663452e+04 4.590515045977170348e-13
5.600782925780452933e+04 3.992829445847682418e-13
5.602195052199959900e+04 3.874603403210341891e-13
5.603607178609495168e+04 4.135573074978070197e-13
5.605019305018046725e+04 3.893353253369813983e-13
5.606431431429468648e+04 3.955003388304205294e-13
5.607843557838918787e+04 4.058766157404306194e-13
5.609255684257966641e+04 4.222133052684995298e-13
5.610667810668456514e+04 4.619767950276183047e-13
5.612079937078979128e+04 4.789009275598467590e-13
5.613492063489199791e+04 5.329186967104945265e-13
5.614904189901087375e+04 5.218128231206388730e-13
5.616316316317941528e+04 6.100616994645227316e-13
5.617728442729383096e+04 6.463811790897468390e-13
5.619140569142134336e+04 6.530994308397742436e-13
5.620552695552160731e+04 7.206186611303599038e-13
5.621964821958609537e+04 7.508970802464626963e-13
5.623376948380310932e+04 7.711610396447540304e-13
5.624789074788162543e+04 7.794442370474222252e-13
5.626201201202240918e+04 8.056347181212247653e-13
5.627613327609042608e+04 8.288955154947957620e-13
5.629025454032068956e+04 8.839102432053873506e-13
5.630437580441671162e+04 9.441102851257717881e-13
5.631849706848059577e+04 9.831692826069321681e-13
5.633261833258173283e+04 9.735304475023572715e-13
5.634673959670878685e+04 9.563383254799834500e-13
5.636086086088635784e+04 9.853050395974821741e-13
5.637498212498099019e+04 9.696022362170639811e-13
5.638910338908766425e+04 9.472499043867845298e-13
5.640322465322174685e+04 9.098120236574875777e-13
5.641734591728024679e+04 9.182342366856059909e-13
5.643146718147998763e+04 9.395651331641016129e-13
5.644558844559561840e+04 9.274393932475800559e-13
5.645970970970128838e+04 9.275385556350343088e-13
5.647383097378769889e+04 8.961310660440564925e-13
5.648795223801460088e+04 9.420112433229815927e-13
5.650207350208076969e+04 9.070012720611965178e-13
5.651619476621301146e+04 8.912579878327353506e-13
5.653031603030508995e+04 8.823920545012614403e-13
5.654443729439315211e+04 8.780326751135562623e-13
5.655855855859615258e+04 8.670049389745743107e-13
5.657267982270565699e+04 8.624550799375503576e-13
5.658680108680418198e+04 8.337265438329560037e-13
5.660092235089902533e+04 8.767658442333254417e-13
5.661504361498924118e+04 8.160643418852450444e-13
5.662916487920768122e+04 8.040973873106598352e-13
5.664328614330795244e+04 8.306562754821564171e-13
5.665740740739119792e+04 7.999140525411883926e-13
