5.299999999999564898e+04 -1.717214867866718421e-12
5.301412126405546587e+04 -1.724586997857776000e-12
5.302824252826123120e+04 -1.724632589908149927e-12
5.304236379244428099e+04 -1.722788482823606208e-12
5.305648505651402229e+04 -1.713273188511397382e-12
5.307060632059225463e+04 -1.707861326587524499e-12
5.308472758466162486e+04 -1.651581409705778361e-12
5.309884884886485088e+04 -1.641268756161875399e-12
5.311297011291898525e+04 -1.627495711407111881e-12
5.312709137715035467e+04 -1.551063073277292992e-12
5.314121264124935988e+04 -1.529707913185726425e-12
5.315533390528520977e+04 -1.436007748022735182e-12
5.316945516955493804e+04 -1.349598086499784484e-12
5.318357643356584595e+04 -1.300617713516388341e-12
5.319769769767195248e+04 -1.226669836851418072e-12
5.321181896175440488e+04 -1.162440406845422896e-12
5.322594022591856628e+04 -1.105622298884907021e-12
5.324006149007657950e+04 -1.068156088916557833e-12
5.325418275428420748e+04 -1.051098811255366369e-12
5.326830401829482435e+04 -1.020963236914878541e-12
5.328242528239596868e+04 -1.007833402314381179e-12
5.329654654656528874e+04 -9.748731274501074110e-13
5.331066781071516743e+04 -8.833444830259771843e-13
5.332478907484221418e+04 -8.456082481458935070e-13
5.333891033893200802e+04 -7.926978974499408538e-13
5.335303160298315197e+04 -7.307848012925419908e-13
5.336715286718214338e+04 -6.762678192694480769e-13
5.338127413129310298e+04 -6.642890545680342980e-13
5.339539539531605260e+04 -6.555059789346574512e-13
5.340951665951361792e+04 -5.720770680018175049e-13
5.342363792355924670e+04 -5.373898503353367277e-13
5.343775918781287328e+04 -4.972788156370323885e-13
5.345188045191896526e+04 -4.091611367124470597e-13
5.346600171596471773e+04 -4.218259471846005804e-13
5.348012298017994181e+04 -3.881708397564642762e-13
5.349424424416777038e+04 -3.076527230223343082e-13
5.350836550833846559e+04 -3.098203572950065809e-13
5.352248677252924244e+04 -3.093884526176640114e-13
5.353660803664801642e+04 -2.937435674625632090e-13
5.355072930077825731e+04 -2.717880750774017654e-13
5.356485056484553206e+04 -3.039757880540346337e-13
5.357897182890793192e+04 -2.744085671494785905e-13
5.359309309301152825e+04 -2.727664506962646176e-13
5.360721435728370852e+04 -2.622963107833149718e-13
5.362133562134844396e+04 -2.526105611333637793e-13
5.363545688553107902e+04 -2.621503148360442085e-13
5.364957814964282443e+04 -2.329234131882048609e-13
5.366369941377737996e+04 -2.187168584765859854e-13
5.367782067774645839e+04 -2.765802568651305758e-13
5.369194194182373030e+04 -2.684622738804314374e-13
5.370606320606425288e+04 -2.322049238736271660e-13
5.372018447015668789e+04 -2.622010078732910195e-13
5.373430573437006387e+04 -2.636825963752234999e-13
5.374842699845620518e+04 -3.161198120568729368e-13
5.376254826257353852e+04 -3.175118428596694500e-13
5.377666952667453006e+04 -3.327143467763967167e-13
5.379079079088607978e+04 -3.583602922731236612e-13
5.380491205495426402e+04 -3.317396886469319933e-13
5.381903331893651921e+04 -3.245828456484318024e-13
5.383315458320505422e+04 -3.592001069235119571e-13
5.384727584731114621e+04 -3.507472119394024235e-13
5.386139711136439291e+04 -3.619821408076151778e-13
5.387551837556483952e+04 -3.310597260406618708e-13
5.388963963967710151e+04 -3.658506954567076596e-13
5.390376090375379863e+04 -3.646597470349900171e-13
5.391788216789707803e+04 -3.545735223907893052e-13
5.393200343205445097e+04 -3.136855324082826188e-13
5.394612469608927495e+04 -3.452882477350876826e-13
5.396024596011541871e+04 -3.242009581011727249e-13
5.397436722432325041e+04 -2.532530108920712828e-13
5.398848848852524679e+04 -2.670729467062880491e-13
5.400260975265878369e+04 -2.820466560482415237e-13
5.401673101669390599e+04 -2.455270540620806044e-13
5.403085228080652450e+04 -2.241477725336241958e-13
5.404497354491347505e+04 -1.888404100448245615e-13
5.405909480917291512e+04 -1.656807890482613085e-13
5.407321607318439783e+04 -1.418026787371203607e-13
5.408733733728367224e+04 -9.238541626105237811e-14
5.410145860148267093e+04 -7.560297935013385650e-14
5.411557986562197766e+04 -8.983014923023309326e-14
5.412970112972703646e+04 -5.710948345534574335e-14
5.414382239372603362e+04 -4.920373531991979883e-14
5.415794365794015175e+04 -9.323435565814509046e-14
5.417206492213043384e+04 -1.144301283917681673e-13
5.418618618621096539e+04 -9.137223142328009493e-14
5.420030745036192093e+04 -8.466858417776609084e-14
5.421442871441504394e+04 -9.603193540700398111e-14
5.422854997843040474e+04 -8.804676817989142654e-14
5.424267124266925384e+04 -1.180523148798413181e-13
5.425679250672681519e+04 -1.109748909730277247e-13
5.427091377084879787e+04 -1.493339743040834221e-13
5.428503503500371153e+04 -2.064677309098560576e-13
5.429915629926800466e+04 -2.586930496958139475e-13
5.431327756324029906e+04 -2.558765445463829176e-13
5.432739882740697067e+04 -2.623605219638275587e-13
5.434152009144134354e+04 -2.483516700974711099e-13
5.435564135556892143e+04 -2.695102679371131768e-13
5.436976261973896908e+04 -2.335520068500649037e-13
5.438388388384084101e+04 -1.743898528472578708e-13
5.439800514806017600e+04 -2.280568816125141316e-13
5.441212641203549720e+04 -2.012348576516619334e-13
5.442624767611236894e+04 -2.087110667848168369e-13
5.444036894037960883e+04 -1.622417734014398298e-13
5.445449020457001461e+04 -1.624546841578763049e-13
5.446861146852358070e+04 -1.585209044675262828e-13
5.448273273274696112e+04 -1.899647816109581012e-13
5.449685399694085208e+04 -1.974700547521345137e-13
5.451097526106656733e+04 -1.700214648509121290e-13
5.452509652504094993e+04 -1.682296349610293145e-13
5.453921778927733976e+04 -1.621971635286626634e-13
5.455333905335816962e+04 -1.543944912356385251e-13
5.456746031747000234e+04 -1.583654458199695066e-13
5.458158158166355133e+04 -1.339374850314918322e-13
5.459570284576717677e+04 -1.114284246795955710e-13
5.460982410986627656e+04 -1.215467549140525890e-13
5.462394537386339653e+04 -8.698153849054578251e-14
5.463806663804335403e+04 -1.011228681609071303e-13
5.465218790210514271e+04 -1.074736918671835533e-13
5.466630916622449149e+04 -5.544506206574318086e-14
5.468043043030766421e+04 6.947252270428606094e-15
5.469455169452175323e+04 5.865347435497946883e-14
5.470867295862836909e+04 9.182294248629163335e-14
5.472279422271647491e+04 1.059487262918972985e-13
5.473691548680567212e+04 1.405457103520787389e-13
5.475103675092758931e+04 1.241049445122035132e-13
5.476515801513042243e+04 1.172580049480719464e-13
5.477927927938267385e+04 1.312621254642853635e-13
5.479340054338057234e+04 1.294675919457493989e-13
5.480752180752719869e+04 9.484627522768950638e-14
5.482164307161961187e+04 1.491547398909083426e-13
5.483576433576145791e+04 1.979870047171484827e-13
5.484988559997931588e+04 2.157917512125437165e-13
5.486400686393507203e+04 2.002202019846599048e-13
5.487812812803779525e+04 2.342217118339825492e-13
5.489224939226591232e+04 2.178721934611515126e-13
5.490637065630691359e+04 2.038376571225900240e-13
5.492049192043804942e+04 2.682144348901823736e-13
5.493461318464986834e+04 2.310571144954569824e-13
5.494873444877181464e+04 2.038937574171431353e-13
5.496285571294094552e+04 2.141263159621962196e-13
5.497697697697735566e+04 2.274727788085280848e-13
5.499109824102315906e+04 1.962120725063479638e-13
5.500521950524055137e+04 2.432680533074609974e-13
5.501934076938091312e+04 2.357871128241630623e-13
5.503346203354475438e+04 2.753107841975681063e-13
5.504758329768056137e+04 3.427446900647228065e-13
5.506170456174926949e+04 3.653693305415417721e-13
5.507582582588357036e+04 4.076581381199677160e-13
5.508994708986898331e+04 4.089085663720549137e-13
5.510406835410873464e+04 4.166571660920158475e-13
5.511818961819478136e+04 4.915355134556508678e-13
5.513231088234989147e+04 5.286624180280282128e-13
5.514643214648491266e+04 5.143338620734354171e-13
5.516055341054032760e+04 5.208232467481863584e-13
5.517467467462664354e+04 5.245948087193467165e-13
5.518879593878945161e+04 4.897342208654819900e-13
5.520291720283044560e+04 4.737848395333188890e-13
5.521703846704345779e+04 4.786317698012742231e-13
5.523115973123381991e+04 4.687094526441713972e-13
5.524528099533379282e+04 4.355879739214528683e-13
5.525940225930487941e+04 4.688547726842787909e-13
5.527352352351770969e+04 4.687527107026220012e-13
5.528764478766688262e+04 4.436866935519981953e-13
5.530176605185594235e+04 4.227984585776722520e-13
5.531588731594633282e+04 4.304443204088130770e-13
5.533000857994829857e+04 3.667894114916148410e-13
5.534412984418432461e+04 3.763210543083357946e-13
5.535825110822128045e+04 4.024759578990204028e-13
5.537237237242925767e+04 4.451094781307244395e-13
5.538649363646488928e+04 4.650805070844653584e-13
5.540061490065600083e+04 4.762113462495313152e-13
5.541473616472295544e+04 4.601031267339949437e-13
5.542885742895436124e+04 5.208110804192471197e-13
5.544297869301066385e+04 5.720340288820453901e-13
5.545709995701596199e+04 6.244864524748688248e-13
5.547122122114447848e+04 6.811653235597470264e-13
5.548534248521672271e+04 7.257853349443614947e-13
5.549946374950082827e+04 7.868589544049537970e-13
5.551358501359289221e+04 8.153443858946636106e-13
5.552770627761755895e+04 8.878895017306201491e-13
5.554182754186290549e+04 9.376173435482201127e-13
5.555594880594300776e+04 1.036767517145612738e-12
5.557007007004579646e+04 1.062214745936332150e-12
5.558419133413998497e+04 1.155877229274970311e-12
5.559831259825004236e+04 1.204929163929279764e-12
5.561243386239738902e+04 1.257453909588575362e-12
5.562655512667136645e+04 1.291695366480866059e-12
5.564067639063594106e+04 1.318282850656056353e-12
5.565479765475044405e+04 1.297847473481134962e-12
5.566891891889250110e+04 1.321056773654200149e-12
5.568304018306959188e+04 1.356007933067945695e-12
5.569716144724652986e+04 1.316353811612025570e-12
5.571128271123141167e+04 1.293343228144968017e-12
5.572540397539961123e+04 1.299612942991649494e-12
5.573952523954157368e+04 1.284579415865744830e-12
5.575364650350837474e+04 1.303512927323834925e-12
5.576776776777190389e+04 1.317789438426854524e-12
5.578188903182171634e+04 1.254112224573267566e-12
5.579601029598368768e+04 1.267315395100981893e-12
5.581013156011874526e+04 1.200041003324363732e-12
5.582425282433866960e+04 1.149702141431149265e-12
5.583837408846858307e+04 1.103671511796747791e-12
5.585249535245474544e+04 1.071728139259644448e-12
5.586661661664829444e+04 1.022316621994464387e-12
5.588073788074163167e+04 9.679115026068949607e-13
5.589485914483242959e+04 8.695697139767977332e-13
5.590898040898716863e+04 8.023926528316932797e-13
5.592310167318314780e+04 7.324281505451793559e-13
5.593722293714369880e+04 7.165497394651617802e-13
5.595134420134921675e+04 6.758371473915288995e-13
5.596546546543857403e+04 5.701144525383006703e-13
5.597958672959071555e+04 5.819171434236773245e-13
5.599370799372229521e+04 5.721110822986604338e-13
5.600782925785152474e+04 5.434553222038014805e-13
5.602195052195982134e+04 5.166664176939504787e-13
5.603607178604896035e+04 4.652663815543701807e-13
5.605019305027344672e+04 4.758348659595785884e-13
5.606431431425317714e+04 5.326651402490338030e-13
5.607843557834023522e+04 5.660468432296191740e-13
5.609255684260279668e+04 5.810763149125441257e-13
5.610667810674230714e+04 5.642218938887351884e-13
5.612079937086524296e+04 5.740644540005696942e-13
5.613492063492848683e+04 5.174693954039395253e-13
5.614904189908457920e+04 5.567179725618853636e-13
5.616316316323800856e+04 5.784686650765697573e-13
5.617728442729996459e+04 5.944254813875291158e-13
5.619140569132182281e+04 5.631850523002477343e-13
5.620552695543991285e+04 5.389226887667761426e-13
5.621964821961834241e+04 4.854854684370386525e-13
5.623376948388262099e+04 4.641646528782069216e-13
5.624789074780643568e+04 3.834343012948037471e-13
5.626201201201377989e+04 3.347892627527950170e-13
5.627613327609163389e+04 2.761380945654355293e-13
5.629025454024651117e+04 2.267130591569896927e-13
5.630437580448694644e+04 1.649716434190665319e-13
5.631849706857001729e+04 1.195966437330566779e-13
5.633261833266309986e+04 4.161047523261250864e-14
5.634673959669782198e+04 -4.356599367091473261e-14
5.636086086098331725e+04 -1.719450966376365613e-13
5.637498212492153834e+04 -2.311221205980359831e-13
5.638910338903171214e+04 -2.714791855037780694e-13
5.640322465312406712e+04 -3.519080824923536540e-13
5.641734591733467096e+04 -4.249060561277148460e-13
5.643146718148185028e+04 -4.633665255332641023e-13
5.644558844566214248e+04 -4.926022139742261941e-13
5.645970970973516523e+04 -5.744856631782027074e-13
5.647383097383052518e+04 -5.705559389308324483e-13
5.648795223807453294e+04 -5.613298061519187971e-13
5.650207350212262827e+04 -6.043864442678426086e-13
5.651619476623423543e+04 -5.719631776448030098e-13
5.653031603024285869e+04 -5.421272836428390146e-13
5.654443729438912851e+04 -5.424692926674639321e-13
5.655855855858433642e+04 -5.876036694033424654e-13
5.657267982275496615e+04 -5.516535192022536174e-13
5.658680108687852044e+04 -5.629952414022662436e-13
5.660092235091744078e+04 -5.916361315395328837e-13
5.661504361504193366e+04 -6.269995943228856042e-13
5.662916487923364912e+04 -5.817084071251237071e-13
5.664328614332203142e+04 -5.727107309674022137e-13
5.665740740734439169e+04 -5.634994681460808756e-13
