5.299999999999981810e+04 1.199548430987171818e-12
5.301412126410264318e+04 1.217827497243055125e-12
5.302824252820133552e+04 1.202030664854101757e-12
5.304236379241571558e+04 1.181914249046397058e-12
5.305648505650377047e+04 1.167892659589296733e-12
5.307060632061951765e+04 1.142787404866056898e-12
5.308472758468125539e+04 1.178066104739834997e-12
5.309884884881715698e+04 1.190503023388456838e-12
5.311297011300223676e+04 1.161575953938857644e-12
5.312709137711246876e+04 1.151481352462369896e-12
5.314121264119069383e+04 1.146092818914033821e-12
5.315533390530860925e+04 1.123130088446486605e-12
5.316945516949787270e+04 1.104504884317532638e-12
5.318357643361948431e+04 1.066320827694972728e-12
5.319769769770210405e+04 1.057023149352607855e-12
5.321181896179466275e+04 1.058826254130178330e-12
5.322594022590984969e+04 1.074199755104103090e-12
5.324006149010362424e+04 1.048267621002597968e-12
5.325418275420901773e+04 1.021058683594460622e-12
5.326830401829870243e+04 1.006255801924817574e-12
5.328242528238259547e+04 9.763636046675693120e-13
5.329654654651082819e+04 9.278637926014748811e-13
5.331066781069687568e+04 9.459665757899062901e-13
5.332478907479934423e+04 9.484345931341923622e-13
5.333891033890441759e+04 9.238677892060888067e-13
5.335303160299335286e+04 9.246645672736542950e-13
5.336715286720012227e+04 9.178938395645965965e-13
5.338127413131257345e+04 8.638504540667414506e-13
5.339539539538061945e+04 8.785348526254725430e-13
5.340951665948435402e+04 8.546925110859756401e-13
5.342363792360120715e+04 8.127315741032700898e-13
5.343775918778527557e+04 8.094931082716212309e-13
5.345188045190973935e+04 7.759949915923476008e-13
5.346600171598399174e+04 7.241099063383229144e-13
5.348012298010956874e+04 7.220104305835953658e-13
5.349424424418682611e+04 7.073418805462811109e-13
5.350836550839451229e+04 6.988332192106506451e-13
5.352248677250090259e+04 6.429257284477584894e-13
5.353660803661154932e+04 5.948851971029954496e-13
5.355072930069361610e+04 5.783864148418414843e-13
5.356485056491654541e+04 5.470759018510315779e-13
5.357897182900112966e+04 4.787547756220108255e-13
5.359309309309721721e+04 5.023159419062579399e-13
5.360721435721344460e+04 5.028229132583971289e-13
5.362133562128618360e+04 4.481645906229161503e-13
5.363545688551118656e+04 4.382064967771208703e-13
5.364957814959046664e+04 3.934803010736264917e-13
5.366369941371256573e+04 3.885336765263502921e-13
5.367782067778577039e+04 3.957175175247861105e-13
5.369194194188983965e+04 4.015448411431938085e-13
5.370606320608285023e+04 3.588345628572548891e-13
5.372018447019218002e+04 3.349483386840869346e-13
5.373430573429532524e+04 3.234472443984809986e-13
5.374842699838935368e+04 2.985528801833383543e-13
5.376254826250790939e+04 2.484178053468058730e-13
5.377666952669124294e+04 2.907064476831082015e-13
5.379079079081920645e+04 2.342964463647227511e-13
5.380491205489952699e+04 2.130105402363632975e-13
5.381903331898166653e+04 1.574352518903531609e-13
5.383315458321810729e+04 1.399145482642534294e-13
5.384727584731941170e+04 1.236610735519849107e-13
5.386139711138938583e+04 1.242877610807755818e-13
5.387551837549978518e+04 9.891931935542737640e-14
5.388963963959893590e+04 1.598723451245578477e-14
5.390376090378264053e+04 -3.187994229598666687e-14
5.391788216791554441e+04 -2.802740972605753750e-14
5.393200343198404153e+04 -1.092122404161311545e-13
5.394612469610369590e+04 -1.705826476047638935e-13
5.396024596020652825e+04 -1.792538560181744526e-13
5.397436722440391895e+04 -2.380576006033596705e-13
5.398848848850384820e+04 -2.155912153626080893e-13
5.400260975261803105e+04 -2.246850026582795640e-13
5.401673101669123571e+04 -2.142754616852628442e-13
5.403085228088772419e+04 -2.232650911925843966e-13
5.404497354498110508e+04 -2.700937365152369369e-13
5.405909480908085970e+04 -2.658552543688384405e-13
5.407321607319469331e+04 -2.307248487835572214e-13
5.408733733731172106e+04 -1.899115333379495931e-13
5.410145860150842054e+04 -2.033365728435986444e-13
5.411557986559344863e+04 -2.016816535546069847e-13
5.412970112970044283e+04 -1.724656840555665198e-13
5.414382239381656836e+04 -1.917412578288377440e-13
5.415794365789702715e+04 -2.326990595658054553e-13
5.417206492209339194e+04 -2.334211283562118486e-13
5.418618618618594337e+04 -2.178540360611824423e-13
5.420030745030511753e+04 -2.544787722562027219e-13
5.421442871441898751e+04 -1.804266466030143183e-13
5.422854997850829386e+04 -1.901421891645183822e-13
5.424267124268632324e+04 -1.825157500988741437e-13
5.425679250678259996e+04 -2.249349523370078651e-13
5.427091377091455070e+04 -2.263448542102293056e-13
5.428503503498189093e+04 -2.549027292707607780e-13
5.429915629921677464e+04 -2.302122561023114307e-13
5.431327756330646662e+04 -1.862062433239747455e-13
5.432739882738015149e+04 -2.139347003414829318e-13
5.434152009148025536e+04 -1.394837867214784159e-13
5.435564135561644071e+04 -1.042738121293588393e-13
5.436976261979074479e+04 -3.521197605728132955e-14
5.438388388390270120e+04 -1.203498228417300414e-14
5.439800514801368263e+04 1.997583951340474584e-14
5.441212641210186848e+04 4.892633721205471866e-14
5.442624767619132035e+04 1.416708690770008063e-13
5.444036894041266351e+04 1.528409940114641490e-13
5.445449020449523232e+04 1.570740361619530040e-13
5.446861146861414454e+04 1.746813445229342323e-13
5.448273273270198115e+04 1.693199746875069925e-13
5.449685399688561301e+04 1.932337615066171248e-13
5.451097526098813250e+04 1.825664372607622284e-13
5.452509652509005537e+04 2.029745456491419520e-13
5.453921778921248188e+04 1.851204790736993931e-13
5.455333905331869028e+04 1.998754887793375310e-13
5.456746031751653936e+04 1.653468918082202161e-13
5.458158158161065512e+04 1.629850631840903799e-13
5.459570284569683281e+04 1.451151843538704564e-13
5.460982410981075373e+04 1.623036855630881183e-13
5.462394537388991012e+04 1.176671409921845932e-13
5.463806663811965700e+04 6.033451636752397344e-14
5.465218790218974755e+04 1.123095428872547280e-13
5.466630916630409047e+04 1.056731830771651815e-13
5.468043043038823816e+04 4.967517078233653461e-14
5.469455169459190074e+04 8.888477543378194031e-14
5.470867295868220390e+04 1.125549955026977376e-13
5.472279422281884035e+04 1.029526048561141916e-13
5.473691548690937634e+04 1.191619068015964189e-13
5.475103675098634994e+04 8.851616131094464790e-14
5.476515801519353408e+04 1.703648891018308762e-13
5.477927927928222925e+04 2.184728763958734640e-13
5.479340054338237678e+04 2.049844428045573909e-13
5.480752180750878324e+04 1.628402867596151201e-13
5.482164307158098381e+04 1.205838491990978494e-13
5.483576433581291349e+04 1.130253012824059241e-13
5.484988559989778150e+04 1.409291437680409049e-13
5.486400686399662663e+04 1.361397713691927708e-13
5.487812812809504248e+04 1.251367631090735818e-13
5.489224939219990483e+04 1.359780221574794390e-13
5.490637065639964567e+04 1.255700769165962170e-13
5.492049192049654812e+04 9.781782898364322743e-14
5.493461318458858295e+04 1.034596124748927524e-13
5.494873444871488755e+04 3.354231891270446338e-14
5.496285571288909705e+04 3.415161432123900407e-16
5.497697697701588913e+04 1.768973563233711105e-14
5.499109824108504108e+04 6.499564992946217965e-14
5.500521950518256199e+04 1.654849702377317096e-14
5.501934076929619187e+04 1.344796455507825587e-15
5.503346203348780546e+04 -1.854411872325573852e-14
5.504758329758683249e+04 -6.052463969123600597e-14
5.506170456169796671e+04 -7.821086425954643122e-14
5.507582582579760492e+04 -7.617529032343747645e-14
5.508994708991271182e+04 -8.002999889173046362e-14
5.510406835409826454e+04 -1.308307116277666614e-13
5.511818961819362448e+04 -1.231613328610756455e-13
5.513231088231757167e+04 -1.451344192727409732e-13
5.514643214640350197e+04 -1.743279034553549053e-13
5.516055341059282364e+04 -1.679268416016770405e-13
5.517467467471460986e+04 -1.654637565203490756e-13
5.518879593879609456e+04 -1.768920999273234106e-13
5.520291720290767262e+04 -1.889334946066749036e-13
5.521703846701155999e+04 -2.305091348124202664e-13
5.523115973120789567e+04 -1.896337308801639120e-13
5.524528099528847088e+04 -1.899984282059462666e-13
5.525940225939953234e+04 -2.125465584519000568e-13
5.527352352348151180e+04 -2.359923605562234426e-13
5.528764478761638020e+04 -2.857504799428572218e-13
5.530176605180267507e+04 -2.803173021614227058e-13
5.531588731591581745e+04 -2.847229735154441754e-13
5.533000858000619337e+04 -2.757606165209496241e-13
5.534412984411581419e+04 -2.612124717264354215e-13
5.535825110831482743e+04 -2.757952874282137606e-13
5.537237237241733237e+04 -2.738305059722089253e-13
5.538649363648150756e+04 -2.932771132168792662e-13
5.540061490060751385e+04 -2.975172636286900294e-13
5.541473616471661808e+04 -2.997898763199017268e-13
5.542885742888654931e+04 -3.053734881215575014e-13
5.544297869300389721e+04 -2.924236866585747437e-13
5.545709995710889052e+04 -2.596437219726525186e-13
5.547122122121359280e+04 -2.226275236719744427e-13
5.548534248528295575e+04 -2.987507645678814555e-13
5.549946374951503822e+04 -2.875887633606431904e-13
5.551358501358194917e+04 -2.860102941475016615e-13
5.552770627770035935e+04 -3.380006977223370028e-13
5.554182754180612392e+04 -3.450668897425669994e-13
5.555594880591622496e+04 -3.450956129209699099e-13
5.557007007009400695e+04 -3.934970698610179297e-13
5.558419133420959406e+04 -3.958043534594937637e-13
5.559831259828214388e+04 -4.203588992634808456e-13
5.561243386239282700e+04 -4.693581754873590124e-13
5.562655512658331281e+04 -4.772793897980271050e-13
5.564067639068893914e+04 -4.363648178952212974e-13
5.565479765481927461e+04 -4.881036760591947893e-13
5.566891891890617262e+04 -4.581680313679481905e-13
5.568304018301790347e+04 -4.104966944122528725e-13
5.569716144719431759e+04 -4.183842532815598969e-13
5.571128271129741188e+04 -4.085718062595854072e-13
5.572540397540560662e+04 -4.038731004592312456e-13
5.573952523950417526e+04 -4.074620470940185670e-13
5.575364650358448125e+04 -4.439802319024886648e-13
5.576776776778964268e+04 -4.785858592156864642e-13
5.578188903191693680e+04 -5.155317002359331732e-13
5.579601029601951450e+04 -4.963476634605015529e-13
5.581013156010051171e+04 -4.965102830715603900e-13
5.582425282428588253e+04 -4.855647211682470724e-13
5.583837408839874115e+04 -5.267763893809980478e-13
5.585249535250872577e+04 -5.513184594610323743e-13
5.586661661661251856e+04 -5.389875119327303870e-13
5.588073788071123272e+04 -5.895017182175254472e-13
5.589485914489990682e+04 -6.126325808253199618e-13
5.590898040899742773e+04 -6.096372465441927232e-13
5.592310167310311954e+04 -6.064414302804754649e-13
5.593722293719612207e+04 -6.626245475027895511e-13
5.595134420131090155e+04 -6.874724178862245019e-13
5.596546546550923085e+04 -6.949108506932314760e-13
5.597958672960611875e+04 -7.470028008583801734e-13
5.599370799371458270e+04 -7.855580102685350975e-13
5.600782925781849917e+04 -7.813922790007682526e-13
5.602195052201231738e+04 -8.071375311094575716e-13
5.603607178608624235e+04 -8.011425105504753410e-13
5.605019305021583568e+04 -7.751625407516046309e-13
5.606431431429466465e+04 -7.575149038876132421e-13
5.607843557838541892e+04 -7.447983694492358903e-13
5.609255684259861300e+04 -7.783882407261855070e-13
5.610667810669729079e+04 -7.684395762066336256e-13
5.612079937080633681e+04 -8.108222216722545610e-13
5.613492063489587599e+04 -7.985176762574340695e-13
5.614904189898518234e+04 -7.220269817711504212e-13
5.616316316321614431e+04 -6.959460456481968600e-13
5.617728442728684604e+04 -7.076923749494093474e-13
5.619140569139387662e+04 -6.592317308538644960e-13
5.620552695551563374e+04 -6.021410772472646503e-13
5.621964821958007815e+04 -6.329743937968808952e-13
5.623376948380917747e+04 -5.748880033389804218e-13
5.624789074789696315e+04 -5.422486081473632409e-13
5.626201201199682691e+04 -5.101021491184384686e-13
5.627613327610981651e+04 -4.770539563675315746e-13
5.629025454030418041e+04 -5.077805039307611289e-13
5.630437580440995953e+04 -5.035680612314502078e-13
5.631849706849257927e+04 -4.746560061705617177e-13
5.633261833259276318e+04 -4.862920848880054934e-13
5.634673959669141914e+04 -4.419693192811701070e-13
5.636086086088878801e+04 -4.231245931839424896e-13
5.637498212501598027e+04 -3.850808884558513926e-13
5.638910338910089195e+04 -3.698738513567614611e-13
5.640322465320958872e+04 -3.268610367649676569e-13
5.641734591729049134e+04 -3.258986652219127184e-13
5.643146718148142827e+04 -2.671603456542008107e-13
5.644558844558564306e+04 -2.581482308304527255e-13
5.645970970968234906e+04 -2.414771820321601420e-13
5.647383097381753760e+04 -2.213465859684509226e-13
5.648795223799237283e+04 -2.088609974897575117e-13
5.650207350210389268e+04 -1.749537205848000459e-13
5.651619476619164197e+04 -1.320514467098901553e-13
5.653031603028546670e+04 -1.169700372496735350e-13
5.654443729439551680e+04 -8.492396427860132316e-14
5.655855855858407449e+04 -1.254686164595514795e-13
5.657267982271305664e+04 -1.198197247069800085e-13
5.658680108679203113e+04 -1.024984875975671147e-13
5.660092235088485177e+04 -5.839129089531109489e-14
5.661504361499592051e+04 -8.832171319048444758e-14
5.662916487921327644e+04 -4.498743110707025542e-14
5.664328614329414268e+04 -6.324986004212988839e-14
5.665740740738590102e+04 -4.712252070168625274e-14
