5.299999999999991269e+04 -2.440847023732335759e-13
5.301412126411795180e+04 -2.869154067387804656e-13
5.302824252818316018e+04 -2.634865810275176640e-13
5.304236379239800590e+04 -2.343434044588443228e-13
5.305648505650545849e+04 -1.676914793107218172e-13
5.307060632059638738e+04 -1.685218009052037795e-13
5.308472758470467670e+04 -1.339938515361450730e-13
5.309884884880176833e+04 -1.307446779638569022e-13
5.311297011302178726e+04 -1.666820536812100232e-13
5.312709137707517948e+04 -1.814092760480307851e-13
5.314121264122009597e+04 -1.910736468075401975e-13
5.315533390529082681e+04 -1.729966873074415281e-13
5.316945516949576268e+04 -1.994630088738697721e-13
5.318357643357764755e+04 -1.091881731586807663e-13
5.319769769770983112e+04 -1.367346503152659736e-13
5.321181896178273746e+04 -7.511374573134040781e-14
5.322594022590145323e+04 -8.012200056960920601e-14
5.324006149011624802e+04 -1.038338997728965530e-13
5.325418275421377621e+04 -7.170329145950721808e-14
5.326830401827664900e+04 -5.493793482846165656e-14
5.328242528242697881e+04 -7.109775900135521335e-14
5.329654654649871372e+04 -5.729942434723629577e-14
5.331066781071545120e+04 -6.769042893487999131e-14
5.332478907479166082e+04 -4.364213988255751588e-14
5.333891033892775886e+04 -6.612781409108250536e-14
5.335303160301641765e+04 -1.030279572235029992e-13
5.336715286720981385e+04 -9.830467088706603523e-14
5.338127413132166839e+04 -9.549513959006980744e-14
5.339539539538793179e+04 -1.220550848842745667e-13
5.340951665948342998e+04 -1.083010012699800144e-13
5.342363792357265629e+04 -1.163243703610956762e-13
5.343775918777679180e+04 -1.175353328444371322e-13
5.345188045187939133e+04 -1.833161424707396017e-13
5.346600171600055910e+04 -1.767120845088050498e-13
5.348012298012716928e+04 -1.563308955160007571e-13
5.349424424418930721e+04 -1.693571929313322876e-13
5.350836550840040582e+04 -1.252293799609340409e-13
5.352248677250606124e+04 -1.042907507858979756e-13
5.353660803660684178e+04 -8.622710757093165486e-14
5.355072930072533200e+04 -1.034559221410635240e-13
5.356485056491679279e+04 7.169833626494355119e-15
5.357897182900810731e+04 6.138411798685619167e-14
5.359309309312676487e+04 9.343508467185793195e-14
5.360721435717952409e+04 1.383562409372552831e-13
5.362133562131667713e+04 2.006003476653738488e-13
5.363545688551384228e+04 2.402519426050211020e-13
5.364957814959962707e+04 3.065951091957580596e-13
5.366369941372304311e+04 3.519923738711174319e-13
5.367782067780998477e+04 3.796496834931886341e-13
5.369194194189764676e+04 4.629623043928647139e-13
5.370606320607659291e+04 5.695265931950624301e-13
5.372018447021563043e+04 6.453343606600831721e-13
5.373430573429579090e+04 6.731092633231691348e-13
5.374842699837745022e+04 7.159961009521969148e-13
5.376254826252080238e+04 8.008626298938532252e-13
5.377666952669351303e+04 8.589441683225683091e-13
5.379079079078433278e+04 9.442214534440757531e-13
5.380491205492076551e+04 1.012731282058805126e-12
5.381903331902249920e+04 1.053532789436110179e-12
5.383315458318840683e+04 1.119687069643893226e-12
5.384727584731308161e+04 1.151288867788085265e-12
5.386139711141192674e+04 1.245882635720019854e-12
5.387551837551375502e+04 1.262528811599131241e-12
5.388963963961192349e+04 1.317542482799282909e-12
5.390376090382370603e+04 1.375552318154208680e-12
5.391788216791509331e+04 1.394181186456561035e-12
5.393200343202138902e+04 1.459862226377333544e-12
5.394612469611367851e+04 1.511658887955439877e-12
5.396024596018154261e+04 1.582037913270897998e-12
5.397436722440491576e+04 1.649728483051101582e-12
5.398848848852264928e+04 1.687025553913428018e-12
5.400260975261411659e+04 1.787596285210527091e-12
5.401673101667386072e+04 1.794243160150810134e-12
5.403085228087192809e+04 1.857232466681526397e-12
5.404497354497465130e+04 1.849119366315211174e-12
5.405909480907776742e+04 1.899917716240243086e-12
5.407321607319464238e+04 1.868547416591428646e-12
5.408733733729730739e+04 1.851659908652534330e-12
5.410145860152268142e+04 1.870665320525243967e-12
5.411557986557944969e+04 1.867602574944808424e-12
5.412970112967427121e+04 1.843286218829475934e-12
5.414382239378701343e+04 1.834076471166032584e-12
5.415794365787292918e+04 1.888801076545849915e-12
5.417206492208834970e+04 1.886035181690902770e-12
5.418618618622283975e+04 1.914333516792651760e-12
5.420030745029730315e+04 1.895657324461598412e-12
5.421442871438955626e+04 1.912724294950891167e-12
5.422854997850386280e+04 1.900410418790139279e-12
5.424267124268499174e+04 1.891465972499716863e-12
5.425679250679995312e+04 1.892598061601889787e-12
5.427091377091142203e+04 1.895017528177471265e-12
5.428503503500817169e+04 1.907285514370998009e-12
5.429915629920908395e+04 1.907562493101750537e-12
5.431327756332751596e+04 1.846450782774692505e-12
5.432739882739338645e+04 1.888591293838534451e-12
5.434152009152591927e+04 1.886099714457313344e-12
5.435564135559711576e+04 1.908607923917600944e-12
5.436976261982486903e+04 1.859769116566272220e-12
5.438388388387187297e+04 1.860806147879193146e-12
5.439800514799988741e+04 1.838320268804743100e-12
5.441212641208489367e+04 1.842368829216821039e-12
5.442624767619105114e+04 1.827585089462909976e-12
5.444036894040152401e+04 1.821429687876972283e-12
5.445449020449336967e+04 1.760983586940605667e-12
5.446861146859770088e+04 1.709662624040611155e-12
5.448273273271162179e+04 1.665382493254891755e-12
5.449685399688305188e+04 1.653250742901564999e-12
5.451097526099667448e+04 1.605977111218097988e-12
5.452509652507778810e+04 1.594018677437416669e-12
5.453921778921268560e+04 1.545045068307364008e-12
5.455333905327426328e+04 1.536264514757031508e-12
5.456746031752308045e+04 1.522391404040246510e-12
5.458158158160618768e+04 1.484484242452934329e-12
5.459570284568729403e+04 1.404397235544158477e-12
5.460982410977318068e+04 1.383527953484773072e-12
5.462394537389266043e+04 1.337909228744366791e-12
5.463806663810445025e+04 1.303349166641546729e-12
5.465218790222460666e+04 1.261696236479473002e-12
5.466630916631071887e+04 1.241356327970578824e-12
5.468043043040232442e+04 1.179059877998594097e-12
5.469455169462208869e+04 1.132895800165537650e-12
5.470867295872118848e+04 1.089614595630667890e-12
5.472279422278762650e+04 1.041891078375653126e-12
5.473691548688057810e+04 9.781404900672180279e-13
5.475103675100306282e+04 9.155490331630707642e-13
5.476515801517646469e+04 9.138871607785561986e-13
5.477927927932485181e+04 8.312237599955623819e-13
5.479340054340964707e+04 7.995723842974930736e-13
5.480752180751288688e+04 7.671449764750966309e-13
5.482164307162098703e+04 7.333576686418017916e-13
5.483576433578548313e+04 6.902907538645999476e-13
5.484988559992225055e+04 6.840771703559302956e-13
5.486400686402153951e+04 6.623937511101468738e-13
5.487812812810514151e+04 5.700487964381748160e-13
5.489224939218476356e+04 5.492684261902883049e-13
5.490637065638506465e+04 4.570754820347499668e-13
5.492049192052047874e+04 3.805543714184865511e-13
5.493461318460898474e+04 2.697772197322703106e-13
5.494873444869348896e+04 1.880344864167332242e-13
5.496285571287188941e+04 6.105858603185202883e-14
5.497697697698904085e+04 1.914203183651919191e-15
5.499109824109865440e+04 -1.168613239508161839e-13
5.500521950522423867e+04 -2.500413840118118262e-13
5.501934076929747971e+04 -2.763691137799013029e-13
5.503346203351864824e+04 -3.955859221170622613e-13
5.504758329757368483e+04 -4.861210912065883220e-13
5.506170456167258817e+04 -4.583474177390531012e-13
5.507582582580800954e+04 -5.594192510889779496e-13
5.508994708990996878e+04 -6.240605964398033461e-13
5.510406835412079090e+04 -6.669566530354611359e-13
5.511818961822632991e+04 -7.365291212037503958e-13
5.513231088228302542e+04 -7.852671345199233226e-13
5.514643214640504448e+04 -8.921256107905828450e-13
5.516055341060259525e+04 -1.032280536137967177e-12
5.517467467467537790e+04 -1.112136044551365634e-12
5.518879593877676234e+04 -1.140429667736837065e-12
5.520291720287883800e+04 -1.201500609744797321e-12
5.521703846699354472e+04 -1.207116394483988042e-12
5.523115973118736292e+04 -1.310737579406016045e-12
5.524528099530284817e+04 -1.321908508570563842e-12
5.525940225937966170e+04 -1.323992404760810821e-12
5.527352352350749425e+04 -1.320922693738921444e-12
5.528764478759961639e+04 -1.360006605200081255e-12
5.530176605177334568e+04 -1.428160171971039429e-12
5.531588731592091062e+04 -1.452603135228091583e-12
5.533000857998287393e+04 -1.421766716180120921e-12
5.534412984409688943e+04 -1.396637452073941055e-12
5.535825110830149060e+04 -1.379392248229800095e-12
5.537237237241301045e+04 -1.375368681460585796e-12
5.538649363651160820e+04 -1.388708731040227442e-12
5.540061490060954384e+04 -1.399912438752793344e-12
5.541473616471939749e+04 -1.394654349918849469e-12
5.542885742887184460e+04 -1.370898506974625455e-12
5.544297869302016625e+04 -1.310730204232711996e-12
5.545709995709597570e+04 -1.349698161580257901e-12
5.547122122117310937e+04 -1.365584694609051105e-12
5.548534248527268210e+04 -1.347412267587849921e-12
5.549946374951853795e+04 -1.375201101133843553e-12
5.551358501362022798e+04 -1.310508539301739931e-12
5.552770627771472209e+04 -1.306457520498560507e-12
5.554182754182762437e+04 -1.278011477064805142e-12
5.555594880588579690e+04 -1.281085285405196858e-12
5.557007007007543871e+04 -1.298348927182597837e-12
5.558419133419883292e+04 -1.281599089145379560e-12
5.559831259828247858e+04 -1.295413608207582385e-12
5.561243386237740924e+04 -1.312780092679390028e-12
5.562655512661071407e+04 -1.305926917752518438e-12
5.564067639070139558e+04 -1.277324356751977003e-12
5.565479765479626803e+04 -1.291235572530833085e-12
5.566891891889312683e+04 -1.298440297385198114e-12
5.568304018297324365e+04 -1.271568853451859376e-12
5.569716144719059230e+04 -1.281493788059871614e-12
5.571128271129878704e+04 -1.243142477146915076e-12
5.572540397537710669e+04 -1.311782805355941244e-12
5.573952523950555769e+04 -1.341620298153062267e-12
5.575364650357556093e+04 -1.328260581444609758e-12
5.576776776780655200e+04 -1.305304125340175664e-12
5.578188903187599499e+04 -1.296170382934948871e-12
5.579601029601839400e+04 -1.271675793464768379e-12
5.581013156008002989e+04 -1.270703090052333022e-12
5.582425282430561492e+04 -1.291070040863341909e-12
5.583837408841544675e+04 -1.295766387330626667e-12
5.585249535251379712e+04 -1.292195164524061200e-12
5.586661661659048696e+04 -1.283633407781749270e-12
5.588073788068671274e+04 -1.336904284556966848e-12
5.589485914490725554e+04 -1.398135431718365300e-12
5.590898040901625063e+04 -1.347307376234192188e-12
5.592310167307852680e+04 -1.367954583630755314e-12
5.593722293717817229e+04 -1.355689670426105274e-12
5.595134420129708451e+04 -1.305356571017004631e-12
5.596546546550441417e+04 -1.260096771377395838e-12
5.597958672958225361e+04 -1.252728973246640915e-12
5.599370799371965404e+04 -1.226568414073443519e-12
5.600782925780597725e+04 -1.225542445520478767e-12
5.602195052201113140e+04 -1.206704613974511374e-12
5.603607178609843686e+04 -1.175478949668826403e-12
5.605019305018761224e+04 -1.184421757031847964e-12
5.606431431429751683e+04 -1.151140058301731554e-12
5.607843557838879497e+04 -1.139175068811446615e-12
5.609255684260284033e+04 -1.137832787270107810e-12
5.610667810667995218e+04 -1.135574345311664955e-12
5.612079937079983938e+04 -1.089128781697503629e-12
5.613492063490391592e+04 -1.077165431134619544e-12
5.614904189902467624e+04 -1.058867626167249338e-12
5.616316316321404884e+04 -1.021833603152767761e-12
5.617728442731625546e+04 -1.027510028205791723e-12
5.619140569138886349e+04 -9.933580590257962034e-13
5.620552695550816861e+04 -9.920067633837524962e-13
5.621964821961738198e+04 -1.016457101814108698e-12
5.623376948378135421e+04 -1.007285664078661237e-12
5.624789074791339954e+04 -1.021237853042539899e-12
5.626201201200246578e+04 -8.973587059816628775e-13
5.627613327609874977e+04 -8.901605368369013681e-13
5.629025454032223934e+04 -8.629928567758496551e-13
5.630437580441534374e+04 -8.903162349399871120e-13
5.631849706847944617e+04 -8.567001950200865406e-13
5.633261833259285777e+04 -8.486547004090586962e-13
5.634673959671068587e+04 -7.817938376255617536e-13
5.636086086089357559e+04 -7.833155817172993012e-13
5.637498212499557849e+04 -7.441861900207644593e-13
5.638910338908930862e+04 -6.990034199689980597e-13
5.640322465321483469e+04 -6.577098246395721348e-13
5.641734591728020314e+04 -6.387244896275235747e-13
5.643146718147382489e+04 -5.714850346144183836e-13
5.644558844557673001e+04 -5.178724414761126975e-13
5.645970970968651091e+04 -4.827813668954002511e-13
5.647383097382113920e+04 -4.567879783170947839e-13
5.648795223798386724e+04 -5.130498975989585907e-13
5.650207350210323057e+04 -4.086961121287274671e-13
5.651619476620183559e+04 -3.639681444307114344e-13
5.653031603031788109e+04 -3.632879895593370788e-13
5.654443729441676987e+04 -3.400922500543713270e-13
5.655855855861165765e+04 -3.077480177975706856e-13
5.657267982269170898e+04 -2.785152892113824284e-13
5.658680108677641692e+04 -2.389892770838293299e-13
5.660092235091540351e+04 -2.172570997478690154e-13
5.661504361501557287e+04 -1.905155408110517773e-13
5.662916487917376799e+04 -1.590661629151436215e-13
5.664328614330856362e+04 -1.242233858356679128e-13
5.665740740741670015e+04 -7.748609314414603783e-14
