5.300000000000044383e+04 -1.510815509352532384e-12
5.301412126408862241e+04 -1.450657421569429088e-12
5.302824252820204856e+04 -1.413190192255638720e-12
5.304236379241290706e+04 -1.388209569510692893e-12
5.305648505649637809e+04 -1.348957798647115495e-12
5.307060632060692296e+04 -1.336881899516827710e-12
5.308472758471301495e+04 -1.250065658796605430e-12
5.309884884880983009e+04 -1.244855604458156245e-12
5.311297011300539452e+04 -1.254225456328199467e-12
5.312709137710068171e+04 -1.236384161354496628e-12
5.314121264120067644e+04 -1.175118312832310300e-12
5.315533390529221651e+04 -1.125273493547537355e-12
5.316945516949650482e+04 -1.107418002940129070e-12
5.318357643359662325e+04 -1.104834275334999760e-12
5.319769769770084531e+04 -1.101507924122005974e-12
5.321181896179555042e+04 -1.054469683105509767e-12
5.322594022588732332e+04 -1.047468362326198612e-12
5.324006149011031812e+04 -1.002783759823472391e-12
5.325418275418957637e+04 -1.065274944634880287e-12
5.326830401830485062e+04 -1.081055549577110875e-12
5.328242528240782121e+04 -1.116872466166969278e-12
5.329654654649511212e+04 -1.174667989671785247e-12
5.331066781071067817e+04 -1.170435465499984572e-12
5.332478907481044735e+04 -1.207836032802610499e-12
5.333891033889207029e+04 -1.233279205782763232e-12
5.335303160298953298e+04 -1.289310655860809160e-12
5.336715286720911536e+04 -1.277180761968727149e-12
5.338127413131144567e+04 -1.309014929068381930e-12
5.339539539540050464e+04 -1.308556022501430033e-12
5.340951665949790913e+04 -1.306437217183996088e-12
5.342363792359563377e+04 -1.350064691263896035e-12
5.343775918778745836e+04 -1.363514179963920650e-12
5.345188045189550030e+04 -1.339495118826089213e-12
5.346600171598775341e+04 -1.370779409923160539e-12
5.348012298010238737e+04 -1.389428095319316898e-12
5.349424424419961724e+04 -1.406705147477685588e-12
5.350836550840068230e+04 -1.384181164123627840e-12
5.352248677250085166e+04 -1.434251915294368546e-12
5.353660803660021338e+04 -1.420712141874894579e-12
5.355072930070505390e+04 -1.419370489424226394e-12
5.356485056488800183e+04 -1.412842209710199019e-12
5.357897182899551990e+04 -1.403350869626118736e-12
5.359309309310126264e+04 -1.398771830157840230e-12
5.360721435719638248e+04 -1.339005644572433287e-12
5.362133562131249346e+04 -1.340823859485893540e-12
5.363545688549443003e+04 -1.315203638464350392e-12
5.364957814958968811e+04 -1.351879189146653286e-12
5.366369941369025764e+04 -1.341421518896332634e-12
5.367782067780208308e+04 -1.273501097205732197e-12
5.369194194189720292e+04 -1.219665972098602095e-12
5.370606320609526301e+04 -1.144113068033623637e-12
5.372018447019395535e+04 -1.121344151919543009e-12
5.373430573431213270e+04 -1.054420970439978074e-12
5.374842699839185661e+04 -1.075476384308172057e-12
5.376254826249555481e+04 -9.854455967458447030e-13
5.377666952669839520e+04 -9.455374031509082048e-13
5.379079079080587690e+04 -9.225975525327780895e-13
5.380491205489415734e+04 -9.229257272172335418e-13
5.381903331900148623e+04 -8.513499970964039994e-13
5.383315458320816106e+04 -7.757688729430603026e-13
5.384727584729842783e+04 -6.943653136429113922e-13
5.386139711140200961e+04 -6.739291766531937265e-13
5.387551837548729964e+04 -6.227319695461818764e-13
5.388963963961051923e+04 -5.725252533049813254e-13
5.390376090379655216e+04 -4.689482364277482775e-13
5.391788216790696606e+04 -4.069536420274609280e-13
5.393200343200317729e+04 -3.126191198103871125e-13
5.394612469609713298e+04 -2.972493934857586316e-13
5.396024596019059391e+04 -2.544071910502130091e-13
5.397436722441053280e+04 -1.583844521776941716e-13
5.398848848849925707e+04 -1.278297750810262820e-13
5.400260975260809209e+04 -1.089953848746049744e-13
5.401673101669123571e+04 -5.637739168958520718e-14
5.403085228089194425e+04 -3.429666424688665224e-14
5.404497354499054200e+04 1.937537947707150830e-15
5.405909480909521517e+04 1.451499168143622236e-14
5.407321607321091869e+04 3.503221863044261700e-14
5.408733733731144457e+04 1.179981046251141720e-13
5.410145860150740191e+04 1.400911569590918437e-13
5.411557986561354483e+04 1.381635830896788248e-13
5.412970112971018534e+04 1.845697332534322630e-13
5.414382239381090767e+04 2.638459771921686043e-13
5.415794365790176380e+04 2.842749735702722350e-13
5.417206492209127464e+04 3.078470128577424761e-13
5.418618618620382767e+04 3.617938445191641351e-13
5.420030745031167316e+04 4.064123963644601296e-13
5.421442871439977171e+04 4.354371240603622716e-13
5.422854997848905623e+04 4.752479901408328412e-13
5.424267124271087960e+04 5.132898430563620404e-13
5.425679250680694531e+04 5.734466592236983820e-13
5.427091377088848094e+04 5.959120015275829480e-13
5.428503503500863008e+04 6.614286781523681310e-13
5.429915629919536150e+04 6.359076431606426149e-13
5.431327756331264391e+04 6.561735792707917282e-13
5.432739882739862514e+04 6.642828686494554623e-13
5.434152009149723017e+04 6.855016362353963370e-13
5.435564135560773866e+04 7.394069936594977957e-13
5.436976261980023264e+04 7.829412485220249519e-13
5.438388388390791806e+04 8.099795167568471972e-13
5.439800514799768280e+04 8.286844956048379463e-13
5.441212641211257142e+04 8.371783998446877104e-13
5.442624767620696366e+04 7.840391420118397545e-13
5.444036894039770414e+04 8.580213560632133771e-13
5.445449020449558884e+04 8.925617660563073345e-13
5.446861146860419831e+04 8.531929331797278521e-13
5.448273273269183846e+04 9.200145810311362633e-13
5.449685399688916368e+04 9.090102138176498468e-13
5.451097526100295363e+04 8.850011299727586275e-13
5.452509652510969318e+04 8.553599620797063006e-13
5.453921778920359066e+04 8.746042038294566074e-13
5.455333905330598645e+04 9.199758456585448888e-13
5.456746031750773545e+04 9.378723703285848121e-13
5.458158158159248705e+04 9.902210744208158595e-13
5.459570284569974319e+04 9.337630950695752407e-13
5.460982410979946872e+04 8.973320858809055958e-13
5.462394537389674224e+04 8.748221392085823734e-13
5.463806663810396276e+04 8.847198094384831652e-13
5.465218790219446237e+04 8.816014163116747252e-13
5.466630916628854902e+04 9.176480062723533573e-13
5.468043043040011980e+04 9.124553143799519692e-13
5.469455169460815523e+04 9.374875598342037651e-13
5.470867295870202361e+04 9.275849987744303729e-13
5.472279422279577557e+04 9.623820795192414708e-13
5.473691548688786133e+04 9.222624064406111360e-13
5.475103675099786778e+04 8.782224397692509231e-13
5.476515801519215893e+04 9.136617842929399740e-13
5.477927927930143778e+04 9.106623361486346853e-13
5.479340054339507333e+04 9.154021371948274439e-13
5.480752180750419939e+04 9.083544513483234885e-13
5.482164307160984754e+04 9.431511408267448551e-13
5.483576433579887089e+04 8.921493712814445265e-13
5.484988559989663190e+04 8.885115720221595065e-13
5.486400686399902042e+04 8.603259150992109997e-13
5.487812812808884337e+04 8.166666506251386960e-13
5.489224939220379019e+04 8.059627759990285131e-13
5.490637065641041409e+04 7.243903852516754632e-13
5.492049192048946134e+04 6.953736785167644283e-13
5.493461318460838083e+04 6.604288947097988205e-13
5.494873444869790546e+04 6.183090678464452172e-13
5.496285571290434746e+04 5.710534783504080938e-13
5.497697697698883712e+04 5.221084005831589684e-13
5.499109824109556212e+04 4.574064383985616244e-13
5.500521950520846440e+04 4.406815609328163006e-13
5.501934076930960873e+04 3.667752525610664513e-13
5.503346203350566793e+04 3.867934192298665527e-13
5.504758329760907509e+04 3.341236810647940373e-13
5.506170456168966484e+04 2.631141134100236574e-13
5.507582582579024893e+04 2.156126129879891244e-13
5.508994708991067455e+04 1.984540167291362703e-13
5.510406835410438362e+04 1.397325613128283465e-13
5.511818961819342076e+04 7.233223047088663259e-14
5.513231088229586021e+04 3.782077419063882378e-14
5.514643214640380029e+04 2.650816576335982265e-15
5.516055341060351202e+04 -2.965917936162981128e-14
5.517467467470577685e+04 -6.398693607186047944e-14
5.518879593879186723e+04 -9.084678683292813668e-14
5.520291720290816738e+04 -1.212002551886347565e-13
5.521703846699868154e+04 -1.549135280336643569e-13
5.523115973119094269e+04 -1.763007358004196145e-13
5.524528099530726467e+04 -2.456061426943601155e-13
5.525940225940998062e+04 -2.451962911510311668e-13
5.527352352350151341e+04 -2.308810277469482784e-13
5.528764478761165810e+04 -2.342347676072291617e-13
5.530176605179964827e+04 -2.152423057793234708e-13
5.531588731590025418e+04 -1.982854073444191263e-13
5.533000858000306471e+04 -1.651367318998894857e-13
5.534412984408852208e+04 -1.894868044035025835e-13
5.535825110831359052e+04 -2.262269140401244182e-13
5.537237237238782109e+04 -1.798137210813543275e-13
5.538649363648922008e+04 -1.810931621760423637e-13
5.540061490059061907e+04 -1.565912783131818707e-13
5.541473616469331319e+04 -1.495983697612516553e-13
5.542885742888796085e+04 -1.426070262748806680e-13
5.544297869299668673e+04 -1.889206419374433956e-13
5.545709995710069052e+04 -1.169679266500291233e-13
5.547122122120299173e+04 -7.404835128589800778e-14
5.548534248531244521e+04 -6.509676318656464857e-14
5.549946374950429890e+04 -4.901943159595959680e-14
5.551358501361151139e+04 -5.757955767228520226e-14
5.552770627771074942e+04 1.393090766282565541e-15
5.554182754179542098e+04 1.758428087632314938e-14
5.555594880590971297e+04 -7.688202141273756528e-15
5.557007007009192603e+04 2.408301997791973495e-14
5.558419133420645085e+04 6.884514547305960621e-15
5.559831259828797920e+04 6.548722061430567921e-14
5.561243386239028769e+04 4.819657194889097456e-14
5.562655512660428940e+04 6.114514185335753627e-14
5.564067639068800781e+04 4.355810889765959711e-14
5.565479765479089838e+04 2.731331529221465158e-14
5.566891891890477564e+04 2.033155783239410033e-14
5.568304018301202450e+04 6.882902684969725916e-14
5.569716144719583826e+04 1.213809938314360948e-13
5.571128271130244684e+04 1.484243485293259829e-13
5.572540397539280093e+04 1.487086035615250104e-13
5.573952523949223541e+04 1.474095991473463456e-13
5.575364650359274674e+04 1.531277618012662847e-13
5.576776776779675129e+04 1.507973791835409445e-13
5.578188903190189012e+04 2.051004588928872081e-13
5.579601029600125912e+04 2.601872451810286184e-13
5.581013156011225510e+04 2.931805878688025501e-13
5.582425282430194056e+04 3.160082428496538682e-13
5.583837408840384160e+04 3.421123625787979844e-13
5.585249535248749453e+04 3.348803902626921211e-13
5.586661661660405662e+04 2.828924337818684968e-13
5.588073788069826696e+04 3.690402936916930853e-13
5.589485914490989671e+04 3.634764856285543250e-13
5.590898040899424086e+04 3.180735424882810277e-13
5.592310167309606913e+04 3.726982431700534572e-13
5.593722293719271693e+04 4.397258927756984067e-13
5.595134420129410864e+04 4.620046010116422731e-13
5.596546546549636696e+04 4.836926926321636216e-13
5.597958672959935211e+04 4.578651982406172330e-13
5.599370799369384622e+04 5.248050085417492320e-13
5.600782925780629012e+04 4.964593236653672058e-13
5.602195052200033388e+04 5.677789699340642552e-13
5.603607178610927804e+04 5.597345329595119874e-13
5.605019305021020409e+04 5.480082792568207915e-13
5.606431431429399527e+04 5.709382503986081471e-13
5.607843557841141592e+04 5.296105423414306804e-13
5.609255684260855924e+04 4.771565875903399041e-13
5.610667810669767641e+04 4.414155766801052239e-13
5.612079937080204400e+04 4.588531458748946225e-13
5.613492063490073633e+04 4.431355837297225268e-13
5.614904189900803613e+04 4.121318306341469479e-13
5.616316316318984900e+04 3.872617650984725469e-13
5.617728442729877133e+04 3.338028426251475359e-13
5.619140569140786829e+04 2.885180619345976749e-13
5.620552695550246426e+04 2.455307974850289607e-13
5.621964821960525296e+04 2.695263826394716233e-13
5.623376948379234818e+04 2.284441942419016330e-13
5.624789074789116421e+04 2.085432118568505135e-13
5.626201201200077776e+04 2.529310143487543665e-13
5.627613327609802218e+04 2.229171652194052879e-13
5.629025454029731918e+04 2.545893969419761173e-13
5.630437580440940656e+04 3.234839741266131142e-13
5.631849706848718779e+04 3.685519932372066555e-13
5.633261833259191917e+04 4.083496540770209921e-13
5.634673959668968746e+04 4.071124697524327703e-13
5.636086086090164463e+04 4.637870150504346917e-13
5.637498212500008958e+04 5.108234953681766532e-13
5.638910338909294660e+04 5.520367580063339386e-13
5.640322465319278854e+04 5.618164614197062607e-13
5.641734591730950342e+04 6.384311157417406851e-13
5.643146718148977379e+04 6.288067450851240972e-13
5.644558844561222941e+04 6.710071728247792085e-13
5.645970970968741312e+04 6.884228311017391111e-13
5.647383097379975516e+04 7.086540423197922267e-13
5.648795223801059910e+04 7.331293200681454638e-13
5.650207350210097502e+04 7.745851678679867360e-13
5.651619476620619389e+04 7.808168676585359985e-13
5.653031603029188409e+04 8.143538749949548989e-13
5.654443729440859897e+04 7.881061605007494610e-13
5.655855855859764415e+04 7.968497905138973478e-13
5.657267982270214270e+04 8.577277106376588044e-13
5.658680108680114790e+04 8.296923000083984143e-13
5.660092235088954476e+04 8.634061597530127126e-13
5.661504361499293736e+04 9.156277022685546360e-13
5.662916487918741768e+04 9.642828516409522923e-13
5.664328614329612174e+04 9.344393990243667831e-13
5.665740740740337787e+04 9.273750843562956634e-13
