5.300000000000109139e+04 -2.436580175865325638e-13
5.301412126409386110e+04 -2.739383392686154882e-13
5.302824252822956623e+04 -2.419855603371824290e-13
5.304236379236956418e+04 -2.945155240513189882e-13
5.305648505652944732e+04 -3.379716852168669920e-13
5.307060632061585784e+04 -3.187041995212775471e-13
5.308472758468247048e+04 -3.314919777712955860e-13
5.309884884878118464e+04 -3.503652204052618817e-13
5.311297011301727616e+04 -3.548774701245499157e-13
5.312709137710362847e+04 -2.912056096092040614e-13
5.314121264117626561e+04 -2.970622251383192704e-13
5.315533390529597091e+04 -2.998739266537510961e-13
5.316945516948222939e+04 -3.213412946938137470e-13
5.318357643362772069e+04 -3.358221665901815058e-13
5.319769769771303982e+04 -2.945064634306098969e-13
5.321181896178676834e+04 -3.340882243929426078e-13
5.322594022587883956e+04 -3.119011582196324266e-13
5.324006149009539513e+04 -2.988685310889137228e-13
5.325418275420970895e+04 -3.136175246308804114e-13
5.326830401827175956e+04 -3.580842631878251775e-13
5.328242528238837258e+04 -2.759992819945227566e-13
5.329654654653238686e+04 -2.977831960008971805e-13
5.331066781070958677e+04 -2.623860478645189434e-13
5.332478907477991015e+04 -2.570358573965756906e-13
5.333891033888321545e+04 -2.719065481049896267e-13
5.335303160296993883e+04 -2.272777486799771668e-13
5.336715286716961418e+04 -2.473661447936582121e-13
5.338127413128800254e+04 -1.953299394535484500e-13
5.339539539543353021e+04 -1.710456577684152778e-13
5.340951665953130578e+04 -1.439909473618495761e-13
5.342363792360988009e+04 -1.399642741851787152e-13
5.343775918779322819e+04 -1.206963642464791521e-13
5.345188045192587015e+04 -1.022682132411924444e-13
5.346600171597475128e+04 1.941894631341927776e-15
5.348012298009023652e+04 -3.279573728726789583e-14
5.349424424421680305e+04 -6.611882146440424905e-14
5.350836550840822019e+04 -5.056243267771134274e-14
5.352248677250540641e+04 -8.011714712608428810e-14
5.353660803662273247e+04 -7.636659560794612773e-14
5.355072930067448033e+04 -9.634117335579654494e-14
5.356485056488248665e+04 -1.290520141188641161e-13
5.357897182901923952e+04 -1.781817905176670579e-13
5.359309309310735989e+04 -2.346500030230927183e-13
5.360721435718663997e+04 -2.503123313749996461e-13
5.362133562126800825e+04 -2.391835861102041914e-13
5.363545688553430227e+04 -2.192788266570486068e-13
5.364957814962424163e+04 -2.738316421264190876e-13
5.366369941369968001e+04 -2.261105952778650664e-13
5.367782067778881901e+04 -2.622289567014555668e-13
5.369194194192174473e+04 -1.779175476662178558e-13
5.370606320608074020e+04 -1.559628455049389202e-13
5.372018447023427143e+04 -1.334011120592298919e-13
5.373430573433278187e+04 -1.259121302546714101e-13
5.374842699842852744e+04 -1.442047658893525208e-13
5.376254826252406929e+04 -1.527536281953200755e-13
5.377666952671112085e+04 -1.364156623874600012e-13
5.379079079077133065e+04 -9.449171582028649555e-14
5.380491205493371672e+04 -4.714109381303007656e-14
5.381903331900629564e+04 4.616323197569075674e-15
5.383315458320721518e+04 4.006728960277456460e-14
5.384727584727977228e+04 8.915973260788650089e-14
5.386139711143407476e+04 1.420235756496913048e-13
5.387551837548839831e+04 1.901543201303087470e-13
5.388963963963363494e+04 1.640842173761842745e-13
5.390376090382372786e+04 1.995693656548341026e-13
5.391788216790631122e+04 2.123116892859102013e-13
5.393200343200015050e+04 2.651701989857591202e-13
5.394612469613126450e+04 2.938783666109572056e-13
5.396024596019905584e+04 2.862887785831405621e-13
5.397436722441521124e+04 3.370963758763287170e-13
5.398848848849954084e+04 3.728588579366830497e-13
5.400260975263168075e+04 3.506134886388100044e-13
5.401673101668094750e+04 3.750261341678352393e-13
5.403085228089462908e+04 3.697344892490892039e-13
5.404497354497677588e+04 4.111478895363066852e-13
5.405909480909061676e+04 4.038506656175246999e-13
5.407321607321942429e+04 4.297857378503122945e-13
5.408733733729402593e+04 4.396512083454730474e-13
5.410145860152667592e+04 4.327537426487458234e-13
5.411557986563188024e+04 4.170300808643465654e-13
5.412970112969179172e+04 4.087246128912734804e-13
5.414382239378619124e+04 4.182582040619994409e-13
5.415794365791058226e+04 4.179415974895291047e-13
5.417206492212064040e+04 4.220797859980042253e-13
5.418618618622505892e+04 4.193428118761129739e-13
5.420030745032728737e+04 4.054606076142899441e-13
5.421442871441303578e+04 3.549974957265231524e-13
5.422854997847953928e+04 3.679667288153574729e-13
5.424267124268425687e+04 3.781408058700548039e-13
5.425679250678879180e+04 3.751594677167315940e-13
5.427091377090936294e+04 3.815764477881631135e-13
5.428503503497285419e+04 3.289717566804860305e-13
5.429915629922402150e+04 3.614464758496898050e-13
5.431327756328140822e+04 3.436704471108236130e-13
5.432739882737599692e+04 3.156713715411199772e-13
5.434152009151772654e+04 3.378197709852502100e-13
5.435564135557172267e+04 3.542343429775671213e-13
5.436976261976945534e+04 3.558804062448516049e-13
5.438388388391693297e+04 3.333950365589650605e-13
5.439800514798391669e+04 3.637184795228842625e-13
5.441212641208818968e+04 3.556064664080280962e-13
5.442624767617629550e+04 4.008472668224749913e-13
5.444036894040358311e+04 4.029893308916540395e-13
5.445449020447243674e+04 3.850116048570027671e-13
5.446861146862403984e+04 3.983308991178486259e-13
5.448273273269492347e+04 4.473341298575172049e-13
5.449685399689796759e+04 4.573040853700858725e-13
5.451097526102608390e+04 4.919455959211731301e-13
5.452509652507568535e+04 5.315514781346243928e-13
5.453921778919902135e+04 4.787256957604135658e-13
5.455333905330474954e+04 5.209914610620305364e-13
5.456746031752879935e+04 6.125775485250550781e-13
5.458158158161713800e+04 6.323972169315513862e-13
5.459570284572013043e+04 6.343758867971737725e-13
5.460982410978321423e+04 6.331472787502521401e-13
5.462394537392719940e+04 6.323191561992884297e-13
5.463806663808455778e+04 6.260621763865325257e-13
5.465218790222500684e+04 5.490855670884021588e-13
5.466630916630534921e+04 5.782783415576800549e-13
5.468043043041083729e+04 5.784921600851829491e-13
5.469455169459253375e+04 6.115952439066402805e-13
5.470867295867014764e+04 5.763370050857486742e-13
5.472279422279495338e+04 5.857464748436837537e-13
5.473691548693156074e+04 5.509997520012855722e-13
5.475103675100527471e+04 5.133318123148847448e-13
5.476515801521053072e+04 4.334882892908477172e-13
5.477927927927090786e+04 4.027061789187249561e-13
5.479340054341000359e+04 2.886366611668887465e-13
5.480752180751435662e+04 1.983708182625727774e-13
5.482164307162445766e+04 1.752784172922561404e-13
5.483576433578080469e+04 1.071090949603179893e-13
5.484988559991389775e+04 7.389788975193743201e-14
5.486400686401884013e+04 5.878950168953639056e-14
5.487812812810362084e+04 -4.733025251045517179e-15
5.489224939219204680e+04 6.207920397776177476e-14
5.490637065637152409e+04 6.962733739310336970e-14
5.492049192049082922e+04 4.109492762781416998e-14
5.493461318462537747e+04 2.882678658154050316e-14
5.494873444869190280e+04 6.237156808679639511e-14
5.496285571288506617e+04 4.970148699675871204e-14
5.497697697698469710e+04 4.705808878372927095e-14
5.499109824109706096e+04 1.535864359519936642e-14
5.500521950520064274e+04 3.550139655666700865e-15
5.501934076928876311e+04 -3.695416825271182161e-14
5.503346203350013820e+04 -6.680730742597831943e-14
5.504758329758619220e+04 -1.566052707859851419e-13
5.506170456171582919e+04 -1.528927799354410343e-13
5.507582582579885639e+04 -2.100298420070578240e-13
5.508994708986949991e+04 -1.846848313342953425e-13
5.510406835407454491e+04 -1.558552089672843628e-13
5.511818961818653042e+04 -1.737868743214078120e-13
5.513231088229283341e+04 -2.654956286494170393e-13
5.514643214641922532e+04 -2.761787974362641617e-13
5.516055341057151236e+04 -2.700997573051264174e-13
5.517467467473095894e+04 -3.103907315352707040e-13
5.518879593877644220e+04 -3.043407823602558034e-13
5.520291720290343073e+04 -2.746272797763789583e-13
5.521703846697001427e+04 -2.308264816900130574e-13
5.523115973121952266e+04 -2.086199003336371371e-13
5.524528099528319581e+04 -1.396365160795279784e-13
5.525940225940051459e+04 -1.263225551606379162e-13
5.527352352348828572e+04 -6.963203926550684657e-14
5.528764478759795747e+04 -7.444271370968845832e-14
5.530176605179001490e+04 -7.631811068107470882e-14
5.531588731592630211e+04 -7.718405147499815653e-14
5.533000858001977031e+04 -2.717960699543493654e-14
5.534412984408703051e+04 -4.655127467763933567e-14
5.535825110827108438e+04 -4.882618744644604472e-14
5.537237237236827059e+04 -3.591465142058872421e-14
5.538649363651492604e+04 -7.970817676792391415e-14
5.540061490059693460e+04 -5.410134749005578812e-14
5.541473616467848478e+04 -1.556552761265663658e-14
5.542885742888713867e+04 -1.205812800277861160e-14
5.544297869299837475e+04 -4.581236439211900148e-14
5.545709995708291535e+04 1.558118940953915414e-14
5.547122122117099934e+04 7.109902986565852686e-15
5.548534248528664466e+04 -1.843098679075715257e-14
5.549946374949218443e+04 -4.202569160346163963e-14
5.551358501357208297e+04 -8.506188239306535215e-14
5.552770627771251020e+04 -1.351267580892100559e-14
5.554182754178791947e+04 -2.347438888392154611e-14
5.555594880590495450e+04 -1.566055806932460743e-14
5.557007007009632798e+04 6.687114424247129988e-15
5.558419133419420541e+04 -2.597427171341160688e-14
5.559831259828416660e+04 1.372615610743888703e-14
5.561243386239539541e+04 -4.721388868596378406e-15
5.562655512663413538e+04 -7.375453765537532662e-15
5.564067639067540586e+04 5.950271496381487058e-14
5.565479765479639900e+04 7.534371027124296719e-14
5.566891891887813836e+04 9.439343803902118938e-14
5.568304018300135067e+04 6.139847560448713444e-14
5.569716144718747819e+04 1.007304179811148884e-13
5.571128271129061613e+04 9.475901438763163829e-14
5.572540397538527031e+04 1.358742323745899834e-13
5.573952523951031617e+04 1.121903152964420886e-13
5.575364650362949760e+04 5.821883410025985263e-14
5.576776776780997170e+04 6.138005133227599752e-14
5.578188903189213306e+04 5.203021803439268713e-14
5.579601029599487083e+04 8.190759967109487547e-14
5.581013156011266256e+04 1.200371158613115892e-13
5.582425282430601510e+04 1.152468050864159656e-13
5.583837408839639102e+04 8.436578546347552810e-14
5.585249535251997440e+04 1.550264382800746584e-14
5.586661661657183868e+04 2.477684063997136789e-14
5.588073788067785790e+04 8.448020989089206463e-14
5.589485914492657321e+04 9.456410498160856226e-14
5.590898040902149660e+04 1.016448437019097424e-13
5.592310167312748672e+04 9.831683832145593970e-14
5.593722293720889138e+04 1.024506631865126262e-13
5.595134420133150707e+04 6.386344928662976627e-14
5.596546546550103085e+04 2.039283355225819149e-14
5.597958672958817624e+04 3.304642976715958886e-14
5.599370799373358750e+04 2.084471307069976192e-14
5.600782925782295206e+04 4.310608239444038335e-14
5.602195052199508063e+04 2.248932179017809761e-14
5.603607178609055700e+04 1.273609390072463099e-14
5.605019305018612067e+04 -2.839657865990740812e-14
5.606431431426911877e+04 -5.601456270440175067e-14
5.607843557840663561e+04 -9.124564996624538964e-14
5.609255684260214912e+04 -1.608166715340360785e-13
5.610667810672472115e+04 -2.132928775855039221e-13
5.612079937080821401e+04 -2.472226294101188192e-13
5.613492063487952692e+04 -3.276057896702346520e-13
5.614904189901203063e+04 -3.672538537700640356e-13
5.616316316317562450e+04 -3.672170052256417365e-13
5.617728442731311225e+04 -4.036825187256315868e-13
5.619140569141308515e+04 -3.857333987978344011e-13
5.620552695550727367e+04 -4.181164814552512354e-13
5.621964821956786909e+04 -3.907292856626648329e-13
5.623376948377017834e+04 -3.641779700093415961e-13
5.624789074792201427e+04 -3.150675875812872167e-13
5.626201201202825177e+04 -2.622762295051552069e-13
5.627613327611243585e+04 -2.675766017107380601e-13
5.629025454030719993e+04 -2.430199559489047257e-13
5.630437580436936696e+04 -2.218126489353486583e-13
5.631849706846944900e+04 -2.576604644669966712e-13
5.633261833259476407e+04 -2.058979565390760140e-13
5.634673959668115276e+04 -1.472457405027275377e-13
5.636086086089444871e+04 -1.617039456957829399e-13
5.637498212498734210e+04 -1.188936946653999984e-13
5.638910338912429870e+04 -1.377640282037540047e-13
5.640322465318840113e+04 -1.689311088952357772e-13
5.641734591731498222e+04 -2.032497098333594134e-13
5.643146718151745881e+04 -2.348376396900850582e-13
5.644558844557829434e+04 -2.253714425677103601e-13
5.645970970969424525e+04 -2.607053178745213905e-13
5.647383097382682172e+04 -2.607344088306442342e-13
5.648795223801197426e+04 -2.825332319520315847e-13
5.650207350210497680e+04 -2.941182203786870661e-13
5.651619476620668866e+04 -3.426429048901347161e-13
5.653031603028847167e+04 -4.004049376691240163e-13
5.654443729440912284e+04 -4.715788709192836295e-13
5.655855855857990537e+04 -5.174494905337902009e-13
5.657267982268177002e+04 -4.999512804258972200e-13
5.658680108678252145e+04 -5.539867617255497224e-13
5.660092235093159979e+04 -6.191088064036195081e-13
5.661504361498868820e+04 -6.431835119923510185e-13
5.662916487916890765e+04 -6.197342619602607756e-13
5.664328614331052086e+04 -6.626793010873462417e-13
5.665740740739289322e+04 -6.949915957515307673e-13
