5.300000000000085129e+04 -1.053962138762685405e-13
5.301412126411411737e+04 -1.229777453012803108e-13
5.302824252820402762e+04 -1.484968237388100371e-13
5.304236379240964015e+04 -1.547686245887321960e-13
5.305648505649891013e+04 -2.063092255822217454e-13
5.307060632060928037e+04 -1.918089313436786906e-13
5.308472758469181281e+04 -2.495781118410891021e-13
5.309884884878536832e+04 -2.478134819428243187e-13
5.311297011301387101e+04 -2.488892132210797674e-13
5.312709137709908100e+04 -2.429519024000925939e-13
5.314121264118819090e+04 -2.209879811129418385e-13
5.315533390529533790e+04 -2.277965517587672071e-13
5.316945516950880847e+04 -2.238396552592207549e-13
5.318357643361148075e+04 -2.658016840115137978e-13
5.319769769770106359e+04 -2.913990991242532588e-13
5.321181896180062904e+04 -3.159991035186054467e-13
5.322594022588895314e+04 -3.061657799583973938e-13
5.324006149008381180e+04 -2.850010506887328707e-13
5.325418275418551639e+04 -3.014561680863564070e-13
5.326830401830677874e+04 -2.873007099260148774e-13
5.328242528240803222e+04 -3.273400495102515980e-13
5.329654654650744487e+04 -3.717316271526121861e-13
5.331066781070290745e+04 -4.045637347720894866e-13
5.332478907481312490e+04 -4.604552201350138758e-13
5.333891033891846746e+04 -4.965238040259826149e-13
5.335303160299368756e+04 -5.041143232738499912e-13
5.336715286721313169e+04 -5.472768805092584322e-13
5.338127413130243076e+04 -5.765554908585350801e-13
5.339539539539411635e+04 -5.562435210016246765e-13
5.340951665949111339e+04 -6.187205084528239790e-13
5.342363792358543287e+04 -5.782893082237817402e-13
5.343775918779974745e+04 -5.989962328710726759e-13
5.345188045191419224e+04 -6.271808049141082789e-13
5.346600171601307375e+04 -6.467768023772276852e-13
5.348012298010985978e+04 -6.747121023173741129e-13
5.349424424420505238e+04 -6.993486563063314597e-13
5.350836550841346616e+04 -7.327816727810279184e-13
5.352248677250571200e+04 -8.082063702364449446e-13
5.353660803660689271e+04 -8.045431597210626305e-13
5.355072930070752773e+04 -8.198471905034053377e-13
5.356485056488320697e+04 -8.723803676128211092e-13
5.357897182900732150e+04 -8.463838721822676970e-13
5.359309309308977390e+04 -8.707217766618676109e-13
5.360721435721044691e+04 -8.352894264547663797e-13
5.362133562130629434e+04 -8.820375827207164895e-13
5.363545688549510669e+04 -9.237970738605767699e-13
5.364957814961014810e+04 -9.296634449481194868e-13
5.366369941368727450e+04 -9.416842005071482335e-13
5.367782067780454236e+04 -9.927684150283194587e-13
5.369194194189640984e+04 -9.931912815902417056e-13
5.370606320608554233e+04 -1.030037527402403621e-12
5.372018447018721781e+04 -1.031406300051161837e-12
5.373430573429519427e+04 -1.052910869643151397e-12
5.374842699841366266e+04 -1.093436054544035487e-12
5.376254826250156475e+04 -1.079276341933528269e-12
5.377666952669613966e+04 -1.045043617750416476e-12
5.379079079079964868e+04 -1.078695802870011417e-12
5.380491205489511776e+04 -1.057245638671049518e-12
5.381903331899997283e+04 -1.106622013757531358e-12
5.383315458321360347e+04 -1.086913982440048891e-12
5.384727584730673698e+04 -1.030779477726751691e-12
5.386139711139751307e+04 -1.008746324932359423e-12
5.387551837550686469e+04 -9.852892205597874611e-13
5.388963963961088302e+04 -9.855875477623141202e-13
5.390376090378666413e+04 -9.955055735576388815e-13
5.391788216788780846e+04 -9.984481059995015680e-13
5.393200343200650241e+04 -9.300045744977675683e-13
5.394612469611185224e+04 -9.842083323722402887e-13
5.396024596018662851e+04 -9.555000761906293150e-13
5.397436722441730672e+04 -1.008962657277147580e-12
5.398848848850133072e+04 -1.040461188153782746e-12
5.400260975260553823e+04 -1.039616486411797011e-12
5.401673101670965116e+04 -1.087718847057756201e-12
5.403085228090912278e+04 -1.146326347621903739e-12
5.404497354501226073e+04 -1.153264969073929982e-12
5.405909480908710248e+04 -1.122436965327952269e-12
5.407321607320511976e+04 -1.135249951076923530e-12
5.408733733728615334e+04 -1.105176789928523221e-12
5.410145860149902728e+04 -1.163529539173659339e-12
5.411557986560482095e+04 -1.137893769548062548e-12
5.412970112970587797e+04 -1.178624844052418978e-12
5.414382239378662780e+04 -1.147570709833998838e-12
5.415794365791846212e+04 -1.152719625916329261e-12
5.417206492209873977e+04 -1.107317551898253662e-12
5.418618618619735207e+04 -1.090931730469237899e-12
5.420030745030414982e+04 -1.088253876396773374e-12
5.421442871439013106e+04 -1.071569212074301673e-12
5.422854997849222127e+04 -1.013350026779821394e-12
5.424267124271097418e+04 -9.797865405000441606e-13
5.425679250679014513e+04 -9.456547628163178619e-13
5.427091377091524919e+04 -8.620223285321791792e-13
5.428503503500788793e+04 -7.917689797145117429e-13
5.429915629918687773e+04 -7.725894026766997144e-13
5.431327756328754913e+04 -7.401315577490698664e-13
5.432739882738835149e+04 -7.176574892102344453e-13
5.434152009150366939e+04 -6.944913634444484906e-13
5.435564135559673741e+04 -6.258461967894078393e-13
5.436976261978986440e+04 -6.221608115640710984e-13
5.438388388388342719e+04 -6.296128033360893662e-13
5.439800514801817189e+04 -5.670571730181911647e-13
5.441212641211271693e+04 -5.305650779516389341e-13
5.442624767620908096e+04 -4.609947617696613763e-13
5.444036894039535400e+04 -4.454036200625015429e-13
5.445449020449000091e+04 -3.811173309862978802e-13
5.446861146860077133e+04 -3.349776900167722196e-13
5.448273273270986101e+04 -3.256637961449738995e-13
5.449685399688933830e+04 -2.324163044863997618e-13
5.451097526099129755e+04 -2.375922943425117969e-13
5.452509652509303123e+04 -2.151071384486991372e-13
5.453921778918662312e+04 -1.369472163049471793e-13
5.455333905331225833e+04 -1.388712591616926302e-13
5.456746031751584087e+04 -5.587776593879964315e-14
5.458158158160717721e+04 -2.809027591122749845e-14
5.459570284570953663e+04 3.817068949509856768e-15
5.460982410981254361e+04 3.997963751232039433e-14
5.462394537389865582e+04 3.695021114889205860e-14
5.463806663810579630e+04 7.764235098809596012e-14
5.465218790221775271e+04 7.543596734762814795e-14
5.466630916629215790e+04 1.755284825545836238e-13
5.468043043038755422e+04 1.948318254153972468e-13
5.469455169459076569e+04 2.015889236603545051e-13
5.470867295870884118e+04 2.870536078158457661e-13
5.472279422280120343e+04 3.670857458779612741e-13
5.473691548689888441e+04 4.061201972253376999e-13
5.475103675100391411e+04 4.630212765048510648e-13
5.476515801520043169e+04 4.927743225089670950e-13
5.477927927931156592e+04 5.118744831436864078e-13
5.479340054341829091e+04 5.517758109430031469e-13
5.480752180749338731e+04 6.013427338278143739e-13
5.482164307158966403e+04 5.908179976543171833e-13
5.483576433578458091e+04 6.296064644284780534e-13
5.484988559989730129e+04 6.671446385448582334e-13
5.486400686401670828e+04 7.185285984186113808e-13
5.487812812811556796e+04 7.604821182705731227e-13
5.489224939221506793e+04 7.677260287526699707e-13
5.490637065641855588e+04 7.976170220803397974e-13
5.492049192050973943e+04 8.537280628563597786e-13
5.493461318460916664e+04 8.674181099531223792e-13
5.494873444868477236e+04 8.937681115156240299e-13
5.496285571288999199e+04 8.982195556162477077e-13
5.497697697699190758e+04 8.830244645426928958e-13
5.499109824110508634e+04 8.457931265291707517e-13
5.500521950519481470e+04 8.515753110725259882e-13
5.501934076929394359e+04 8.696843137413742916e-13
5.503346203350162978e+04 8.695690568187040992e-13
5.504758329758697801e+04 8.330233298955178217e-13
5.506170456169866520e+04 8.199144664759334189e-13
5.507582582578766596e+04 8.202574009438336718e-13
5.508994708990260551e+04 8.327415048027246378e-13
5.510406835409338964e+04 8.253103985133379038e-13
5.511818961820570257e+04 8.148044850587555372e-13
5.513231088231214380e+04 8.702716857097026184e-13
5.514643214640916995e+04 8.064869060621200007e-13
5.516055341059658531e+04 8.003708116421250656e-13
5.517467467471591226e+04 7.923912680495625460e-13
5.518879593879058666e+04 8.327141731834784369e-13
5.520291720288996294e+04 8.517256349783799417e-13
5.521703846698709822e+04 8.334580573488108461e-13
5.523115973118373222e+04 8.583344720811999057e-13
5.524528099528496386e+04 8.408128413806799290e-13
5.525940225939155061e+04 8.434934028305226105e-13
5.527352352350560250e+04 8.223420815250165487e-13
5.528764478760732891e+04 7.926109523853904070e-13
5.530176605178838508e+04 7.824038818242639780e-13
5.531588731588451628e+04 8.115538272867119218e-13
5.533000858001454617e+04 7.776337407294112848e-13
5.534412984409353521e+04 7.878547349456254029e-13
5.535825110829127516e+04 7.572513145993025852e-13
5.537237237240339164e+04 7.631033752635608056e-13
5.538649363650954911e+04 7.149881223443723821e-13
5.540061490059500647e+04 7.086786438259374320e-13
5.541473616471225978e+04 6.759570229880355085e-13
5.542885742890152324e+04 6.627259408182370688e-13
5.544297869300338061e+04 6.380434258752172016e-13
5.545709995711043302e+04 6.462862296871226193e-13
5.547122122119522101e+04 6.151936764944790145e-13
5.548534248528577882e+04 5.661710653854102547e-13
5.549946374949096207e+04 5.496705027246532744e-13
5.551358501358416834e+04 5.454624647425995177e-13
5.552770627769087878e+04 5.283105844382967164e-13
5.554182754179016774e+04 4.890737244012197719e-13
5.555594880590078537e+04 5.095755329814320832e-13
5.557007007009156223e+04 5.274241117310479139e-13
5.558419133419663558e+04 5.382237111697943428e-13
5.559831259830650379e+04 5.630475254274078112e-13
5.561243386238657695e+04 5.834193798934684243e-13
5.562655512659774104e+04 5.702971085097255097e-13
5.564067639071399753e+04 5.805820484011571221e-13
5.565479765480366041e+04 6.092627151180573568e-13
5.566891891889505496e+04 6.424726952658863517e-13
5.568304018300340249e+04 6.521470570971767548e-13
5.569716144718655414e+04 6.443193844832558218e-13
5.571128271131365909e+04 6.766341251780399982e-13
5.572540397540179401e+04 6.761416403406796085e-13
5.573952523951564945e+04 6.719537143048634679e-13
5.575364650359644293e+04 6.482958772381108390e-13
5.576776776780204091e+04 6.547631571808727646e-13
5.578188903188999393e+04 6.010797314539360141e-13
5.579601029598979949e+04 6.130035371182802151e-13
5.581013156009683007e+04 6.009972209052682340e-13
5.582425282430277730e+04 6.113507476902798364e-13
5.583837408839334239e+04 5.863252982793597164e-13
5.585249535251682391e+04 6.085103220523935707e-13
5.586661661660051323e+04 5.849942999911635186e-13
5.588073788071174204e+04 5.888929234157134533e-13
5.589485914491308358e+04 5.563394178207219526e-13
5.590898040900527121e+04 5.805572952365568083e-13
5.592310167309184180e+04 5.851644779977907520e-13
5.593722293720327434e+04 6.079590484491073599e-13
5.595134420129239152e+04 6.170909034229074671e-13
5.596546546549089544e+04 6.676064397719329205e-13
5.597958672958618990e+04 6.485454716478306871e-13
5.599370799368340522e+04 6.386926807550463130e-13
5.600782925779563084e+04 6.504983931966098963e-13
5.602195052199229394e+04 6.393295590525752675e-13
5.603607178610804840e+04 6.659644798534451665e-13
5.605019305020885804e+04 6.852214105306332010e-13
5.606431431429477379e+04 6.875776023860259154e-13
5.607843557840151334e+04 5.970001005132463223e-13
5.609255684259456757e+04 6.307010184256482757e-13
5.610667810669207392e+04 6.323713413452404844e-13
5.612079937078658259e+04 6.115240198424821342e-13
5.613492063491587760e+04 6.379222385068614185e-13
5.614904189898840559e+04 6.273629510411097452e-13
5.616316316321161139e+04 6.444122088505069483e-13
5.617728442728314985e+04 5.863299394977223131e-13
5.619140569139522268e+04 5.991917869622326539e-13
5.620552695550044882e+04 6.016047048198343789e-13
5.621964821961116104e+04 5.922423360006937859e-13
5.623376948379747773e+04 5.662685309710239778e-13
5.624789074789644656e+04 5.354967375363261991e-13
5.626201201199868956e+04 5.651092577622424447e-13
5.627613327609703265e+04 5.492641382724648057e-13
5.629025454029581306e+04 4.966641791877210137e-13
5.630437580440496822e+04 4.581719768523702950e-13
5.631849706849850918e+04 4.264889575458232990e-13
5.633261833258965635e+04 3.552478027533244055e-13
5.634673959670033219e+04 3.510701905360918131e-13
5.636086086090578465e+04 3.045842631076262970e-13
5.637498212498478097e+04 2.943524393818995541e-13
5.638910338910587598e+04 2.408154698788479771e-13
5.640322465321728669e+04 1.928670429752471085e-13
5.641734591730804823e+04 1.604295678393196420e-13
5.643146718149199296e+04 1.708449775358320290e-13
5.644558844559641875e+04 9.462121698566109011e-14
5.645970970968662004e+04 6.140968976504455033e-14
5.647383097381588595e+04 2.841887826211416649e-14
5.648795223799312953e+04 8.246535040318890902e-14
5.650207350209374999e+04 2.378436388163404401e-14
5.651619476618385670e+04 3.391366087477326992e-15
5.653031603028545942e+04 9.547168709018577674e-15
5.654443729439527669e+04 -4.356641854118173444e-14
5.655855855860963493e+04 -7.215683934547664770e-14
5.657267982270616631e+04 -8.764252225762059640e-14
5.658680108681086858e+04 -8.928757632168330129e-14
5.660092235088971938e+04 -1.513545894841898301e-13
5.661504361501357198e+04 -1.173514766872923112e-13
5.662916487919689826e+04 -1.357977412238199665e-13
5.664328614330082928e+04 -1.805834356588012364e-13
5.665740740739761532e+04 -2.055490649219372814e-13
