5.300000000000360887e+04 7.184966744125350740e-13
5.301412126408809854e+04 7.364242963773325833e-13
5.302824252830805199e+04 6.644705952204727089e-13
5.304236379238135851e+04 6.758969882998835065e-13
5.305648505648964783e+04 6.413001814549846933e-13
5.307060632061307115e+04 6.718961561297540682e-13
5.308472758458583121e+04 6.447367557372014182e-13
5.309884884887061344e+04 6.422704529247395007e-13
5.311297011304271291e+04 6.277455391382684371e-13
5.312709137704112072e+04 5.605679457585341018e-13
5.314121264121351851e+04 5.118581614805387211e-13
5.315533390517952648e+04 5.223864194101404252e-13
5.316945516946291173e+04 5.441907231417922107e-13
5.318357643369494326e+04 4.657826437410262938e-13
5.319769769769880804e+04 4.284375949721300870e-13
5.321181896168097592e+04 4.079681928243169336e-13
5.322594022603714257e+04 4.140719885532865838e-13
5.324006149012564856e+04 3.631057801873873393e-13
5.325418275431879010e+04 3.492565179534188379e-13
5.326830401825605077e+04 3.280299122450801581e-13
5.328242528234844940e+04 3.078220232403124929e-13
5.329654654652831960e+04 2.707904257648227794e-13
5.331066781082036323e+04 2.531624352931895089e-13
5.332478907479444752e+04 2.396658057643033440e-13
5.333891033900880575e+04 2.586308239428894822e-13
5.335303160313365515e+04 2.424868674049617327e-13
5.336715286723989266e+04 2.337934537229070692e-13
5.338127413127817999e+04 2.438396891693342548e-13
5.339539539541083650e+04 2.890878412855528416e-13
5.340951665954744385e+04 2.264382826752991008e-13
5.342363792357666534e+04 2.469584080459794318e-13
5.343775918793941673e+04 2.799108864609564133e-13
5.345188045204907394e+04 2.308442172316503258e-13
5.346600171612563281e+04 2.549538458828323864e-13
5.348012298003680189e+04 2.417269302575750821e-13
5.349424424409537460e+04 2.085958575010059872e-13
5.350836550828553300e+04 1.810905065045869754e-13
5.352248677248976310e+04 1.712167907622827413e-13
5.353660803647905414e+04 1.523599011306469077e-13
5.355072930085327971e+04 1.713328163379428731e-13
5.356485056484064989e+04 1.943526550271652219e-13
5.357897182908911782e+04 1.865576802267930961e-13
5.359309309311721154e+04 1.606153334511781547e-13
5.360721435729109362e+04 1.253933704777386782e-13
5.362133562141655420e+04 1.117728183444825037e-13
5.363545688536790112e+04 8.433125104148925031e-14
5.364957814955351205e+04 2.691620753837439912e-14
5.366369941379411466e+04 5.115279611266104079e-14
5.367782067791430745e+04 4.746792102389411782e-14
5.369194194193313160e+04 5.645352476821332773e-14
5.370606320615744335e+04 7.135704033494721131e-14
5.372018447022380860e+04 9.135231702829573651e-14
5.373430573444176116e+04 7.011538443625951171e-14
5.374842699857037951e+04 6.651069456208494043e-14
5.376254826261859853e+04 2.237116378398037967e-14
5.377666952678268717e+04 -1.506439708320566067e-14
5.379079079069635918e+04 5.721797408622007201e-15
5.380491205478882330e+04 1.560523257087684817e-14
5.381903331904186052e+04 3.638170764275392655e-14
5.383315458329396643e+04 4.488862995450664943e-14
5.384727584715690318e+04 -3.000922018472954427e-14
5.386139711142278975e+04 8.384918475083299037e-15
5.387551837562121364e+04 -2.077455630417649741e-14
5.388963963945866271e+04 -4.553720848328875335e-14
5.390376090375117201e+04 -1.295008475814365150e-13
5.391788216779841605e+04 -1.065654463530349388e-13
5.393200343207706464e+04 -1.422114190218188426e-13
5.394612469597504969e+04 -1.855320886690863196e-13
5.396024596023716003e+04 -2.084832839549076006e-13
5.397436722456948337e+04 -2.236492238603073745e-13
5.398848848855245160e+04 -2.850273608482747470e-13
5.400260975258926919e+04 -3.477115448921024912e-13
5.401673101673927158e+04 -3.563654734306078420e-13
5.403085228091342287e+04 -3.771225096625837461e-13
5.404497354512537277e+04 -3.957461332154054634e-13
5.405909480897417234e+04 -4.241912306282969655e-13
5.407321607319069153e+04 -4.584120933468258480e-13
5.408733733746062353e+04 -4.264862286641297336e-13
5.410145860154333786e+04 -4.427030808516869213e-13
5.411557986566371983e+04 -4.286135667058148343e-13
5.412970112966926536e+04 -4.291687885704922100e-13
5.414382239389912866e+04 -4.003689323294041861e-13
5.415794365787592687e+04 -3.387526695526473880e-13
5.417206492210919532e+04 -3.331943762684044948e-13
5.418618618619301560e+04 -3.069361483443954309e-13
5.420030745018051675e+04 -3.187112256145335629e-13
5.421442871437939903e+04 -3.045500307465259155e-13
5.422854997848805215e+04 -2.812355721400513467e-13
5.424267124283735029e+04 -2.566551590850126325e-13
5.425679250684700673e+04 -2.507263129151535633e-13
5.427091377092058974e+04 -2.383729301579553868e-13
5.428503503497367637e+04 -2.285854742677126158e-13
5.429915629924877430e+04 -1.757336984313991278e-13
5.431327756336247694e+04 -1.774224476478138984e-13
5.432739882748613309e+04 -1.542950878753881838e-13
5.434152009165207710e+04 -1.078872874663149901e-13
5.435564135573164094e+04 -6.159369024166121244e-14
5.436976261974110093e+04 -7.957218729526258365e-14
5.438388388401129487e+04 -9.711574030607510675e-14
5.439800514802256657e+04 -6.829523029759209396e-14
5.441212641213547613e+04 -7.429454226209294666e-14
5.442624767627538677e+04 -1.379032861287204152e-13
5.444036894027831295e+04 -1.156628234267859291e-13
5.445449020441212633e+04 -1.712141681543754003e-13
5.446861146845085750e+04 -1.954592612211188050e-13
5.448273273260559654e+04 -2.696135757341349540e-13
5.449685399695954402e+04 -2.495283944062434963e-13
5.451097526104029384e+04 -3.140823518630657034e-13
5.452509652510084561e+04 -3.581477720640470397e-13
5.453921778917562915e+04 -3.889218854825983744e-13
5.455333905316847813e+04 -4.209838220446027464e-13
5.456746031757451419e+04 -4.644685069035363835e-13
5.458158158161703614e+04 -4.647090625473134891e-13
5.459570284582786553e+04 -4.620459414808521491e-13
5.460982410984169837e+04 -4.838125824601954386e-13
5.462394537383699208e+04 -5.019635992179197866e-13
5.463806663814961939e+04 -5.334569497128146318e-13
5.465218790211028681e+04 -5.550972382328002823e-13
5.466630916623566009e+04 -6.036311617560648251e-13
5.468043043040898920e+04 -6.147283094846493741e-13
5.469455169455681607e+04 -5.845276418431827746e-13
5.470867295864743210e+04 -5.580154940729645549e-13
5.472279422296489793e+04 -5.133304608501331961e-13
5.473691548694773519e+04 -5.143923074797350560e-13
5.475103675087771262e+04 -4.928832311290823537e-13
5.476515801513844781e+04 -5.200830278608047248e-13
5.477927927932584134e+04 -4.452799420660867224e-13
5.479340054341089126e+04 -4.779614916499410664e-13
5.480752180762911303e+04 -4.662034233647164666e-13
5.482164307151240791e+04 -4.077556914918515643e-13
5.483576433581727179e+04 -4.456517098791967258e-13
5.484988560003791645e+04 -4.042567003096396430e-13
5.486400686387589667e+04 -4.383645747712428862e-13
5.487812812808839954e+04 -4.037828785870484464e-13
5.489224939214714686e+04 -3.887979628782283901e-13
5.490637065642502421e+04 -3.864750215100376943e-13
5.492049192055713502e+04 -3.697964968748275328e-13
5.493461318463612406e+04 -4.231099451587939693e-13
5.494873444864683552e+04 -4.570938970160272787e-13
5.496285571296334820e+04 -4.990088955529407949e-13
5.497697697700056597e+04 -5.627439918789259024e-13
5.499109824106377346e+04 -5.467531162052199932e-13
5.500521950533203926e+04 -5.279387490358679397e-13
5.501934076930834271e+04 -5.257713183868867389e-13
5.503346203334506572e+04 -5.155902259886450725e-13
5.504758329759661137e+04 -5.243134053942983795e-13
5.506170456156507862e+04 -5.115761055490519766e-13
5.507582582566750352e+04 -4.789067052401358050e-13
5.508994708977230766e+04 -4.460574956621337936e-13
5.510406835401077842e+04 -4.308441735844749051e-13
5.511818961806772859e+04 -4.308223048895861140e-13
5.513231088231747708e+04 -4.395333350203011981e-13
5.514643214638272184e+04 -3.969525562167722712e-13
5.516055341056817269e+04 -3.807381338842027382e-13
5.517467467484665394e+04 -3.532904919437403481e-13
5.518879593882086192e+04 -3.259983607224874025e-13
5.520291720288510987e+04 -3.474952877982018818e-13
5.521703846695959510e+04 -3.046788130608712092e-13
5.523115973112612846e+04 -2.923740274034259746e-13
5.524528099529130122e+04 -2.803826930393871827e-13
5.525940225925014965e+04 -2.920994537898218046e-13
5.527352352338562923e+04 -2.144582973695319824e-13
5.528764478775541647e+04 -1.877371820703761173e-13
5.530176605181267223e+04 -2.025228496702090964e-13
5.531588731582056062e+04 -1.558186069526429669e-13
5.533000858014776168e+04 -8.703184210733937472e-14
5.534412984415800020e+04 -5.986120363546878400e-14
5.535825110840128764e+04 -1.045632458432136750e-13
5.537237237241188996e+04 -5.692836866537865914e-14
5.538649363646838901e+04 -6.743020192198970708e-14
5.540061490056305774e+04 -5.272471953674906068e-14
5.541473616483778460e+04 -8.545096151348319339e-15
5.542885742896950251e+04 -3.390306280243412520e-14
5.544297869294242992e+04 -3.184740548288462902e-14
5.545709995709449140e+04 -1.846376421092404338e-14
5.547122122121763823e+04 1.122420402814901096e-14
5.548534248523552378e+04 3.208693895208756824e-14
5.549946374947891309e+04 7.639291479684596590e-14
5.551358501355671615e+04 6.871457303588092344e-14
5.552770627759211493e+04 7.466771775561647623e-14
5.554182754168885003e+04 1.090355867008979740e-13
5.555594880584198836e+04 1.980897719981665436e-13
5.557007007014559349e+04 1.941145292383757963e-13
5.558419133406017500e+04 3.061502830088112293e-13
5.559831259833084914e+04 3.411158962810539459e-13
5.561243386240847030e+04 3.761932828827284239e-13
5.562655512662712863e+04 4.358996796391945580e-13
5.564067639055478503e+04 4.815858131169365613e-13
5.565479765465609671e+04 5.068320064385905347e-13
5.566891891887785459e+04 5.619168190085517734e-13
5.568304018285100028e+04 6.009402901101652184e-13
5.569716144707571948e+04 6.380198772216609855e-13
5.571128271116661926e+04 6.668476767951069371e-13
5.572540397525302251e+04 6.592470903937465538e-13
5.573952523943942651e+04 6.248840811584404284e-13
5.575364650346876442e+04 6.530412407552957104e-13
5.576776776791072189e+04 7.284639395718637352e-13
5.578188903174467850e+04 7.469599957378339357e-13
5.579601029604783980e+04 7.896622672907452427e-13
5.581013156004127814e+04 7.832814680931837679e-13
5.582425282446573692e+04 7.849434889047344129e-13
5.583837408840875287e+04 7.746700620169621719e-13
5.585249535253464273e+04 7.473925099256351543e-13
5.586661661673271010e+04 7.171310959094773901e-13
5.588073788080687518e+04 7.070617768406675356e-13
5.589485914475874597e+04 6.948104479929504513e-13
5.590898040906051028e+04 6.058826151550395711e-13
5.592310167322406051e+04 5.929314880708801632e-13
5.593722293715873093e+04 5.609934741132458259e-13
5.595134420136640983e+04 5.169061852173756986e-13
5.596546546533796209e+04 4.328283429348084956e-13
5.597958672972136992e+04 3.969588236071610689e-13
5.599370799386161525e+04 3.865153068702535563e-13
5.600782925794721086e+04 4.209755103050656665e-13
5.602195052192237199e+04 3.105677593763537888e-13
5.603607178617076715e+04 3.275767442898839252e-13
5.605019305006817012e+04 3.080795878690030802e-13
5.606431431423829054e+04 2.721760505715285891e-13
5.607843557825934840e+04 2.223931815846134836e-13
5.609255684252503124e+04 1.732226360545854618e-13
5.610667810679543618e+04 1.476848601344137610e-13
5.612079937076399074e+04 8.695306457316053660e-14
5.613492063482805679e+04 8.952871086006653561e-14
5.614904189887888788e+04 8.217596966744620925e-14
5.616316316309338436e+04 6.179920574103708724e-14
5.617728442731870018e+04 3.371494179381116769e-14
5.619140569137392595e+04 8.507626151959481244e-15
5.620552695541000867e+04 -7.174076467007577657e-14
5.621964821946345182e+04 -8.140672781093619270e-14
5.623376948396937951e+04 -7.008360356850040311e-14
5.624789074775565678e+04 -1.073867373388596804e-13
5.626201201198271156e+04 -7.992451626847142540e-14
5.627613327620004566e+04 -3.470491494835769259e-14
5.629025454017861921e+04 -7.458369500562295630e-14
5.630437580451654503e+04 -3.936537681466495548e-14
5.631849706840217550e+04 -1.212670240314023909e-14
5.633261833248057519e+04 -2.856224153958566241e-14
5.634673959671863850e+04 -5.221930969931845431e-14
5.636086086100242392e+04 -7.245514203644404089e-14
5.637498212492818857e+04 -1.119354258757351629e-13
5.638910338904322271e+04 -1.157405787863906261e-13
5.640322465307752282e+04 -7.086115716454749953e-14
5.641734591722844925e+04 -4.788444840135591385e-14
5.643146718155731651e+04 -8.448778393527279807e-14
5.644558844575274998e+04 -4.215485034048389654e-14
5.645970970968147594e+04 -6.927203200262625490e-14
5.647383097369361349e+04 -4.492974473637696006e-14
5.648795223805663409e+04 -3.711533109610367888e-14
5.650207350215370388e+04 -3.366979672362000258e-14
5.651619476623315131e+04 -2.158855772503829714e-14
5.653031603023965727e+04 -6.104454301445296084e-14
5.654443729449127568e+04 -4.135785790453562586e-14
5.655855855852868262e+04 -5.409515774978206654e-14
5.657267982256177493e+04 -6.385831509014837288e-14
5.658680108692240174e+04 -7.832567168659958732e-14
5.660092235086919391e+04 -3.756728412380605289e-14
5.661504361501571839e+04 -1.485785940925565108e-14
5.662916487910428259e+04 -2.815888561163623035e-14
5.664328614343368099e+04 -1.104298707864960397e-14
5.665740740747991367e+04 -4.472659192051671549e-15
