5.300000000000064028e+04 2.535101718828051493e-13
5.301412126412893849e+04 2.548720358129295153e-13
5.302824252817198430e+04 2.607918991476626043e-13
5.304236379237084475e+04 2.725212981487484605e-13
5.305648505647767888e+04 3.092139830620797669e-13
5.307060632060208445e+04 3.342198538647923732e-13
5.308472758472865098e+04 3.395113624736776056e-13
5.309884884880381287e+04 3.268201113978835947e-13
5.311297011297541758e+04 2.729251248704976577e-13
5.312709137710207142e+04 2.744199311122263306e-13
5.314121264117158717e+04 2.402528177635971388e-13
5.315533390527545271e+04 2.318997922209781790e-13
5.316945516946892167e+04 2.537220703673013587e-13
5.318357643357337656e+04 2.523598740813979317e-13
5.319769769769779668e+04 2.361599863973420591e-13
5.321181896181822958e+04 2.294797508412375885e-13
5.322594022591620160e+04 1.978076901266465738e-13
5.324006149009108776e+04 1.830155025697160033e-13
5.325418275423067826e+04 1.208113181117867851e-13
5.326830401832474308e+04 1.235954191218053961e-13
5.328242528241145919e+04 8.722852957341211601e-14
5.329654654647250572e+04 1.899322929628880911e-14
5.331066781068424461e+04 -5.391880810005756373e-14
5.332478907481299393e+04 -7.015719125347365136e-14
5.333891033888149832e+04 -1.115326534910552618e-13
5.335303160299330193e+04 -1.693143241002020881e-13
5.336715286721097800e+04 -1.876536581850059803e-13
5.338127413130673813e+04 -1.578327035574943068e-13
5.339539539542562125e+04 -1.461481725865748954e-13
5.340951665947183938e+04 -1.848573322624202802e-13
5.342363792362683307e+04 -1.527897392703040106e-13
5.343775918782833469e+04 -1.866545967132998928e-13
5.345188045189892728e+04 -2.307155514462927938e-13
5.346600171600122849e+04 -2.620383206873948759e-13
5.348012298008712241e+04 -3.186685663755361231e-13
5.349424424420652940e+04 -3.152168637572438492e-13
5.350836550839125994e+04 -3.402142956132198627e-13
5.352248677246968873e+04 -3.724678344385669309e-13
5.353660803658927034e+04 -3.499572330236614523e-13
5.355072930070995790e+04 -3.592307684721298319e-13
5.356485056487345719e+04 -3.968126351465760500e-13
5.357897182902069471e+04 -4.913717269424506444e-13
5.359309309311796096e+04 -5.670178963799539501e-13
5.360721435720706359e+04 -5.821499971973048840e-13
5.362133562131257349e+04 -6.077883843982285630e-13
5.363545688552926731e+04 -5.595063378687850385e-13
5.364957814961756958e+04 -5.965468403299766353e-13
5.366369941369706066e+04 -5.878864579430290977e-13
5.367782067779056524e+04 -6.228278591049943529e-13
5.369194194192079885e+04 -6.415441713447039158e-13
5.370606320607644011e+04 -6.615057195366076942e-13
5.372018447019377345e+04 -6.712343511983005110e-13
5.373430573428712523e+04 -6.654915323420212872e-13
5.374842699840543355e+04 -7.031736837602211611e-13
5.376254826250539918e+04 -7.422678559306735495e-13
5.377666952669771854e+04 -7.560061144118586565e-13
5.379079079079673829e+04 -8.286261411307159999e-13
5.380491205490421271e+04 -8.031509261670353146e-13
5.381903331901088677e+04 -8.140157232844018176e-13
5.383315458318356832e+04 -7.835499695451068768e-13
5.384727584727136855e+04 -7.917100842333870369e-13
5.386139711138878192e+04 -7.214734241565690169e-13
5.387551837546975003e+04 -7.676468900219587651e-13
5.388963963959095418e+04 -7.094313361684391446e-13
5.390376090377848595e+04 -7.308157428010413535e-13
5.391788216791315790e+04 -7.001262991722210661e-13
5.393200343201860960e+04 -6.917740539431701872e-13
5.394612469610466360e+04 -6.874032575436521562e-13
5.396024596018817101e+04 -6.406825895634981974e-13
5.397436722437936260e+04 -6.126990421848701340e-13
5.398848848850188369e+04 -5.836523031194381986e-13
5.400260975260048144e+04 -5.330637074836604890e-13
5.401673101668660820e+04 -4.534474471141158743e-13
5.403085228088099393e+04 -3.951649596967537599e-13
5.404497354499618814e+04 -3.579315174807208232e-13
5.405909480912108847e+04 -2.816585250440033834e-13
5.407321607319133182e+04 -2.055861598957983105e-13
5.408733733727310027e+04 -1.653969476847620958e-13
5.410145860147021449e+04 -6.525266037336693279e-14
5.411557986561897997e+04 3.461603174597208710e-14
5.412970112967198656e+04 4.298781371472824215e-14
5.414382239383134583e+04 6.367190337020118919e-14
5.415794365790137090e+04 1.023312963807025291e-13
5.417206492207334668e+04 1.297414577892808513e-13
5.418618618620836060e+04 1.188107097251576663e-13
5.420030745027776720e+04 1.866561422232501956e-13
5.421442871437929716e+04 1.973333750792445567e-13
5.422854997849984647e+04 2.074130611450802494e-13
5.424267124267676263e+04 2.160652935903163690e-13
5.425679250680376572e+04 2.367625618749396452e-13
5.427091377087942237e+04 1.955720628535031350e-13
5.428503503499033104e+04 1.667995317560062455e-13
5.429915629917159094e+04 2.217440689330053533e-13
5.431327756329350086e+04 2.265301655537741803e-13
5.432739882741140900e+04 2.234425514662625176e-13
5.434152009152814571e+04 1.830883173858218715e-13
5.435564135561430885e+04 1.852937725343316535e-13
5.436976261977420654e+04 1.998526896851505014e-13
5.438388388388740714e+04 1.935440567904825287e-13
5.439800514797237702e+04 1.619315889120932364e-13
5.441212641210339643e+04 1.770033743806793211e-13
5.442624767623168736e+04 1.866997241810543834e-13
5.444036894038885657e+04 2.190235490285365908e-13
5.445449020452088007e+04 2.074232341219682454e-13
5.446861146862230817e+04 1.833886514080374433e-13
5.448273273270190111e+04 2.476120417259691242e-13
5.449685399689299811e+04 2.186427560072979342e-13
5.451097526100269897e+04 2.479124913501947812e-13
5.452509652509116859e+04 2.602383244720921640e-13
5.453921778922066005e+04 2.441625933468736744e-13
5.455333905330023117e+04 2.535069350265226143e-13
5.456746031749380927e+04 2.776138845987701637e-13
5.458158158157167782e+04 3.004729104720889743e-13
5.459570284572241508e+04 2.597663214648919504e-13
5.460982410977222025e+04 2.312052264438509299e-13
5.462394537392279017e+04 1.942550091525401333e-13
5.463806663808038138e+04 2.213898065730825079e-13
5.465218790216936031e+04 2.107592769291647591e-13
5.466630916627970873e+04 1.893825000292285219e-13
5.468043043041339843e+04 1.895409903850628282e-13
5.469455169462696358e+04 1.466074442554792044e-13
5.470867295867659413e+04 1.617328112557423325e-13
5.472279422279825667e+04 1.635962000563938180e-13
5.473691548692765355e+04 1.372011398984216329e-13
5.475103675102706620e+04 8.358515882238955216e-14
5.476515801521518733e+04 5.076019926116427831e-14
5.477927927928593272e+04 -1.632515002058210423e-14
5.479340054339895141e+04 -2.532754095438285793e-14
5.480752180750972184e+04 -3.969594599257228924e-14
5.482164307159223245e+04 -1.037822323265364409e-13
5.483576433577908028e+04 -1.836047266820828288e-13
5.484988559991312650e+04 -2.391981957427259049e-13
5.486400686398658581e+04 -2.716872158626277093e-13
5.487812812811729236e+04 -3.445627230237853995e-13
5.489224939218400687e+04 -3.552885087240178361e-13
5.490637065641662775e+04 -3.848332612489203753e-13
5.492049192047545512e+04 -4.391347622447901338e-13
5.493461318462278723e+04 -4.921605950593094106e-13
5.494873444870652747e+04 -5.103428260124000432e-13
5.496285571292880923e+04 -5.312530331996103959e-13
5.497697697700051503e+04 -5.313195043554124989e-13
5.499109824112499336e+04 -5.457875583263001210e-13
5.500521950517071673e+04 -5.848986083902256952e-13
5.501934076927498973e+04 -5.815646464192108147e-13
5.503346203352357406e+04 -6.099134961497253453e-13
5.504758329762761423e+04 -6.580571092720853552e-13
5.506170456171174737e+04 -6.657689193652338381e-13
5.507582582580933376e+04 -6.502966307326886361e-13
5.508994708988166531e+04 -6.722258696388481717e-13
5.510406835407069593e+04 -6.946902302497174793e-13
5.511818961818990647e+04 -7.402490980284601320e-13
5.513231088231901958e+04 -7.220095284783645505e-13
5.514643214640942460e+04 -7.625735802071197223e-13
5.516055341059369675e+04 -7.347136113772785910e-13
5.517467467469874828e+04 -7.393027799738579014e-13
5.518879593882954214e+04 -6.925415356881621196e-13
5.520291720293236722e+04 -6.302197984362220194e-13
5.521703846698564303e+04 -5.809375055144688393e-13
5.523115973121023126e+04 -6.291670109303262631e-13
5.524528099532846682e+04 -5.700884880714798017e-13
5.525940225937723881e+04 -5.188675494405062103e-13
5.527352352349073044e+04 -4.273882107954571113e-13
5.528764478761162172e+04 -4.196546675244115140e-13
5.530176605177432793e+04 -3.351683256737672018e-13
5.531588731590248062e+04 -2.766172947869644399e-13
5.533000858002742461e+04 -2.598882967027235751e-13
5.534412984412277729e+04 -2.128690287305053971e-13
5.535825110831455095e+04 -1.712743850817918988e-13
5.537237237238923990e+04 -1.171307964317059957e-13
5.538649363647829159e+04 -5.067513129892348342e-14
5.540061490060261713e+04 -1.532253378706573190e-14
5.541473616471762944e+04 -3.904082940138846372e-14
5.542885742887981178e+04 -2.736733842243271192e-14
5.544297869302450999e+04 -3.075910139849293859e-14
5.545709995709552459e+04 2.629176220336319397e-14
5.547122122122041037e+04 1.550966809788492802e-15
5.548534248532774654e+04 1.421805706547354401e-14
5.549946374951765029e+04 3.093560032438379428e-15
5.551358501362077368e+04 3.124981681414189763e-14
5.552770627770500141e+04 2.894771838519631163e-14
5.554182754177759489e+04 3.482030049780229951e-14
5.555594880589607783e+04 7.689665772256362899e-14
5.557007007008123765e+04 5.007722258554860579e-14
5.558419133416905242e+04 6.476942885400199709e-14
5.559831259831690841e+04 7.076362428122336895e-14
5.561243386238666426e+04 1.214616950205568806e-13
5.562655512657951476e+04 1.673621667391175398e-13
5.564067639072909515e+04 2.318997633204756893e-13
5.565479765478648187e+04 2.208882094512990884e-13
5.566891891891909472e+04 2.120335578863941941e-13
5.568304018296935828e+04 2.137428492075948352e-13
5.569716144717781572e+04 1.850770187654116416e-13
5.571128271127604239e+04 2.546513949264202427e-13
5.572540397540821141e+04 2.161300307159671446e-13
5.573952523952758202e+04 1.739010788378861406e-13
5.575364650357226492e+04 1.531782625090328146e-13
5.576776776782211527e+04 2.216356920485453599e-13
5.578188903192560247e+04 2.319117859295250978e-13
5.579601029602915514e+04 2.829672980840589725e-13
5.581013156007797807e+04 3.013926400643703132e-13
5.582425282431655069e+04 2.701046092273005154e-13
5.583837408839094860e+04 2.684216751644005199e-13
5.585249535252089117e+04 2.957317252322403771e-13
5.586661661661434482e+04 3.182299572320661666e-13
5.588073788068679278e+04 3.391180844353491242e-13
5.589485914487789705e+04 3.786576711506808346e-13
5.590898040901830245e+04 3.841025258259513453e-13
5.592310167309266399e+04 4.126129871665726572e-13
5.593722293723045732e+04 4.265558612056183329e-13
5.595134420130016952e+04 3.760570883316811334e-13
5.596546546550393396e+04 3.566151422746324228e-13
5.597958672959298565e+04 3.217169762644411252e-13
5.599370799370396708e+04 4.122819030096730030e-13
5.600782925776892080e+04 3.406010270207922589e-13
5.602195052198656776e+04 3.339959905722517853e-13
5.603607178612921416e+04 3.224882728757660435e-13
5.605019305018570594e+04 3.273819371669242679e-13
5.606431431427520147e+04 3.398990916155216980e-13
5.607843557842916925e+04 3.661652555322427827e-13
5.609255684257683606e+04 3.946713239964806579e-13
5.610667810672647465e+04 3.852781982685734724e-13
5.612079937082908873e+04 4.120301218316955318e-13
5.613492063489263091e+04 3.732232206563184901e-13
5.614904189900883648e+04 4.145256224235227793e-13
5.616316316318891768e+04 4.076494992613196844e-13
5.617728442732019903e+04 4.325443921343452685e-13
5.619140569142859022e+04 4.440097994951378347e-13
5.620552695547052281e+04 4.671195661283432241e-13
5.621964821957654931e+04 4.632219287561263083e-13
5.623376948381401598e+04 4.206052477362011867e-13
5.624789074790762243e+04 4.097220120982252352e-13
5.626201201202913217e+04 4.170074819781593761e-13
5.627613327612481226e+04 4.315860514706936294e-13
5.629025454029241519e+04 4.882770460151375008e-13
5.630437580439267185e+04 4.801546175821469599e-13
5.631849706850603980e+04 5.083892525266919332e-13
5.633261833258994739e+04 5.783677733149774719e-13
5.634673959670185286e+04 5.876268007111794993e-13
5.636086086087971489e+04 5.996311446430147730e-13
5.637498212497255736e+04 6.110882286590807556e-13
5.638910338907659752e+04 6.559917486426195513e-13
5.640322465322561766e+04 6.707622174719043028e-13
5.641734591731317050e+04 6.947940257375928851e-13
5.643146718150965899e+04 7.279960790557339779e-13
5.644558844559792487e+04 7.120804567144909864e-13
5.645970970972511714e+04 7.189238645078384002e-13
5.647383097377217200e+04 6.747472499637498148e-13
5.648795223798779625e+04 7.195310062648346643e-13
5.650207350211489393e+04 7.443368855900904098e-13
5.651619476622090588e+04 7.475998679269096402e-13
5.653031603028433892e+04 7.227597704066669808e-13
5.654443729443229677e+04 7.046745295400424390e-13
5.655855855861775490e+04 7.105605214858188443e-13
5.657267982269770437e+04 6.749747547196082483e-13
5.658680108682471473e+04 6.251334104770567409e-13
5.660092235087940207e+04 6.151118722222965678e-13
5.661504361500865343e+04 6.115645089406542956e-13
5.662916487921652151e+04 5.574364109599206071e-13
5.664328614328926051e+04 4.949137574144428136e-13
5.665740740738892055e+04 4.582302339604111511e-13
