5.299999999999893043e+04 1.588696075518186893e-12
5.301412126410529163e+04 1.578711159111430699e-12
5.302824252819032699e+04 1.519714007715728386e-12
5.304236379241898976e+04 1.528362175537322678e-12
5.305648505651504092e+04 1.541076937349457957e-12
5.307060632060765784e+04 1.566758366422273314e-12
5.308472758470643021e+04 1.578033579595397587e-12
5.309884884879774472e+04 1.584859158947805232e-12
5.311297011298149300e+04 1.624900443650234795e-12
5.312709137710794312e+04 1.606770099198990370e-12
5.314121264120705018e+04 1.650362192422741756e-12
5.315533390529640747e+04 1.629386806816043935e-12
5.316945516948982549e+04 1.618728155939351327e-12
5.318357643358779023e+04 1.640199698970432815e-12
5.319769769769635604e+04 1.624583978046756615e-12
5.321181896180754120e+04 1.637465395142556396e-12
5.322594022590449458e+04 1.571280067392682831e-12
5.324006149009244837e+04 1.587704200103258627e-12
5.325418275419199927e+04 1.560008809124114821e-12
5.326830401830450137e+04 1.508475011214883435e-12
5.328242528239436069e+04 1.492317614844938979e-12
5.329654654648902215e+04 1.465355931899964439e-12
5.331066781071737205e+04 1.476455078581359581e-12
5.332478907478279871e+04 1.393592064795466894e-12
5.333891033890530525e+04 1.405698247359256346e-12
5.335303160298884904e+04 1.401306838522285181e-12
5.336715286720159202e+04 1.362325761196840245e-12
5.338127413128059561e+04 1.296513000103966072e-12
5.339539539540276019e+04 1.303166980542013634e-12
5.340951665947958827e+04 1.280634644222161218e-12
5.342363792361323431e+04 1.238762751382972310e-12
5.343775918781310611e+04 1.155000363005385174e-12
5.345188045191240963e+04 1.108915178512205575e-12
5.346600171599584428e+04 1.121553588694711997e-12
5.348012298010227823e+04 1.029268454237246652e-12
5.349424424420762807e+04 1.004892253526473969e-12
5.350836550838553376e+04 9.607239526805601885e-13
5.352248677250681794e+04 9.160694182911397517e-13
5.353660803658625809e+04 9.291287328530002710e-13
5.355072930070816801e+04 9.642039024952479748e-13
5.356485056490173156e+04 9.729735371540024924e-13
5.357897182900737243e+04 9.340984366228720318e-13
5.359309309309232776e+04 9.457670895603760967e-13
5.360721435721859598e+04 9.472093114219109980e-13
5.362133562130864448e+04 9.341573939963502191e-13
5.363545688549838087e+04 9.465733774170508345e-13
5.364957814961772965e+04 9.586496052407747611e-13
5.366369941370687593e+04 9.406167052434595308e-13
5.367782067781092337e+04 9.434022763526215497e-13
5.369194194191871065e+04 9.502180416826115469e-13
5.370606320610774128e+04 9.477047730760490019e-13
5.372018447019744781e+04 9.355649005845576996e-13
5.373430573430227378e+04 9.581523126123051503e-13
5.374842699839256238e+04 9.537754050920406192e-13
5.376254826250208862e+04 9.863403821646026917e-13
5.377666952669672901e+04 9.673366263376862210e-13
5.379079079079243820e+04 9.412683856275716350e-13
5.380491205491885194e+04 8.970935665130371604e-13
5.381903331899669138e+04 8.742506969465411610e-13
5.383315458319883328e+04 8.723680891387635940e-13
5.384727584731399111e+04 7.754329390297284097e-13
5.386139711140414147e+04 7.759592342916108842e-13
5.387551837549968332e+04 7.855422609874468311e-13
5.388963963961815170e+04 7.356915679228191505e-13
5.390376090378720983e+04 7.031043262023843419e-13
5.391788216791795276e+04 6.534644149028134154e-13
5.393200343201768555e+04 6.010292649496094480e-13
5.394612469610082917e+04 5.549289932279373196e-13
5.396024596019364253e+04 4.668327618463653740e-13
5.397436722437896969e+04 3.910348188554569006e-13
5.398848848848576745e+04 3.470918743302795181e-13
5.400260975258001417e+04 2.869922658248903025e-13
5.401673101668648451e+04 1.768534471376892368e-13
5.403085228089170414e+04 1.002284896606720999e-13
5.404497354499501671e+04 9.678816213052065899e-14
5.405909480908935075e+04 9.618408707903071349e-14
5.407321607318936003e+04 5.249835782796006661e-14
5.408733733729590313e+04 1.749188634263487845e-14
5.410145860148297652e+04 -7.398915742735367213e-14
5.411557986559932033e+04 -1.191472829969444379e-13
5.412970112969731417e+04 -1.591108611487398179e-13
5.414382239378230588e+04 -1.503350744162310434e-13
5.415794365790444863e+04 -1.247619291653880490e-13
5.417206492209561839e+04 -1.597975497620727201e-13
5.418618618621089263e+04 -1.342796266970715378e-13
5.420030745029143873e+04 -1.227223702379035318e-13
5.421442871439002920e+04 -1.127845739555718431e-13
5.422854997850748623e+04 -1.584353048593431827e-13
5.424267124269490887e+04 -1.200419702943500275e-13
5.425679250681644771e+04 -1.399033544981999970e-13
5.427091377091340837e+04 -1.409342662858785353e-13
5.428503503499128419e+04 -8.567062718517916217e-14
5.429915629921324580e+04 -1.320240127984552073e-13
5.431327756329542171e+04 -1.284530269399989512e-13
5.432739882739903260e+04 -7.232692569013059359e-14
5.434152009148886282e+04 -4.957553160124259326e-14
5.435564135560853174e+04 -7.443269264944667806e-14
5.436976261979062838e+04 -1.004245213429905935e-14
5.438388388389759348e+04 1.905363420853834366e-14
5.439800514801222016e+04 9.037179268920006810e-15
5.441212641211005393e+04 -2.716030439964107459e-14
5.442624767620590865e+04 -4.556379360167739806e-14
5.444036894040647167e+04 -3.559670173003968922e-14
5.445449020450505486e+04 -1.786994064097222858e-14
5.446861146859868313e+04 -1.432312364369343576e-14
5.448273273271429935e+04 -6.677853702503657117e-15
5.449685399688073085e+04 1.948915486866034051e-16
5.451097526100582763e+04 -3.897008883862689605e-14
5.452509652511245076e+04 -7.970750998194055263e-14
5.453921778918293421e+04 -1.222312296831882536e-13
5.455333905330558628e+04 -1.190328837207044750e-13
5.456746031747879897e+04 -1.222398718820335282e-13
5.458158158161361644e+04 -1.428103558250355090e-13
5.459570284570502554e+04 -1.655141445813012307e-13
5.460982410978087864e+04 -1.620889042796423955e-13
5.462394537391049380e+04 -1.890836180015596025e-13
5.463806663811846374e+04 -1.715065573738458539e-13
5.465218790219251241e+04 -1.720810438801367367e-13
5.466630916630781576e+04 -1.461696810507558385e-13
5.468043043040400516e+04 -1.544638482950737564e-13
5.469455169457980810e+04 -1.738677818719103736e-13
5.470867295868510701e+04 -1.631731340398578767e-13
5.472279422281683946e+04 -1.350692893068150869e-13
5.473691548688666080e+04 -1.692297041729826609e-13
5.475103675100790861e+04 -1.548057278222749245e-13
5.476515801521117828e+04 -1.744367022162331228e-13
5.477927927929651196e+04 -2.579001291049524655e-13
5.479340054338738264e+04 -2.216691019866360159e-13
5.480752180751693231e+04 -1.956130189460834190e-13
5.482164307158577139e+04 -2.073081111529361938e-13
5.483576433580518642e+04 -2.160021631912811839e-13
5.484988559990451176e+04 -2.404991349689678736e-13
5.486400686398969992e+04 -2.573373608343840236e-13
5.487812812811619369e+04 -2.808166038395798610e-13
5.489224939220032684e+04 -2.438681277391591493e-13
5.490637065640608489e+04 -2.659312219573024084e-13
5.492049192049372505e+04 -2.885729040642394133e-13
5.493461318458501046e+04 -2.602543226615835307e-13
5.494873444869319792e+04 -2.218293488601398938e-13
5.496285571291705128e+04 -2.603011956044731931e-13
5.497697697700520075e+04 -2.552857907152840166e-13
5.499109824109875626e+04 -2.359990394956714796e-13
5.500521950519985694e+04 -2.319290032733873186e-13
5.501934076930439187e+04 -2.830878908784749205e-13
5.503346203350029828e+04 -3.120492175105046594e-13
5.504758329759028857e+04 -3.356620484029359033e-13
5.506170456168705277e+04 -3.476322261933721430e-13
5.507582582578915753e+04 -3.564783223402153352e-13
5.508994708991193329e+04 -3.808557681135334768e-13
5.510406835411852808e+04 -3.825124336887884471e-13
5.511818961820096592e+04 -4.367467722592210894e-13
5.513231088228178123e+04 -5.093359693534421145e-13
5.514643214640825317e+04 -5.443468351771632338e-13
5.516055341060905630e+04 -5.784852783513513228e-13
5.517467467471437703e+04 -5.859330960206185334e-13
5.518879593881039182e+04 -6.610358546772953040e-13
5.520291720288149372e+04 -6.326150316679615234e-13
5.521703846700317081e+04 -6.418358184020286121e-13
5.523115973120949639e+04 -6.373489059439199292e-13
5.524528099531667976e+04 -6.876476750469829641e-13
5.525940225940648816e+04 -6.978217402570676446e-13
5.527352352351598529e+04 -7.899862501255654570e-13
5.528764478760919155e+04 -7.881268590723128839e-13
5.530176605179386388e+04 -7.881072310274778921e-13
5.531588731590298266e+04 -8.204448743270254354e-13
5.533000857999255823e+04 -8.176729256668907012e-13
5.534412984411291836e+04 -8.426556183152710097e-13
5.535825110829985351e+04 -8.966907468784228395e-13
5.537237237241481489e+04 -8.448147032471240497e-13
5.538649363649018051e+04 -8.412714017205619368e-13
5.540061490057993797e+04 -9.017468726367472953e-13
5.541473616469436092e+04 -8.494275867392485613e-13
5.542885742889441462e+04 -8.672079587567460360e-13
5.544297869299373997e+04 -8.553511548969241129e-13
5.545709995711817464e+04 -8.492802299250393456e-13
5.547122122120414133e+04 -8.742295256016108529e-13
5.548534248528541502e+04 -8.845213590807056863e-13
5.549946374947924051e+04 -8.825225210223565241e-13
5.551358501361605158e+04 -8.122520698217063694e-13
5.552770627770198189e+04 -8.035430770328152225e-13
5.554182754181083874e+04 -7.993151375841716768e-13
5.555594880588782689e+04 -8.345006051201566822e-13
5.557007007009682275e+04 -8.258592851425624866e-13
5.558419133417973353e+04 -7.944491402004432106e-13
5.559831259830491035e+04 -7.544386891057582188e-13
5.561243386238226958e+04 -7.521712104934729986e-13
5.562655512660522072e+04 -7.391235409283616326e-13
5.564067639070739096e+04 -6.791455091185924094e-13
5.565479765481443610e+04 -6.441018322348485871e-13
5.566891891889846011e+04 -6.450469079458605031e-13
5.568304018300388998e+04 -5.822834515048756845e-13
5.569716144718628493e+04 -5.566457094796129051e-13
5.571128271128670167e+04 -5.121940470461365957e-13
5.572540397540967388e+04 -4.908141259706094738e-13
5.573952523948746239e+04 -4.233560513433363845e-13
5.575364650361677195e+04 -4.628599816989204686e-13
5.576776776781512308e+04 -4.370476379613938535e-13
5.578188903189603298e+04 -4.318356596679613561e-13
5.579601029601310438e+04 -4.172022198537156619e-13
5.581013156011577667e+04 -3.996377563294035013e-13
5.582425282429980143e+04 -4.198613804950222786e-13
5.583837408841177967e+04 -4.399555181559085377e-13
5.585249535249946348e+04 -4.422824668144850334e-13
5.586661661658364756e+04 -4.020733916243052766e-13
5.588073788068201975e+04 -3.964987339352643475e-13
5.589485914490180585e+04 -4.172256563251604426e-13
5.590898040898038016e+04 -4.349664792970947837e-13
5.592310167309240205e+04 -4.787434643088536807e-13
5.593722293721375900e+04 -4.586923911642472445e-13
5.595134420128152124e+04 -4.773100311241105532e-13
5.596546546549496998e+04 -5.409520622883826337e-13
5.597958672961452248e+04 -5.392807489184747070e-13
5.599370799370774330e+04 -5.455040109547506246e-13
5.600782925780199002e+04 -5.660308444696866590e-13
5.602195052198415215e+04 -6.073634055097520070e-13
5.603607178608763206e+04 -6.548872963937497164e-13
5.605019305021173204e+04 -6.098760882045285550e-13
5.606431431430671364e+04 -6.914080568903025873e-13
5.607843557841127040e+04 -6.856157329727180499e-13
5.609255684258204565e+04 -6.709770199523972207e-13
5.610667810670116887e+04 -6.647897914909676466e-13
5.612079937078525109e+04 -6.399266248469557853e-13
5.613492063491154113e+04 -6.660571186843457136e-13
5.614904189901061181e+04 -6.524255880243655172e-13
5.616316316321289196e+04 -6.350659006693024037e-13
5.617728442728102527e+04 -6.568114306993685486e-13
5.619140569138859428e+04 -6.324539059267783974e-13
5.620552695548546762e+04 -6.273646761525381895e-13
5.621964821959349501e+04 -6.373105287219289917e-13
5.623376948377889494e+04 -6.191970658540221479e-13
5.624789074789789447e+04 -6.415988170845429600e-13
5.626201201198791387e+04 -6.645964406015480166e-13
5.627613327611455315e+04 -6.785795183332002767e-13
5.629025454028855165e+04 -6.589962957498108121e-13
5.630437580437881843e+04 -6.847857889276787446e-13
5.631849706851202791e+04 -7.233598772786900177e-13
5.633261833261025458e+04 -7.075877179081195770e-13
5.634673959671016928e+04 -7.185887976043129714e-13
5.636086086090375466e+04 -7.067498640539676450e-13
5.637498212498483190e+04 -6.820525104454278961e-13
5.638910338911601139e+04 -6.827731819423557732e-13
5.640322465319758339e+04 -7.211187646967801190e-13
5.641734591731656110e+04 -7.272257232435112297e-13
5.643146718150234665e+04 -7.071225039499401477e-13
5.644558844559790305e+04 -7.238227475897249538e-13
5.645970970969147311e+04 -7.236932610849924357e-13
5.647383097380320396e+04 -6.868751503569834902e-13
5.648795223801708926e+04 -6.415923720548955784e-13
5.650207350209681317e+04 -6.324609368682118771e-13
5.651619476618724002e+04 -6.394432476234066093e-13
5.653031603030099359e+04 -6.298530435081907592e-13
5.654443729438053560e+04 -5.773418715007376403e-13
5.655855855860562588e+04 -5.765479610305447794e-13
5.657267982271875371e+04 -5.564300939423206400e-13
5.658680108679370460e+04 -4.994917724789431628e-13
5.660092235089177120e+04 -4.934539515229742486e-13
5.661504361501696985e+04 -5.142145638405721938e-13
5.662916487920611689e+04 -4.967168942598777364e-13
5.664328614329410630e+04 -4.936918317081390477e-13
5.665740740738648310e+04 -4.863726216759251072e-13
