5.299999999999783904e+04 1.817831369704745881e-12
5.301412126409618213e+04 1.773740991173069699e-12
5.302824252819160029e+04 1.763515667519857894e-12
5.304236379239741655e+04 1.745824092294200358e-12
5.305648505654245673e+04 1.718779949628543443e-12
5.307060632058099145e+04 1.617508477953791860e-12
5.308472758470374538e+04 1.581159438116150579e-12
5.309884884884408530e+04 1.555493040749438082e-12
5.311297011297327117e+04 1.477007226270879200e-12
5.312709137711198855e+04 1.468503536055193023e-12
5.314121264124441950e+04 1.443331112887076407e-12
5.315533390526764560e+04 1.414967639639122817e-12
5.316945516950924502e+04 1.365838962560016206e-12
5.318357643361216469e+04 1.345225321236921377e-12
5.319769769771415304e+04 1.312587925597386544e-12
5.321181896173658606e+04 1.264551673887413658e-12
5.322594022592359397e+04 1.191752377120522942e-12
5.324006149009388173e+04 1.128976496082336406e-12
5.325418275422258739e+04 1.065097708355737756e-12
5.326830401835872181e+04 1.014683717472522134e-12
5.328242528236434737e+04 1.036575670435243108e-12
5.329654654649455915e+04 9.645949106162886531e-13
5.331066781068443379e+04 9.061933504366335408e-13
5.332478907482110662e+04 8.959781426452635614e-13
5.333891033885143406e+04 8.214696160662415978e-13
5.335303160295380803e+04 7.250664029028738367e-13
5.336715286722804012e+04 7.035443367207655998e-13
5.338127413125733437e+04 5.696050341111690619e-13
5.339539539545837761e+04 5.136246148299132534e-13
5.340951665955559292e+04 4.607687396842034692e-13
5.342363792361150263e+04 4.169640757763694401e-13
5.343775918783141242e+04 3.336768522607081381e-13
5.345188045186193631e+04 2.972263029655095645e-13
5.346600171595647407e+04 3.038888697802378866e-13
5.348012298008001380e+04 2.691243364408053211e-13
5.349424424423536402e+04 2.403778491811204786e-13
5.350836550845197053e+04 1.839306968985841423e-13
5.352248677253806090e+04 1.150927833235947342e-13
5.353660803654362098e+04 4.440939740415328152e-14
5.355072930073663156e+04 2.054964618384085532e-14
5.356485056487845577e+04 3.734583607181883571e-14
5.357897182895154401e+04 2.687779020759276573e-14
5.359309309309067612e+04 1.967582283491365423e-14
5.360721435723484319e+04 -2.647306049008893559e-14
5.362133562133389933e+04 -7.046261662418827963e-14
5.363545688544733275e+04 -1.353204940597184340e-13
5.364957814957573282e+04 -1.534740513399823998e-13
5.366369941375876078e+04 -1.960786699727875130e-13
5.367782067779228964e+04 -2.891705610139717868e-13
5.369194194187159155e+04 -3.385360252753241355e-13
5.370606320606129157e+04 -3.437136508158391841e-13
5.372018447013846162e+04 -3.909854240418805613e-13
5.373430573435726546e+04 -4.449625518393136524e-13
5.374842699835657550e+04 -4.539347657977192296e-13
5.376254826253933425e+04 -4.973927129264136402e-13
5.377666952672434854e+04 -5.484305688902999513e-13
5.379079079074755282e+04 -5.531999346193715571e-13
5.380491205486435501e+04 -4.896322096444095225e-13
5.381903331893700670e+04 -4.726029602400378758e-13
5.383315458318171295e+04 -5.308599016029281652e-13
5.384727584731166280e+04 -5.197025737769010488e-13
5.386139711134415847e+04 -4.996362707472774162e-13
5.387551837550177879e+04 -4.907130865585503245e-13
5.388963963962828711e+04 -4.660072867544832778e-13
5.390376090376589855e+04 -4.371973122289327604e-13
5.391788216796200140e+04 -4.027511654081637121e-13
5.393200343205132231e+04 -4.200573657670505728e-13
5.394612469605015212e+04 -4.160471647707840604e-13
5.396024596022642800e+04 -3.298738946426252332e-13
5.397436722442386235e+04 -3.103312190279937229e-13
5.398848848853083473e+04 -2.479891798218042305e-13
5.400260975255488302e+04 -2.102136865180844376e-13
5.401673101665954891e+04 -1.608957609600697296e-13
5.403085228085478593e+04 -1.101513234627865481e-13
5.404497354502402595e+04 -8.644804649847847829e-14
5.405909480904464726e+04 -1.040078377725405293e-13
5.407321607325618970e+04 -5.617682695889612832e-14
5.408733733730771200e+04 -3.536940548468075174e-14
5.410145860148184875e+04 -5.889916325814690517e-14
5.411557986556550895e+04 3.064291280441569731e-15
5.412970112971234630e+04 -3.924065225444787501e-14
5.414382239385793218e+04 -5.178595818764067777e-14
5.415794365784746333e+04 -8.778170301228546293e-14
5.417206492214983882e+04 -9.471138997648762534e-14
5.418618618620282359e+04 -9.120712094613881568e-14
5.420030745031027618e+04 -4.446952954585523321e-14
5.421442871441411990e+04 -5.040326723754485067e-15
5.422854997850949439e+04 9.066681163610407146e-15
5.424267124264778249e+04 -1.595905003204047753e-15
5.425679250685182342e+04 1.139119978241410195e-15
5.427091377094723430e+04 2.550916672626313130e-14
5.428503503505190019e+04 3.137774071448952023e-14
5.429915629915252794e+04 3.310810858474703060e-14
5.431327756329436670e+04 6.171360236543690309e-14
5.432739882736717118e+04 8.179744735201177481e-14
5.434152009154456027e+04 1.122244979425102895e-13
5.435564135556222755e+04 1.309075591933450480e-13
5.436976261984918528e+04 1.511751854155782563e-13
5.438388388386701263e+04 1.520803503942582101e-13
5.439800514804231352e+04 1.964698046736541994e-13
5.441212641203690146e+04 2.161833974221798851e-13
5.442624767623638036e+04 2.549132608938276360e-13
5.444036894044795190e+04 2.072250708463606187e-13
5.445449020447315706e+04 2.209293738753166821e-13
5.446861146862772875e+04 2.086714051969838961e-13
5.448273273268724733e+04 1.938481592073030902e-13
5.449685399687381141e+04 1.903739161599356566e-13
5.451097526103930431e+04 2.480032793946006447e-13
5.452509652508026920e+04 2.576048987684138801e-13
5.453921778923350212e+04 2.690182806927380706e-13
5.455333905328882247e+04 2.880706878471795740e-13
5.456746031752284034e+04 3.021334315298376727e-13
5.458158158156403078e+04 3.529874477848757868e-13
5.459570284572586388e+04 3.484974669568462916e-13
5.460982410982364672e+04 3.626810162497080700e-13
5.462394537389810284e+04 4.216243305332048842e-13
5.463806663815426873e+04 4.162761679345295962e-13
5.465218790222278767e+04 3.898257328018848619e-13
5.466630916630575666e+04 3.985124221743154055e-13
5.468043043038184260e+04 3.859425282647960627e-13
5.469455169457178272e+04 3.876260298733990133e-13
5.470867295871431998e+04 3.498453909289735609e-13
5.472279422273970704e+04 3.273766584216983806e-13
5.473691548688828334e+04 3.825637719364327957e-13
5.475103675104607100e+04 4.460952727702906707e-13
5.476515801520166133e+04 4.295074228577026650e-13
5.477927927932668536e+04 4.304348953583054932e-13
5.479340054344163946e+04 4.519265993365907788e-13
5.480752180753526773e+04 4.934708651448880060e-13
5.482164307163164631e+04 4.663852065144468290e-13
5.483576433583420294e+04 4.646563881837200050e-13
5.484988559985182656e+04 4.987663726361148421e-13
5.486400686406118621e+04 4.782280593998278013e-13
5.487812812807995215e+04 4.465762732298915209e-13
5.489224939218631334e+04 4.544331403287473728e-13
5.490637065642698144e+04 4.028623304760898843e-13
5.492049192055398453e+04 3.553678913431484471e-13
5.493461318458471942e+04 3.217617118943908653e-13
5.494873444873065455e+04 2.864399290558097211e-13
5.496285571283534227e+04 2.873439245706929181e-13
5.497697697704547318e+04 2.571529302475672055e-13
5.499109824111872149e+04 2.337480712075933176e-13
5.500521950524145359e+04 1.963820656523034712e-13
5.501934076931545860e+04 2.025151138781635387e-13
5.503346203352261364e+04 1.338549003270894048e-13
5.504758329762416543e+04 8.237294048638955331e-14
5.506170456173101411e+04 1.008015848882426393e-13
5.507582582578907750e+04 9.950874266094203183e-14
5.508994708995142719e+04 1.087690247890806115e-13
5.510406835407634935e+04 9.657078647416654021e-14
5.511818961824531289e+04 7.072584122228607440e-14
5.513231088228046428e+04 9.271512747610138152e-15
5.514643214641701343e+04 -7.531810869527981380e-15
5.516055341063905507e+04 -6.362636981734597191e-14
5.517467467470053089e+04 -9.138599043385082143e-14
5.518879593882863992e+04 -7.863871810296031764e-14
5.520291720289812656e+04 -1.360543618287702766e-13
5.521703846702641749e+04 -1.982461249370781299e-13
5.523115973117893736e+04 -1.311544839399819498e-13
5.524528099526293954e+04 -1.630930664877722419e-13
5.525940225943150290e+04 -2.054298194379331176e-13
5.527352352352387243e+04 -1.841597288491308562e-13
5.528764478763871739e+04 -1.698071335644497084e-13
5.530176605179972103e+04 -2.047746858189970612e-13
5.531588731583664048e+04 -2.285926287085759129e-13
5.533000857996564446e+04 -2.632421745201936338e-13
5.534412984412420337e+04 -2.443748642481818310e-13
5.535825110834143561e+04 -2.666624760499362133e-13
5.537237237236280635e+04 -3.359006970825511075e-13
5.538649363654715125e+04 -3.140568090818763549e-13
5.540061490061241057e+04 -3.127150832678718566e-13
5.541473616475917515e+04 -3.287801243901254092e-13
5.542885742892491544e+04 -3.811524554924763868e-13
5.544297869303815241e+04 -3.705539559417234910e-13
5.545709995708696806e+04 -4.009408939239937028e-13
5.547122122123882582e+04 -3.571698521003159786e-13
5.548534248527086311e+04 -4.392662691049425972e-13
5.549946374950069730e+04 -4.169123194693178695e-13
5.551358501363002142e+04 -4.368036707149486772e-13
5.552770627765682002e+04 -4.656321227684877610e-13
5.554182754183767975e+04 -4.961185821198608898e-13
5.555594880591228866e+04 -5.046595270666222271e-13
5.557007007011522364e+04 -5.337062595378236336e-13
5.558419133418725687e+04 -5.702072711958516895e-13
5.559831259827114263e+04 -5.885607190755741080e-13
5.561243386234583886e+04 -6.300045279437310531e-13
5.562655512657614599e+04 -6.009510710556983957e-13
5.564067639074531326e+04 -6.313840274383704037e-13
5.565479765482815128e+04 -6.443692856518983761e-13
5.566891891886956728e+04 -6.508074177457340284e-13
5.568304018293445552e+04 -6.941112003094226439e-13
5.569716144726202765e+04 -6.040544186599283537e-13
5.571128271128219785e+04 -5.806853744487297403e-13
5.572540397538863908e+04 -5.411007791246366949e-13
5.573952523955783545e+04 -5.577858114787341544e-13
5.575364650364346744e+04 -5.918770260371912865e-13
5.576776776779357169e+04 -5.563776601210745639e-13
5.578188903186201060e+04 -4.979570961547223549e-13
5.579601029594585998e+04 -4.660848806773973070e-13
5.581013156007792713e+04 -4.892400591967662841e-13
5.582425282425060868e+04 -3.849286540921630958e-13
5.583837408842847071e+04 -3.726230297641130237e-13
5.585249535250084591e+04 -3.562748029834778502e-13
5.586661661658168305e+04 -3.853886042034225752e-13
5.588073788069069269e+04 -3.995718611303351643e-13
5.589485914491870062e+04 -3.739228303010042738e-13
5.590898040905946254e+04 -3.869008378389924143e-13
5.592310167311337864e+04 -3.791100454446526174e-13
5.593722293719057780e+04 -3.242623687969231913e-13
5.595134420128837519e+04 -3.247755295109345014e-13
5.596546546550519270e+04 -3.338248988433303239e-13
5.597958672953916539e+04 -3.330991296110709315e-13
5.599370799364356208e+04 -3.529132962461165952e-13
5.600782925780691585e+04 -3.563587704840840931e-13
5.602195052200446662e+04 -3.264348816921347462e-13
5.603607178606812522e+04 -3.206779914964974339e-13
5.605019305020806496e+04 -3.140131880822578193e-13
5.606431431430929661e+04 -3.336735702280316238e-13
5.607843557834793319e+04 -3.239252123843218681e-13
5.609255684265732270e+04 -3.313176854094906049e-13
5.610667810670540348e+04 -3.116734418641118530e-13
5.612079937075614725e+04 -2.298632511237383927e-13
5.613492063493923342e+04 -2.551962928351890267e-13
5.614904189893600415e+04 -2.344868139539509947e-13
5.616316316323041974e+04 -2.565740381341332926e-13
5.617728442734048440e+04 -2.279669655773177655e-13
5.619140569138493447e+04 -2.243886987252299818e-13
5.620552695555172977e+04 -1.890711259563171067e-13
5.621964821958998800e+04 -1.936882859722425457e-13
5.623376948375611391e+04 -2.008303767985283479e-13
5.624789074785164848e+04 -1.782748116043449563e-13
5.626201201199016941e+04 -2.264974173703291475e-13
5.627613327604492952e+04 -2.427634308460531628e-13
5.629025454031446861e+04 -2.875707345400258394e-13
5.630437580437480210e+04 -3.166057723732598289e-13
5.631849706843696185e+04 -3.714180727411377138e-13
5.633261833260696585e+04 -4.216915671674720605e-13
5.634673959667304734e+04 -4.826877581997735069e-13
5.636086086093537597e+04 -5.244642795181040386e-13
5.637498212496622000e+04 -5.622294230672227152e-13
5.638910338914615568e+04 -5.394893164859131279e-13
5.640322465316883608e+04 -5.123890395580125913e-13
5.641734591730051761e+04 -5.617914004021522247e-13
5.643146718144398619e+04 -5.823066605833459436e-13
5.644558844558185228e+04 -5.954386865033652845e-13
5.645970970970454073e+04 -5.909002314009607331e-13
5.647383097373665805e+04 -5.537922095592326399e-13
5.648795223798404913e+04 -6.169190466828221903e-13
5.650207350204270915e+04 -6.475922109293455099e-13
5.651619476617753389e+04 -6.413926494500455279e-13
5.653031603025448567e+04 -6.163012189590022532e-13
5.654443729434782290e+04 -6.355336358283575448e-13
5.655855855863136821e+04 -6.223896229044216481e-13
5.657267982264917373e+04 -6.646219427375332128e-13
5.658680108676245436e+04 -6.634379775897095268e-13
5.660092235090976465e+04 -6.497577070417765742e-13
5.661504361496645288e+04 -6.460521440554131003e-13
5.662916487921187945e+04 -6.647080737461634256e-13
5.664328614330059645e+04 -6.757007410696089350e-13
5.665740740738694876e+04 -6.765480175903500814e-13
