5.300000000000033469e+04 -1.752972157238522418e-12
5.301412126411061035e+04 -1.760322146427069019e-12
5.302824252819813410e+04 -1.755230521828064955e-12
5.304236379241973918e+04 -1.730549202669659869e-12
5.305648505650559673e+04 -1.730204168599040570e-12
5.307060632060503121e+04 -1.705450456739375710e-12
5.308472758469758992e+04 -1.662938098802589314e-12
5.309884884877559671e+04 -1.668742018342779520e-12
5.311297011302061583e+04 -1.606156218287066767e-12
5.312709137711532094e+04 -1.609757817415303845e-12
5.314121264121772401e+04 -1.543740348825101863e-12
5.315533390530521137e+04 -1.573392946978067197e-12
5.316945516950159799e+04 -1.542511166677425189e-12
5.318357643357279449e+04 -1.551573504661164996e-12
5.319769769770286075e+04 -1.533153504093514485e-12
5.321181896177456656e+04 -1.474375609916514125e-12
5.322594022589564702e+04 -1.390846659477602774e-12
5.324006149007053318e+04 -1.390317531625216947e-12
5.325418275420310965e+04 -1.351364781177190277e-12
5.326830401829870243e+04 -1.330563649948850737e-12
5.328242528237101942e+04 -1.300135312964619708e-12
5.329654654649065196e+04 -1.257515182019003646e-12
5.331066781067930424e+04 -1.261009284763176905e-12
5.332478907482149225e+04 -1.245554591037033086e-12
5.333891033890775725e+04 -1.232626809223254813e-12
5.335303160301611206e+04 -1.229312401927068811e-12
5.336715286722640303e+04 -1.153601973874099529e-12
5.338127413131028879e+04 -1.145857642250395846e-12
5.339539539540949045e+04 -1.135188722950738998e-12
5.340951665947141737e+04 -1.123932529272885547e-12
5.342363792357387865e+04 -1.047089156828327538e-12
5.343775918780019856e+04 -9.943687917769769791e-13
5.345188045188529941e+04 -9.936629560240768192e-13
5.346600171598726592e+04 -9.530648414679415208e-13
5.348012298008009384e+04 -8.989931644347296078e-13
5.349424424422688026e+04 -8.927807807650786997e-13
5.350836550840576092e+04 -8.691080078409965645e-13
5.352248677247181331e+04 -8.060708668170946036e-13
5.353660803660058446e+04 -7.684860811618419032e-13
5.355072930070161965e+04 -7.686750712019662867e-13
5.356485056492276635e+04 -7.532852183209705178e-13
5.357897182902065106e+04 -7.316003816151990799e-13
5.359309309311358084e+04 -7.570054341488639589e-13
5.360721435718678549e+04 -7.314361771541074355e-13
5.362133562127521145e+04 -7.058550252944133297e-13
5.363545688552811771e+04 -7.096712299161053747e-13
5.364957814959386451e+04 -7.131932164366904154e-13
5.366369941370315064e+04 -7.044571850269125312e-13
5.367782067780513898e+04 -7.246254541156200851e-13
5.369194194187609537e+04 -7.456467233327345616e-13
5.370606320608813985e+04 -7.610071433386289780e-13
5.372018447019994346e+04 -7.895218455166942166e-13
5.373430573427466152e+04 -8.014661709624245289e-13
5.374842699840237037e+04 -8.683737350621526264e-13
5.376254826251765189e+04 -8.734696058513145836e-13
5.377666952672351181e+04 -9.037896719021371600e-13
5.379079079079609073e+04 -9.487446265226154444e-13
5.380491205488805281e+04 -9.690782065714787378e-13
5.381903331899373734e+04 -1.015309507862235154e-12
5.383315458317688172e+04 -1.088379939798501891e-12
5.384727584728736110e+04 -1.043144598315216023e-12
5.386139711142401211e+04 -1.040756109435751706e-12
5.387551837551666540e+04 -1.090017890362882022e-12
5.388963963960667024e+04 -1.180628102861419185e-12
5.390376090380883397e+04 -1.255653054744265070e-12
5.391788216792924504e+04 -1.241309507378149962e-12
5.393200343198145856e+04 -1.314030838859737388e-12
5.394612469610373228e+04 -1.348365062214794361e-12
5.396024596019234014e+04 -1.396123110914003043e-12
5.397436722438915604e+04 -1.421256351952606140e-12
5.398848848851033836e+04 -1.446070368011256554e-12
5.400260975258137478e+04 -1.457326561689110207e-12
5.401673101670193137e+04 -1.414276334557332854e-12
5.403085228089964221e+04 -1.418026481184906536e-12
5.404497354498929781e+04 -1.435705238029610087e-12
5.405909480909084232e+04 -1.435241614921810929e-12
5.407321607321699412e+04 -1.431707788861241314e-12
5.408733733727823710e+04 -1.412597000927960477e-12
5.410145860150638327e+04 -1.401501581564100370e-12
5.411557986562456790e+04 -1.426228737446229979e-12
5.412970112970997434e+04 -1.440610127080332512e-12
5.414382239381282852e+04 -1.401328082510871398e-12
5.415794365790812299e+04 -1.369907492491034070e-12
5.417206492211672594e+04 -1.347871342332455333e-12
5.418618618621359201e+04 -1.341583882701314884e-12
5.420030745028773526e+04 -1.377179736289099313e-12
5.421442871438102156e+04 -1.427594157291156803e-12
5.422854997847082996e+04 -1.462884617137288372e-12
5.424267124269813939e+04 -1.472442777351588574e-12
5.425679250682392012e+04 -1.461597316126277022e-12
5.427091377088159061e+04 -1.489453872661098850e-12
5.428503503499166982e+04 -1.502009760139480020e-12
5.429915629920152423e+04 -1.509436803156593160e-12
5.431327756331667479e+04 -1.492761640962901292e-12
5.432739882738197048e+04 -1.477790044728082441e-12
5.434152009151792299e+04 -1.538591504393252833e-12
5.435564135558239650e+04 -1.537645447693567022e-12
5.436976261980724667e+04 -1.566109472214502788e-12
5.438388388390494219e+04 -1.568113784618960254e-12
5.439800514801708778e+04 -1.613380661325568842e-12
5.441212641210707079e+04 -1.541978055428409266e-12
5.442624767620135390e+04 -1.547575834192983383e-12
5.444036894042520726e+04 -1.577111613707271168e-12
5.445449020452845434e+04 -1.565254369737874499e-12
5.446861146862437454e+04 -1.553323654230630768e-12
5.448273273267388868e+04 -1.412160044447602586e-12
5.449685399688017060e+04 -1.375193902419010083e-12
5.451097526099573588e+04 -1.380021779134880825e-12
5.452509652507969440e+04 -1.314302595029845960e-12
5.453921778920705401e+04 -1.267788251278528596e-12
5.455333905332143331e+04 -1.248623466190926305e-12
5.456746031747295638e+04 -1.201584641883291929e-12
5.458158158159854065e+04 -1.177149601754047655e-12
5.459570284568070929e+04 -1.100865121986695883e-12
5.460982410977850668e+04 -1.119566062666685974e-12
5.462394537388008757e+04 -1.084292421606326751e-12
5.463806663808631129e+04 -1.083114221403022102e-12
5.465218790218706272e+04 -9.796651896154492414e-13
5.466630916631533910e+04 -9.142865859223011954e-13
5.468043043040840712e+04 -8.986446725545354029e-13
5.469455169462172489e+04 -8.894193472586742646e-13
5.470867295869885129e+04 -7.979158580658021298e-13
5.472279422282088490e+04 -7.551328504579710541e-13
5.473691548690781201e+04 -6.605059357073523490e-13
5.475103675101037516e+04 -6.163448941652653418e-13
5.476515801519751403e+04 -6.344341621626982568e-13
5.477927927928134159e+04 -6.218541530047228652e-13
5.479340054340977804e+04 -6.121242641356959004e-13
5.480752180748137471e+04 -5.720072553725703206e-13
5.482164307160832686e+04 -5.180764909951538764e-13
5.483576433581003221e+04 -4.843264991458676744e-13
5.484988559989941859e+04 -4.647385888162072152e-13
5.486400686400371342e+04 -4.249626030645941835e-13
5.487812812809658499e+04 -3.475802549259812242e-13
5.489224939219226508e+04 -2.875781301846155080e-13
5.490637065638096101e+04 -1.806374299508101392e-13
5.492049192048495752e+04 -9.585990596812605542e-14
5.493461318460723123e+04 -4.194109178060032135e-14
5.494873444872885011e+04 9.287159282999969546e-15
5.496285571289434301e+04 4.240113547032184281e-14
5.497697697697378317e+04 1.137654564998685047e-13
5.499109824109233887e+04 1.572136913449523562e-13
5.500521950521147664e+04 1.982679048152520724e-13
5.501934076933018514e+04 2.206094487154837694e-13
5.503346203352823068e+04 2.898877977096527840e-13
5.504758329758659966e+04 3.150126293553697589e-13
5.506170456167672819e+04 3.813275525564407613e-13
5.507582582579889277e+04 4.699050156245767308e-13
5.508994708987937338e+04 4.809113618137880452e-13
5.510406835410744679e+04 5.614538712790712070e-13
5.511818961820544791e+04 5.836752493809567677e-13
5.513231088227923465e+04 6.010189583090933691e-13
5.514643214639824146e+04 6.117316396467296761e-13
5.516055341059700004e+04 6.319925227070907431e-13
5.517467467469147232e+04 6.324386631296795430e-13
5.518879593881125766e+04 6.813164888816157461e-13
5.520291720290021476e+04 7.177382333707399504e-13
5.521703846700535360e+04 7.325604522319242530e-13
5.523115973118148395e+04 7.495819486326356494e-13
5.524528099531170301e+04 7.893639094791939761e-13
5.525940225937987270e+04 8.316554102028139106e-13
5.527352352352075832e+04 8.974513853428876186e-13
5.528764478759165650e+04 8.800426142697902284e-13
5.530176605183055653e+04 9.290428188182004548e-13
5.531588731592446129e+04 9.713754813069995938e-13
5.533000858001766755e+04 9.351750366306673283e-13
5.534412984410827630e+04 1.029933846069710123e-12
5.535825110829158075e+04 1.026374902480388913e-12
5.537237237243057461e+04 1.018222217377130746e-12
5.538649363651975727e+04 1.038213557265511128e-12
5.540061490059902280e+04 1.109374725066914639e-12
5.541473616469318949e+04 1.105530968618529971e-12
5.542885742892422422e+04 1.131869629737411081e-12
5.544297869300391176e+04 1.142066682511242127e-12
5.545709995708409406e+04 1.189059476457815846e-12
5.547122122122535802e+04 1.183383800159138690e-12
5.548534248532666970e+04 1.194442373104168947e-12
5.549946374951599864e+04 1.221742139310006106e-12
5.551358501360859373e+04 1.238007675550219867e-12
5.552770627770119609e+04 1.286112501056073452e-12
5.554182754178011237e+04 1.312319710086156354e-12
5.555594880589165405e+04 1.358070790783153904e-12
5.557007007012805843e+04 1.364599135260518723e-12
5.558419133418046840e+04 1.374535718154693370e-12
5.559831259828080510e+04 1.371330190366401028e-12
5.561243386237888626e+04 1.458702897253697048e-12
5.562655512657787767e+04 1.462678769690318644e-12
5.564067639071378653e+04 1.445991878606548722e-12
5.565479765478015179e+04 1.462137027748603810e-12
5.566891891887320526e+04 1.423473294856083534e-12
5.568304018302405893e+04 1.418072472924894093e-12
5.569716144722318131e+04 1.453270429449278468e-12
5.571128271131919610e+04 1.510418450505065510e-12
5.572540397541079437e+04 1.538431908607156602e-12
5.573952523950780596e+04 1.552892523574238804e-12
5.575364650359880034e+04 1.610351692166811313e-12
5.576776776777586201e+04 1.608979633327500727e-12
5.578188903188848053e+04 1.640072699624405922e-12
5.579601029599877074e+04 1.602362547625206374e-12
5.581013156010927196e+04 1.645788873788823966e-12
5.582425282428862556e+04 1.679848685376018903e-12
5.583837408840569697e+04 1.701906080316625557e-12
5.585249535247562017e+04 1.706256392036491302e-12
5.586661661657843797e+04 1.730117823050978562e-12
5.588073788068022259e+04 1.732526450213407004e-12
5.589485914487091213e+04 1.763092822955866997e-12
5.590898040902441426e+04 1.744093348828420446e-12
5.592310167311839905e+04 1.761115730428383098e-12
5.593722293720893504e+04 1.790551261127475932e-12
5.595134420129462524e+04 1.818882505760736454e-12
5.596546546551930078e+04 1.784478351664837240e-12
5.597958672960607510e+04 1.707486818995614894e-12
5.599370799372414331e+04 1.691534643290314587e-12
5.600782925780414371e+04 1.688951631875406018e-12
5.602195052198373742e+04 1.653795501015639365e-12
5.603607178607550304e+04 1.667646656298292278e-12
5.605019305021953187e+04 1.636058763619984062e-12
5.606431431427944335e+04 1.591963890721922039e-12
5.607843557837133267e+04 1.562720890859958107e-12
5.609255684260717680e+04 1.538677993998981481e-12
5.610667810669045866e+04 1.520015780786229969e-12
5.612079937082158722e+04 1.478345468637117176e-12
5.613492063487286941e+04 1.482441285572271969e-12
5.614904189898993354e+04 1.480055673590373956e-12
5.616316316321726481e+04 1.489295825973692291e-12
5.617728442731980613e+04 1.537070472158860076e-12
5.619140569137516286e+04 1.520802722920518326e-12
5.620552695549345663e+04 1.493621352114525094e-12
5.621964821961434063e+04 1.515526492783930897e-12
5.623376948378900852e+04 1.539525129682349377e-12
5.624789074789620645e+04 1.564164650838613446e-12
5.626201201197248884e+04 1.556538659289800279e-12
5.627613327612378635e+04 1.539701284333331814e-12
5.629025454031379195e+04 1.539352073228745881e-12
5.630437580438223813e+04 1.542787531522529275e-12
5.631849706852193049e+04 1.552209149752336976e-12
5.633261833262093569e+04 1.598172678269615118e-12
5.634673959671637567e+04 1.608460021367065168e-12
5.636086086090897879e+04 1.620595217901328492e-12
5.637498212503055402e+04 1.628930696649953060e-12
5.638910338907306141e+04 1.625404948032550460e-12
5.640322465317858587e+04 1.602548218168138876e-12
5.641734591730435932e+04 1.602770403180182172e-12
5.643146718151042296e+04 1.641876735698286527e-12
5.644558844558318378e+04 1.666417999737670795e-12
5.645970970971287170e+04 1.674192704760680396e-12
5.647383097379133687e+04 1.693572814566129180e-12
5.648795223801844986e+04 1.748235638724261574e-12
5.650207350207731361e+04 1.798619409702247500e-12
5.651619476618545013e+04 1.802309362780741845e-12
5.653031603029260441e+04 1.812405502839939624e-12
5.654443729438829178e+04 1.767704268454827253e-12
5.655855855862513999e+04 1.695118815058294214e-12
5.657267982270112407e+04 1.677386061059269208e-12
5.658680108679603291e+04 1.653143551767154038e-12
5.660092235091848124e+04 1.666342757801321624e-12
5.661504361497607897e+04 1.650281259988501980e-12
5.662916487920025247e+04 1.644788156035378385e-12
5.664328614331132121e+04 1.652695640946063030e-12
5.665740740737346641e+04 1.613162199789270107e-12
