5.299999999999957799e+04 3.117979934591147455e-13
5.301412126407791220e+04 2.850474285783382550e-13
5.302824252822108974e+04 3.020013426499527222e-13
5.304236379241236864e+04 2.789117620522052176e-13
5.305648505648029095e+04 2.494038097676490713e-13
5.307060632062090735e+04 2.287957582847490129e-13
5.308472758469987457e+04 1.657904097798054275e-13
5.309884884880182653e+04 1.093334963546694535e-13
5.311297011297402787e+04 4.488313187035316962e-14
5.312709137711649964e+04 1.929555706142287043e-14
5.314121264122148568e+04 -3.883204740935890778e-14
5.315533390532361955e+04 -6.173037749043214344e-14
5.316945516951005993e+04 -1.297174229314832448e-13
5.318357643358169298e+04 -1.283695673225647655e-13
5.319769769769137929e+04 -1.331065157639710466e-13
5.321181896180366311e+04 -2.135040053022338211e-13
5.322594022587730433e+04 -2.491096946170745184e-13
5.324006149008717330e+04 -2.761775522288813168e-13
5.325418275420879218e+04 -2.945403188422078255e-13
5.326830401832567441e+04 -2.936628324540117186e-13
5.328242528240616957e+04 -3.260325597663086721e-13
5.329654654647884308e+04 -3.774318085831363975e-13
5.331066781069332501e+04 -4.072176569160722094e-13
5.332478907480715861e+04 -4.679402801178611440e-13
5.333891033888034872e+04 -4.804104984921979286e-13
5.335303160297569411e+04 -4.369110181402199469e-13
5.336715286720651784e+04 -4.622930237760919451e-13
5.338127413127944601e+04 -4.227109321858835810e-13
5.339539539537337987e+04 -4.865783344474746132e-13
5.340951665948594018e+04 -5.480434628516608476e-13
5.342363792361001106e+04 -5.462354539893831449e-13
5.343775918777880725e+04 -5.685301725519969454e-13
5.345188045188403339e+04 -5.754226901070373365e-13
5.346600171598637826e+04 -5.991699236037904316e-13
5.348012298008205835e+04 -6.232317871592292373e-13
5.349424424418571289e+04 -6.252361816919886793e-13
5.350836550840984273e+04 -6.468275200335962593e-13
5.352248677251879417e+04 -6.825671037291971072e-13
5.353660803659963858e+04 -7.070836865128019041e-13
5.355072930072160671e+04 -6.556121651609048329e-13
5.356485056492327567e+04 -6.932649604465234766e-13
5.357897182899208565e+04 -7.243543227428014300e-13
5.359309309307823423e+04 -6.818359012992016636e-13
5.360721435718430439e+04 -6.076227671528029660e-13
5.362133562130965583e+04 -5.798894588158382822e-13
5.363545688550411433e+04 -6.010960681737680179e-13
5.364957814957947994e+04 -5.656786134916193883e-13
5.366369941367488354e+04 -5.278560592589654843e-13
5.367782067780123180e+04 -4.883196134803799366e-13
5.369194194190132839e+04 -4.945691771745622182e-13
5.370606320609324030e+04 -5.067561741558299406e-13
5.372018447017968720e+04 -4.907694893984769913e-13
5.373430573427388299e+04 -5.600252710416337937e-13
5.374842699839414126e+04 -5.648137340418715153e-13
5.376254826247253368e+04 -6.046690484187934128e-13
5.377666952671696345e+04 -6.397261185501297809e-13
5.379079079080429074e+04 -6.623323154368172082e-13
5.380491205492019071e+04 -6.331459487631939014e-13
5.381903331900083867e+04 -6.570278374042342976e-13
5.383315458320218022e+04 -6.689842143563031052e-13
5.384727584732331889e+04 -7.008632491936551729e-13
5.386139711142643500e+04 -7.008895498755901962e-13
5.387551837547776813e+04 -7.416853853329491679e-13
5.388963963962881098e+04 -8.027357889343912237e-13
5.390376090377233777e+04 -7.873179379342612816e-13
5.391788216791959712e+04 -7.496010211513630141e-13
5.393200343200918724e+04 -8.101104132045711849e-13
5.394612469609285472e+04 -8.674591588444132566e-13
5.396024596022180049e+04 -8.776436088614871925e-13
5.397436722440682206e+04 -8.842713807091153793e-13
5.398848848852206720e+04 -9.186931046148642335e-13
5.400260975261872954e+04 -9.457906320042258601e-13
5.401673101670753385e+04 -9.710740644230932873e-13
5.403085228092282341e+04 -9.176428162255246684e-13
5.404497354501826339e+04 -9.659734710157589267e-13
5.405909480909959530e+04 -9.040773157332488679e-13
5.407321607318462338e+04 -9.153066201144690863e-13
5.408733733730888343e+04 -9.443660479595793715e-13
5.410145860151865782e+04 -9.062304938757979437e-13
5.411557986560408608e+04 -9.022749582571721185e-13
5.412970112970528862e+04 -8.528614109264394074e-13
5.414382239382308035e+04 -8.024032265925680845e-13
5.415794365791074961e+04 -8.096956884018271073e-13
5.417206492211998557e+04 -7.738819846025910561e-13
5.418618618620735651e+04 -7.585545557816758622e-13
5.420030745027256489e+04 -7.543107994668033366e-13
5.421442871440448653e+04 -7.143911462315941445e-13
5.422854997848538187e+04 -6.975995736626260918e-13
5.424267124268016778e+04 -6.757113201844627611e-13
5.425679250682929705e+04 -6.308540942977147580e-13
5.427091377089153684e+04 -6.493145646840148015e-13
5.428503503501878004e+04 -6.379957075676108208e-13
5.429915629921375512e+04 -6.219222957681746363e-13
5.431327756327419775e+04 -5.795768936867260998e-13
5.432739882740983012e+04 -5.462797956349595837e-13
5.434152009149383230e+04 -5.229130525822334916e-13
5.435564135557600093e+04 -5.263495301144059300e-13
5.436976261977708782e+04 -4.933445652570251970e-13
5.438388388392838533e+04 -4.766855829027710181e-13
5.439800514802401449e+04 -4.441918511355655065e-13
5.441212641209089634e+04 -4.444526843448385776e-13
5.442624767622246873e+04 -4.410827192810307469e-13
5.444036894038383616e+04 -4.094753857033381642e-13
5.445449020447495423e+04 -4.501327621987746380e-13
5.446861146858739812e+04 -4.410992387176180635e-13
5.448273273268535559e+04 -3.644073196390944315e-13
5.449685399689161568e+04 -3.933919752975465013e-13
5.451097526101946278e+04 -3.590058985970650356e-13
5.452509652509742591e+04 -3.080360464510030993e-13
5.453921778917402116e+04 -3.146707738508785667e-13
5.455333905332010181e+04 -3.378384142205261773e-13
5.456746031750630209e+04 -3.766117055009803552e-13
5.458158158161164465e+04 -3.833342467479777648e-13
5.459570284568305942e+04 -3.326960874997080324e-13
5.460982410979539418e+04 -3.664583381080115111e-13
5.462394537387837045e+04 -3.395186148102600746e-13
5.463806663811436738e+04 -3.355630791916342999e-13
5.465218790220808296e+04 -3.297712777797262579e-13
5.466630916632289882e+04 -3.508639899696067998e-13
5.468043043042757199e+04 -3.055494365226000500e-13
5.469455169457646116e+04 -2.825369919124698237e-13
5.470867295868094516e+04 -2.750028246626178017e-13
5.472279422281533334e+04 -2.786710090290278113e-13
5.473691548687547038e+04 -2.757779340161742417e-13
5.475103675100151304e+04 -2.311450246894010363e-13
5.476515801521418325e+04 -2.277850582319486840e-13
5.477927927930199075e+04 -2.220880262194098648e-13
5.479340054337721813e+04 -2.154541682635653074e-13
5.480752180748890532e+04 -2.122224448006722282e-13
5.482164307157582516e+04 -2.050864829169770682e-13
5.483576433578786236e+04 -1.601557890096171265e-13
5.484988559992139926e+04 -7.982350777367263234e-14
5.486400686402754218e+04 1.992389339451125865e-14
5.487812812808539456e+04 5.988571466521961744e-14
5.489224939218383952e+04 1.025823721351558975e-13
5.490637065637130581e+04 1.506491506620087984e-13
5.492049192047755787e+04 1.607107917097166681e-13
5.493461318459943141e+04 2.287187038075095986e-13
5.494873444871559332e+04 2.350543424607519518e-13
5.496285571291401720e+04 3.203315866224980051e-13
5.497697697700470599e+04 3.475399681258006276e-13
5.499109824107639724e+04 4.022045226812153179e-13
5.500521950519533129e+04 4.569399369251491915e-13
5.501934076928081049e+04 5.459666584701953080e-13
5.503346203351287841e+04 6.066599379359410720e-13
5.504758329762137873e+04 6.524331231092528957e-13
5.506170456170919351e+04 7.172588700539146965e-13
5.507582582578466099e+04 7.664128883414207142e-13
5.508994708988373895e+04 7.798075430816226988e-13
5.510406835412944201e+04 8.124103900747073862e-13
5.511818961818985554e+04 7.955579564235757801e-13
5.513231088228828594e+04 8.487596713969840398e-13
5.514643214641260420e+04 8.018227353882989500e-13
5.516055341060013598e+04 8.138680129925283059e-13
5.517467467470034899e+04 8.386106512241697207e-13
5.518879593878085143e+04 8.171284281084414175e-13
5.520291720291726961e+04 7.761445753793982002e-13
5.521703846697779954e+04 7.318246659037526701e-13
5.523115973121931893e+04 6.861092987584963028e-13
5.524528099531452608e+04 6.908764603799766394e-13
5.525940225938020740e+04 6.679961712625448445e-13
5.527352352348964632e+04 6.433778635273235947e-13
5.528764478759182384e+04 5.887263506323725807e-13
5.530176605181919149e+04 5.507438186980312240e-13
5.531588731589378585e+04 4.951880840109336374e-13
5.533000857999965956e+04 4.513637576329068465e-13
5.534412984412589140e+04 4.709271177724164512e-13
5.535825110830314225e+04 4.457514964133817211e-13
5.537237237239471870e+04 4.522818905295479802e-13
5.538649363650557643e+04 4.514107076105759902e-13
5.540061490058938944e+04 4.182527206037550851e-13
5.541473616470742127e+04 4.305875230702775696e-13
5.542885742891702102e+04 4.288677627771373020e-13
5.544297869299225567e+04 4.210758053721204068e-13
5.545709995708199858e+04 4.153296497718351308e-13
5.547122122117703839e+04 4.445368831022002287e-13
5.548534248530824698e+04 4.379169362508502577e-13
5.549946374952462065e+04 4.494848890821099606e-13
5.551358501362321840e+04 4.005586651307023809e-13
5.552770627770107239e+04 4.385481526172910182e-13
5.554182754182171630e+04 4.052345351289372360e-13
5.555594880590702815e+04 4.269410748046403370e-13
5.557007007007969514e+04 4.643358625740864367e-13
5.558419133418157435e+04 4.076437645385893144e-13
5.559831259830827912e+04 4.426197590140432997e-13
5.561243386239821120e+04 4.681135968883911655e-13
5.562655512659394299e+04 5.309952669799377494e-13
5.564067639069305733e+04 5.082819111164406877e-13
5.565479765477243927e+04 5.762672176694299311e-13
5.566891891891608248e+04 6.224129596099868077e-13
5.568304018302921759e+04 6.156434683853202544e-13
5.569716144719738077e+04 6.129047196879532851e-13
5.571128271132233203e+04 6.748786902112296562e-13
5.572540397540807317e+04 6.906999632417018702e-13
5.573952523949126771e+04 6.950211000753254677e-13
5.575364650358185463e+04 7.101068234556477129e-13
5.576776776781485387e+04 6.879559978801494910e-13
5.578188903188052063e+04 7.258828853965126033e-13
5.579601029598536115e+04 6.996908839653438766e-13
5.581013156010440434e+04 7.336670178052512322e-13
5.582425282432332460e+04 7.246674026413001756e-13
5.583837408838866395e+04 7.131916108773169401e-13
5.585249535252532951e+04 6.863527430871511221e-13
5.586661661658927187e+04 6.938943006112658165e-13
5.588073788072637399e+04 6.525600619377658162e-13
5.589485914492302982e+04 6.038824989791985163e-13
5.590898040897022292e+04 5.909051773738334656e-13
5.592310167309005192e+04 5.992109762011182368e-13
5.593722293722604809e+04 5.589244175848649452e-13
5.595134420130289072e+04 5.523679401477713335e-13
5.596546546547900653e+04 5.535521229178709988e-13
5.597958672957138333e+04 5.288912124251351809e-13
5.599370799368101871e+04 5.249708892897612009e-13
5.600782925780683581e+04 4.955097783023703123e-13
5.602195052199914790e+04 4.611389168724298359e-13
5.603607178607853712e+04 4.272088635661606887e-13
5.605019305020061438e+04 4.335001605738266032e-13
5.606431431428829092e+04 4.129039009255957863e-13
5.607843557837646222e+04 4.428006033724726445e-13
5.609255684259700502e+04 4.206619500134071635e-13
5.610667810669461323e+04 4.106902964228984986e-13
5.612079937077052455e+04 4.533478289114438256e-13
5.613492063491465524e+04 4.830628175558604542e-13
5.614904189902010694e+04 4.816717071064042431e-13
5.616316316320337501e+04 4.349851709786212027e-13
5.617728442732276017e+04 4.149931749318729089e-13
5.619140569142409367e+04 4.243675204731462808e-13
5.620552695549608325e+04 3.796581000716529894e-13
5.621964821962216956e+04 3.515489745523273842e-13
5.623376948378306406e+04 3.123127043254135567e-13
5.624789074789982988e+04 3.390811471490756844e-13
5.626201201201384538e+04 3.188761373147543984e-13
5.627613327612365538e+04 2.895950012417619194e-13
5.629025454032198468e+04 2.429032484497934691e-13
5.630437580441337195e+04 2.072169182010858061e-13
5.631849706851698284e+04 2.043521001192368264e-13
5.633261833262466098e+04 2.182979823750358452e-13
5.634673959667421877e+04 2.432553732823120722e-13
5.636086086092352343e+04 2.861728695360995350e-13
5.637498212501720263e+04 2.652827378054210644e-13
5.638910338908066478e+04 2.710906239319009301e-13
5.640322465322280186e+04 2.752839524929806212e-13
5.641734591731322871e+04 2.850756311690908767e-13
5.643146718147386855e+04 2.772575904431467299e-13
5.644558844560912257e+04 2.975182446954462603e-13
5.645970970971505449e+04 3.216279276725850440e-13
5.647383097377826925e+04 2.780774761642950006e-13
5.648795223799610540e+04 2.974930308185498430e-13
5.650207350208025309e+04 3.320899476965270383e-13
5.651619476617827604e+04 3.699646685710355465e-13
5.653031603031716077e+04 3.415077654393459137e-13
5.654443729437200818e+04 3.895914981248015609e-13
5.655855855862602766e+04 4.635811851552563960e-13
5.657267982268890773e+04 4.993162042696950481e-13
5.658680108680888952e+04 5.439447663763136779e-13
5.660092235087559675e+04 5.280617628196468238e-13
5.661504361499289371e+04 6.230693898533240359e-13
5.662916487919191422e+04 6.435891384268347667e-13
5.664328614329345146e+04 6.749830234949388645e-13
5.665740740742559137e+04 7.339591509996371163e-13
