5.300000000000400178e+04 -7.418745068931435534e-13
5.301412126418168191e+04 -7.966243261768612856e-13
5.302824252818209789e+04 -7.534552993312695249e-13
5.304236379246621073e+04 -7.786454041903462180e-13
5.305648505644708348e+04 -7.253081882030993101e-13
5.307060632056780014e+04 -7.606065142171457013e-13
5.308472758463474747e+04 -7.355548769547621014e-13
5.309884884873495321e+04 -7.349279192311483944e-13
5.311297011307234789e+04 -7.275215048409228429e-13
5.312709137701112195e+04 -7.143495040918297394e-13
5.314121264112699282e+04 -7.001712535156107510e-13
5.315533390527735901e+04 -7.422612462845329147e-13
5.316945516945826967e+04 -7.442018709511327273e-13
5.318357643357839697e+04 -7.439758544236974479e-13
5.319769769778395857e+04 -7.725084925940677479e-13
5.321181896183820936e+04 -7.370462396503526586e-13
5.322594022591292014e+04 -7.400178807060885594e-13
5.324006149002339225e+04 -7.586818232827482064e-13
5.325418275425828324e+04 -7.592298051163155242e-13
5.326830401839422120e+04 -7.304236956073855407e-13
5.328242528246861184e+04 -7.181938633711262996e-13
5.329654654643086542e+04 -7.152222223153903988e-13
5.331066781072687445e+04 -6.751845635312259002e-13
5.332478907485632226e+04 -6.669582547035452740e-13
5.333891033881388284e+04 -6.477449447513876071e-13
5.335303160303746699e+04 -5.733091292262381200e-13
5.336715286711890076e+04 -5.647849288834702573e-13
5.338127413128766784e+04 -5.463267392835104431e-13
5.339539539541412523e+04 -5.222311259532671216e-13
5.340951665948073787e+04 -5.100781912941582670e-13
5.342363792366522830e+04 -5.188039879878339570e-13
5.343775918781696964e+04 -4.605620401624989798e-13
5.345188045191369019e+04 -5.035432827783039979e-13
5.346600171595293796e+04 -4.736477909264098358e-13
5.348012298016120621e+04 -4.762079260287462729e-13
5.349424424413986708e+04 -4.859268099012067324e-13
5.350836550832583453e+04 -4.774756968952801028e-13
5.352248677241957193e+04 -4.961264768235986345e-13
5.353660803657863289e+04 -5.097193359341229618e-13
5.355072930073642056e+04 -4.665188313077945471e-13
5.356485056487807014e+04 -4.409396489553205527e-13
5.357897182895511651e+04 -4.644994039438895694e-13
5.359309309310525714e+04 -4.426092269817393350e-13
5.360721435720364389e+04 -4.520316048810432602e-13
5.362133562127876212e+04 -4.419649499839926585e-13
5.363545688549907936e+04 -4.416871488268997454e-13
5.364957814957258961e+04 -4.249691998918212935e-13
5.366369941361841484e+04 -3.988628188347395044e-13
5.367782067784569517e+04 -4.427290763587395706e-13
5.369194194189283007e+04 -5.065665352709562074e-13
5.370606320617179881e+04 -5.206997557344294448e-13
5.372018447011790704e+04 -5.141336725251357398e-13
5.373430573439342697e+04 -5.435127036223845695e-13
5.374842699831072241e+04 -5.734307105306516071e-13
5.376254826247246820e+04 -5.995280855651842360e-13
5.377666952660916286e+04 -6.261900689364518009e-13
5.379079079079334770e+04 -6.367769948284570398e-13
5.380491205491515575e+04 -6.246043161968366131e-13
5.381903331898368197e+04 -6.540650942679930345e-13
5.383315458328105888e+04 -6.764014157318087221e-13
5.384727584729264345e+04 -6.354870552910329847e-13
5.386139711144526518e+04 -6.079549515873247386e-13
5.387551837543763395e+04 -5.831482088611813644e-13
5.388963963959184912e+04 -5.541508945658233657e-13
5.390376090379815287e+04 -5.523157442786932963e-13
5.391788216797565838e+04 -5.221899060808306250e-13
5.393200343193822482e+04 -5.085381614382541307e-13
5.394612469609083200e+04 -5.264365920982362140e-13
5.396024596013646806e+04 -4.875229542053017322e-13
5.397436722446012573e+04 -5.048997283283986275e-13
5.398848848849698697e+04 -4.598668444988013458e-13
5.400260975253293145e+04 -4.254305853547237134e-13
5.401673101667372248e+04 -3.840070382544385523e-13
5.403085228097339132e+04 -2.991994022220153183e-13
5.404497354498806089e+04 -2.774477794529288901e-13
5.405909480915165477e+04 -2.669827812508198392e-13
5.407321607314168068e+04 -2.509576032810603682e-13
5.408733733723697515e+04 -2.293944142145407024e-13
5.410145860148732027e+04 -1.922286374671061672e-13
5.411557986559337587e+04 -1.361585266180463394e-13
5.412970112974850053e+04 -1.739491827761986293e-13
5.414382239387775917e+04 -1.844765303651864006e-13
5.415794365786883282e+04 -1.380761166500493768e-13
5.417206492205557879e+04 -1.189500958395220093e-13
5.418618618626065290e+04 -1.397346103410230970e-13
5.420030745029618993e+04 -1.655375577152951438e-13
5.421442871432740503e+04 -2.114156221225816286e-13
5.422854997855540569e+04 -1.714164121269923233e-13
5.424267124278960546e+04 -2.035831535886848211e-13
5.425679250672840863e+04 -1.729612913796537153e-13
5.427091377090756578e+04 -1.974576727133340887e-13
5.428503503503213869e+04 -2.315614017940585962e-13
5.429915629927605187e+04 -2.615168183344528256e-13
5.431327756322021014e+04 -2.678833835057345547e-13
5.432739882734233834e+04 -3.011322332152553982e-13
5.434152009146305500e+04 -3.260581325474335559e-13
5.435564135568767961e+04 -3.000057876256466779e-13
5.436976261989338673e+04 -2.945398247092796139e-13
5.438388388393678906e+04 -3.114240386760346534e-13
5.439800514807699074e+04 -2.916675962870669750e-13
5.441212641219920624e+04 -3.263989758623704900e-13
5.442624767624947708e+04 -3.749386663184126262e-13
5.444036894040197512e+04 -3.623094516206469848e-13
5.445449020451898105e+04 -3.171906641913501564e-13
5.446861146858216671e+04 -3.152855440367228580e-13
5.448273273268659977e+04 -3.735032448782716073e-13
5.449685399689053156e+04 -4.116735395254187506e-13
5.451097526093017223e+04 -3.930296873067533764e-13
5.452509652502815879e+04 -4.269879344847608696e-13
5.453921778921311488e+04 -4.289623317359200964e-13
5.455333905338200566e+04 -4.109392023021805723e-13
5.456746031741269690e+04 -3.881401098335317626e-13
5.458158158156566788e+04 -3.843298695242772164e-13
5.459570284573915706e+04 -3.846069779104047784e-13
5.460982410984142189e+04 -3.508149957640738729e-13
5.462394537387666060e+04 -3.136048816748589127e-13
5.463806663805288554e+04 -3.615903553586458237e-13
5.465218790228274156e+04 -3.587624642782136351e-13
5.466630916634593450e+04 -3.862696282271704537e-13
5.468043043031051639e+04 -3.613257168498939754e-13
5.469455169458079035e+04 -3.556796334825440087e-13
5.470867295876672870e+04 -3.722548715987667496e-13
5.472279422278865968e+04 -3.566619827113663664e-13
5.473691548691271601e+04 -3.096574727144711613e-13
5.475103675103895512e+04 -3.286560236673798351e-13
5.476515801516196370e+04 -2.983944023603146105e-13
5.477927927935686603e+04 -2.680150099891451530e-13
5.479340054332058207e+04 -2.899938616348562376e-13
5.480752180743328063e+04 -2.430697130699380735e-13
5.482164307160705357e+04 -2.609847702330877752e-13
5.483576433576443378e+04 -2.455623030031558842e-13
5.484988559995210380e+04 -2.175258620366953439e-13
5.486400686409039918e+04 -1.471721994246880592e-13
5.487812812814547942e+04 -1.689723161613468170e-13
5.489224939214155893e+04 -1.443567782216315844e-13
5.490637065642121888e+04 -6.395932215442921116e-14
5.492049192058938206e+04 1.327494168512652304e-14
5.493461318462963391e+04 9.763227659009238346e-14
5.494873444865783677e+04 1.460500393562383443e-13
5.496285571281389275e+04 2.643392961425295587e-13
5.497697697691962821e+04 3.603351832648549094e-13
5.499109824102030689e+04 4.535073359325398751e-13
5.500521950515078788e+04 5.009815446439213596e-13
5.501934076932137395e+04 5.339990088510255916e-13
5.503346203358262574e+04 5.957747813704528537e-13
5.504758329762763606e+04 6.803482608165982232e-13
5.506170456167309749e+04 6.537320003290417098e-13
5.507582582589261438e+04 6.814151281031895265e-13
5.508994708985805482e+04 7.121159662022670468e-13
5.510406835419108393e+04 7.670970410938453462e-13
5.511818961824568396e+04 7.584595726982479065e-13
5.513231088222133985e+04 8.002336619069845132e-13
5.514643214643815736e+04 7.896259528860197513e-13
5.516055341050957941e+04 7.831222190636048172e-13
5.517467467462937202e+04 7.691892094091088058e-13
5.518879593882354675e+04 7.581353558864785403e-13
5.520291720290987723e+04 7.676817397885746056e-13
5.521703846697721019e+04 8.016496857600965093e-13
5.523115973121470597e+04 7.688566793457556303e-13
5.524528099521880358e+04 7.815925807721803919e-13
5.525940225933214970e+04 7.736229435871505055e-13
5.527352352351000445e+04 8.117779972730605307e-13
5.528764478763364605e+04 8.119996839819626813e-13
5.530176605185282824e+04 8.408605223971528260e-13
5.531588731589291274e+04 8.096387205321554184e-13
5.533000857996699051e+04 7.794366775281076612e-13
5.534412984415751998e+04 7.747202927962158431e-13
5.535825110835468513e+04 7.730742689826177862e-13
5.537237237246149016e+04 8.090817326760389909e-13
5.538649363650110899e+04 8.348777523406577792e-13
5.540061490068615240e+04 8.274540186762992078e-13
5.541473616464882070e+04 8.034342637667583219e-13
5.542885742892053531e+04 8.261793201001122709e-13
5.544297869306352368e+04 8.332511261140887451e-13
5.545709995712021919e+04 8.259770309782391430e-13
5.547122122119704727e+04 8.504207617185552064e-13
5.548534248521473637e+04 8.881075022319097047e-13
5.549946374955945066e+04 8.366734146827647045e-13
5.551358501352097664e+04 8.904130440044913037e-13
5.552770627761027572e+04 8.967006332857266940e-13
5.554182754175383889e+04 9.237491828556422952e-13
5.555594880599149474e+04 9.596485742784737784e-13
5.557007007007316861e+04 9.431356855491297578e-13
5.558419133426078042e+04 9.427227940537994909e-13
5.559831259823034634e+04 9.047561740704562786e-13
5.561243386234448553e+04 9.080731614524037190e-13
5.562655512660388194e+04 8.658279879872501812e-13
5.564067639063758543e+04 8.577253387768789438e-13
5.565479765474381566e+04 8.631511209772574622e-13
5.566891891899050825e+04 8.415034138529688508e-13
5.568304018299005111e+04 8.547436525421458813e-13
5.569716144717290445e+04 8.489105210141598039e-13
5.571128271126023174e+04 8.548350983095679844e-13
5.572540397533104988e+04 8.706967823315121710e-13
5.573952523956881487e+04 8.815511178161305110e-13
5.575364650368501316e+04 8.557855800739856560e-13
5.576776776789883297e+04 8.410323295965519196e-13
5.578188903183596994e+04 8.435290761555616349e-13
5.579601029608403769e+04 8.032181192255787781e-13
5.581013156002754840e+04 7.098104244296853468e-13
5.582425282421179145e+04 6.326191123899794017e-13
5.583837408830956701e+04 6.026470693464175034e-13
5.585249535249592009e+04 5.656115335404629400e-13
5.586661661656037904e+04 6.069367071636728406e-13
5.588073788072706520e+04 5.552061136413713061e-13
5.589485914491738367e+04 5.672824971088124245e-13
5.590898040907888208e+04 5.210026255416409369e-13
5.592310167317362357e+04 5.344590087719975112e-13
5.593722293720113521e+04 5.322753946893119486e-13
5.595134420139230497e+04 5.078981699616664597e-13
5.596546546544665762e+04 4.987979305612357970e-13
5.597958672956396185e+04 4.572178172227885091e-13
5.599370799367600557e+04 3.978085503208910662e-13
5.600782925774712203e+04 3.907090334683018106e-13
5.602195052208643756e+04 3.357639826669200513e-13
5.603607178601699707e+04 3.236959124510627926e-13
5.605019305017541774e+04 2.898831471757723136e-13
5.606431431432719546e+04 2.555466470507006439e-13
5.607843557843789313e+04 2.096381007209401248e-13
5.609255684255535743e+04 1.483361835417910973e-13
5.610667810660908435e+04 1.637738917329600307e-13
5.612079937089635496e+04 1.709482278498037711e-13
5.613492063492670422e+04 1.945717177671821851e-13
5.614904189899871562e+04 1.771499135313395894e-13
5.616316316321787599e+04 1.642976265827412215e-13
5.617728442721160536e+04 2.015215960912625472e-13
5.619140569142007735e+04 2.025496682037959564e-13
5.620552695549634518e+04 2.175883403189411399e-13
5.621964821951706108e+04 2.218918335555028678e-13
5.623376948388345045e+04 2.062712338294897283e-13
5.624789074785836419e+04 2.198246049949909368e-13
5.626201201201940421e+04 2.088594261559215467e-13
5.627613327606971870e+04 2.074184625480579968e-13
5.629025454026573425e+04 1.799237684764769172e-13
5.630437580440977763e+04 1.866131649175973356e-13
5.631849706856375269e+04 1.410953414122767572e-13
5.633261833260304411e+04 1.662844937112761620e-13
5.634673959671588818e+04 8.666571220909236691e-14
5.636086086087965668e+04 7.849932806991180798e-14
5.637498212507391872e+04 6.772535401727048367e-14
5.638910338918221532e+04 8.453474871977107643e-14
5.640322465317253955e+04 6.865366711079796802e-14
5.641734591738613381e+04 7.644872601256753321e-14
5.643146718151340610e+04 3.694692557007727625e-14
5.644558844553278323e+04 8.487559203470803582e-14
5.645970970972082432e+04 3.868993731881991675e-14
5.647383097381608241e+04 1.256415867470921371e-14
5.648795223800803797e+04 -5.790920793231440598e-16
5.650207350219459477e+04 4.085138273061524790e-14
5.651619476621185458e+04 1.119524324723884037e-14
5.653031603028048266e+04 2.448813252978010516e-14
5.654443729441208416e+04 4.432355080879415079e-14
5.655855855867521313e+04 3.661993767444670128e-14
5.657267982275693066e+04 -5.125944481820102762e-14
5.658680108681925049e+04 -7.092028481395468581e-14
5.660092235096871445e+04 -3.399282127858988805e-14
5.661504361497265199e+04 -6.155679244670286442e-14
5.662916487913257151e+04 -8.591739067118072231e-14
5.664328614325344097e+04 -7.562223409738817839e-15
5.665740740736742009e+04 -5.506968512745561176e-14
