5.300000000000093132e+04 1.837935069698231783e-13
5.301412126411803183e+04 1.765352970019477724e-13
5.302824252820685069e+04 1.766861814753984817e-13
5.304236379240798124e+04 2.083526841623290579e-13
5.305648505646150443e+04 1.883377830316487307e-13
5.307060632063078083e+04 2.330573367251441111e-13
5.308472758472014539e+04 2.214610850461315485e-13
5.309884884880388563e+04 2.115291848995795440e-13
5.311297011298377038e+04 2.441738894680967164e-13
5.312709137710754294e+04 2.332242911522917369e-13
5.314121264121062995e+04 1.672734372136409098e-13
5.315533390533526108e+04 1.497126953519535124e-13
5.316945516950435558e+04 1.194512219581439042e-13
5.318357643359720532e+04 1.031652188469966534e-13
5.319769769770037237e+04 1.164049724245422980e-13
5.321181896183579374e+04 1.080485965021334092e-13
5.322594022588106600e+04 1.050728423345658623e-13
5.324006149008303328e+04 2.713108855169391305e-14
5.325418275421649741e+04 -4.357796656066486678e-14
5.326830401826612069e+04 -2.789133141653494277e-14
5.328242528237709485e+04 -4.023761917188987585e-14
5.329654654647108691e+04 -3.068439558417938094e-14
5.331066781074126629e+04 -4.949532870287720509e-14
5.332478907482475188e+04 -5.541646738255565123e-14
5.333891033888647507e+04 -1.230784861826740576e-13
5.335303160303059121e+04 -1.858236105576439601e-13
5.336715286716574337e+04 -1.470266117453768131e-13
5.338127413127711043e+04 -1.658908884557834642e-13
5.339539539537356904e+04 -2.091270497037360568e-13
5.340951665952927578e+04 -1.721687525702816191e-13
5.342363792355846090e+04 -1.811767385613223813e-13
5.343775918780708889e+04 -2.494228618228659297e-13
5.345188045190375851e+04 -2.221899354432855079e-13
5.346600171595993743e+04 -2.508530680324276251e-13
5.348012298011610983e+04 -2.908329098502262146e-13
5.349424424417917180e+04 -3.157794575055320160e-13
5.350836550840976997e+04 -3.492266762855976723e-13
5.352248677250406035e+04 -3.149007831217502352e-13
5.353660803657239740e+04 -2.993681992350920790e-13
5.355072930073086172e+04 -2.953373749129298307e-13
5.356485056487745169e+04 -2.640852685350410162e-13
5.357897182901523774e+04 -2.619339010251799088e-13
5.359309309305794886e+04 -2.615962156334185242e-13
5.360721435717849090e+04 -2.991737075555873612e-13
5.362133562131463987e+04 -2.580689296400710248e-13
5.363545688550447812e+04 -2.269360989038202530e-13
5.364957814959987445e+04 -2.606973997164841515e-13
5.366369941365828709e+04 -2.317398545607131616e-13
5.367782067780820216e+04 -3.026830549959708421e-13
5.369194194187134417e+04 -3.069055385945381705e-13
5.370606320610010880e+04 -3.106993851907019941e-13
5.372018447016446589e+04 -3.211179079253351326e-13
5.373430573428368371e+04 -3.418082978563340914e-13
5.374842699843546143e+04 -3.399496120000965562e-13
5.376254826249612961e+04 -3.825895523955869286e-13
5.377666952668515296e+04 -3.860529519634660007e-13
5.379079079078272480e+04 -3.611624229472408283e-13
5.380491205488832202e+04 -3.839834094320372887e-13
5.381903331898224133e+04 -4.560749919684480925e-13
5.383315458317826415e+04 -4.475639353656564347e-13
5.384727584728850343e+04 -4.298252241758785696e-13
5.386139711137656559e+04 -4.721828683957771223e-13
5.387551837547207106e+04 -4.765013389882748327e-13
5.388963963958741078e+04 -4.932282528485905210e-13
5.390376090381963149e+04 -4.726303880855112926e-13
5.391788216791960440e+04 -4.517524301270288179e-13
5.393200343196848553e+04 -4.268238210246870350e-13
5.394612469608172978e+04 -4.448404224296795731e-13
5.396024596023935737e+04 -3.857725440566072727e-13
5.397436722443530743e+04 -3.745908460423642630e-13
5.398848848848153284e+04 -3.592322975906027006e-13
5.400260975259420957e+04 -3.011655163575052924e-13
5.401673101669781317e+04 -2.663319936159214412e-13
5.403085228093232581e+04 -2.061201391020731139e-13
5.404497354500733491e+04 -1.469430558539391172e-13
5.405909480910432467e+04 -1.059940601088998618e-13
5.407321607318265887e+04 -5.406289341241044353e-14
5.408733733732844121e+04 1.185332025146283117e-15
5.410145860154171532e+04 3.518298114089762058e-14
5.411557986562443693e+04 7.809325867667041242e-14
5.412970112970014452e+04 1.172830173854130650e-13
5.414382239383996057e+04 1.095983930647886289e-13
5.415794365786640265e+04 2.148114680248130796e-13
5.417206492210628494e+04 2.333341254502644721e-13
5.418618618617486209e+04 2.543329326076624482e-13
5.420030745030465914e+04 2.637062985985494278e-13
5.421442871444027696e+04 3.115317396464654105e-13
5.422854997848386847e+04 3.592193370768683687e-13
5.424267124271757348e+04 3.445651128625364612e-13
5.425679250677009986e+04 3.236852666353209452e-13
5.427091377092363837e+04 2.752826447780010476e-13
5.428503503501247906e+04 2.655303661946809534e-13
5.429915629919407365e+04 2.483490089926099434e-13
5.431327756327933457e+04 2.332856598861160587e-13
5.432739882737209700e+04 1.969994290659015806e-13
5.434152009147565695e+04 2.262839594239466454e-13
5.435564135559860733e+04 2.600134743796040962e-13
5.436976261976173555e+04 1.953811827616730964e-13
5.438388388386426232e+04 1.637753407077919200e-13
5.439800514796511561e+04 1.471378049008408680e-13
5.441212641206278204e+04 1.902734158387582668e-13
5.442624767622738000e+04 1.604840883060763751e-13
5.444036894038305763e+04 1.234022669263345645e-13
5.445449020448262308e+04 9.740017704925078873e-14
5.446861146862570604e+04 1.141270909095664644e-13
5.448273273267660261e+04 7.370492214104966915e-14
5.449685399693674844e+04 8.819864351307185464e-14
5.451097526103584823e+04 1.143826366114399719e-13
5.452509652505945996e+04 1.178872633799907738e-13
5.453921778921002260e+04 1.101787209887476505e-13
5.455333905327235698e+04 9.437076457851891435e-14
5.456746031749458780e+04 1.151203202631536089e-13
5.458158158161443134e+04 7.787421950363598100e-14
5.459570284567897761e+04 8.884254315104374624e-14
5.460982410976398387e+04 3.318582224423602817e-14
5.462394537391822087e+04 2.935956036815478738e-14
5.463806663808134181e+04 3.120188122870583213e-14
5.465218790221116797e+04 3.631153642035372190e-14
5.466630916629145941e+04 7.044199377032995837e-14
5.468043043038368342e+04 -2.084384043758895296e-14
5.469455169460655452e+04 -7.389296291658257670e-15
5.470867295868654764e+04 -7.324203893405407238e-14
5.472279422284023167e+04 -7.409742467012816711e-14
5.473691548693367804e+04 -8.657699272689125597e-14
5.475103675096337975e+04 -1.792809167533347562e-13
5.476515801518368244e+04 -2.591918201133279644e-13
5.477927927930311853e+04 -2.368366065826851745e-13
5.479340054340907955e+04 -2.559836515358668677e-13
5.480752180749583931e+04 -3.410073572020630913e-13
5.482164307156546420e+04 -4.115757362938092216e-13
5.483576433582525351e+04 -4.505061727632122714e-13
5.484988559993544186e+04 -4.658640917920628201e-13
5.486400686400480481e+04 -4.637353835069983093e-13
5.487812812813003984e+04 -4.888197747798171857e-13
5.489224939223383990e+04 -5.368522959654582626e-13
5.490637065642300149e+04 -5.708518333499426638e-13
5.492049192050629063e+04 -6.085127238078214559e-13
5.493461318461287010e+04 -6.369299093944831139e-13
5.494873444872616528e+04 -6.983968331929022814e-13
5.496285571289551444e+04 -7.852156530013231449e-13
5.497697697697507829e+04 -7.981767295850153494e-13
5.499109824111955095e+04 -8.293709290550904431e-13
5.500521950516044308e+04 -8.354020593884693842e-13
5.501934076929718140e+04 -8.147406229113772101e-13
5.503346203353951569e+04 -8.390023584394949854e-13
5.504758329755772866e+04 -8.547492608273549192e-13
5.506170456172206468e+04 -8.451669264300097536e-13
5.507582582578639995e+04 -8.518715392781784732e-13
5.508994708986829937e+04 -8.635435577401048922e-13
5.510406835412236251e+04 -8.592408227203826774e-13
5.511818961818957177e+04 -8.301300130857786995e-13
5.513231088232481852e+04 -8.247597768089691606e-13
5.514643214642788371e+04 -7.905166527579205638e-13
5.516055341060130741e+04 -7.279557919401513929e-13
5.517467467469465191e+04 -7.410075054230302865e-13
5.518879593879679305e+04 -6.894048974860924713e-13
5.520291720294217521e+04 -6.225475958777112233e-13
5.521703846699650603e+04 -5.833534312085913859e-13
5.523115973122356809e+04 -6.065350770214014606e-13
5.524528099529186875e+04 -5.789839773603012071e-13
5.525940225943802943e+04 -4.963369726061106852e-13
5.527352352349094872e+04 -4.886529777083972755e-13
5.528764478763510124e+04 -4.737117366466410207e-13
5.530176605183262291e+04 -4.883986908523458965e-13
5.531588731592655677e+04 -4.664721143241066620e-13
5.533000858000051812e+04 -4.510172641669592865e-13
5.534412984406463511e+04 -4.475680266145781000e-13
5.535825110828609468e+04 -4.754892269473571237e-13
5.537237237235980137e+04 -4.496325337627186513e-13
5.538649363649133011e+04 -3.853155830232078959e-13
5.540061490058397612e+04 -4.091455344343669459e-13
5.541473616469995613e+04 -4.270312158738676108e-13
5.542885742890830443e+04 -4.217818287959736237e-13
5.544297869299304875e+04 -4.129346603586980905e-13
5.545709995712694945e+04 -4.463607934712446594e-13
5.547122122120017593e+04 -4.324719475167112470e-13
5.548534248534376093e+04 -4.919637422203544238e-13
5.549946374945998105e+04 -5.287421817569853525e-13
5.551358501359204092e+04 -5.326269799637912964e-13
5.552770627768611303e+04 -5.247415697345519669e-13
5.554182754183697398e+04 -4.978337402885126291e-13
5.555594880590625689e+04 -4.583122757056633110e-13
5.557007007007030188e+04 -4.414550713027667634e-13
5.558419133423018502e+04 -4.192490310020353468e-13
5.559831259834014054e+04 -3.682229744515904832e-13
5.561243386243259010e+04 -3.107705099796470546e-13
5.562655512661440298e+04 -2.953773432677794826e-13
5.564067639071847225e+04 -3.219931204831062620e-13
5.565479765476195462e+04 -2.667927311867869511e-13
5.566891891891793784e+04 -2.476268035462747439e-13
5.568304018300945609e+04 -2.033871848224309447e-13
5.569716144715816336e+04 -2.159517249721815231e-13
5.571128271133391536e+04 -2.166050659538186843e-13
5.572540397539569676e+04 -2.220734922047471029e-13
5.573952523949308670e+04 -1.766140518793495374e-13
5.575364650359180087e+04 -1.341985007516372638e-13
5.576776776784135291e+04 -1.385830607497918740e-13
5.578188903190211568e+04 -1.227467803085673038e-13
5.579601029595821456e+04 -8.069125908595760554e-14
5.581013156007159705e+04 -7.453424417037497719e-14
5.582425282431858795e+04 4.048476154833872863e-16
5.583837408839638374e+04 8.087153140590591350e-14
5.585249535252159694e+04 1.543314793508708936e-13
5.586661661658944649e+04 1.879690985615196531e-13
5.588073788071841409e+04 2.120357129872216714e-13
5.589485914494106692e+04 2.547559048038668797e-13
5.590898040899557964e+04 3.159572121338362184e-13
5.592310167308016389e+04 3.302501475972435484e-13
5.593722293718231231e+04 3.602396316156293071e-13
5.595134420130588842e+04 4.032065572133937291e-13
5.596546546554379893e+04 4.734224594749695251e-13
5.597958672960848344e+04 4.991394207733619317e-13
5.599370799369082670e+04 5.613528401442489794e-13
5.600782925778181379e+04 6.637272177755801783e-13
5.602195052202001534e+04 7.399037550045009191e-13
5.603607178609674884e+04 8.108220932347732782e-13
5.605019305018759042e+04 8.799415407853549652e-13
5.606431431431583769e+04 9.452945216364022051e-13
5.607843557843337476e+04 9.422846212759118584e-13
5.609255684256374661e+04 9.778331684444125986e-13
5.610667810666075820e+04 1.006056491774480502e-12
5.612079937079377123e+04 1.027437988061777776e-12
5.613492063486528059e+04 1.051108066053538269e-12
5.614904189903826773e+04 1.022512124360147389e-12
5.616316316319371253e+04 1.035220172933610141e-12
5.617728442729759263e+04 1.033958809419929062e-12
5.619140569137089187e+04 9.943693671626896516e-13
5.620552695551705256e+04 1.000035432207677882e-12
5.621964821963095892e+04 1.003249265591338305e-12
5.623376948382036790e+04 9.665299918083430737e-13
5.624789074788242579e+04 9.275699724621220740e-13
5.626201201200429932e+04 8.891953164231484205e-13
5.627613327607092651e+04 8.758377034055145141e-13
5.629025454030108813e+04 8.425878087080532133e-13
5.630437580442304898e+04 8.604457955394690706e-13
5.631849706853942916e+04 8.490746412290094532e-13
5.633261833263965673e+04 8.950703498745947359e-13
5.634673959668251337e+04 8.714606964822921701e-13
5.636086086088899901e+04 8.776315587019171770e-13
5.637498212500625232e+04 8.598717618446201741e-13
5.638910338909382699e+04 8.603916651691214828e-13
5.640322465315904992e+04 8.697662900058304900e-13
5.641734591734370770e+04 8.012284292250298648e-13
5.643146718153923575e+04 8.666884119709501518e-13
5.644558844556727854e+04 8.344267112437877339e-13
5.645970970970567578e+04 7.874327378613271461e-13
5.647383097379546234e+04 7.539625451450093106e-13
5.648795223800474196e+04 7.322587843272706658e-13
5.650207350209783908e+04 7.392050955732703881e-13
5.651619476623187802e+04 7.107098615456425183e-13
5.653031603031673876e+04 7.344970121988522788e-13
5.654443729437587172e+04 7.565809444548461665e-13
5.655855855860166776e+04 7.024027379660207343e-13
5.657267982266257604e+04 7.097329971877417822e-13
5.658680108682452556e+04 7.327232984356022583e-13
5.660092235087884910e+04 7.357873291664400918e-13
5.661504361496499041e+04 7.335553955239686165e-13
5.662916487917923951e+04 7.716392581780518906e-13
5.664328614327802643e+04 7.818484977947713110e-13
5.665740740741977788e+04 8.973790731122104965e-13
