5.300000000000146247e+04 -3.354392239929718636e-13
5.301412126407057076e+04 -3.368779209976937129e-13
5.302824252820484253e+04 -3.095186316616904216e-13
5.304236379243255215e+04 -3.083492778387250090e-13
5.305648505647788261e+04 -2.984349936787861072e-13
5.307060632060938224e+04 -2.929024232435984736e-13
5.308472758471339330e+04 -2.984013625650971550e-13
5.309884884880308527e+04 -3.238979506305449692e-13
5.311297011300094891e+04 -3.078246324651771335e-13
5.312709137707384070e+04 -2.759380697404875220e-13
5.314121264118850377e+04 -2.300088354949699145e-13
5.315533390529693133e+04 -2.231445570354833953e-13
5.316945516948850127e+04 -2.133817810427132933e-13
5.318357643360459042e+04 -2.004481375346710849e-13
5.319769769772797736e+04 -1.513979149193713161e-13
5.321181896182493801e+04 -1.391482862248705802e-13
5.322594022590952227e+04 -1.108033109855357578e-13
5.324006149007071508e+04 -1.311638394461887806e-13
5.325418275418258418e+04 -1.232811267864161357e-13
5.326830401827206515e+04 -1.291464770915561377e-13
5.328242528242203116e+04 -1.537607528893738854e-13
5.329654654645652772e+04 -9.865499602102301478e-14
5.331066781073960738e+04 -1.106236367606524523e-13
5.332478907477196481e+04 -1.117142937775856357e-13
5.333891033887114463e+04 -1.152971003966554599e-13
5.335303160301058233e+04 -1.070559221038505366e-13
5.336715286717029812e+04 -1.605227927632459568e-13
5.338127413134463859e+04 -1.623933553066262815e-13
5.339539539539354882e+04 -1.821918237797524626e-13
5.340951665945567220e+04 -1.870264645281098545e-13
5.342363792362783715e+04 -2.242910837400323939e-13
5.343775918777906190e+04 -2.402628359420594892e-13
5.345188045190851699e+04 -2.989222244383550417e-13
5.346600171595950815e+04 -3.032801861890634285e-13
5.348012298010333325e+04 -2.769595097215596292e-13
5.349424424421614094e+04 -2.441938086655943469e-13
5.350836550837098184e+04 -2.369296562643460448e-13
5.352248677248117747e+04 -2.242486244590000673e-13
5.353660803657615907e+04 -2.166263847747484503e-13
5.355072930072322197e+04 -1.892979099466626492e-13
5.356485056493084994e+04 -1.738043921812926492e-13
5.357897182902089844e+04 -1.237552414116463380e-13
5.359309309306732030e+04 -8.042256035682356572e-14
5.360721435719834699e+04 -1.669387001640588664e-14
5.362133562126605830e+04 4.273163524972429506e-14
5.363545688551930652e+04 -1.918072271813652053e-14
5.364957814956994116e+04 1.720284539291931459e-14
5.366369941365926206e+04 7.115488690617018502e-14
5.367782067781656224e+04 8.726654454114340400e-14
5.369194194194303418e+04 1.014827526086064631e-13
5.370606320612395939e+04 1.284205179734107096e-13
5.372018447021296015e+04 1.764491114326238767e-13
5.373430573426975025e+04 1.999215268429169975e-13
5.374842699838933186e+04 2.184951501554910278e-13
5.376254826250616316e+04 2.602771005581155510e-13
5.377666952671585750e+04 3.218035414963954723e-13
5.379079079084063414e+04 3.323018299455432974e-13
5.380491205493054440e+04 3.691033487219687725e-13
5.381903331898025499e+04 3.753182944539055433e-13
5.383315458316753211e+04 4.224707974015211816e-13
5.384727584733090771e+04 4.231361049080731583e-13
5.386139711143377644e+04 4.090473587614912359e-13
5.387551837546890602e+04 4.505205755404510665e-13
5.388963963959346438e+04 4.113726139619463995e-13
5.390376090375804051e+04 4.426323978247039372e-13
5.391788216792613821e+04 4.635536410283363365e-13
5.393200343198010523e+04 4.065107320115009569e-13
5.394612469606976811e+04 3.959322333562049348e-13
5.396024596018563898e+04 3.824700348576485325e-13
5.397436722441429447e+04 3.993592438411106773e-13
5.398848848851644289e+04 3.667787661437873667e-13
5.400260975263424916e+04 3.799964664458250198e-13
5.401673101671042969e+04 3.659406787906583422e-13
5.403085228090291639e+04 3.798481532344566707e-13
5.404497354495919717e+04 3.754014473825015318e-13
5.405909480910732236e+04 3.189233729200723713e-13
5.407321607321899501e+04 2.565961751648581467e-13
5.408733733734256384e+04 2.468478605509742925e-13
5.410145860151803208e+04 2.169484552369354520e-13
5.411557986560282734e+04 1.851374574208157460e-13
5.412970112967804016e+04 1.946130237026820625e-13
5.414382239375999779e+04 1.558743527777721414e-13
5.415794365787429706e+04 1.100267370412884368e-13
5.417206492214364698e+04 1.767912239366248876e-13
5.418618618622358190e+04 1.990321520414122717e-13
5.420030745030059188e+04 1.922342950314614594e-13
5.421442871435693087e+04 1.882607789491100553e-13
5.422854997849911888e+04 1.678961306770301143e-13
5.424267124273940863e+04 1.783039514303546071e-13
5.425679250681581470e+04 1.326251638845895219e-13
5.427091377085547720e+04 1.438740987912750758e-13
5.428503503500059742e+04 1.291144119265983032e-13
5.429915629918758350e+04 1.435603205005570226e-13
5.431327756333087746e+04 1.238592141015603935e-13
5.432739882740509347e+04 1.145965327693451980e-13
5.434152009154311963e+04 1.257967025611817435e-13
5.435564135564456228e+04 1.191841529876571479e-13
5.436976261979164701e+04 1.657218791770384321e-13
5.438388388392032357e+04 1.451692329794371673e-13
5.439800514804632985e+04 1.243535914727882070e-13
5.441212641211444134e+04 1.413705986882684052e-13
5.442624767616063036e+04 1.740028683006726850e-13
5.444036894041720370e+04 1.918135697992125021e-13
5.445449020451686374e+04 2.536679140959598455e-13
5.446861146862996975e+04 2.592190657214606452e-13
5.448273273273469385e+04 2.837485911127822295e-13
5.449685399690755730e+04 2.691705122620258793e-13
5.451097526098757953e+04 2.794804664745154512e-13
5.452509652510855085e+04 2.770892942912299495e-13
5.453921778923934471e+04 2.825479603540861181e-13
5.455333905331719870e+04 3.267896904119216640e-13
5.456746031751031114e+04 3.238782448998678137e-13
5.458158158156018908e+04 3.382118255541053643e-13
5.459570284574446850e+04 3.505272030758680493e-13
5.460982410979955603e+04 3.541805509559004735e-13
5.462394537388988101e+04 3.523126789016152812e-13
5.463806663814703643e+04 3.601500736356920781e-13
5.465218790217726200e+04 3.544526266656442534e-13
5.466630916628086561e+04 3.074803864874014712e-13
5.468043043042749923e+04 3.456439653682300885e-13
5.469455169456304429e+04 3.602196900410282358e-13
5.470867295866597851e+04 3.952421229033073805e-13
5.472279422280334256e+04 3.687192814036407785e-13
5.473691548693639925e+04 3.674140578813719407e-13
5.475103675101199042e+04 3.818101924070709897e-13
5.476515801523034315e+04 3.787114215917696240e-13
5.477927927933140018e+04 3.678848934730174726e-13
5.479340054340183269e+04 3.572964736391832700e-13
5.480752180746922386e+04 3.710334383365785339e-13
5.482164307160937460e+04 3.677695387530643178e-13
5.483576433578451542e+04 4.052541054485127385e-13
5.484988559992954106e+04 3.837184217977829650e-13
5.486400686398063408e+04 3.112141127291505824e-13
5.487812812807846785e+04 3.093654104096680943e-13
5.489224939220600936e+04 3.149286692360969389e-13
5.490637065638127388e+04 3.368131075357812587e-13
5.492049192051986756e+04 3.265314034587903743e-13
5.493461318463455245e+04 3.603871729871992891e-13
5.494873444866126374e+04 2.949719663730641777e-13
5.496285571288059873e+04 2.872896110730935102e-13
5.497697697701336438e+04 2.600245308943114048e-13
5.499109824108224711e+04 2.463003460201179437e-13
5.500521950519741949e+04 1.857105315980757257e-13
5.501934076929588628e+04 2.012763562578770157e-13
5.503346203348320705e+04 1.761895633127292910e-13
5.504758329757225147e+04 1.829248664512186301e-13
5.506170456167411612e+04 1.630162560807610689e-13
5.507582582579968584e+04 1.165034169155096072e-13
5.508994708989648643e+04 1.177148096305861974e-13
5.510406835406757455e+04 7.763560251403404132e-14
5.511818961824496364e+04 2.593987241817594410e-14
5.513231088231535978e+04 3.608200737335759321e-14
5.514643214644037653e+04 -1.599476324059649304e-14
5.516055341056761972e+04 -2.372117529949967788e-14
5.517467467466123344e+04 -2.919322549463174838e-15
5.518879593880425818e+04 -5.745620912976516698e-14
5.520291720287664066e+04 -2.571482771898161864e-14
5.521703846701236762e+04 -1.151406316402175446e-13
5.523115973116691021e+04 -1.359606451916461076e-13
5.524528099532661872e+04 -1.777536938617879886e-13
5.525940225940894743e+04 -2.160252286175581721e-13
5.527352352350194997e+04 -3.271071155765303742e-13
5.528764478760860220e+04 -4.015136004354107096e-13
5.530176605179400212e+04 -4.316215186543211443e-13
5.531588731591061514e+04 -4.372321973510514311e-13
5.533000857997634012e+04 -4.621794211743899615e-13
5.534412984412929654e+04 -4.726165009966238543e-13
5.535825110830577614e+04 -5.299131567662425067e-13
5.537237237237246882e+04 -5.189995240630359385e-13
5.538649363646608253e+04 -5.053523544391901732e-13
5.540061490056812909e+04 -5.307865567887449285e-13
5.541473616465909436e+04 -5.511229549253261568e-13
5.542885742892111739e+04 -5.582729296956003802e-13
5.544297869301591709e+04 -5.453609362169954591e-13
5.545709995714197430e+04 -5.810822236217313634e-13
5.547122122117242543e+04 -5.747814344721034717e-13
5.548534248529394972e+04 -6.557839896588007804e-13
5.549946374954585190e+04 -6.265235755048522829e-13
5.551358501359717775e+04 -6.255808953881505824e-13
5.552770627770481951e+04 -6.300175119059990508e-13
5.554182754177046445e+04 -6.340666979941506855e-13
5.555594880593526614e+04 -6.221027656104376286e-13
5.557007007008006622e+04 -5.998298879476457879e-13
5.558419133417341800e+04 -5.873846943270436497e-13
5.559831259827729809e+04 -5.277173813534898669e-13
5.561243386244012072e+04 -5.123883197340589090e-13
5.562655512660097156e+04 -4.947760418062839651e-13
5.564067639072472957e+04 -5.513348309415666411e-13
5.565479765480694186e+04 -5.542684729886551564e-13
5.566891891892282001e+04 -5.498076420689506990e-13
5.568304018296689901e+04 -5.694794893990378776e-13
5.569716144716894632e+04 -5.265281851734479417e-13
5.571128271127011976e+04 -4.932081592861043611e-13
5.572540397543313884e+04 -4.664768048815661145e-13
5.573952523947188456e+04 -4.516434658779105363e-13
5.575364650355968479e+04 -4.488648632649281000e-13
5.576776776784095273e+04 -4.352452711543073149e-13
5.578188903186081006e+04 -4.343220970835451975e-13
5.579601029600440961e+04 -4.377090865431609855e-13
5.581013156013558910e+04 -4.243753588988964197e-13
5.582425282426869671e+04 -4.015838894630206756e-13
5.583837408843790035e+04 -3.746413316645157531e-13
5.585249535250818735e+04 -3.814647483208701963e-13
5.586661661660189566e+04 -3.473352215270331070e-13
5.588073788074465119e+04 -3.345113415662932394e-13
5.589485914491608128e+04 -3.336893971477349079e-13
5.590898040903056244e+04 -3.355717305809063481e-13
5.592310167307274241e+04 -2.725900713533048453e-13
5.593722293721768801e+04 -2.252512520358523789e-13
5.595134420133540698e+04 -1.702808604000996025e-13
5.596546546547846083e+04 -1.973138858944278320e-13
5.597958672957863018e+04 -1.410133837122764458e-13
5.599370799373262707e+04 -1.507997014846288294e-13
5.600782925775561307e+04 -6.966733019909205496e-14
5.602195052197586483e+04 -7.534325325637893470e-14
5.603607178613273572e+04 -6.112738150005276715e-14
5.605019305020626780e+04 -6.557307841859725666e-14
5.606431431425679330e+04 -7.307382570464747660e-14
5.607843557838676497e+04 -4.889305496228050168e-14
5.609255684263308649e+04 -5.612979800587232617e-14
5.610667810674388602e+04 -9.693980922288572368e-14
5.612079937084211997e+04 -9.715370310594755723e-14
5.613492063488050189e+04 -8.607056958974861166e-14
5.614904189902516373e+04 -1.220847839947153820e-13
5.616316316324529180e+04 -1.089864741462735570e-13
5.617728442731657560e+04 -8.037446786424834044e-14
5.619140569138645515e+04 -4.149185577274962248e-14
5.620552695548112388e+04 -1.912077525798593785e-14
5.621964821957037930e+04 1.077627587809468871e-14
5.623376948376073415e+04 2.084005033838104899e-14
5.624789074785629782e+04 3.459921157081105681e-14
5.626201201203185337e+04 -3.812605391475784379e-14
5.627613327607073006e+04 -4.944124211541065251e-14
5.629025454033690039e+04 -2.677656197814229354e-14
5.630437580440882448e+04 -3.287590075677327558e-14
5.631849706849504582e+04 1.383233517901108115e-14
5.633261833263316657e+04 4.912987055126596481e-14
5.634673959665631992e+04 5.456701270136118845e-14
5.636086086093063932e+04 9.963640446708220313e-14
5.637498212502080423e+04 9.255167405736449683e-14
5.638910338910367864e+04 1.417630737850186499e-13
5.640322465318997274e+04 1.656408281930480378e-13
5.641734591732887930e+04 2.372946063964864719e-13
5.643146718151355162e+04 2.466763418711605912e-13
5.644558844557771954e+04 2.844632522786727527e-13
5.645970970970115013e+04 2.927973785619355661e-13
5.647383097378123784e+04 2.816843133545534375e-13
5.648795223796638311e+04 2.554116873407327788e-13
5.650207350205694092e+04 2.478325795597872716e-13
5.651619476615840540e+04 2.970833276904574825e-13
5.653031603030782571e+04 3.153298884224063131e-13
5.654443729438915034e+04 3.622156966384683858e-13
5.655855855855951086e+04 3.304366483803531868e-13
5.657267982269598724e+04 3.681956449635035398e-13
5.658680108681400452e+04 3.850246542534624396e-13
5.660092235089420865e+04 4.261037143799875552e-13
5.661504361498358048e+04 4.298882236034069483e-13
5.662916487921296357e+04 4.397569376042972924e-13
5.664328614328418917e+04 4.865176380774364692e-13
5.665740740737565648e+04 5.070578407629727848e-13
