5.300000000000625005e+04 1.268818417719252112e-12
5.301412126412426005e+04 1.205150379776370052e-12
5.302824252819594403e+04 1.188734000283073294e-12
5.304236379241853865e+04 1.219536177014595438e-12
5.305648505649099388e+04 1.246501464132271127e-12
5.307060632054169400e+04 1.249768722069423799e-12
5.308472758468136453e+04 1.298955933024396143e-12
5.309884884884677740e+04 1.301695117712172883e-12
5.311297011300209851e+04 1.325053063033056961e-12
5.312709137707031186e+04 1.311417446184191017e-12
5.314121264117745159e+04 1.377923194315704171e-12
5.315533390523166599e+04 1.415395303338365162e-12
5.316945516944078554e+04 1.453524222994273681e-12
5.318357643359494250e+04 1.429014437427524280e-12
5.319769769767135585e+04 1.456407846652182989e-12
5.321181896176371811e+04 1.499562055085067871e-12
5.322594022599167511e+04 1.518638310632054031e-12
5.324006149008224020e+04 1.536170342511338334e-12
5.325418275417599943e+04 1.553063999450696270e-12
5.326830401831154450e+04 1.550175220048044524e-12
5.328242528232796030e+04 1.510112896113725316e-12
5.329654654653399484e+04 1.566335667591153578e-12
5.331066781066959084e+04 1.649254104171431853e-12
5.332478907476657332e+04 1.696848346235682827e-12
5.333891033893643180e+04 1.752465395823220436e-12
5.335303160300463060e+04 1.772049882814058830e-12
5.336715286722107703e+04 1.802916701648222670e-12
5.338127413123627048e+04 1.806631806321865536e-12
5.339539539533386414e+04 1.877809987184876948e-12
5.340951665942752152e+04 1.865161226750118692e-12
5.342363792361187370e+04 1.857700082934378326e-12
5.343775918774971069e+04 1.842969651501192227e-12
5.345188045184306247e+04 1.813215692357947078e-12
5.346600171605533251e+04 1.777861500781600171e-12
5.348012298002571333e+04 1.789273663651621409e-12
5.349424424415497924e+04 1.764918550427144968e-12
5.350836550839889969e+04 1.774227013207566071e-12
5.352248677244802093e+04 1.718547469744362918e-12
5.353660803652599134e+04 1.670351567892139330e-12
5.355072930068691494e+04 1.665958248432833327e-12
5.356485056485160021e+04 1.658807074240395565e-12
5.357897182894581783e+04 1.623514907835647094e-12
5.359309309316642612e+04 1.564745667159526457e-12
5.360721435719921283e+04 1.555874036570009099e-12
5.362133562124897435e+04 1.561300379794070679e-12
5.363545688550200430e+04 1.538872577695127462e-12
5.364957814962176053e+04 1.512009585240182452e-12
5.366369941378886870e+04 1.451449895026236469e-12
5.367782067782017111e+04 1.415637154637191664e-12
5.369194194197501201e+04 1.374169343439148530e-12
5.370606320613864227e+04 1.361463713577534276e-12
5.372018447022207692e+04 1.348218136630167503e-12
5.373430573422706220e+04 1.329047515330925939e-12
5.374842699838200497e+04 1.281297194812199466e-12
5.376254826243581192e+04 1.231380211624139799e-12
5.377666952672569460e+04 1.168513247520612643e-12
5.379079079087368882e+04 1.084744581761900903e-12
5.380491205485216051e+04 1.058119690973242495e-12
5.381903331895122392e+04 1.029441251430205799e-12
5.383315458324915380e+04 9.491153732819233047e-13
5.384727584738158475e+04 8.935951892016677346e-13
5.386139711137195991e+04 8.262167922138261979e-13
5.387551837547752802e+04 7.977389580116766963e-13
5.388963963964586583e+04 7.564117580338815421e-13
5.390376090386322176e+04 7.692604988707705110e-13
5.391788216798257781e+04 6.925248938794883590e-13
5.393200343201608484e+04 6.645188884386155774e-13
5.394612469606400555e+04 6.154255745318312266e-13
5.396024596017205477e+04 5.702718745470189778e-13
5.397436722444790212e+04 5.423502358382950651e-13
5.398848848843065207e+04 4.993413256663331900e-13
5.400260975268881157e+04 4.338571180499221044e-13
5.401673101663892157e+04 4.370474304026613252e-13
5.403085228089273005e+04 4.723602197863796016e-13
5.404497354504492978e+04 4.336096423022854995e-13
5.405909480916259054e+04 3.634633915612055685e-13
5.407321607316368318e+04 3.275400370122323402e-13
5.408733733724908234e+04 2.618421003410442074e-13
5.410145860145851475e+04 2.777599154118807538e-13
5.411557986563320446e+04 2.566863555986155197e-13
5.412970112965531007e+04 2.108014772685133845e-13
5.414382239376979123e+04 2.399423714914770743e-13
5.415794365785457194e+04 1.960610468152205731e-13
5.417206492205848190e+04 1.832741749152407176e-13
5.418618618621813948e+04 1.474408115472262592e-13
5.420030745030736580e+04 1.029982918674908634e-13
5.421442871435135021e+04 8.545813578437008811e-14
5.422854997847529012e+04 8.222657747369144576e-14
5.424267124262509606e+04 4.464338558703451158e-14
5.425679250674817013e+04 6.099678297126169366e-14
5.427091377096272481e+04 2.146878167388499387e-14
5.428503503506794368e+04 5.533233808091336019e-14
5.429915629921989603e+04 1.042637928497233551e-13
5.431327756328020769e+04 1.070853913360343404e-13
5.432739882747142838e+04 5.413183072937329945e-14
5.434152009150786762e+04 5.586228614655936886e-14
5.435564135565643664e+04 8.928588566890048705e-14
5.436976261987687758e+04 5.925445371769912584e-14
5.438388388398073585e+04 4.749935570496168146e-14
5.439800514808800654e+04 4.277606858214033699e-14
5.441212641213668394e+04 8.906153265526025839e-14
5.442624767622497166e+04 1.228613453091095012e-13
5.444036894032388955e+04 1.339771309737857794e-13
5.445449020455424761e+04 1.570479950533300628e-13
5.446861146858134452e+04 1.821105389503434942e-13
5.448273273263581359e+04 1.839116124470319083e-13
5.449685399690355553e+04 2.381331737909520749e-13
5.451097526103271957e+04 2.349272379692964174e-13
5.452509652518961229e+04 2.704037613072591638e-13
5.453921778918901691e+04 2.363089775602673225e-13
5.455333905325228261e+04 2.216910351032794713e-13
5.456746031745568325e+04 2.191719069751909736e-13
5.458158158167585498e+04 2.122700833466597420e-13
5.459570284566659393e+04 2.470135535230626014e-13
5.460982410980513669e+04 2.194181328453142363e-13
5.462394537385884905e+04 1.809500276792295381e-13
5.463806663814595231e+04 1.814974740300619588e-13
5.465218790217499918e+04 1.745631535861845117e-13
5.466630916625296959e+04 1.870350563528087227e-13
5.468043043039730401e+04 1.577754237660800235e-13
5.469455169457830925e+04 1.002879324798650111e-13
5.470867295865446067e+04 5.329191304042491408e-14
5.472279422277401318e+04 2.598521406825253437e-14
5.473691548695981328e+04 -1.729491952409894561e-14
5.475103675109111646e+04 -9.055336527333585740e-14
5.476515801524028211e+04 -5.506746785402325907e-14
5.477927927925362019e+04 -1.349358908324321027e-13
5.479340054340458300e+04 -1.746726216745325724e-13
5.480752180745909573e+04 -2.006344524423768939e-13
5.482164307161103352e+04 -2.354060448628293847e-13
5.483576433575171541e+04 -2.745215865808117841e-13
5.484988559983195591e+04 -3.429036352118461259e-13
5.486400686407561443e+04 -4.076647886868038853e-13
5.487812812803977431e+04 -4.337347338595500221e-13
5.489224939225267008e+04 -4.216196711229775482e-13
5.490637065646750125e+04 -4.420414198130484720e-13
5.492049192056359607e+04 -4.953755681225142595e-13
5.493461318464193755e+04 -5.268999787633716840e-13
5.494873444875737914e+04 -6.090788003251451701e-13
5.496285571287009952e+04 -6.868736765089627062e-13
5.497697697697849071e+04 -6.611311992447053582e-13
5.499109824105220468e+04 -6.242060678688093760e-13
5.500521950514810305e+04 -6.912307495203824680e-13
5.501934076925798581e+04 -7.040719910921915352e-13
5.503346203344184323e+04 -6.831990366198134950e-13
5.504758329766885436e+04 -7.151484056151983799e-13
5.506170456176056177e+04 -7.804195091155890515e-13
5.507582582577863650e+04 -8.016199314964558300e-13
5.508994708982433804e+04 -8.035809893148487633e-13
5.510406835407792823e+04 -7.954192891528949284e-13
5.511818961827109160e+04 -7.837554321986296214e-13
5.513231088226236170e+04 -7.551257378786121355e-13
5.514643214644579712e+04 -7.731852180685157885e-13
5.516055341053097072e+04 -7.635174155030160876e-13
5.517467467463036883e+04 -6.943979391391252999e-13
5.518879593875075079e+04 -7.091402444086880868e-13
5.520291720295407140e+04 -6.921781566754760102e-13
5.521703846701837028e+04 -6.910082713230121516e-13
5.523115973115272209e+04 -6.407394476149539908e-13
5.524528099536577793e+04 -6.589864094318549845e-13
5.525940225944740814e+04 -6.607612355007638435e-13
5.527352352351162699e+04 -6.701540650133339162e-13
5.528764478758493351e+04 -6.401507553061821611e-13
5.530176605181777268e+04 -6.066465386842322005e-13
5.531588731595579884e+04 -5.779456013459556989e-13
5.533000857994628313e+04 -5.488659511211445145e-13
5.534412984411255457e+04 -5.849536645631188462e-13
5.535825110825778393e+04 -5.676966057367641710e-13
5.537237237236274814e+04 -5.583487718146734076e-13
5.538649363656915375e+04 -5.495158874280689252e-13
5.540061490064963436e+04 -5.688664910892279286e-13
5.541473616477299220e+04 -5.573151231111610463e-13
5.542885742899151228e+04 -6.030868875263080478e-13
5.544297869303839252e+04 -6.107823833757949124e-13
5.545709995709350187e+04 -6.388996279153527512e-13
5.547122122123739973e+04 -6.351025000298986807e-13
5.548534248522394773e+04 -6.312103814534324209e-13
5.549946374946155265e+04 -6.088513226177216869e-13
5.551358501352126041e+04 -5.710987723280103879e-13
5.552770627774950117e+04 -5.840162564281317386e-13
5.554182754183357611e+04 -5.993535033940329903e-13
5.555594880586366344e+04 -5.417291505201098727e-13
5.557007007018184231e+04 -5.235434327013613591e-13
5.558419133420637809e+04 -4.940450735095893494e-13
5.559831259829730698e+04 -4.239256951350456572e-13
5.561243386249138712e+04 -4.065836446377854798e-13
5.562655512654183985e+04 -3.955772232555243843e-13
5.564067639078387583e+04 -4.477396113962563631e-13
5.565479765479636262e+04 -4.712335590140580810e-13
5.566891891887741804e+04 -4.616507481194639328e-13
5.568304018293613626e+04 -4.896142577248839380e-13
5.569716144727046049e+04 -5.302140289899291315e-13
5.571128271136008698e+04 -5.114658662901883938e-13
5.572540397541205311e+04 -5.695901701694379890e-13
5.573952523952746560e+04 -5.932553510065639777e-13
5.575364650356028869e+04 -6.182953971083377041e-13
5.576776776781700755e+04 -6.186066166091534735e-13
5.578188903183245566e+04 -6.286993775291805339e-13
5.579601029592266423e+04 -6.742861600723567277e-13
5.581013156014935521e+04 -6.586276945855332719e-13
5.582425282429705840e+04 -7.192979989594076287e-13
5.583837408839001000e+04 -7.622625384796467773e-13
5.585249535243834544e+04 -8.044309060239036843e-13
5.586661661667117005e+04 -8.173021446560323584e-13
5.588073788071989111e+04 -8.360453078457198283e-13
5.589485914487254922e+04 -8.389887693895790775e-13
5.590898040902847424e+04 -8.654261785512401455e-13
5.592310167303435446e+04 -8.239339947416872548e-13
5.593722293713875843e+04 -8.050270975977554157e-13
5.595134420133959065e+04 -8.274049045961659544e-13
5.596546546552269137e+04 -8.114277203434469285e-13
5.597958672954302892e+04 -8.245039388877593806e-13
5.599370799362079561e+04 -8.750339869961006328e-13
5.600782925785391126e+04 -9.355743041085900267e-13
5.602195052192989533e+04 -9.221743672883286357e-13
5.603607178607606329e+04 -9.295886406973195397e-13
5.605019305018186424e+04 -9.322933756361354027e-13
5.606431431436002458e+04 -9.005764838582273697e-13
5.607843557843402232e+04 -8.569895053363568842e-13
5.609255684252482752e+04 -8.943233466591072570e-13
5.610667810671430925e+04 -9.684698303815551874e-13
5.612079937077482464e+04 -1.021112171487400472e-12
5.613492063492692978e+04 -1.013826635462281365e-12
5.614904189907313412e+04 -1.024471842243194013e-12
5.616316316326381639e+04 -1.083591048623043195e-12
5.617728442729630478e+04 -1.094304998667188426e-12
5.619140569140213483e+04 -1.152298065407539792e-12
5.620552695554442471e+04 -1.167211603896426749e-12
5.621964821954599029e+04 -1.137638252053855722e-12
5.623376948383525450e+04 -1.161347178603947855e-12
5.624789074792017345e+04 -1.177393106119899263e-12
5.626201201200917421e+04 -1.066522721301199228e-12
5.627613327614378068e+04 -1.104980202508420681e-12
5.629025454025273939e+04 -1.120589922772224826e-12
5.630437580435399286e+04 -1.080587592958544631e-12
5.631849706845411856e+04 -1.049471892264541597e-12
5.633261833260322601e+04 -1.021365896622603762e-12
5.634673959662453854e+04 -1.057012403302377362e-12
5.636086086086558498e+04 -9.776164340240020731e-13
5.637498212505764241e+04 -9.989618421964135170e-13
5.638910338904600940e+04 -9.690335251400606780e-13
5.640322465316416492e+04 -9.617267411972151328e-13
5.641734591736615403e+04 -9.876117044979905123e-13
5.643146718153678376e+04 -9.857506368806629351e-13
5.644558844558658166e+04 -9.973332517965627917e-13
5.645970970975012460e+04 -1.023001986287534490e-12
5.647383097377371450e+04 -1.053209026029356757e-12
5.648795223792501201e+04 -1.145721209932470741e-12
5.650207350212285382e+04 -1.186462217356520598e-12
5.651619476626651158e+04 -1.224518487881967664e-12
5.653031603039153561e+04 -1.285426268983371939e-12
5.654443729432868713e+04 -1.334930167653280832e-12
5.655855855858718860e+04 -1.344559224015867556e-12
5.657267982271886285e+04 -1.381195633686187575e-12
5.658680108684967854e+04 -1.436040258970495813e-12
5.660092235092316696e+04 -1.487773939124160330e-12
5.661504361495038029e+04 -1.573334304298210581e-12
5.662916487926372793e+04 -1.611839280850937977e-12
5.664328614335965540e+04 -1.623843104488825293e-12
5.665740740735699364e+04 -1.711820732773628811e-12
