5.299999999999943248e+04 -1.890888745184348666e-12
5.301412126410899509e+04 -1.825413065442667710e-12
5.302824252819348476e+04 -1.799654795450003835e-12
5.304236379239276721e+04 -1.783552935566726324e-12
5.305648505651111191e+04 -1.793427356780449209e-12
5.307060632059747149e+04 -1.706168566132131457e-12
5.308472758467983658e+04 -1.720542054810823705e-12
5.309884884879996389e+04 -1.683114628020685810e-12
5.311297011301336897e+04 -1.640220420110524994e-12
5.312709137708795606e+04 -1.653428531732899109e-12
5.314121264119052648e+04 -1.599729835518602335e-12
5.315533390530192992e+04 -1.633167180942564053e-12
5.316945516951137688e+04 -1.620221610553676995e-12
5.318357643360430666e+04 -1.529909547167328306e-12
5.319769769771907886e+04 -1.497944583883159637e-12
5.321181896178235911e+04 -1.483968618687831598e-12
5.322594022591315297e+04 -1.472941886881372765e-12
5.324006149010885565e+04 -1.434873635268585789e-12
5.325418275420065766e+04 -1.388354222253560692e-12
5.326830401831456402e+04 -1.338600916312607813e-12
5.328242528239970852e+04 -1.265696033584512584e-12
5.329654654649314034e+04 -1.287883494728312891e-12
5.331066781071720470e+04 -1.325676403760682753e-12
5.332478907481548231e+04 -1.234072995034320002e-12
5.333891033891838015e+04 -1.238849942624808069e-12
5.335303160301606113e+04 -1.178829274717473717e-12
5.336715286719475262e+04 -1.131626012234496648e-12
5.338127413131039066e+04 -1.072470003352048633e-12
5.339539539538417739e+04 -1.079186392876236666e-12
5.340951665949240851e+04 -1.009633114867733003e-12
5.342363792361268133e+04 -1.029135701798910368e-12
5.343775918781472865e+04 -9.271130571381506717e-13
5.345188045189766854e+04 -9.456091097616025669e-13
5.346600171598164889e+04 -9.204663554197353645e-13
5.348012298011875828e+04 -8.718433553893696329e-13
5.349424424420155265e+04 -7.967456549554988228e-13
5.350836550841856661e+04 -7.440859130281349052e-13
5.352248677251450863e+04 -7.168564633890655914e-13
5.353660803658609802e+04 -6.105792266906532356e-13
5.355072930067911511e+04 -5.377278975263419966e-13
5.356485056490905117e+04 -5.009712158667660815e-13
5.357897182899253676e+04 -4.261595384270231494e-13
5.359309309309069795e+04 -2.979064036734226480e-13
5.360721435719531291e+04 -2.374376886235389929e-13
5.362133562131979852e+04 -1.483700070559225974e-13
5.363545688549108309e+04 -1.154316111717703983e-13
5.364957814958054951e+04 -1.162684708219624717e-13
5.366369941369007574e+04 -6.915103038674672479e-14
5.367782067779067438e+04 -9.773272644826620075e-14
5.369194194189902191e+04 -1.203809603339308714e-13
5.370606320611652336e+04 -4.912487594089452959e-14
5.372018447020305757e+04 -4.289811899987464998e-14
5.373430573429806827e+04 -1.958088217879215217e-14
5.374842699838793487e+04 -1.745631307410472264e-14
5.376254826250789483e+04 2.274840001891995340e-14
5.377666952669018792e+04 7.329690442183112868e-14
5.379079079079101211e+04 1.039928679124020783e-13
5.380491205490307766e+04 1.517808262353350559e-13
5.381903331900636840e+04 1.893104365580680484e-13
5.383315458319258323e+04 1.899279311153060488e-13
5.384727584731035313e+04 2.748119204128819470e-13
5.386139711141090083e+04 3.356987622974017544e-13
5.387551837548202457e+04 4.032250341292997422e-13
5.388963963958727982e+04 4.487681361349724071e-13
5.390376090381019458e+04 4.612895198800255220e-13
5.391788216789656144e+04 4.866952699410696337e-13
5.393200343199169583e+04 5.122576660698722593e-13
5.394612469610965491e+04 5.003565037961960801e-13
5.396024596021577599e+04 4.731831073922047405e-13
5.397436722440547601e+04 5.274926323736220818e-13
5.398848848849217757e+04 5.804332464572958413e-13
5.400260975260958367e+04 5.536649482981656714e-13
5.401673101669671451e+04 5.892954144183629056e-13
5.403085228091297176e+04 6.301312566393203304e-13
5.404497354499854555e+04 6.544789640144590140e-13
5.405909480909901322e+04 6.563229639532963253e-13
5.407321607318873430e+04 6.616368106386939514e-13
5.408733733731044049e+04 6.671688104552060873e-13
5.410145860150195949e+04 7.009289164665563120e-13
5.411557986560007703e+04 7.154818512451132680e-13
5.412970112970342598e+04 7.178439648703477043e-13
5.414382239377880614e+04 7.974038058068899795e-13
5.415794365791149175e+04 8.522905276143810629e-13
5.417206492211016302e+04 9.033653264461060297e-13
5.418618618621958012e+04 9.438596984187772198e-13
5.420030745029597165e+04 9.493880623497707418e-13
5.421442871439369628e+04 9.352874923278165319e-13
5.422854997849833308e+04 9.458606474158329800e-13
5.424267124270438944e+04 9.377768619462008380e-13
5.425679250680501718e+04 9.838538331421844194e-13
5.427091377088319132e+04 9.952841482412051511e-13
5.428503503499137878e+04 1.014212871241367452e-12
5.429915629920693755e+04 9.698153761645056715e-13
5.431327756329802651e+04 1.007078657873003101e-12
5.432739882738918823e+04 1.032376543330329344e-12
5.434152009150959930e+04 1.072583074366113299e-12
5.435564135559620627e+04 1.063781201506562692e-12
5.436976261982003780e+04 1.073298131851433221e-12
5.438388388387976738e+04 1.109223710679554717e-12
5.439800514798046061e+04 1.147942558557321682e-12
5.441212641209745925e+04 1.116144618764162609e-12
5.442624767619160411e+04 1.101498968904881807e-12
5.444036894041977212e+04 1.146491234254490428e-12
5.445449020448594092e+04 1.135964436706835651e-12
5.446861146860107692e+04 1.093448512385836656e-12
5.448273273271601647e+04 1.110935303787423970e-12
5.449685399690702616e+04 1.099864032383362673e-12
5.451097526101543917e+04 1.060825529570420954e-12
5.452509652509212901e+04 1.037557377203839144e-12
5.453921778920169891e+04 1.051186494070218137e-12
5.455333905330424022e+04 1.056207651971370578e-12
5.456746031752016279e+04 1.064792886652106147e-12
5.458158158160049061e+04 1.085651355891252313e-12
5.459570284570110380e+04 1.051009850632107449e-12
5.460982410979230917e+04 1.048538054460396140e-12
5.462394537391001359e+04 1.041661988963850749e-12
5.463806663810868486e+04 1.002882240003647657e-12
5.465218790218141658e+04 1.021160442486444775e-12
5.466630916631214495e+04 1.027502638792679453e-12
5.468043043040356133e+04 9.894627925355063068e-13
5.469455169460400793e+04 9.444287145024341311e-13
5.470867295871755050e+04 9.181933765622352746e-13
5.472279422281267034e+04 8.957387535804346847e-13
5.473691548689732008e+04 8.773036020394190165e-13
5.475103675100833061e+04 9.007696071763032271e-13
5.476515801518481021e+04 9.051859961195324878e-13
5.477927927927909332e+04 8.834003760731497819e-13
5.479340054338578193e+04 9.350723691013006651e-13
5.480752180749323452e+04 9.451546796443096932e-13
5.482164307160264434e+04 9.113245828367269087e-13
5.483576433581436868e+04 8.513748904446199310e-13
5.484988559991649527e+04 8.563760509754200964e-13
5.486400686399575352e+04 8.782828672057552853e-13
5.487812812809217576e+04 8.421488309412353817e-13
5.489224939220659144e+04 8.407484090356642168e-13
5.490637065637969499e+04 8.338553760733653947e-13
5.492049192050948477e+04 7.786062776758562992e-13
5.493461318461582414e+04 7.416062946769957141e-13
5.494873444870043750e+04 7.766950138549252372e-13
5.496285571290014923e+04 7.757672570667688267e-13
5.497697697700634308e+04 8.183137834242158012e-13
5.499109824108898465e+04 7.636912692977411652e-13
5.500521950519613165e+04 7.475443017097487237e-13
5.501934076931343589e+04 7.085100407632453875e-13
5.503346203350436554e+04 7.418705023580121614e-13
5.504758329760242486e+04 7.007225799633771458e-13
5.506170456169868703e+04 6.831957938210854828e-13
5.507582582580436429e+04 6.364413359568075547e-13
5.508994708987950435e+04 5.519512342570772768e-13
5.510406835411994689e+04 5.450079048784382353e-13
5.511818961819756078e+04 4.984255455953727786e-13
5.513231088230382011e+04 4.342788293529904366e-13
5.514643214641650411e+04 4.226664169875810958e-13
5.516055341058973863e+04 4.134227840375234480e-13
5.517467467470405245e+04 3.567302390891399941e-13
5.518879593877976004e+04 3.270498996200910481e-13
5.520291720289250952e+04 2.720231962201347948e-13
5.521703846699430869e+04 1.966858303324978024e-13
5.523115973121299612e+04 2.118844377810617891e-13
5.524528099529611791e+04 1.896043373041528727e-13
5.525940225940768869e+04 1.377432782290360625e-13
5.527352352348339627e+04 1.870664892121874017e-13
5.528764478760958445e+04 1.171556824610238789e-13
5.530176605178182217e+04 1.284784359467867277e-13
5.531588731591578835e+04 1.519650444349428564e-13
5.533000858000424341e+04 1.375839052471385125e-13
5.534412984408813645e+04 6.891535938148816778e-14
5.535825110830642370e+04 1.670646725842765268e-14
5.537237237241023831e+04 2.174519860625308767e-14
5.538649363651619205e+04 1.364202174718853881e-14
5.540061490061866061e+04 -2.405726323307796108e-14
5.541473616470096022e+04 -1.534628751149159397e-14
5.542885742889314861e+04 -9.988668562756211335e-14
5.544297869299670128e+04 -7.687456019958004606e-14
5.545709995708295901e+04 -1.322006181738990066e-13
5.547122122120225686e+04 -1.546473634037426502e-13
5.548534248529689648e+04 -1.855239092084028117e-13
5.549946374949625897e+04 -2.073277086823784102e-13
5.551358501358922513e+04 -2.561940100520287865e-13
5.552770627771193540e+04 -2.075567694700486354e-13
5.554182754180672782e+04 -1.977271529705806460e-13
5.555594880590528192e+04 -1.859680932225887523e-13
5.557007007009549125e+04 -1.631983601625117015e-13
5.558419133417974808e+04 -1.316546293651929631e-13
5.559831259828017210e+04 -1.453176811630787416e-13
5.561243386238375388e+04 -1.235423627923319821e-13
5.562655512661497050e+04 -4.870493116349909566e-14
5.564067639070744917e+04 -2.313011242584128804e-14
5.565479765479363414e+04 -1.925971229131801097e-14
5.566891891888907412e+04 8.721456678716797170e-15
5.568304018298049778e+04 -1.264118868567166305e-14
5.569716144717870338e+04 3.148997777695432891e-14
5.571128271128488268e+04 6.535825138248211724e-14
5.572540397541158018e+04 9.607118233880640892e-14
5.573952523948311136e+04 1.001161049782212869e-13
5.575364650360438827e+04 1.411761601394907725e-13
5.576776776781908848e+04 1.779440524460822623e-13
5.578188903191918507e+04 1.313392718689856310e-13
5.579601029598689638e+04 1.739257929671369290e-13
5.581013156010175589e+04 1.954720505502134381e-13
5.582425282428443461e+04 2.172140399703732572e-13
5.583837408837998373e+04 2.313418791337168439e-13
5.585249535249247128e+04 2.768122634290180392e-13
5.586661661660004029e+04 3.254167810413310188e-13
5.588073788071553281e+04 3.471496807476943790e-13
5.589485914490503637e+04 3.263106028979807704e-13
5.590898040900332853e+04 3.396785419879421614e-13
5.592310167310506949e+04 3.392840484091767469e-13
5.593722293719714071e+04 4.035986213663333289e-13
5.595134420129134378e+04 3.544759900676233758e-13
5.596546546549222694e+04 3.296416800139154028e-13
5.597958672960360127e+04 3.300307197644029470e-13
5.599370799370206078e+04 3.562830251703552338e-13
5.600782925780145888e+04 3.496190529957267127e-13
5.602195052201912767e+04 3.294604917189063967e-13
5.603607178608606046e+04 2.760396377563208211e-13
5.605019305020868342e+04 2.729388333898959772e-13
5.606431431430955126e+04 2.967308562616124145e-13
5.607843557840164431e+04 2.390123856160709854e-13
5.609255684258940164e+04 1.247304439580554811e-13
5.610667810671660845e+04 9.675169891169972677e-14
5.612079937080429227e+04 -4.876149179834606942e-15
5.613492063488181884e+04 -8.791856246225215616e-14
5.614904189899680205e+04 -1.124977545487401282e-13
5.616316316321840713e+04 -1.869194832666159257e-13
5.617728442730352981e+04 -2.671689304898479777e-13
5.619140569137889543e+04 -2.690008108102901114e-13
5.620552695548489282e+04 -3.615637903230967402e-13
5.621964821959842811e+04 -3.972306152984797092e-13
5.623376948382016417e+04 -4.489438150291744790e-13
5.624789074789721781e+04 -4.983336839134997243e-13
5.626201201199500792e+04 -5.534773416309701282e-13
5.627613327609109547e+04 -6.241777415205842490e-13
5.629025454028991226e+04 -6.946690779928802937e-13
5.630437580441631144e+04 -7.140374401503302932e-13
5.631849706849916402e+04 -7.388196358449386895e-13
5.633261833260209823e+04 -8.114282696508850275e-13
5.634673959668376483e+04 -9.020018138041112542e-13
5.636086086088186130e+04 -9.214695568324022554e-13
5.637498212499396323e+04 -9.116962965584721751e-13
5.638910338908256381e+04 -9.350435294350829786e-13
5.640322465320488118e+04 -9.826372708732320560e-13
5.641734591730434477e+04 -1.003902353309538662e-12
5.643146718151649839e+04 -9.971796009856933074e-13
5.644558844561181468e+04 -1.014445209351567267e-12
5.645970970969719201e+04 -1.055016843891508144e-12
5.647383097381336847e+04 -1.040610253505073730e-12
5.648795223800805979e+04 -1.091069072731860043e-12
5.650207350208971911e+04 -1.096647733079193885e-12
5.651619476618923363e+04 -1.063444826523565430e-12
5.653031603030729457e+04 -1.082464143671232234e-12
5.654443729440111929e+04 -1.085439509987266212e-12
5.655855855860744487e+04 -1.159142545334303612e-12
5.657267982267875050e+04 -1.118495769160312190e-12
5.658680108677887620e+04 -1.169109719502557746e-12
5.660092235088514281e+04 -1.149347469747262051e-12
5.661504361498905200e+04 -1.085462537262217231e-12
5.662916487921593944e+04 -1.133212621777664888e-12
5.664328614328345429e+04 -1.147211992986018991e-12
5.665740740741703485e+04 -1.130930497633839351e-12
