5.300000000000045111e+04 -1.359701404427094723e-13
5.301412126411985810e+04 -1.532002008888615663e-13
5.302824252822619019e+04 -1.814872835401944620e-13
5.304236379241426766e+04 -1.909429429022115135e-13
5.305648505647886486e+04 -2.071930832266077598e-13
5.307060632061682554e+04 -1.783001015234619780e-13
5.308472758471099223e+04 -1.997867071020006928e-13
5.309884884879976744e+04 -2.312742897029350826e-13
5.311297011297704739e+04 -2.651152179355489537e-13
5.312709137712322990e+04 -2.916659462031581823e-13
5.314121264121031709e+04 -2.541904750343710830e-13
5.315533390529111784e+04 -2.350677234838577840e-13
5.316945516947786382e+04 -2.009850534853039580e-13
5.318357643360085058e+04 -2.531936368809981235e-13
5.319769769769172126e+04 -2.694250226369157876e-13
5.321181896180941840e+04 -2.393130183076564765e-13
5.322594022589035740e+04 -2.143613176840229735e-13
5.324006149010179797e+04 -2.003296895631913422e-13
5.325418275417880068e+04 -1.537370656146794847e-13
5.326830401830350456e+04 -1.319667819847831416e-13
5.328242528237442457e+04 -8.619819144973307815e-14
5.329654654649727308e+04 -7.733961333009508640e-14
5.331066781067534612e+04 -1.226359584793573534e-13
5.332478907478359906e+04 -5.028029813933494738e-14
5.333891033890861581e+04 -4.762303606333528102e-14
5.335303160300606396e+04 -6.297016033485909918e-15
5.336715286717766867e+04 5.867571686565072131e-15
5.338127413129072374e+04 6.660809721547719367e-14
5.339539539539487305e+04 9.740392570695278362e-14
5.340951665952250914e+04 9.403608197804116157e-14
5.342363792358849605e+04 1.197786367266737391e-13
5.343775918777789047e+04 9.517118338333636238e-14
5.345188045192350546e+04 1.256347324903542949e-13
5.346600171601008333e+04 1.050072856130633678e-13
5.348012298008677317e+04 1.608875805320062703e-13
5.349424424419634306e+04 2.094175927568369235e-13
5.350836550841526332e+04 2.147258897110016330e-13
5.352248677250350011e+04 2.279654961072401901e-13
5.353660803660997044e+04 2.744358626482641726e-13
5.355072930067859124e+04 3.106323257617961749e-13
5.356485056490315037e+04 3.679543629294071631e-13
5.357897182902439090e+04 3.757702746116078351e-13
5.359309309310364188e+04 3.780954519030822005e-13
5.360721435721696616e+04 4.262115500718417212e-13
5.362133562132692168e+04 4.013264999250321288e-13
5.363545688552128559e+04 3.962189328010683497e-13
5.364957814962269185e+04 3.690969564320971398e-13
5.366369941368854052e+04 3.870753630805294815e-13
5.367782067782221566e+04 4.479078857274517594e-13
5.369194194187906396e+04 3.957048970798121913e-13
5.370606320610848343e+04 4.347784228929133854e-13
5.372018447019952146e+04 4.723620916240772801e-13
5.373430573431398079e+04 5.105315061515619808e-13
5.374842699837694090e+04 5.590299931873548052e-13
5.376254826249930920e+04 5.887943447375022322e-13
5.377666952672626940e+04 6.183830698487196031e-13
5.379079079078928771e+04 6.642683716931859892e-13
5.380491205491834990e+04 6.697284565945700331e-13
5.381903331898681063e+04 6.942077658824664786e-13
5.383315458321000915e+04 7.580104672965790264e-13
5.384727584728928923e+04 7.520411143722809381e-13
5.386139711138551502e+04 7.889968091218080585e-13
5.387551837550493656e+04 8.007200928453120982e-13
5.388963963958773820e+04 8.342407095893067176e-13
5.390376090380748064e+04 8.713053803009400087e-13
5.391788216792331514e+04 8.350981168911635750e-13
5.393200343198253540e+04 8.378540411328557961e-13
5.394612469609748950e+04 8.470665965294065239e-13
5.396024596021628531e+04 8.269611153206142762e-13
5.397436722441756137e+04 8.242009098804107690e-13
5.398848848849583010e+04 7.993886401082934439e-13
5.400260975261551357e+04 7.427258102114587386e-13
5.401673101669878815e+04 7.414638296502827214e-13
5.403085228092454781e+04 6.645736989870156386e-13
5.404497354502459348e+04 6.735159550775566333e-13
5.405909480908718251e+04 6.471204202559824843e-13
5.407321607319536997e+04 5.981331954901367071e-13
5.408733733731885877e+04 5.722484854909352519e-13
5.410145860148708016e+04 5.472846223715310245e-13
5.411557986557740514e+04 5.102759964404094178e-13
5.412970112971129856e+04 4.568077190327442528e-13
5.414382239379966632e+04 4.180663753041345126e-13
5.415794365789301082e+04 4.051060198107930494e-13
5.417206492208502459e+04 4.049939302497695293e-13
5.418618618618127948e+04 3.850840219729714861e-13
5.420030745030949765e+04 4.002970662829934433e-13
5.421442871442391333e+04 4.179521451438553495e-13
5.422854997851375083e+04 3.749500358968265875e-13
5.424267124271206558e+04 3.819774286532161465e-13
5.425679250678224344e+04 4.176625804445446776e-13
5.427091377092706534e+04 4.079485410223732033e-13
5.428503503500817169e+04 3.978242849428449145e-13
5.429915629920550418e+04 3.929299020447513626e-13
5.431327756329953263e+04 4.209433407037375388e-13
5.432739882741994370e+04 4.035461067532160688e-13
5.434152009149371588e+04 3.276809339335440543e-13
5.435564135558755515e+04 3.017061241656726545e-13
5.436976261980975687e+04 2.607492602074579797e-13
5.438388388391079934e+04 2.874294947300344704e-13
5.439800514797993674e+04 2.964896783795688703e-13
5.441212641208947025e+04 3.621990699306747924e-13
5.442624767622251966e+04 3.496545744927277988e-13
5.444036894040494371e+04 3.454502429546851236e-13
5.445449020451477554e+04 3.209298730810664951e-13
5.446861146857530548e+04 3.099493772992754369e-13
5.448273273271130165e+04 2.754213167055957073e-13
5.449685399688025791e+04 2.586999283200648871e-13
5.451097526098110393e+04 2.227497314208995650e-13
5.452509652508460567e+04 2.239945871880302612e-13
5.453921778922640806e+04 2.484962754681449697e-13
5.455333905331079586e+04 2.036460506637548231e-13
5.456746031752401177e+04 2.261149480507246908e-13
5.458158158160433231e+04 2.281572743405537850e-13
5.459570284567561612e+04 2.023293875215934398e-13
5.460982410979638371e+04 2.075983752894269723e-13
5.462394537389232573e+04 2.197165022756335872e-13
5.463806663810345344e+04 1.826769349552711958e-13
5.465218790222334064e+04 1.910974686272288240e-13
5.466630916631146101e+04 1.800255108772415028e-13
5.468043043038317410e+04 1.792274565547461113e-13
5.469455169459036551e+04 2.096595777726923429e-13
5.470867295867899520e+04 2.225140709028449596e-13
5.472279422279494611e+04 1.399632228079590933e-13
5.473691548689375486e+04 1.428113874175769021e-13
5.475103675097953237e+04 1.363820002532449381e-13
5.476515801518205262e+04 1.580555677167720509e-13
5.477927927932020975e+04 1.468524496123926525e-13
5.479340054337768379e+04 1.001729854440774481e-13
5.480752180751317064e+04 9.899137465495477840e-14
5.482164307157921576e+04 4.424496489173001310e-14
5.483576433581270248e+04 6.216839705927840996e-14
5.484988559990131762e+04 4.205766165231322026e-14
5.486400686400417180e+04 -1.447984588809945693e-14
5.487812812812036282e+04 -2.542317308281503785e-14
5.489224939218681538e+04 -4.529240997375564243e-14
5.490637065640157380e+04 -5.980061332886945173e-14
5.492049192049725389e+04 -4.769727593752011419e-14
5.493461318458719325e+04 -1.158430586414283621e-13
5.494873444869796367e+04 -9.536102656357287251e-14
5.496285571288401115e+04 -1.583631438560696981e-13
5.497697697701934521e+04 -1.221294148554959708e-13
5.499109824108521570e+04 -1.533340978048020572e-13
5.500521950517561345e+04 -2.462226781049849111e-13
5.501934076927505521e+04 -2.839914113717970253e-13
5.503346203349527059e+04 -3.294733075565382892e-13
5.504758329759482149e+04 -3.525902227181752200e-13
5.506170456171628030e+04 -3.803752010566030699e-13
5.507582582581281167e+04 -4.026467741121878282e-13
5.508994708987613558e+04 -3.613456628736770145e-13
5.510406835409256746e+04 -4.320407046911404204e-13
5.511818961819538526e+04 -3.961089947855467123e-13
5.513231088227772125e+04 -3.478334219722407249e-13
5.514643214639840153e+04 -3.625825400435821068e-13
5.516055341057495389e+04 -3.225906971498040408e-13
5.517467467468681571e+04 -2.855567732274792790e-13
5.518879593879543972e+04 -2.650233667674880283e-13
5.520291720289774094e+04 -2.998785498474186010e-13
5.521703846700130816e+04 -2.468446194887194186e-13
5.523115973118374677e+04 -1.796165700656910301e-13
5.524528099527772429e+04 -1.987605330088285798e-13
5.525940225938428921e+04 -1.653773038170606861e-13
5.527352352349479042e+04 -1.629292366683183945e-13
5.528764478762177168e+04 -1.480758130332468157e-13
5.530176605178385216e+04 -1.663853314665427898e-13
5.531588731592649128e+04 -1.362488075458095474e-13
5.533000857998558058e+04 -1.713935553250508424e-13
5.534412984411609796e+04 -1.730982507322831337e-13
5.535825110829432379e+04 -1.276809617250762525e-13
5.537237237241402181e+04 -1.152164468593178809e-13
5.538649363652568718e+04 -1.501261179203015389e-13
5.540061490057922492e+04 -1.503814330315217202e-13
5.541473616471076821e+04 -1.518720685131883444e-13
5.542885742892222333e+04 -1.149050869675859395e-13
5.544297869301567698e+04 -7.969573201081027436e-14
5.545709995709282521e+04 -1.093294097063964520e-13
5.547122122117374965e+04 -1.312997420667305790e-13
5.548534248530243349e+04 -1.081376797207924976e-13
5.549946374949501478e+04 -1.348344552376172780e-13
5.551358501361803064e+04 -1.871172298575131622e-13
5.552770627770186547e+04 -1.223979627621147738e-13
5.554182754182446661e+04 -1.330495846582640082e-13
5.555594880590340472e+04 -1.389848825944038613e-13
5.557007007008320943e+04 -1.528030345894667938e-13
5.558419133419122227e+04 -1.470545525883660904e-13
5.559831259829949704e+04 -1.553709752965258781e-13
5.561243386241624103e+04 -1.059963020654061738e-13
5.562655512661657121e+04 -8.019079423866404120e-14
5.564067639067840355e+04 -7.140110449507173085e-14
5.565479765479738853e+04 -6.514481457867427977e-15
5.566891891888688406e+04 3.435150433194802474e-14
5.568304018298220763e+04 6.494339209433920079e-14
5.569716144721897581e+04 5.273497073953033524e-14
5.571128271128275082e+04 4.866160495594739988e-14
5.572540397540218692e+04 6.287518401350988228e-14
5.573952523949043098e+04 3.584758861171993474e-14
5.575364650360683299e+04 2.396843034241758059e-14
5.576776776779094507e+04 3.162583977160870946e-15
5.578188903188131371e+04 -1.186909319592724680e-14
5.579601029601429036e+04 -1.673409150423860984e-14
5.581013156010850798e+04 -2.982599655183682212e-14
5.582425282427685306e+04 -3.106987931930586870e-14
5.583837408840823628e+04 -9.201157252826666107e-14
5.585249535247373569e+04 -1.201460523451636045e-13
5.586661661659253878e+04 -1.779811522343690952e-13
5.588073788070987939e+04 -1.794725661157650189e-13
5.589485914490174764e+04 -2.245037688572243292e-13
5.590898040901065542e+04 -3.037604292975864320e-13
5.592310167307648953e+04 -2.498336744493459649e-13
5.593722293721629831e+04 -2.636673944389954932e-13
5.595134420132364176e+04 -2.821092408262775317e-13
5.596546546549819323e+04 -3.062209508419979446e-13
5.597958672958751413e+04 -3.697321415574765086e-13
5.599370799369529414e+04 -4.167887403946519737e-13
5.600782925780719961e+04 -4.127130394118810704e-13
5.602195052202462102e+04 -4.406459136988815805e-13
5.603607178609357652e+04 -4.661462888317264201e-13
5.605019305020206230e+04 -4.643948894407343414e-13
5.606431431431171222e+04 -4.653134011213434940e-13
5.607843557842045993e+04 -4.718005844655781987e-13
5.609255684262542491e+04 -5.167664016297737763e-13
5.610667810668196762e+04 -5.448642966593922424e-13
5.612079937081080425e+04 -5.402258126723159158e-13
5.613492063488076383e+04 -5.252011410967917074e-13
5.614904189901304926e+04 -5.632555470642678697e-13
5.616316316321730119e+04 -5.925817568667687550e-13
5.617728442731410178e+04 -5.811244912507631623e-13
5.619140569140423031e+04 -6.042849967972425816e-13
5.620552695552048681e+04 -5.877089745611640656e-13
5.621964821959395340e+04 -5.780692723131436596e-13
5.623376948377482040e+04 -6.161781662616728568e-13
5.624789074790957966e+04 -6.160730822982133098e-13
5.626201201197780756e+04 -5.788593480384134220e-13
5.627613327607792598e+04 -5.370841913647407609e-13
5.629025454028432432e+04 -5.407823684787867412e-13
5.630437580439574958e+04 -5.146063423808835830e-13
5.631849706850900839e+04 -5.284984423502328203e-13
5.633261833257809485e+04 -5.591954140760835622e-13
5.634673959670999466e+04 -5.716225657548341443e-13
5.636086086092004552e+04 -5.345170290574110014e-13
5.637498212498861540e+04 -5.522341852966869596e-13
5.638910338909061102e+04 -5.351638792324841026e-13
5.640322465319061303e+04 -4.879484868505252795e-13
5.641734591728664964e+04 -5.011104478737631634e-13
5.643146718149130902e+04 -5.059762245818039301e-13
5.644558844562223385e+04 -5.305246168456783503e-13
5.645970970969586051e+04 -4.943134614372551920e-13
5.647383097378376260e+04 -5.411310915575264468e-13
5.648795223798639927e+04 -5.616380324267205553e-13
5.650207350211909943e+04 -4.862858250286768272e-13
5.651619476618614135e+04 -4.532879037029271544e-13
5.653031603028124664e+04 -4.765324764201742011e-13
5.654443729439725576e+04 -4.509892893022161978e-13
5.655855855861657619e+04 -3.886947373636801818e-13
5.657267982271145593e+04 -3.881008183702015165e-13
5.658680108681398269e+04 -3.585768950364508847e-13
5.660092235090509348e+04 -3.771347229834030670e-13
5.661504361502666143e+04 -3.174766109281071165e-13
5.662916487922304805e+04 -3.045855330106760097e-13
5.664328614328713593e+04 -2.229812189866552139e-13
5.665740740740732872e+04 -1.970620647994309370e-13
