5.300000000000044383e+04 1.395878403749264780e-12
5.301412126410813653e+04 1.385175218689680466e-12
5.302824252818395325e+04 1.400213378798274915e-12
5.304236379238878726e+04 1.364543470957451162e-12
5.305648505649900471e+04 1.326261536194775156e-12
5.307060632059811178e+04 1.341413370188590236e-12
5.308472758469205291e+04 1.308477163199050287e-12
5.309884884878739831e+04 1.231274022711130624e-12
5.311297011300684972e+04 1.190113870169493707e-12
5.312709137708941853e+04 1.206811360988119791e-12
5.314121264118872205e+04 1.154165667346398136e-12
5.315533390531376790e+04 1.082961760844546708e-12
5.316945516951502213e+04 9.965682761236447668e-13
5.318357643358567293e+04 1.000292883595622713e-12
5.319769769769970299e+04 9.292801956322930697e-13
5.321181896179285832e+04 8.899851772273025135e-13
5.322594022588409280e+04 8.503154803729520412e-13
5.324006149011015077e+04 7.711951263762924246e-13
5.325418275420979626e+04 7.188398401667144791e-13
5.326830401830245683e+04 7.081760226503894766e-13
5.328242528238670639e+04 6.844757792926607683e-13
5.329654654649738950e+04 6.748026686040423432e-13
5.331066781068927230e+04 6.392068173639453290e-13
5.332478907481819624e+04 5.978894943387519609e-13
5.333891033889236860e+04 5.366076572374492116e-13
5.335303160301043681e+04 5.272336200018102610e-13
5.336715286718674179e+04 4.628131849104936706e-13
5.338127413131292997e+04 4.203047293922279145e-13
5.339539539540874830e+04 3.650086568997479058e-13
5.340951665950562165e+04 2.956096968970366249e-13
5.342363792359663785e+04 2.966231801253263550e-13
5.343775918779624772e+04 2.493706068183345976e-13
5.345188045190760749e+04 2.215923221936133671e-13
5.346600171598971792e+04 1.905993517494446814e-13
5.348012298010555241e+04 1.141693934740125928e-13
5.349424424418916169e+04 1.052158372301343449e-13
5.350836550841505959e+04 8.084602097338967143e-14
5.352248677250746550e+04 6.040462933995272640e-15
5.353660803659851808e+04 -2.580271491419468962e-15
5.355072930068421556e+04 4.376191176886964678e-14
5.356485056491747673e+04 4.768677841205704088e-14
5.357897182900437474e+04 5.914091038955390501e-14
5.359309309310321260e+04 4.481851698364362601e-14
5.360721435719909641e+04 -5.521723750946724826e-15
5.362133562130392966e+04 9.312505990291493832e-15
5.363545688549667830e+04 2.016662632727868937e-14
5.364957814959015377e+04 7.552540051902500187e-14
5.366369941370753077e+04 6.672378684219516487e-14
5.367782067781590740e+04 6.722719857321381831e-14
5.369194194188550318e+04 1.950997337479238716e-14
5.370606320610723196e+04 2.019223312851915403e-14
5.372018447019394080e+04 4.306366857613712540e-14
5.373430573430316872e+04 2.237813490671201959e-14
5.374842699839241686e+04 -1.030493436757425192e-14
5.376254826248598692e+04 -3.886527534331442550e-14
5.377666952671591571e+04 3.857591349447248505e-15
5.379079079079930671e+04 -2.167382133704044058e-14
5.380491205488928244e+04 -4.372081601626766423e-15
5.381903331900441117e+04 -1.854113388957561658e-14
5.383315458321256301e+04 -4.345322161342168673e-14
5.384727584730902890e+04 -3.406478263326192805e-14
5.386139711140590953e+04 -8.655843048155813693e-15
5.387551837550039636e+04 -3.895678053162235500e-14
5.388963963961522677e+04 -9.374165436139306709e-15
5.390376090381851827e+04 -1.863077434333287542e-14
5.391788216788323189e+04 2.708848268571363971e-15
5.393200343199488998e+04 8.492488971633904741e-15
5.394612469609750406e+04 -4.557219274077796336e-14
5.396024596018836019e+04 -6.322163887222925560e-14
5.397436722441215534e+04 -4.208001111100877186e-14
5.398848848851282673e+04 -5.315240528691826782e-14
5.400260975259655970e+04 -1.077599578453942382e-13
5.401673101669848984e+04 -1.250003611336233457e-13
5.403085228089467273e+04 -1.076512038624926065e-13
5.404497354500727670e+04 -7.612520237689771505e-14
5.405909480911847641e+04 -8.747081346331177108e-14
5.407321607321238116e+04 -1.127138915699019525e-13
5.408733733728684456e+04 -1.449602133733560535e-13
5.410145860149871442e+04 -2.062343917434685805e-13
5.411557986559064011e+04 -2.088506143180600501e-13
5.412970112970891932e+04 -1.783905084211612198e-13
5.414382239380658575e+04 -1.860529024828561004e-13
5.415794365789808217e+04 -1.984946777955833685e-13
5.417206492209974385e+04 -2.085169933276462295e-13
5.418618618618304026e+04 -1.721754147614371816e-13
5.420030745030652179e+04 -2.250401064916609665e-13
5.421442871438603470e+04 -1.441839510189767111e-13
5.422854997849676874e+04 -7.461243647266582785e-14
5.424267124269078340e+04 -8.428614654024699805e-14
5.425679250680394034e+04 -1.563134881857850627e-14
5.427091377091237518e+04 -2.585781948510858539e-14
5.428503503499134968e+04 1.102260076858188560e-14
5.429915629918329796e+04 4.726428284100500013e-14
5.431327756330314878e+04 7.126541443801700020e-14
5.432739882741012843e+04 1.802081351152459244e-13
5.434152009148566867e+04 1.912044747605530650e-13
5.435564135560375871e+04 2.390518317915463453e-13
5.436976261980080017e+04 2.359141495193921849e-13
5.438388388390289765e+04 2.536786764116849197e-13
5.439800514799141092e+04 2.439852534359966758e-13
5.441212641208215064e+04 2.950685242913669108e-13
5.442624767619417253e+04 3.115842784136727223e-13
5.444036894040388870e+04 3.398164261084947891e-13
5.445449020449557429e+04 3.368617542129565130e-13
5.446861146858744905e+04 3.795183562315068716e-13
5.448273273270270147e+04 3.710222926303369558e-13
5.449685399690780469e+04 3.688200411259944899e-13
5.451097526100583491e+04 3.931150016100622162e-13
5.452509652509049192e+04 3.814742629821732181e-13
5.453921778920717043e+04 3.654612546142607976e-13
5.455333905330004200e+04 3.568152796747494730e-13
5.456746031749946269e+04 3.541812755242640736e-13
5.458158158159770392e+04 4.163182932100371168e-13
5.459570284568305942e+04 4.636921408604849919e-13
5.460982410981247085e+04 4.305756539984927142e-13
5.462394537389085599e+04 3.977905571052197658e-13
5.463806663811203907e+04 3.877567534763715208e-13
5.465218790220882511e+04 3.400377967387244412e-13
5.466630916630270076e+04 3.173169386060731632e-13
5.468043043040001066e+04 2.767388496348958191e-13
5.469455169459767058e+04 2.898191633359028567e-13
5.470867295870324597e+04 2.899184604507260812e-13
5.472279422281520237e+04 3.066529878944231511e-13
5.473691548691081698e+04 2.874736602594713295e-13
5.475103675098778331e+04 2.800705308979822345e-13
5.476515801520938112e+04 3.012998677807467890e-13
5.477927927928911959e+04 2.921858444690170175e-13
5.479340054340650386e+04 2.731916583358818395e-13
5.480752180750028492e+04 2.024640749658174148e-13
5.482164307160535827e+04 2.318101351640153206e-13
5.483576433578941214e+04 2.107199873959258737e-13
5.484988559991585498e+04 1.502301296973581170e-13
5.486400686398410471e+04 8.094964693627695717e-14
5.487812812808296439e+04 2.923336529861642832e-14
5.489224939221181558e+04 -1.285735638146776190e-14
5.490637065640313813e+04 -5.336891428778367528e-14
5.492049192049470730e+04 -8.837118056180453064e-14
5.493461318461439805e+04 -1.657350212093945471e-13
5.494873444870483218e+04 -2.410469878746211789e-13
5.496285571288620122e+04 -2.980729679499924608e-13
5.497697697698275442e+04 -3.814696244549784238e-13
5.499109824110864429e+04 -4.160867564466231567e-13
5.500521950521090912e+04 -4.553779121871874250e-13
5.501934076930917217e+04 -4.616933685243350422e-13
5.503346203351677104e+04 -4.408016151929045300e-13
5.504758329758781474e+04 -4.222176706609169259e-13
5.506170456171568367e+04 -4.099441210437252115e-13
5.507582582578376605e+04 -3.452504856913196557e-13
5.508994708989359788e+04 -3.444474510766056612e-13
5.510406835409641644e+04 -2.987219621712884870e-13
5.511818961820263212e+04 -2.426757003093072603e-13
5.513231088229931629e+04 -2.058956760318716791e-13
5.514643214638438803e+04 -1.902847843502789756e-13
5.516055341059301281e+04 -1.396632350891873892e-13
5.517467467470272095e+04 -1.320053030708816173e-13
5.518879593881666369e+04 -8.048095589661516478e-14
5.520291720290589728e+04 -6.425603376655149918e-14
5.521703846701527800e+04 -7.079809364526164659e-15
5.523115973119851697e+04 -2.659988893460656136e-15
5.524528099528540042e+04 9.359091055227008333e-15
5.525940225939638185e+04 1.093658988743218410e-14
5.527352352350849833e+04 5.582594513976098931e-14
5.528764478761748614e+04 5.600868912572674710e-14
5.530176605180580373e+04 1.161069525686535925e-13
5.531588731589059898e+04 1.208798738464211722e-13
5.533000857999409345e+04 1.359595825717227333e-13
5.534412984409921773e+04 9.828062304553864939e-14
5.535825110831490747e+04 1.418484142827418764e-13
5.537237237240618560e+04 1.442115657397422734e-13
5.538649363650425948e+04 1.115468774203126153e-13
5.540061490059953212e+04 8.957071435000431939e-14
5.541473616471805144e+04 5.922895249941058808e-14
5.542885742889565154e+04 6.701275409988664640e-14
5.544297869301481842e+04 1.138349067139859827e-13
5.545709995711323427e+04 6.442490212953038570e-14
5.547122122120772110e+04 2.098957364308733193e-14
5.548534248530489276e+04 -4.514772088409049795e-16
5.549946374949486199e+04 -5.976685682479196242e-15
5.551358501360620721e+04 3.159678314626692646e-14
5.552770627768785198e+04 4.035783884661966207e-14
5.554182754179025505e+04 6.295482532697637811e-14
5.555594880588806700e+04 1.800273507654999457e-14
5.557007007008352957e+04 5.861845172705338983e-14
5.558419133418436104e+04 9.807683419821531172e-14
5.559831259830678755e+04 7.854387297526122331e-14
5.561243386240439577e+04 9.420364734114651936e-14
5.562655512661506509e+04 1.150461849999718772e-13
5.564067639071634767e+04 1.461896495120291031e-13
5.565479765478855552e+04 1.707486031303418438e-13
5.566891891889041290e+04 2.350967298095730654e-13
5.568304018298294250e+04 2.692247685676417778e-13
5.569716144719738804e+04 2.301872167259688224e-13
5.571128271129111090e+04 2.545277966088654597e-13
5.572540397538313118e+04 2.648424425805773041e-13
5.573952523949247552e+04 2.767977885662295260e-13
5.575364650358956715e+04 3.007437772986716590e-13
5.576776776781385706e+04 3.372346345254281939e-13
5.578188903190389101e+04 3.380459272502951557e-13
5.579601029600942275e+04 3.071025887141224687e-13
5.581013156010121747e+04 3.199020600722659574e-13
5.582425282429833169e+04 3.354213133702256587e-13
5.583837408841647266e+04 2.740566287767430644e-13
5.585249535250449844e+04 2.806118366989770087e-13
5.586661661661014659e+04 2.602056469250087027e-13
5.588073788069769944e+04 2.119311324865867081e-13
5.589485914489144488e+04 1.671491326662465552e-13
5.590898040900065826e+04 8.194088654528366137e-14
5.592310167311742407e+04 4.043415976787212495e-14
5.593722293721657479e+04 4.570270085014305672e-14
5.595134420130342914e+04 9.911252275213208454e-15
5.596546546548749029e+04 -5.462481300766062480e-14
5.597958672959754767e+04 -8.615960538470867984e-14
5.599370799371083558e+04 -1.041698776517148268e-13
5.600782925778651406e+04 -1.752066739688779839e-13
5.602195052200146893e+04 -1.935784383480642228e-13
5.603607178608929826e+04 -2.794926196917811254e-13
5.605019305020174215e+04 -3.758016305928887177e-13
5.606431431428906217e+04 -4.519268879128580358e-13
5.607843557838855486e+04 -4.471743455198227798e-13
5.609255684259158443e+04 -5.153820731329678903e-13
5.610667810669299797e+04 -5.052778757748317816e-13
5.612079937078222429e+04 -5.595789458903724671e-13
5.613492063491018780e+04 -5.334910431358345293e-13
5.614904189900781785e+04 -5.104074941330777322e-13
5.616316316319665202e+04 -5.890368235639481844e-13
5.617728442731148971e+04 -5.939787697092016025e-13
5.619140569139151921e+04 -6.138953334682936982e-13
5.620552695551718352e+04 -5.633607607544584405e-13
5.621964821958721586e+04 -5.888679318917873556e-13
5.623376948381106195e+04 -6.131889986595644840e-13
5.624789074789213191e+04 -6.048641576487437211e-13
5.626201201201383810e+04 -6.576460018867877115e-13
5.627613327611093700e+04 -6.711839747246594694e-13
5.629025454028598324e+04 -7.049078322688702607e-13
5.630437580441872706e+04 -7.281316359489025450e-13
5.631849706849710492e+04 -7.395183710919251510e-13
5.633261833259886043e+04 -7.563778357505171624e-13
5.634673959668982570e+04 -7.987105067385509501e-13
5.636086086090028402e+04 -8.004716153263347316e-13
5.637498212499669171e+04 -8.938379419111582935e-13
5.638910338908960694e+04 -9.299297459440712406e-13
5.640322465320226183e+04 -9.871976087297296594e-13
5.641734591731146793e+04 -1.000097442765296702e-12
5.643146718151407549e+04 -1.022516746682039533e-12
5.644558844559224963e+04 -1.039661915312859306e-12
5.645970970968629263e+04 -1.049052851705363784e-12
5.647383097378948878e+04 -1.116951699359722597e-12
5.648795223800913664e+04 -1.197223993125059297e-12
5.650207350209232391e+04 -1.175740652757428350e-12
5.651619476621384092e+04 -1.219844288787299456e-12
5.653031603030749102e+04 -1.231780587841469854e-12
5.654443729441137111e+04 -1.237131044048645116e-12
5.655855855858902942e+04 -1.275901006482296813e-12
5.657267982271489018e+04 -1.304955701906952485e-12
5.658680108679406840e+04 -1.300186510098286284e-12
5.660092235088531743e+04 -1.255801965127889074e-12
5.661504361499815423e+04 -1.302788347577772427e-12
5.662916487918479106e+04 -1.359475611941546933e-12
5.664328614328570256e+04 -1.342346027163757623e-12
5.665740740740407637e+04 -1.315176578369830517e-12
