5.299999999999882857e+04 -4.408682744346015863e-13
5.301412126408071344e+04 -4.414879271165475681e-13
5.302824252820738911e+04 -4.834433038434559366e-13
5.304236379241240502e+04 -5.072970817104720202e-13
5.305648505650453444e+04 -5.641961161458436213e-13
5.307060632059298950e+04 -5.564860694298965578e-13
5.308472758470129338e+04 -5.592629485966437313e-13
5.309884884882078040e+04 -6.021057460911866077e-13
5.311297011302210740e+04 -6.109092833906228198e-13
5.312709137710330833e+04 -6.351044342968135850e-13
5.314121264120790147e+04 -6.306844808938812338e-13
5.315533390532485646e+04 -6.113195468176354539e-13
5.316945516951691388e+04 -6.331851249998982826e-13
5.318357643359576468e+04 -6.338733553688994929e-13
5.319769769769592676e+04 -6.132096065644072353e-13
5.321181896181065531e+04 -6.208165101298483316e-13
5.322594022591089742e+04 -6.248637241997022068e-13
5.324006149010442459e+04 -5.755502334609168951e-13
5.325418275420029386e+04 -5.270958520419710456e-13
5.326830401832278585e+04 -4.872890423935714096e-13
5.328242528239253443e+04 -4.720700396189136607e-13
5.329654654649333679e+04 -4.693354953273741777e-13
5.331066781069309218e+04 -4.050843363028113175e-13
5.332478907481134229e+04 -4.123595846072504796e-13
5.333891033891595725e+04 -3.962013248967351798e-13
5.335303160298854345e+04 -3.966900040585074513e-13
5.336715286717423442e+04 -3.910643726527855517e-13
5.338127413131101639e+04 -3.675952648564064457e-13
5.339539539540333499e+04 -3.613845462321894040e-13
5.340951665949880407e+04 -3.545361104423439990e-13
5.342363792358198407e+04 -3.588948707074761503e-13
5.343775918780379288e+04 -3.618515768782304771e-13
5.345188045191594574e+04 -3.689209237441595771e-13
5.346600171598794986e+04 -3.822984556629088270e-13
5.348012298007308709e+04 -3.897121582524022088e-13
5.349424424422236916e+04 -3.821015022775676664e-13
5.350836550842085126e+04 -3.644736451035931684e-13
5.352248677251784829e+04 -3.854834815129081592e-13
5.353660803660963575e+04 -3.403839465229197064e-13
5.355072930069200811e+04 -2.942851160467791709e-13
5.356485056488766713e+04 -2.970097501288950461e-13
5.357897182897252060e+04 -3.147967479474002052e-13
5.359309309307265357e+04 -2.951510566760271095e-13
5.360721435718300199e+04 -2.989402204383650545e-13
5.362133562129647180e+04 -3.036432402114360069e-13
5.363545688551661442e+04 -2.825254498703414156e-13
5.364957814960846008e+04 -3.251331925918562402e-13
5.366369941371300229e+04 -3.624819816563229602e-13
5.367782067779327190e+04 -3.114530625309975651e-13
5.369194194190950657e+04 -3.287062560593841236e-13
5.370606320609560498e+04 -3.334160109262381222e-13
5.372018447018586448e+04 -2.807175582677227177e-13
5.373430573431027005e+04 -1.949218926030969647e-13
5.374842699840850401e+04 -1.764998716564766505e-13
5.376254826249253529e+04 -1.669171802219681794e-13
5.377666952670937462e+04 -1.125536199490345137e-13
5.379079079078160430e+04 -6.199500280101620874e-14
5.380491205489694403e+04 -2.449707951706791304e-14
5.381903331898374017e+04 2.536070301501240320e-14
5.383315458317979210e+04 5.212962190257892797e-14
5.384727584729941009e+04 8.586917042434028637e-14
5.386139711138504936e+04 1.180059590569892260e-13
5.387551837548343610e+04 1.638353857818081891e-13
5.388963963961813715e+04 1.804468210882965716e-13
5.390376090379938978e+04 1.767344373950852681e-13
5.391788216787769488e+04 2.141730918537427990e-13
5.393200343199043709e+04 1.776455993683050165e-13
5.394612469611798588e+04 2.010177218142083676e-13
5.396024596018131706e+04 2.072232447946499287e-13
5.397436722438610741e+04 1.917610089187989969e-13
5.398848848852205992e+04 2.463660704116673563e-13
5.400260975261113344e+04 2.365882536887017325e-13
5.401673101671022596e+04 1.997669186830724647e-13
5.403085228091601311e+04 1.425186215272375435e-13
5.404497354501351219e+04 1.202027542177657261e-13
5.405909480907329998e+04 7.000513809651833181e-14
5.407321607321861666e+04 7.198256163121870257e-14
5.408733733729524829e+04 8.690752945443401720e-14
5.410145860150636145e+04 6.349403428957773266e-14
5.411557986561362486e+04 1.012736769249080096e-13
5.412970112967470777e+04 5.868248329097438360e-14
5.414382239378373197e+04 4.665322093196411954e-14
5.415794365789737640e+04 4.678561363261357617e-14
5.417206492212142621e+04 -2.794390808397653627e-14
5.418618618621261703e+04 -2.992056189367313049e-14
5.420030745030617982e+04 -2.528296874592313937e-14
5.421442871439376904e+04 2.899803852035557039e-14
5.422854997851228836e+04 6.502825285003962509e-15
5.424267124269397027e+04 2.678200023448466014e-14
5.425679250677550590e+04 2.914967434609942777e-14
5.427091377092457697e+04 2.637266316041233118e-15
5.428503503501939849e+04 2.171567025963147698e-14
5.429915629921968502e+04 6.039281224936449255e-14
5.431327756332002173e+04 4.367207599233993045e-14
5.432739882738419692e+04 8.874640248845472536e-14
5.434152009151191305e+04 1.124462353547156661e-13
5.435564135559040005e+04 1.629217222023261685e-13
5.436976261980705021e+04 2.462421446860594668e-13
5.438388388387823943e+04 2.918275685846814514e-13
5.439800514797467622e+04 3.611913372999495328e-13
5.441212641208004061e+04 4.241617701338547807e-13
5.442624767619679915e+04 4.917851906155854873e-13
5.444036894039162871e+04 5.384713212696070705e-13
5.445449020451272372e+04 5.694642985466449130e-13
5.446861146861314046e+04 6.150466435452518672e-13
5.448273273267854529e+04 5.963423259534966969e-13
5.449685399689202313e+04 6.528232072805670507e-13
5.451097526101732365e+04 6.899285708125896514e-13
5.452509652509712032e+04 7.271940371453975694e-13
5.453921778918736527e+04 7.321772368198429027e-13
5.455333905332435825e+04 7.473816148194288910e-13
5.456746031748886890e+04 7.529451871467213652e-13
5.458158158161640313e+04 7.383742928252429408e-13
5.459570284570202784e+04 7.211909518409490412e-13
5.460982410979380802e+04 7.715355854379176337e-13
5.462394537391621998e+04 7.466088109156379320e-13
5.463806663811745966e+04 7.143034525071619881e-13
5.465218790221840754e+04 7.147868398095333236e-13
5.466630916629824060e+04 6.927834808515944889e-13
5.468043043039875920e+04 7.213241142666022744e-13
5.469455169462039339e+04 6.746164313124750240e-13
5.470867295868248766e+04 6.338848932876640158e-13
5.472279422279002029e+04 5.730312042141426346e-13
5.473691548690779018e+04 5.885196107401219307e-13
5.475103675100050896e+04 5.865637395055272776e-13
5.476515801520795503e+04 6.129922475101739188e-13
5.477927927931486192e+04 5.383820331691690177e-13
5.479340054338256596e+04 5.207930471078852568e-13
5.480752180747616512e+04 5.070434493654357447e-13
5.482164307161907345e+04 4.708301971127895225e-13
5.483576433581462334e+04 3.533024257362500225e-13
5.484988559988275665e+04 3.083004533904901588e-13
5.486400686400344421e+04 2.233258918736424070e-13
5.487812812810782634e+04 1.884481125025473928e-13
5.489224939221521345e+04 1.227443861802338611e-13
5.490637065639899083e+04 4.679331088265133520e-14
5.492049192048743862e+04 -2.613428460009932064e-14
5.493461318460063922e+04 -1.095370676592366292e-13
5.494873444868366641e+04 -1.412066332145935722e-13
5.496285571291461383e+04 -2.516406189563340341e-13
5.497697697697574768e+04 -3.080129690578719534e-13
5.499109824112410570e+04 -4.025783041217678520e-13
5.500521950519651728e+04 -5.047123451477924749e-13
5.501934076931080199e+04 -5.183441749646642594e-13
5.503346203349361167e+04 -5.757664299713524880e-13
5.504758329760863853e+04 -6.616038532174331228e-13
5.506170456169034151e+04 -7.233781333954704566e-13
5.507582582578110305e+04 -7.769933285334830384e-13
5.508994708988174534e+04 -8.222508495804964844e-13
5.510406835408050392e+04 -8.497769854405275927e-13
5.511818961820282129e+04 -8.653546800669448405e-13
5.513231088231301692e+04 -9.155014943379429962e-13
5.514643214638233621e+04 -9.084069389781402636e-13
5.516055341059376951e+04 -8.975253365997599604e-13
5.517467467468529503e+04 -8.679594294797226640e-13
5.518879593881430628e+04 -8.469282332015528161e-13
5.520291720291000820e+04 -8.521962311273953029e-13
5.521703846701094881e+04 -8.448646004664296249e-13
5.523115973118012334e+04 -7.911385649278733232e-13
5.524528099529743486e+04 -7.934885353644012589e-13
5.525940225937652576e+04 -7.576570667136277939e-13
5.527352352352121670e+04 -7.451120886020877440e-13
5.528764478761145438e+04 -7.517070924344398908e-13
5.530176605179288890e+04 -7.653420011513267561e-13
5.531588731589380041e+04 -7.467923982853305871e-13
5.533000858000011067e+04 -7.455754630543608012e-13
5.534412984408714692e+04 -7.018543131148841315e-13
5.535825110831905477e+04 -6.824703283447947797e-13
5.537237237242238189e+04 -6.637213667028206840e-13
5.538649363648854342e+04 -6.393518730832746631e-13
5.540061490062285884e+04 -6.002544612414799816e-13
5.541473616470047273e+04 -6.092740988357263564e-13
5.542885742887968081e+04 -6.031832648808473664e-13
5.544297869298337173e+04 -6.139809672338161346e-13
5.545709995707646885e+04 -5.674418540555158001e-13
5.547122122119660344e+04 -5.457371483990420335e-13
5.548534248530445620e+04 -5.502323424210935614e-13
5.549946374947571894e+04 -5.629089435082793545e-13
5.551358501361784147e+04 -4.791998098976392156e-13
5.552770627772287844e+04 -3.970455207946264392e-13
5.554182754180582560e+04 -3.336132529584556746e-13
5.555594880592383561e+04 -2.754412857980896441e-13
5.557007007008029177e+04 -2.266830554339032458e-13
5.558419133420511935e+04 -1.935487031963607127e-13
5.559831259830435010e+04 -1.466485889912894171e-13
5.561243386241850385e+04 -6.814356613117834416e-14
5.562655512661982357e+04 -4.982180186629984633e-14
5.564067639071275335e+04 1.549475277911439781e-14
5.565479765479654452e+04 4.011363729988380124e-14
5.566891891892176500e+04 9.213935030509902589e-14
5.568304018302427721e+04 7.880309488967724136e-14
5.569716144718795840e+04 1.470661568495457495e-13
5.571128271129699715e+04 2.458026317089034127e-13
5.572540397537661192e+04 2.540964186245890393e-13
5.573952523951050534e+04 2.818226829856019204e-13
5.575364650359020015e+04 3.219045731072260132e-13
5.576776776777541818e+04 3.264898249547192378e-13
5.578188903189194389e+04 3.717919900519517102e-13
5.579601029597524757e+04 3.734569052351190478e-13
5.581013156010675448e+04 3.285480696148160627e-13
5.582425282431251253e+04 3.734161098099188978e-13
5.583837408837754629e+04 3.678871751077963614e-13
5.585249535251675843e+04 3.932334497571340408e-13
5.586661661658840603e+04 3.902261341673814874e-13
5.588073788067647547e+04 4.055559773425829562e-13
5.589485914488483832e+04 4.463229227175675967e-13
5.590898040899643820e+04 4.542172223562935743e-13
5.592310167312113481e+04 4.704237823107958153e-13
5.593722293720790913e+04 4.543480756069354715e-13
5.595134420128822967e+04 4.248799235623777256e-13
5.596546546549300547e+04 4.086341076326828751e-13
5.597958672961028788e+04 3.818476775012804799e-13
5.599370799369380256e+04 3.951500650165361348e-13
5.600782925778948993e+04 3.693573498650083936e-13
5.602195052202390070e+04 3.307271611005057466e-13
5.603607178612259304e+04 2.973949895369927514e-13
5.605019305020295724e+04 2.502139257055432542e-13
5.606431431427614007e+04 2.094846968557436071e-13
5.607843557837731350e+04 2.011716668149635482e-13
5.609255684258796100e+04 2.421271948158733071e-13
5.610667810669055325e+04 2.502347082806452269e-13
5.612079937079475349e+04 2.283391108232350313e-13
5.613492063487438281e+04 1.947683245085515755e-13
5.614904189900209894e+04 2.252348098830067229e-13
5.616316316318502504e+04 2.022708341203555811e-13
5.617728442729544622e+04 2.048994450082503825e-13
5.619140569139787112e+04 2.599571048033389907e-13
5.620552695551629586e+04 2.998865893742154685e-13
5.621964821959945402e+04 2.901357130263819793e-13
5.623376948382292903e+04 3.391833599919881273e-13
5.624789074790151790e+04 3.298081094459972839e-13
5.626201201198692434e+04 3.724077700549724329e-13
5.627613327610443230e+04 3.601999314950861643e-13
5.629025454030297988e+04 4.444963652836073005e-13
5.630437580437243741e+04 4.809105157622390908e-13
5.631849706850245275e+04 5.004307418579967566e-13
5.633261833259478590e+04 5.166619330126198467e-13
5.634673959671427292e+04 5.759669353785440271e-13
5.636086086090195022e+04 6.410471844477990329e-13
5.637498212500655063e+04 5.943572051687586239e-13
5.638910338911528379e+04 6.011754292522058015e-13
5.640322465318880859e+04 6.441168477628575045e-13
5.641734591731537512e+04 7.007339704155961724e-13
5.643146718150780362e+04 6.913356281194920204e-13
5.644558844562318700e+04 6.559375146458444477e-13
5.645970970971640054e+04 6.339249189878603703e-13
5.647383097379677929e+04 5.900790735977719651e-13
5.648795223797699873e+04 6.114112323524181161e-13
5.650207350212427991e+04 6.321499331291530577e-13
5.651619476622181537e+04 5.609519097298868769e-13
5.653031603029593680e+04 5.118149746638427266e-13
5.654443729440322204e+04 5.111707148356823289e-13
5.655855855857921415e+04 4.860645943875227768e-13
5.657267982267941989e+04 4.168524614979985149e-13
5.658680108680249396e+04 4.153137812154504027e-13
5.660092235091698240e+04 4.135803605069470356e-13
5.661504361497850186e+04 3.745360596904128782e-13
5.662916487919098290e+04 3.238873847169528007e-13
5.664328614330266282e+04 3.223086787342083845e-13
5.665740740738503519e+04 2.167770715415167766e-13
