5.299999999999923602e+04 3.033180375763843559e-12
5.301412126412527869e+04 3.019909773234323281e-12
5.302824252823051938e+04 3.010245622611505804e-12
5.304236379240663518e+04 2.887382333939552411e-12
5.305648505650569859e+04 2.841282143787419029e-12
5.307060632063273806e+04 2.775928904835351760e-12
5.308472758471944690e+04 2.749585560748516202e-12
5.309884884879047604e+04 2.720299673606936815e-12
5.311297011301318707e+04 2.685891939972899543e-12
5.312709137708130584e+04 2.631655002152698829e-12
5.314121264117437386e+04 2.562366897797267247e-12
5.315533390530373435e+04 2.516626158157043045e-12
5.316945516949745070e+04 2.479428541707943337e-12
5.318357643356746121e+04 2.308672244183633663e-12
5.319769769768990227e+04 2.284103737034218624e-12
5.321181896182813944e+04 2.244513068179298338e-12
5.322594022587322979e+04 2.216903672512142101e-12
5.324006149012317474e+04 2.218098351273668581e-12
5.325418275422101578e+04 2.159292321423043547e-12
5.326830401829529728e+04 2.124825962315760095e-12
5.328242528241295804e+04 2.100466585530991755e-12
5.329654654652471072e+04 2.070417828260660281e-12
5.331066781072875892e+04 2.060017964897432732e-12
5.332478907480237103e+04 2.007725767040583351e-12
5.333891033887897356e+04 2.004818140627993653e-12
5.335303160300749005e+04 2.038372356342713572e-12
5.336715286720300355e+04 1.944028451382199074e-12
5.338127413129918568e+04 1.967482581888903409e-12
5.339539539539324323e+04 1.971502860665578627e-12
5.340951665949879680e+04 1.976793686463275524e-12
5.342363792361666856e+04 1.933705687906055391e-12
5.343775918782193185e+04 1.928954561317947175e-12
5.345188045188860269e+04 1.928337023244720862e-12
5.346600171598949964e+04 1.885639943284313672e-12
5.348012298006681522e+04 1.890904904902637242e-12
5.349424424421571894e+04 1.881468174314166516e-12
5.350836550841826102e+04 1.889656280852703619e-12
5.352248677247638989e+04 1.899510533193914380e-12
5.353660803663233673e+04 1.899855881569926834e-12
5.355072930072080635e+04 1.938799206963962210e-12
5.356485056492793956e+04 1.937408206764716666e-12
5.357897182902524946e+04 1.975339380605945168e-12
5.359309309307017247e+04 1.942447534208698285e-12
5.360721435722387832e+04 1.904810473035771294e-12
5.362133562129621714e+04 1.869850477590735359e-12
5.363545688551985950e+04 1.856141723546356081e-12
5.364957814963105193e+04 1.831527399850622496e-12
5.366369941368293803e+04 1.803126806620162300e-12
5.367782067776847543e+04 1.806090595250819632e-12
5.369194194188274560e+04 1.740832561111397638e-12
5.370606320611207775e+04 1.736264208057527084e-12
5.372018447022805049e+04 1.676987203816791187e-12
5.373430573431075754e+04 1.649902974153670609e-12
5.374842699842436559e+04 1.564355599760759308e-12
5.376254826251570921e+04 1.530358737090479794e-12
5.377666952668808517e+04 1.480579305841121494e-12
5.379079079077940696e+04 1.432429564217796180e-12
5.380491205490617722e+04 1.396838482796052733e-12
5.381903331897971657e+04 1.312973758015510142e-12
5.383315458316721197e+04 1.251879856755182415e-12
5.384727584730977105e+04 1.230051967317261100e-12
5.386139711143120803e+04 1.111796012712376288e-12
5.387551837551344215e+04 1.033882266117343341e-12
5.388963963962047274e+04 9.502774147581224814e-13
5.390376090377636865e+04 9.762066240680887576e-13
5.391788216789173021e+04 8.599872888447095184e-13
5.393200343200251518e+04 8.492750847248602223e-13
5.394612469612844870e+04 7.514877953504527180e-13
5.396024596022977494e+04 7.047135354187489105e-13
5.397436722437675053e+04 5.814192386719537979e-13
5.398848848847403133e+04 5.342587403282760845e-13
5.400260975258098915e+04 4.498720517754293895e-13
5.401673101672736811e+04 3.374791371461851038e-13
5.403085228089855809e+04 2.251128256728675571e-13
5.404497354501619702e+04 1.496170103609571969e-13
5.405909480908480327e+04 3.345285205357427954e-14
5.407321607319304894e+04 -4.810700485653439763e-14
5.408733733730168024e+04 -1.359097356907936322e-13
5.410145860152204841e+04 -2.423356609758688058e-13
5.411557986559923302e+04 -2.809801935167635329e-13
5.412970112967290333e+04 -3.935243520139619014e-13
5.414382239382136322e+04 -4.277970992642227914e-13
5.415794365791604650e+04 -5.065123890943089370e-13
5.417206492211161822e+04 -5.852069875808965526e-13
5.418618618617524771e+04 -6.423037646632258859e-13
5.420030745031373954e+04 -6.762158913553681400e-13
5.421442871441669558e+04 -7.115478383323434192e-13
5.422854997853287932e+04 -7.824501753875633623e-13
5.424267124271947978e+04 -8.973201394242121746e-13
5.425679250681991834e+04 -9.926377691567505400e-13
5.427091377089300659e+04 -9.871851074938324155e-13
5.428503503499591898e+04 -9.958183242431074587e-13
5.429915629919023195e+04 -1.046779132676029096e-12
5.431327756326800591e+04 -1.035212671660308883e-12
5.432739882740535541e+04 -1.073755225436817533e-12
5.434152009148245997e+04 -1.060681252251913182e-12
5.435564135557231202e+04 -1.084664982621974964e-12
5.436976261979171250e+04 -1.181463521367770475e-12
5.438388388389809552e+04 -1.256369140738934876e-12
5.439800514800554811e+04 -1.226112484731546180e-12
5.441212641207218985e+04 -1.281804713711148669e-12
5.442624767619783233e+04 -1.299765292518973630e-12
5.444036894037204911e+04 -1.269266252202029874e-12
5.445449020447650400e+04 -1.269770726862567155e-12
5.446861146858069696e+04 -1.299399745450498304e-12
5.448273273273019004e+04 -1.374700963603314685e-12
5.449685399691846396e+04 -1.396220946143935233e-12
5.451097526098220987e+04 -1.366860422370450324e-12
5.452509652507688588e+04 -1.341541607693692980e-12
5.453921778919993085e+04 -1.391664416714921098e-12
5.455333905328042601e+04 -1.381049264849100887e-12
5.456746031751247210e+04 -1.346037541045318501e-12
5.458158158157742582e+04 -1.302286680519589422e-12
5.459570284567576891e+04 -1.345697119179662737e-12
5.460982410982564033e+04 -1.341686939749218954e-12
5.462394537392291386e+04 -1.325985165939991653e-12
5.463806663810744067e+04 -1.308329538123253405e-12
5.465218790217379137e+04 -1.303531117035719718e-12
5.466630916632698063e+04 -1.268605114512145708e-12
5.468043043036632298e+04 -1.223371867020052455e-12
5.469455169460531033e+04 -1.222548154488393700e-12
5.470867295866787754e+04 -1.219767632043009741e-12
5.472279422278516722e+04 -1.243030613947869960e-12
5.473691548690351192e+04 -1.227974212995384934e-12
5.475103675100116379e+04 -1.246005240901312290e-12
5.476515801519855449e+04 -1.220008045748421963e-12
5.477927927932752937e+04 -1.278130029636003558e-12
5.479340054338856135e+04 -1.296719723816393193e-12
5.480752180752836284e+04 -1.344465491590460076e-12
5.482164307161397301e+04 -1.369850814157034546e-12
5.483576433581222227e+04 -1.421807762984103109e-12
5.484988559992022056e+04 -1.457760450266036409e-12
5.486400686398953985e+04 -1.474816029121315218e-12
5.487812812807469163e+04 -1.521810011414932869e-12
5.489224939220970555e+04 -1.578830427586731597e-12
5.490637065641485242e+04 -1.646232971684473146e-12
5.492049192047130782e+04 -1.684407515137328126e-12
5.493461318457386369e+04 -1.729874279220334477e-12
5.494873444867931539e+04 -1.810209898306775585e-12
5.496285571291652741e+04 -1.804159158286540656e-12
5.497697697697576950e+04 -1.792233062014773226e-12
5.499109824108690373e+04 -1.805223284523611836e-12
5.500521950518700032e+04 -1.816909952392038261e-12
5.501934076927392744e+04 -1.839211279475249188e-12
5.503346203351068834e+04 -1.886551102795914599e-12
5.504758329760186461e+04 -1.907035532859533898e-12
5.506170456169522367e+04 -1.902682468308255804e-12
5.507582582578082656e+04 -1.869330978494718363e-12
5.508994708991863445e+04 -1.853033096932317095e-12
5.510406835408600455e+04 -1.909128314459106801e-12
5.511818961821748235e+04 -1.909760878388921239e-12
5.513231088232569891e+04 -1.902136610960720959e-12
5.514643214642191742e+04 -1.879614576213525375e-12
5.516055341057631449e+04 -1.820561481868506447e-12
5.517467467467976530e+04 -1.779862594508821621e-12
5.518879593879973254e+04 -1.727211007721442474e-12
5.520291720292146056e+04 -1.642400146626874425e-12
5.521703846702962619e+04 -1.578834368795017069e-12
5.523115973116600071e+04 -1.542825519295015935e-12
5.524528099529034807e+04 -1.478670530824483937e-12
5.525940225942950201e+04 -1.392848749804698288e-12
5.527352352353135939e+04 -1.287870725913489779e-12
5.528764478756758763e+04 -1.259565953309469395e-12
5.530176605176860176e+04 -1.215507185886439751e-12
5.531588731587124494e+04 -1.175592598975559155e-12
5.533000857999570871e+04 -1.125990522099046120e-12
5.534412984409843921e+04 -1.104399597809287263e-12
5.535825110832955397e+04 -1.069815495104475945e-12
5.537237237238159287e+04 -1.037476895820298941e-12
5.538649363651020394e+04 -9.214802388650477005e-13
5.540061490063186648e+04 -8.950869522794698859e-13
5.541473616468464752e+04 -8.626478521840139333e-13
5.542885742891107657e+04 -8.074561566566633524e-13
5.544297869299700687e+04 -7.272249795897864649e-13
5.545709995707456983e+04 -6.455769381442909093e-13
5.547122122121703433e+04 -6.266000202498559496e-13
5.548534248526961892e+04 -5.832772734741337471e-13
5.549946374948439188e+04 -5.126123942181119719e-13
5.551358501362213428e+04 -4.697162832392896196e-13
5.552770627771546424e+04 -4.504211127758047044e-13
5.554182754181222845e+04 -3.970187258100477449e-13
5.555594880587993975e+04 -3.505834097908925742e-13
5.557007007009629160e+04 -2.963829281473322804e-13
5.558419133417068224e+04 -2.649370125398093514e-13
5.559831259832124488e+04 -2.803875343208391783e-13
5.561243386239245592e+04 -2.928003698158595143e-13
5.562655512659912347e+04 -2.473503558680664217e-13
5.564067639071570738e+04 -2.111720344117911457e-13
5.565479765481271897e+04 -1.715126407373934211e-13
5.566891891891614068e+04 -1.268153975721210290e-13
5.568304018298192386e+04 -9.747999900145585713e-14
5.569716144723197795e+04 -5.608647368146073822e-14
5.571128271131872316e+04 -3.102630079843591439e-14
5.572540397539019614e+04 -6.603112748771887403e-14
5.573952523951457988e+04 -5.420356142308767543e-14
5.575364650362794055e+04 -6.903728410744478484e-14
5.576776776778086059e+04 -5.263791643169322512e-14
5.578188903187119286e+04 -3.863775929970849012e-14
5.579601029600359470e+04 -5.073037162153610912e-14
5.581013156011598767e+04 -2.651361731159728476e-14
5.582425282430979860e+04 -6.306241234670472713e-14
5.583837408837888506e+04 -6.096076302848927105e-14
5.585249535251128691e+04 -5.056976738390407913e-14
5.586661661656989600e+04 8.203501172847928157e-15
5.588073788071181480e+04 2.648368094508149592e-15
5.589485914489534480e+04 5.744889869952798053e-14
5.590898040898654290e+04 5.785681375707191084e-14
5.592310167313200509e+04 9.013235370868172891e-14
5.593722293722232280e+04 6.873848983319544960e-14
5.595134420133088861e+04 5.563003107579346494e-14
5.596546546552833024e+04 4.122195888626480593e-14
5.597958672960101831e+04 5.990230085721973368e-14
5.599370799367689324e+04 5.394812043997828168e-14
5.600782925779169454e+04 5.498367291697989749e-14
5.602195052196781762e+04 6.615010129172710049e-14
5.603607178607022070e+04 1.016042257255512019e-13
5.605019305021841137e+04 1.050192827048923986e-13
5.606431431430893281e+04 1.345842566581849570e-13
5.607843557837717526e+04 1.493263462499053741e-13
5.609255684261083661e+04 9.681861356494525051e-14
5.610667810668702441e+04 1.014692393417745807e-13
5.612079937079003867e+04 9.580473773351360860e-14
5.613492063492990565e+04 8.387174434724665139e-14
5.614904189901352947e+04 1.098817484270645889e-13
5.616316316317254677e+04 1.174311328978413538e-13
5.617728442732938129e+04 1.031964738728724228e-13
5.619140569140689331e+04 8.460086788005464168e-14
5.620552695553026570e+04 1.192362062925767905e-13
5.621964821959858818e+04 1.153560867355526747e-13
5.623376948380402609e+04 1.287029885942242965e-13
5.624789074787754362e+04 1.117538223626526584e-13
5.626201201200411742e+04 1.178577686947411534e-13
5.627613327610355191e+04 1.347340225730319874e-13
5.629025454029002140e+04 1.212501637264410207e-13
5.630437580436636199e+04 1.833537532843971001e-13
5.631849706850283837e+04 1.846937641014496051e-13
5.633261833263000881e+04 1.881541449760734733e-13
5.634673959671401826e+04 1.412340603378080829e-13
5.636086086086855357e+04 9.492880419207265459e-14
5.637498212500598311e+04 5.746367823059841498e-14
5.638910338907335245e+04 -3.666432880851843732e-15
5.640322465317849856e+04 -4.660392654667144222e-14
5.641734591730332613e+04 -9.250323823900565132e-14
5.643146718149113440e+04 -1.355688211741023347e-13
5.644558844561009755e+04 -2.097029490233901908e-13
5.645970970971195493e+04 -2.754541268495289076e-13
5.647383097377824743e+04 -2.528453855200531258e-13
5.648795223800426902e+04 -2.725336915100115242e-13
5.650207350207489071e+04 -3.118472441573611610e-13
5.651619476616756583e+04 -2.954084643987551010e-13
5.653031603026623634e+04 -2.835001035642721970e-13
5.654443729438097216e+04 -3.693790321041968478e-13
5.655855855858598079e+04 -4.338709938831347461e-13
5.657267982272030349e+04 -4.792126246030779440e-13
5.658680108677721728e+04 -6.028818287880263545e-13
5.660092235089126189e+04 -6.659253965220619036e-13
5.661504361497426726e+04 -7.261884418107134936e-13
5.662916487922240776e+04 -7.334717947222225014e-13
5.664328614330621349e+04 -8.416027852417898213e-13
5.665740740741208720e+04 -8.575134430901457642e-13
