5.299999999999658030e+04 6.464680004866851506e-13
5.301412126412249927e+04 6.648626944085337089e-13
5.302824252822333801e+04 6.382047220854976208e-13
5.304236379243127885e+04 6.519511442163618623e-13
5.305648505653411121e+04 6.818810980062123468e-13
5.307060632056283066e+04 6.444327649970571195e-13
5.308472758465507650e+04 5.924139756916172713e-13
5.309884884883654013e+04 6.349514021099387588e-13
5.311297011302224564e+04 6.233382684588392480e-13
5.312709137710378855e+04 6.073662123244711034e-13
5.314121264123994479e+04 5.983661149747278783e-13
5.315533390531782061e+04 5.271015352132566971e-13
5.316945516951324680e+04 5.211107476183590194e-13
5.318357643358500354e+04 5.324096072208449063e-13
5.319769769765143428e+04 5.327126800994495170e-13
5.321181896183887147e+04 5.230271737512876917e-13
5.322594022594326816e+04 5.501497381143570812e-13
5.324006149013085087e+04 5.537738937718198151e-13
5.325418275418497069e+04 5.516745080699832282e-13
5.326830401829053881e+04 5.834501752630103182e-13
5.328242528237847000e+04 6.037579819945977457e-13
5.329654654651329474e+04 5.914161310045482962e-13
5.331066781072633603e+04 5.414401871439334515e-13
5.332478907476960012e+04 5.421064429966876322e-13
5.333891033888400125e+04 5.432089459439941474e-13
5.335303160300396121e+04 5.568670412915043502e-13
5.336715286723500321e+04 6.053854435928262966e-13
5.338127413133050140e+04 5.629855949038530259e-13
5.339539539538363897e+04 6.113091951778985063e-13
5.340951665948769369e+04 6.049196972337462102e-13
5.342363792362938693e+04 5.746144614960340313e-13
5.343775918781923974e+04 5.838030121182965558e-13
5.345188045190552657e+04 5.091652555869135915e-13
5.346600171602860064e+04 4.670084124335574026e-13
5.348012298013496184e+04 4.636425891034989179e-13
5.349424424418508715e+04 4.315709887089340703e-13
5.350836550838017865e+04 4.480308087693848673e-13
5.352248677248300373e+04 4.460730836661174231e-13
5.353660803655045311e+04 4.437139975550435080e-13
5.355072930068761343e+04 4.448654949330004769e-13
5.356485056489503768e+04 4.033465199343600714e-13
5.357897182897672610e+04 4.127223267575378818e-13
5.359309309313835547e+04 4.317832551558619560e-13
5.360721435722087335e+04 3.581204279408423907e-13
5.362133562128013727e+04 3.411249610901479432e-13
5.363545688550379418e+04 3.132117309326203562e-13
5.364957814961321128e+04 2.699705119162470728e-13
5.366369941369008302e+04 2.312304531412348577e-13
5.367782067784305400e+04 1.979202256569630160e-13
5.369194194188432448e+04 9.178418052422842021e-14
5.370606320613365824e+04 1.205253994587253871e-13
5.372018447018634470e+04 1.014289864378534425e-13
5.373430573430889490e+04 1.049117807646480119e-13
5.374842699839153647e+04 9.015599213252602561e-14
5.376254826246790617e+04 8.483321324523129521e-14
5.377666952667746955e+04 9.091134431466545616e-14
5.379079079077592905e+04 1.027323408992923471e-13
5.380491205486658146e+04 6.387137789227368618e-14
5.381903331898064062e+04 8.315543188707645273e-14
5.383315458315562137e+04 6.849147574800606372e-14
5.384727584731727256e+04 6.768832620682021830e-14
5.386139711140389409e+04 6.830079934250787831e-14
5.387551837549726770e+04 1.004764594615082719e-13
5.388963963958792010e+04 9.233859568712089086e-14
5.390376090377161745e+04 7.599429303645845313e-14
5.391788216786900011e+04 7.430573803386739996e-14
5.393200343195836467e+04 7.352080108208564692e-14
5.394612469613867142e+04 4.402435822312113060e-14
5.396024596023453341e+04 3.643883825022568976e-15
5.397436722435629054e+04 -5.106408408630094338e-14
5.398848848847748013e+04 -1.429454860634269201e-13
5.400260975255200901e+04 -1.638744019472738650e-13
5.401673101665067952e+04 -1.492908206159022726e-13
5.403085228087368159e+04 -2.040698432774360867e-13
5.404497354496180196e+04 -2.284706088334122113e-13
5.405909480906305544e+04 -3.054456476716528692e-13
5.407321607316676818e+04 -3.646339980814962048e-13
5.408733733727357321e+04 -3.511368447358913506e-13
5.410145860150780209e+04 -4.008065092761050547e-13
5.411557986561035796e+04 -4.354601076154360896e-13
5.412970112968236936e+04 -4.554887401479420508e-13
5.414382239381977706e+04 -4.852989012722756083e-13
5.415794365788449068e+04 -4.983883662315955402e-13
5.417206492205817631e+04 -5.300320135277215905e-13
5.418618618622222857e+04 -5.678179207292117811e-13
5.420030745030176331e+04 -5.628202322875242525e-13
5.421442871441451280e+04 -5.646924522762184750e-13
5.422854997852936503e+04 -5.816316995140810578e-13
5.424267124269202759e+04 -5.621143020616081034e-13
5.425679250682600104e+04 -5.356248175668384431e-13
5.427091377085565910e+04 -5.226588219929621379e-13
5.428503503496266057e+04 -5.538671627507961933e-13
5.429915629916018224e+04 -5.333940746327388175e-13
5.431327756331465935e+04 -5.640806631814474176e-13
5.432739882740756002e+04 -4.915910516434863333e-13
5.434152009150754748e+04 -4.722261953154119677e-13
5.435564135563933087e+04 -4.122973706133649524e-13
5.436976261979075207e+04 -3.819775990061753429e-13
5.438388388386729639e+04 -3.056851474975723166e-13
5.439800514797096548e+04 -2.779628502608866142e-13
5.441212641206470289e+04 -2.449122163044589286e-13
5.442624767620523926e+04 -2.174296754090363980e-13
5.444036894043613574e+04 -2.005808925823922325e-13
5.445449020453410049e+04 -1.867499272694937232e-13
5.446861146856988489e+04 -1.846765992513233743e-13
5.448273273272219376e+04 -1.725054592225193143e-13
5.449685399689448241e+04 -1.639918859746974237e-13
5.451097526103506243e+04 -1.415628683607786998e-13
5.452509652508705040e+04 -8.690372386987645895e-14
5.453921778920681390e+04 -3.021297785671558878e-14
5.455333905332870199e+04 -4.845737516342312169e-14
5.456746031747630332e+04 9.768529676784533781e-15
5.458158158155847195e+04 -1.304355085042201707e-14
5.459570284568640636e+04 -2.352784597892646270e-14
5.460982410980208806e+04 1.921342463253746387e-14
5.462394537388321623e+04 6.405784530850700209e-15
5.463806663810966711e+04 -1.404002745565780108e-14
5.465218790220328810e+04 5.537394587245532600e-15
5.466630916631442960e+04 -4.318307767609138987e-14
5.468043043036085874e+04 -9.537813577522385518e-14
5.469455169459732133e+04 -9.956241406197675119e-14
5.470867295872562681e+04 -1.276857302860106548e-13
5.472279422281543521e+04 -1.527164975261619418e-13
5.473691548688647163e+04 -1.516832537216597048e-13
5.475103675099241082e+04 -1.183283925675806486e-13
5.476515801517689397e+04 -2.038016992381345934e-13
5.477927927927182463e+04 -2.620713826970037494e-13
5.479340054341484210e+04 -2.281203798841204968e-13
5.480752180752897402e+04 -2.279538159209319769e-13
5.482164307163751073e+04 -2.513093669563656276e-13
5.483576433576092677e+04 -2.769954453946057307e-13
5.484988559987866756e+04 -3.255592722880446032e-13
5.486400686397741811e+04 -3.866273671366645757e-13
5.487812812808388117e+04 -4.301563108635765870e-13
5.489224939222536341e+04 -4.713947435813023966e-13
5.490637065642933158e+04 -4.970948448583324814e-13
5.492049192053270235e+04 -5.233079768228016945e-13
5.493461318461970222e+04 -5.353795888982425511e-13
5.494873444872370601e+04 -6.502724693297597299e-13
5.496285571291036467e+04 -7.153090275559499761e-13
5.497697697702597361e+04 -7.227336076645678591e-13
5.499109824113814102e+04 -7.291543577280968000e-13
5.500521950519764505e+04 -7.045466697948535718e-13
5.501934076925006229e+04 -6.713970209157501316e-13
5.503346203351957956e+04 -6.185685409278595033e-13
5.504758329760661582e+04 -6.452355340404831239e-13
5.506170456165340147e+04 -6.937637908062595176e-13
5.507582582578194706e+04 -6.989973878590545033e-13
5.508994708987154445e+04 -6.816097518003701322e-13
5.510406835405771562e+04 -6.412537318650395342e-13
5.511818961820354889e+04 -6.370715057010364083e-13
5.513231088227239525e+04 -6.401233542503821715e-13
5.514643214642707608e+04 -5.725808121262813081e-13
5.516055341055579629e+04 -5.639256424087262438e-13
5.517467467468557879e+04 -4.855017194040431718e-13
5.518879593881415349e+04 -4.456693327903586074e-13
5.520291720290028024e+04 -3.888323730312776062e-13
5.521703846700524446e+04 -3.811977923612679772e-13
5.523115973122497962e+04 -3.578039350345055381e-13
5.524528099534266221e+04 -3.064577717128555504e-13
5.525940225939001539e+04 -3.056468412062435283e-13
5.527352352348223940e+04 -2.423135448623510080e-13
5.528764478756564495e+04 -2.839658223346109743e-13
5.530176605183435458e+04 -2.452039597553825881e-13
5.531588731593060220e+04 -2.114020778623149993e-13
5.533000857996089326e+04 -1.833748693870613364e-13
5.534412984414045786e+04 -1.763323261303563385e-13
5.535825110831536585e+04 -1.218118709352918080e-13
5.537237237239017850e+04 -9.279964354015518858e-14
5.538649363650974556e+04 -7.381990224811833789e-14
5.540061490063575911e+04 -4.354732946417311131e-14
5.541473616472945287e+04 -4.202499640431230200e-14
5.542885742888369714e+04 -3.582587559775709951e-14
5.544297869302716572e+04 -5.703593229832064080e-14
5.545709995713477838e+04 -1.555945334162312492e-14
5.547122122116489481e+04 -2.620347202415026133e-14
5.548534248530467448e+04 -1.259345192730882311e-14
5.549946374953355553e+04 -6.608435927644853892e-15
5.551358501355200860e+04 -7.043143930134876658e-15
5.552770627771329600e+04 5.185551515153452443e-14
5.554182754182314238e+04 5.484101173197150438e-14
5.555594880590297544e+04 3.399657490132286456e-14
5.557007007005377091e+04 7.630963589900432932e-14
5.558419133424317261e+04 1.089989252412457822e-13
5.559831259833787044e+04 1.300923529655315022e-13
5.561243386241058033e+04 1.647232924495006349e-13
5.562655512657006329e+04 1.580716785766241923e-13
5.564067639073901228e+04 1.766266304594614840e-13
5.565479765481814684e+04 2.006019225653215226e-13
5.566891891888994724e+04 2.632675949746267326e-13
5.568304018301269389e+04 2.724395576046620818e-13
5.569716144719500153e+04 3.190477115175832550e-13
5.571128271134039824e+04 3.152670173716157665e-13
5.572540397540422418e+04 3.790281813088324756e-13
5.573952523950007162e+04 3.641530275367663396e-13
5.575364650360438100e+04 3.723372350832523723e-13
5.576776776781251829e+04 3.896824606051084149e-13
5.578188903191420104e+04 3.920960989792800114e-13
5.579601029600507172e+04 3.876857451695956176e-13
5.581013156013256958e+04 3.954376388567996894e-13
5.582425282434221299e+04 3.688113461787129349e-13
5.583837408841183787e+04 3.417872837076317503e-13
5.585249535252364149e+04 2.928722018035263161e-13
5.586661661661585094e+04 2.687173489570625978e-13
5.588073788071871968e+04 2.141308838135475726e-13
5.589485914485483954e+04 1.912726305244715050e-13
5.590898040897004103e+04 2.487313834767286390e-13
5.592310167305306095e+04 2.651788052955663082e-13
5.593722293724099291e+04 2.296589546404944976e-13
5.595134420133921958e+04 2.181999012058558464e-13
5.596546546547843900e+04 2.046812005713785456e-13
5.597958672962190758e+04 2.033483468454119018e-13
5.599370799371317116e+04 1.838282132292725873e-13
5.600782925781475933e+04 1.809111207404941481e-13
5.602195052200119244e+04 1.344832116090931942e-13
5.603607178605951776e+04 8.281760117939784074e-14
5.605019305015578720e+04 5.960740883873858361e-14
5.606431431433352554e+04 1.510986317394164052e-14
5.607843557839880668e+04 5.535472646032714686e-14
5.609255684257070970e+04 4.614274743667154054e-14
5.610667810672436462e+04 -3.185604413835372784e-14
5.612079937079967931e+04 -4.649588783511448292e-14
5.613492063486448023e+04 -3.307363696987574307e-14
5.614904189895658783e+04 -6.486683271139031654e-14
5.616316316315531003e+04 -3.990754774702219386e-14
5.617728442728765367e+04 -2.934116770852749713e-14
5.619140569141179731e+04 -2.520614036776874769e-14
5.620552695553599187e+04 -7.871318894491201282e-14
5.621964821963540453e+04 -8.754005293253003478e-14
5.623376948381627153e+04 -5.209202657369965190e-14
5.624789074793815234e+04 -6.814715092687560478e-14
5.626201201198039780e+04 -4.027179953510392161e-14
5.627613327613825822e+04 3.120500392073784104e-14
5.629025454027194064e+04 3.166166749902238959e-15
5.630437580441981845e+04 4.738838594577355703e-14
5.631849706852967938e+04 6.991658949259717041e-14
5.633261833256207319e+04 9.526509373850238597e-14
5.634673959669438045e+04 7.380399402155200701e-14
5.636086086091744801e+04 1.360332483260757161e-13
5.637498212502262322e+04 1.032854734854662209e-13
5.638910338912199950e+04 7.029349603763571876e-14
5.640322465322436619e+04 6.801119351944853417e-14
5.641734591726309009e+04 5.788465179031825691e-14
5.643146718148663058e+04 7.262539152227535124e-14
5.644558844559885620e+04 1.532328393991628614e-14
5.645970970969668269e+04 -2.918828456367065758e-14
5.647383097382049891e+04 1.178001825846770079e-15
5.648795223799684027e+04 8.569063929552032451e-15
5.650207350211889570e+04 3.172795320146737928e-14
5.651619476621250215e+04 -1.878265414057353508e-14
5.653031603028927930e+04 -5.344813769083021104e-14
5.654443729437386355e+04 -6.031898667747227649e-14
5.655855855859690200e+04 -1.112981620473741953e-13
5.657267982271731307e+04 -1.235147907971311758e-13
5.658680108681547426e+04 -1.620122715620992758e-13
5.660092235085018910e+04 -1.391762496028122196e-13
5.661504361499074002e+04 -1.236170549141606887e-13
5.662916487917512131e+04 -1.505604005570847566e-13
5.664328614332872530e+04 -1.128451205802320747e-13
5.665740740736393491e+04 -1.257174025485361538e-13
