5.299999999999967258e+04 8.822111941357255849e-13
5.301412126411357167e+04 8.637245176338469530e-13
5.302824252821825212e+04 8.068530786429279525e-13
5.304236379241637042e+04 8.172244232284462603e-13
5.305648505650160951e+04 7.869088283223035346e-13
5.307060632061591605e+04 7.963294840297265181e-13
5.308472758467347739e+04 7.882836922086550132e-13
5.309884884879455058e+04 7.827558278426567651e-13
5.311297011299694714e+04 7.689595426894871314e-13
5.312709137709371862e+04 7.491951263547294789e-13
5.314121264121207787e+04 7.211957031507218032e-13
5.315533390529573080e+04 7.222509678054076335e-13
5.316945516947866417e+04 7.183271392682569810e-13
5.318357643358596397e+04 7.781605333431947693e-13
5.319769769767281832e+04 8.361093824473717096e-13
5.321181896182783385e+04 7.943377908301167226e-13
5.322594022592860711e+04 8.120796585188828227e-13
5.324006149012692913e+04 8.161863268964412837e-13
5.325418275418672420e+04 8.768038994886199106e-13
5.326830401829326001e+04 8.976777278019584746e-13
5.328242528240948741e+04 8.709095165986782117e-13
5.329654654647425195e+04 8.710352871449627095e-13
5.331066781068694399e+04 8.935698011597083132e-13
5.332478907481397619e+04 9.180123477527913885e-13
5.333891033888715901e+04 9.811434578543414091e-13
5.335303160301386379e+04 1.021662656681893726e-12
5.336715286718804418e+04 1.006958911033144384e-12
5.338127413127617183e+04 1.022117868885875798e-12
5.339539539538123790e+04 9.982172149533071987e-13
5.340951665947280708e+04 9.900082401824543671e-13
5.342363792360345542e+04 1.048296764830487304e-12
5.343775918777732295e+04 1.008946521862865899e-12
5.345188045192326535e+04 1.043735024056134525e-12
5.346600171600533940e+04 1.019335705845567368e-12
5.348012298012768588e+04 1.025594426267320271e-12
5.349424424418584385e+04 9.623063965780092488e-13
5.350836550841975259e+04 9.697377637694552510e-13
5.352248677251837216e+04 9.365836635262580328e-13
5.353660803658925579e+04 9.329303339363630801e-13
5.355072930067019479e+04 9.183422927163655412e-13
5.356485056487307884e+04 8.878871422752060678e-13
5.357897182901421183e+04 8.983534439027835234e-13
5.359309309308735828e+04 8.555654540290941309e-13
5.360721435719943111e+04 8.447617696955432095e-13
5.362133562130006612e+04 7.787386640268271879e-13
5.363545688547971076e+04 7.362728458370617843e-13
5.364957814956892980e+04 6.791261544544965973e-13
5.366369941371105233e+04 6.298164947999481989e-13
5.367782067778332566e+04 6.018152401217783670e-13
5.369194194187606627e+04 6.277607699082549901e-13
5.370606320610608964e+04 6.191027344496900277e-13
5.372018447020655003e+04 5.742600262960606857e-13
5.373430573428894422e+04 5.280695209276680887e-13
5.374842699841783178e+04 5.285296543446661732e-13
5.376254826250940823e+04 5.456002238397466585e-13
5.377666952670244791e+04 5.208281796660907669e-13
5.379079079079600342e+04 4.704884206506885267e-13
5.380491205489708227e+04 4.711917067289783784e-13
5.381903331898336910e+04 4.214843235861349847e-13
5.383315458319996105e+04 4.149277020082871565e-13
5.384727584727980138e+04 4.284822884949198208e-13
5.386139711142751912e+04 3.929202610921326460e-13
5.387551837549461925e+04 3.672881230981763867e-13
5.388963963957130181e+04 3.687689608329978756e-13
5.390376090378728259e+04 3.262816682591625690e-13
5.391788216787864076e+04 2.631156622834990193e-13
5.393200343199841154e+04 2.283027777166509965e-13
5.394612469612885616e+04 2.298140374955715398e-13
5.396024596019676392e+04 1.755390975993565804e-13
5.397436722439587174e+04 1.340868255993912298e-13
5.398848848849861679e+04 1.121245703663838509e-13
5.400260975259135739e+04 3.171105491856373429e-14
5.401673101670190226e+04 5.201351921616697349e-14
5.403085228089590237e+04 -3.879828687817394652e-15
5.404497354501176596e+04 -1.363523872608024611e-14
5.405909480908348633e+04 -1.311023477387087338e-14
5.407321607322939235e+04 -1.374663709344294969e-14
5.408733733730334643e+04 1.106298725233524525e-14
5.410145860149314103e+04 3.723109008203653798e-14
5.411557986562931910e+04 5.011102300247259238e-14
5.412970112972812785e+04 1.129992041342315897e-13
5.414382239380449755e+04 1.370451456965233010e-13
5.415794365789256699e+04 1.195587337015888998e-13
5.417206492212315788e+04 1.535569338227843673e-13
5.418618618620393681e+04 1.699107957495312737e-13
5.420030745028704405e+04 1.478449713516866861e-13
5.421442871440067393e+04 1.317955535574310174e-13
5.422854997850924701e+04 1.064096999057766753e-13
5.424267124267516920e+04 1.538868787863586463e-13
5.425679250682447309e+04 1.910064701087171273e-13
5.427091377088455920e+04 1.830347760972619321e-13
5.428503503501918749e+04 2.192264950745993291e-13
5.429915629922897642e+04 2.139100191767893048e-13
5.431327756328712712e+04 2.474545729345077318e-13
5.432739882741639303e+04 2.931692864808512797e-13
5.434152009147572244e+04 3.370092415595907125e-13
5.435564135558125417e+04 3.539010815455892404e-13
5.436976261982288997e+04 2.891491028297618739e-13
5.438388388388857857e+04 3.225444543564945232e-13
5.439800514796959033e+04 3.300716733560025480e-13
5.441212641210536094e+04 3.581333247393691019e-13
5.442624767619625345e+04 3.618155105328579773e-13
5.444036894037495222e+04 3.399463109641536248e-13
5.445449020450651005e+04 3.453902910173787798e-13
5.446861146857216227e+04 3.953580510670698855e-13
5.448273273268480989e+04 3.822801511684892461e-13
5.449685399688471080e+04 3.994903041600242014e-13
5.451097526102906704e+04 3.997046006177218945e-13
5.452509652508587897e+04 4.018914087288420108e-13
5.453921778917206393e+04 4.295114930897708383e-13
5.455333905326984677e+04 4.393572744943278915e-13
5.456746031750801194e+04 4.411870709702855809e-13
5.458158158159939194e+04 4.221225154377128705e-13
5.459570284567479393e+04 4.482306689452189986e-13
5.460982410980554414e+04 4.553324267103417494e-13
5.462394537388714525e+04 4.589305044995568129e-13
5.463806663810738246e+04 4.647198642299065685e-13
5.465218790218686627e+04 4.787813356571895933e-13
5.466630916632957815e+04 4.710979799901731581e-13
5.468043043042400677e+04 4.630927322536087459e-13
5.469455169459107856e+04 4.200408423319351326e-13
5.470867295870283124e+04 3.942492122979595815e-13
5.472279422282111045e+04 3.774725734348361768e-13
5.473691548687071918e+04 3.928296660343376893e-13
5.475103675097624364e+04 4.078662087132954864e-13
5.476515801519656088e+04 3.939206094833896904e-13
5.477927927929445286e+04 3.080579690778276617e-13
5.479340054341512587e+04 3.017418158632627744e-13
5.480752180752774439e+04 3.478562661214077858e-13
5.482164307160647877e+04 3.209540077863161307e-13
5.483576433581715537e+04 3.494657264691480747e-13
5.484988559990906651e+04 3.086516463207606098e-13
5.486400686397230311e+04 3.095616233457234162e-13
5.487812812811546610e+04 3.215613302107935247e-13
5.489224939220643137e+04 2.853134646667733133e-13
5.490637065640304354e+04 2.653774070473630772e-13
5.492049192048038822e+04 2.814489703001908302e-13
5.493461318462868076e+04 2.852130271829463304e-13
5.494873444870604726e+04 2.732531374050058652e-13
5.496285571289835207e+04 2.612543253059386314e-13
5.497697697699461423e+04 2.529464229688887563e-13
5.499109824109143665e+04 2.587500989552851139e-13
5.500521950520575047e+04 1.805958676648210234e-13
5.501934076930910669e+04 1.206769675137297927e-13
5.503346203349141433e+04 1.377019039426616458e-13
5.504758329757757019e+04 1.285681325849228013e-13
5.506170456168670353e+04 1.172301051790070760e-13
5.507582582582778559e+04 1.062396943652231507e-13
5.508994708992234519e+04 1.015531337334640800e-13
5.510406835412699002e+04 1.119545648258303263e-13
5.511818961820194090e+04 1.237249879026538954e-13
5.513231088231842295e+04 1.060987687197643053e-13
5.514643214640468796e+04 1.145332804462264112e-13
5.516055341060455248e+04 1.159159176122281798e-13
5.517467467472656426e+04 1.244557880355333323e-13
5.518879593881944311e+04 9.694531250996137054e-14
5.520291720291105594e+04 9.682272956756225286e-14
5.521703846697110566e+04 1.298910441202301050e-13
5.523115973117517569e+04 1.120581339906675350e-13
5.524528099529928295e+04 1.380718896848662867e-13
5.525940225937019568e+04 1.490197991135118308e-13
5.527352352352927846e+04 1.533263078855334779e-13
5.528764478758093173e+04 1.317957772489317614e-13
5.530176605180207844e+04 9.903145944575370949e-14
5.531588731591636315e+04 1.364109802919585031e-13
5.533000858000187873e+04 9.311056911297574784e-14
5.534412984408884950e+04 3.597640445445138175e-14
5.535825110828666948e+04 4.890220289737198839e-15
5.537237237237796944e+04 -5.189073548913714907e-14
5.538649363650468877e+04 -1.262748702263260570e-13
5.540061490057282936e+04 -1.839479077101049636e-13
5.541473616470885463e+04 -2.103640844141139545e-13
5.542885742892500275e+04 -2.855076517962755285e-13
5.544297869302913750e+04 -3.653840839508469741e-13
5.545709995712448290e+04 -4.407502243762332113e-13
5.547122122120385757e+04 -4.566790724515962810e-13
5.548534248532143829e+04 -4.966028604270850425e-13
5.549946374952176120e+04 -5.158316055211923391e-13
5.551358501361181698e+04 -6.028851794766319144e-13
5.552770627772598527e+04 -6.600470818812465782e-13
5.554182754177548486e+04 -7.368980864884674931e-13
5.555594880591968104e+04 -7.350917776200862758e-13
5.557007007012933173e+04 -8.536059953124593027e-13
5.558419133422792947e+04 -8.827351025373013351e-13
5.559831259827577014e+04 -8.895579170010159653e-13
5.561243386241229018e+04 -8.777745198171501190e-13
5.562655512658903172e+04 -9.507923468678904800e-13
5.564067639070052246e+04 -9.218113234165305813e-13
5.565479765482174116e+04 -9.749653452025957711e-13
5.566891891886998928e+04 -9.432787730499268506e-13
5.568304018300706957e+04 -9.521029553706575742e-13
5.569716144718141732e+04 -9.531708585951347425e-13
5.571128271130642679e+04 -9.346820849854365763e-13
5.572540397538327670e+04 -9.164187924084727444e-13
5.573952523951634066e+04 -9.092107811805040723e-13
5.575364650358201470e+04 -8.417550432953734840e-13
5.576776776778771455e+04 -8.058073717453307290e-13
5.578188903187841788e+04 -7.760376120624027033e-13
5.579601029598554305e+04 -8.126823063287149847e-13
5.581013156012434774e+04 -8.428735007990150956e-13
5.582425282427897037e+04 -8.249560352821772007e-13
5.583837408839951968e+04 -8.171382410232231281e-13
5.585249535249987093e+04 -8.136909313054989236e-13
5.586661661657485092e+04 -8.165834861014168476e-13
5.588073788072023308e+04 -7.931231688880318961e-13
5.589485914491760195e+04 -7.388113198941967879e-13
5.590898040901300556e+04 -7.615173493671258051e-13
5.592310167310031102e+04 -7.480969777809302110e-13
5.593722293719378649e+04 -7.386023920325165453e-13
5.595134420132655214e+04 -7.767532011732326382e-13
5.596546546549178311e+04 -7.839012630790060762e-13
5.597958672961733100e+04 -8.232776779522126273e-13
5.599370799368694134e+04 -7.793974584033421138e-13
5.600782925777760101e+04 -7.748686002795964465e-13
5.602195052198388294e+04 -7.693425254456040488e-13
5.603607178608480172e+04 -7.761528131852777256e-13
5.605019305017399893e+04 -8.024365645208556483e-13
5.606431431432664249e+04 -8.608408495205154292e-13
5.607843557842096925e+04 -8.624089269406208925e-13
5.609255684261712304e+04 -8.123874809307550294e-13
5.610667810669609753e+04 -8.053443303388230491e-13
5.612079937079334923e+04 -8.389342934711893390e-13
5.613492063492225134e+04 -8.407372469670596246e-13
5.614904189899046469e+04 -8.395026935745400150e-13
5.616316316321799968e+04 -8.363862235863930398e-13
5.617728442731029645e+04 -8.148225866076834932e-13
5.619140569139728905e+04 -8.069097234609198881e-13
5.620552695549622877e+04 -7.680366144643520976e-13
5.621964821957382810e+04 -7.931298796330537597e-13
5.623376948377301596e+04 -8.434300452528272267e-13
5.624789074789186270e+04 -8.207727805270569032e-13
5.626201201202311495e+04 -7.866725770815293209e-13
5.627613327608341206e+04 -7.908330153035754034e-13
5.629025454029622779e+04 -7.825336132435531414e-13
5.630437580441027967e+04 -7.608592489719831482e-13
5.631849706847338530e+04 -7.172675914590520628e-13
5.633261833257003309e+04 -7.392238070215398225e-13
5.634673959671499324e+04 -7.093654655043233588e-13
5.636086086087297008e+04 -7.228952222343751883e-13
5.637498212501489616e+04 -7.583870105059336654e-13
5.638910338906924153e+04 -7.602606505160341870e-13
5.640322465318702598e+04 -7.803096723433122080e-13
5.641734591730898683e+04 -8.368615680254407020e-13
5.643146718148393848e+04 -8.290645770760543258e-13
5.644558844562717422e+04 -8.444147352390332055e-13
5.645970970973030489e+04 -8.444773688592371648e-13
5.647383097381106927e+04 -8.671283702229870621e-13
5.648795223800004896e+04 -9.088620461308686409e-13
5.650207350210080040e+04 -9.185129922382912843e-13
5.651619476618805493e+04 -9.441091159006303705e-13
5.653031603030173574e+04 -1.024820588427420529e-12
5.654443729442585027e+04 -1.033222441194776394e-12
5.655855855861362215e+04 -1.085360008801532238e-12
5.657267982269643107e+04 -1.105182654830073252e-12
5.658680108681870479e+04 -1.130632931633937291e-12
5.660092235091104521e+04 -1.222883306534297317e-12
5.661504361502976099e+04 -1.232404958954299106e-12
5.662916487920886721e+04 -1.276689612736486478e-12
5.664328614329962147e+04 -1.323482295624839636e-12
5.665740740739167086e+04 -1.381897541508035188e-12
