5.299999999999965075e+04 -1.659469485503026364e-13
5.301412126410916244e+04 -2.522923802208059074e-13
5.302824252821374830e+04 -2.728334883893914745e-13
5.304236379239556118e+04 -3.008170233241936467e-13
5.305648505649076105e+04 -3.515274642532078108e-13
5.307060632061753131e+04 -4.171207213945726081e-13
5.308472758471425914e+04 -4.393651685477605127e-13
5.309884884879704623e+04 -4.473766831494589813e-13
5.311297011301513703e+04 -4.515777658325390331e-13
5.312709137710589857e+04 -4.596954140878014863e-13
5.314121264117877581e+04 -4.890982963104347243e-13
5.315533390530844918e+04 -5.305755168434018864e-13
5.316945516950063029e+04 -5.159395380431590377e-13
5.318357643361933879e+04 -5.115388837738864974e-13
5.319769769771995198e+04 -4.655307062682615269e-13
5.321181896181852062e+04 -4.678441582811660561e-13
5.322594022588188818e+04 -4.205718987234752599e-13
5.324006149009237561e+04 -3.903122483469656932e-13
5.325418275417621771e+04 -3.433272723663900180e-13
5.326830401830399205e+04 -3.158546329718695027e-13
5.328242528240426327e+04 -2.439982678781822604e-13
5.329654654649963777e+04 -2.110858980813360589e-13
5.331066781071437435e+04 -1.702916301309911447e-13
5.332478907479983172e+04 -1.001730776222505274e-13
5.333891033891785628e+04 -7.349593666080762819e-14
5.335303160298224248e+04 -5.743460583985865370e-14
5.336715286720523000e+04 -2.537349270992848577e-14
5.338127413129062916e+04 -1.274955608766288514e-15
5.339539539540467376e+04 8.264942138026161785e-14
5.340951665949256858e+04 9.717212518391435623e-14
5.342363792361620290e+04 1.450350788926993816e-13
5.343775918782015651e+04 2.162907562441506281e-13
5.345188045191348647e+04 2.439762634190865175e-13
5.346600171597815643e+04 3.252159243397443461e-13
5.348012298008675862e+04 3.544008990954422543e-13
5.349424424420702417e+04 3.707838691437406202e-13
5.350836550840790733e+04 3.353589475482376706e-13
5.352248677248544845e+04 3.894359419635674405e-13
5.353660803660583042e+04 4.118999049942822125e-13
5.355072930068138521e+04 4.032468275758492710e-13
5.356485056488811824e+04 4.022740608501146419e-13
5.357897182900688495e+04 4.487112336287025145e-13
5.359309309309573291e+04 4.193048557937170635e-13
5.360721435720972659e+04 4.785667654827308925e-13
5.362133562129354686e+04 4.676264853122466136e-13
5.363545688549373881e+04 4.317078888925282463e-13
5.364957814959915413e+04 4.061867447914028190e-13
5.366369941372019821e+04 4.047109530145475523e-13
5.367782067781117803e+04 3.760052417241652713e-13
5.369194194187832909e+04 3.999136861388876483e-13
5.370606320611420233e+04 3.993716303240801305e-13
5.372018447020712483e+04 4.154166196934195097e-13
5.373430573430422373e+04 4.494932214128115990e-13
5.374842699840994464e+04 4.944954345980936537e-13
5.376254826248188328e+04 4.929324884126539799e-13
5.377666952670722821e+04 4.963582742996856201e-13
5.379079079080343945e+04 5.126887458262776528e-13
5.380491205488228297e+04 5.289581406413421049e-13
5.381903331899310433e+04 4.709846750634864666e-13
5.383315458320959442e+04 4.115584072574965492e-13
5.384727584731254319e+04 3.874595270287415097e-13
5.386139711141947919e+04 3.409911296392040824e-13
5.387551837548323238e+04 3.276578776361718274e-13
5.388963963958613022e+04 2.840044990183899311e-13
5.390376090381184622e+04 2.661162282202511043e-13
5.391788216788649879e+04 2.739546349513558213e-13
5.393200343201785290e+04 2.221591816827954382e-13
5.394612469609080290e+04 1.390492180354010988e-13
5.396024596019201999e+04 6.884737130349570903e-14
5.397436722441950405e+04 -1.935529207700390729e-14
5.398848848850419017e+04 -1.005639857324068491e-13
5.400260975261412386e+04 -1.144404087149233756e-13
5.401673101672322082e+04 -2.298959811576710758e-13
5.403085228092147736e+04 -3.019699320361754313e-13
5.404497354498985078e+04 -3.907250308411663372e-13
5.405909480911791616e+04 -5.119935278344150853e-13
5.407321607318142924e+04 -6.497455312606677000e-13
5.408733733728943480e+04 -6.978307458677224107e-13
5.410145860151093075e+04 -7.371600305603869137e-13
5.411557986561941652e+04 -7.694243181162343854e-13
5.412970112971978233e+04 -7.591394116480968639e-13
5.414382239378369559e+04 -8.052660539551540042e-13
5.415794365789421863e+04 -8.113967146566357303e-13
5.417206492210248689e+04 -7.891627328950297991e-13
5.418618618618837354e+04 -8.030432734086605586e-13
5.420030745028034289e+04 -8.486274309914190403e-13
5.421442871441779425e+04 -8.767000718729899385e-13
5.422854997850287327e+04 -9.390830701465830166e-13
5.424267124268961197e+04 -8.700859443931801442e-13
5.425679250677904201e+04 -8.582212784875531848e-13
5.427091377090914466e+04 -8.543405054124002259e-13
5.428503503499770159e+04 -8.275593967903232564e-13
5.429915629920650827e+04 -8.092130506557273225e-13
5.431327756330098782e+04 -7.639284434615284027e-13
5.432739882740096800e+04 -6.526713802449143396e-13
5.434152009148000070e+04 -6.510926501902035988e-13
5.435564135561473813e+04 -6.188705673282768523e-13
5.436976261980893469e+04 -5.840534104816125324e-13
5.438388388389382453e+04 -4.799104116475932642e-13
5.439800514798908262e+04 -4.163103398021550326e-13
5.441212641211634036e+04 -3.947420255706814668e-13
5.442624767621874344e+04 -3.570817134896477486e-13
5.444036894042122731e+04 -3.508038510508326309e-13
5.445449020450013631e+04 -3.131181475279279516e-13
5.446861146862155147e+04 -2.962139666660878066e-13
5.448273273269082711e+04 -2.168653676915340449e-13
5.449685399689462793e+04 -1.839240893949901047e-13
5.451097526101822586e+04 -1.476884430794767730e-13
5.452509652507877763e+04 -8.425478811657162008e-14
5.453921778918158816e+04 -7.262310584649105678e-14
5.455333905328557739e+04 -9.716873820113904970e-14
5.456746031748165115e+04 -2.206325503978970270e-14
5.458158158160928724e+04 -8.358052726106189378e-15
5.459570284571514640e+04 3.245869008157049947e-14
5.460982410980705026e+04 7.929286148508785440e-14
5.462394537387676246e+04 1.144802530044391857e-13
5.463806663809291058e+04 1.338810302318684443e-13
5.465218790221611562e+04 1.458122628905085443e-13
5.466630916628378327e+04 1.396953272927408697e-13
5.468043043040705379e+04 1.786938369858962813e-13
5.469455169458012824e+04 2.352755770471453978e-13
5.470867295868480142e+04 2.460007162169116662e-13
5.472279422281166626e+04 2.949873270103879183e-13
5.473691548688820330e+04 3.081061242678878262e-13
5.475103675100335386e+04 3.839215384188473835e-13
5.476515801521727553e+04 4.115690442128749384e-13
5.477927927930169244e+04 4.812091910752820709e-13
5.479340054342095391e+04 5.572212173369456150e-13
5.480752180750617117e+04 5.247037016175735902e-13
5.482164307159354212e+04 5.193859101835575707e-13
5.483576433580087178e+04 5.412170601511556341e-13
5.484988559991875081e+04 5.161972254631864839e-13
5.486400686398274411e+04 4.877968977304423080e-13
5.487812812809592288e+04 4.322771375690692937e-13
5.489224939218390500e+04 4.371210697973570382e-13
5.490637065640798392e+04 4.190804503479919906e-13
5.492049192050360580e+04 4.007426824032174050e-13
5.493461318460573239e+04 3.615822164862359542e-13
5.494873444871721586e+04 3.333321786391607564e-13
5.496285571291900851e+04 3.446159295300896830e-13
5.497697697698253614e+04 2.753247434296127581e-13
5.499109824107866007e+04 2.974499537442847225e-13
5.500521950518100493e+04 2.652426253688505984e-13
5.501934076928832656e+04 2.076225812116321820e-13
5.503346203348975541e+04 1.881741092487965372e-13
5.504758329759341723e+04 1.482645957966198162e-13
5.506170456171797559e+04 1.173045362212017033e-13
5.507582582580288727e+04 8.626761606498481649e-14
5.508994708991871448e+04 5.385715615458249259e-14
5.510406835408060579e+04 -7.113185819240139087e-15
5.511818961820726690e+04 -3.456373637497081541e-14
5.513231088230781461e+04 -5.609018904011650034e-14
5.514643214638066274e+04 -5.947617212637730683e-14
5.516055341060194769e+04 -9.052407236556543983e-14
5.517467467469013354e+04 -6.869944182223160823e-14
5.518879593881326582e+04 -5.717790350945646482e-14
5.520291720288131910e+04 -3.278359042325607764e-14
5.521703846700640133e+04 -7.139848346760326454e-14
5.523115973120049603e+04 -6.960804368810296926e-14
5.524528099532290798e+04 -7.662877736544207056e-14
5.525940225938543153e+04 -1.078791228844127336e-13
5.527352352348617569e+04 -9.832061753034228857e-14
5.528764478758803307e+04 -1.525735506189067475e-13
5.530176605179361650e+04 -1.768038487157240106e-13
5.531588731588162045e+04 -1.591681198259239977e-13
5.533000858000938024e+04 -1.735602635804966676e-13
5.534412984411687648e+04 -1.821024250045402925e-13
5.535825110828653851e+04 -1.892370770427061772e-13
5.537237237239402020e+04 -1.872452213662019355e-13
5.538649363648147119e+04 -1.883991594609622656e-13
5.540061490060996584e+04 -1.966029970784541226e-13
5.541473616468455293e+04 -1.637396087454875019e-13
5.542885742891360132e+04 -1.740080450891681667e-13
5.544297869299222657e+04 -1.914241723195430537e-13
5.545709995709243958e+04 -2.547847411051707837e-13
5.547122122121851862e+04 -2.407693514475493318e-13
5.548534248530098557e+04 -3.056033101168823297e-13
5.549946374947866570e+04 -2.794950747043875957e-13
5.551358501357802743e+04 -2.333979413703157507e-13
5.552770627768657141e+04 -2.652525345802983163e-13
5.554182754181009659e+04 -2.251659672902100769e-13
5.555594880590036337e+04 -2.587358553368583856e-13
5.557007007010094094e+04 -2.077241054903712961e-13
5.558419133417675039e+04 -2.078840029486401935e-13
5.559831259827824397e+04 -1.555189578759459313e-13
5.561243386242262932e+04 -1.358254928118141490e-13
5.562655512661778630e+04 -7.036704192349099045e-14
5.564067639071927988e+04 -4.559151408163233941e-14
5.565479765479788330e+04 -2.345429430121058630e-14
5.566891891889295948e+04 1.947542822324701039e-14
5.568304018300015741e+04 4.794197958141164032e-14
5.569716144718269788e+04 1.289097976666326841e-13
5.571128271132112422e+04 1.415317461696833041e-13
5.572540397542221035e+04 1.537367946474190722e-13
5.573952523951019248e+04 1.394259721323522663e-13
5.575364650359717780e+04 1.063018068288183654e-13
5.576776776780838554e+04 9.036593203400579735e-14
5.578188903191252757e+04 1.045686693573243125e-13
5.579601029598879541e+04 8.624153836792809100e-14
5.581013156007854559e+04 9.893520053788473132e-14
5.582425282432063250e+04 9.602582167809497364e-14
5.583837408839385898e+04 6.561442312364676787e-14
5.585249535248127358e+04 7.155018735238872885e-14
5.586661661661357357e+04 8.030371537362902609e-14
5.588073788070509909e+04 1.086920336406234606e-13
5.589485914488568233e+04 1.692705239034094234e-13
5.590898040901407512e+04 1.686045132456842263e-13
5.592310167309682583e+04 1.736502044985688121e-13
5.593722293722184259e+04 1.744006245441355353e-13
5.595134420131376100e+04 2.077268919998591093e-13
5.596546546552104701e+04 1.656721448371734053e-13
5.597958672960045806e+04 1.107830531914618634e-13
5.599370799367971631e+04 9.510246532573097765e-14
5.600782925777952187e+04 7.339518441915243600e-14
5.602195052201044018e+04 8.237037286537495040e-14
5.603607178610502888e+04 6.667846178907996144e-14
5.605019305021989567e+04 5.825126324419773008e-15
5.606431431431386591e+04 -4.502054976712707024e-14
5.607843557840062567e+04 -5.056308977446095027e-14
5.609255684260414273e+04 -1.970425283893410863e-14
5.610667810668628954e+04 -1.279091809815759675e-14
5.612079937080585660e+04 6.062227491080313809e-15
5.613492063489494467e+04 -7.040442769555574667e-15
5.614904189901302016e+04 -1.880731731121970457e-14
5.616316316321813065e+04 -2.050820078898569496e-14
5.617728442727677611e+04 2.193187866047249334e-14
5.619140569137649436e+04 3.926291024782016235e-14
5.620552695549924101e+04 5.705647783033194968e-14
5.621964821957787353e+04 6.998689803935627384e-14
5.623376948379789974e+04 1.598732885179792910e-13
5.624789074790446466e+04 2.021877832684537547e-13
5.626201201200039213e+04 2.837293106889228856e-13
5.627613327607891551e+04 2.687013515047959519e-13
5.629025454030446417e+04 3.021134008587324799e-13
5.630437580439846352e+04 3.346655724649825786e-13
5.631849706847714697e+04 3.316220307163877920e-13
5.633261833259258856e+04 3.575456634839283058e-13
5.634673959670163458e+04 3.867883694571235338e-13
5.636086086087982403e+04 3.580425122383775685e-13
5.637498212501093076e+04 3.598542259286346801e-13
5.638910338909603888e+04 3.691022008111743044e-13
5.640322465317846945e+04 3.353542295438359820e-13
5.641734591731426917e+04 3.202459785029817806e-13
5.643146718150361994e+04 3.366251741477587452e-13
5.644558844561925798e+04 3.127599638097357400e-13
5.645970970970334020e+04 3.145270709129221024e-13
5.647383097381779953e+04 2.684889555248207466e-13
5.648795223798784718e+04 2.587736408608170539e-13
5.650207350210371078e+04 2.237039421058138948e-13
5.651619476620426576e+04 2.323239934934348645e-13
5.653031603029550024e+04 2.461657605890733675e-13
5.654443729439539311e+04 2.525623451750151778e-13
5.655855855858614814e+04 2.267529738958942918e-13
5.657267982269751519e+04 1.861383332404072602e-13
5.658680108678906254e+04 1.975040916260277393e-13
5.660092235087659355e+04 2.074136165075854959e-13
5.661504361501098901e+04 2.441385627705053632e-13
5.662916487918321218e+04 2.170349142111477937e-13
5.664328614331688732e+04 2.032350086818372094e-13
5.665740740738559543e+04 2.095814966392226852e-13
