5.299999999999991996e+04 1.403243659931806833e-12
5.301412126409931807e+04 1.403884477596563392e-12
5.302824252818353852e+04 1.387077135078776458e-12
5.304236379239806411e+04 1.322113524449344011e-12
5.305648505651902815e+04 1.348693573022525817e-12
5.307060632060737407e+04 1.263845030520553999e-12
5.308472758470100962e+04 1.250702233362715198e-12
5.309884884882086772e+04 1.224471230432487501e-12
5.311297011300794838e+04 1.194502295384630989e-12
5.312709137710858340e+04 1.162229950983633422e-12
5.314121264121386776e+04 1.158202179631692722e-12
5.315533390528582095e+04 1.114118925877126578e-12
5.316945516951878380e+04 1.078522660327925549e-12
5.318357643360216025e+04 1.043826837081511030e-12
5.319769769769604318e+04 1.036951320307634502e-12
5.321181896179262549e+04 1.034818706257238525e-12
5.322594022591756220e+04 9.868413984893701547e-13
5.324006149008486682e+04 9.219811525460448939e-13
5.325418275418518169e+04 8.898818123477818814e-13
5.326830401830773189e+04 8.553298042685284657e-13
5.328242528241498803e+04 8.090200582140205608e-13
5.329654654650917655e+04 7.653303831039785764e-13
5.331066781071955484e+04 7.210034403470199820e-13
5.332478907481983333e+04 6.542684694270509893e-13
5.333891033890547988e+04 5.906688742633404349e-13
5.335303160300352465e+04 5.716713876838286933e-13
5.336715286718201241e+04 5.110219362344157683e-13
5.338127413131550566e+04 4.730064518612056450e-13
5.339539539538136160e+04 4.075255050208835352e-13
5.340951665950164897e+04 3.242181041525266159e-13
5.342363792358915816e+04 2.992613209589909079e-13
5.343775918780540087e+04 2.435380320428862564e-13
5.345188045189263357e+04 2.012884019473054204e-13
5.346600171599649184e+04 1.573442300027804985e-13
5.348012298009862570e+04 7.045241556605199521e-14
5.349424424420733703e+04 -2.410775296214565904e-14
5.350836550840698328e+04 -5.659404510496511180e-14
5.352248677250723267e+04 -9.805825347577470282e-14
5.353660803658409714e+04 -7.651895412284684510e-14
5.355072930068610731e+04 -1.316609867846209766e-13
5.356485056488036935e+04 -1.377054838268040672e-13
5.357897182898906613e+04 -1.120866617507572767e-13
5.359309309310583922e+04 -1.322435052675168126e-13
5.360721435719056171e+04 -1.633463949027439565e-13
5.362133562127964979e+04 -1.234811145670553157e-13
5.363545688551253261e+04 -1.402457188145134847e-13
5.364957814960369433e+04 -1.488935622726720434e-13
5.366369941371495224e+04 -1.289913733689661111e-13
5.367782067778263445e+04 -8.393833362980631126e-14
5.369194194188717665e+04 -1.116467750957427507e-13
5.370606320609523391e+04 -9.260447940216204614e-14
5.372018447020807798e+04 -4.180609079080035218e-14
5.373430573430629738e+04 -1.085403746912912085e-14
5.374842699840273417e+04 -1.133652433822324372e-14
5.376254826251055783e+04 1.885882295853777857e-14
5.377666952668826707e+04 4.059818553906908766e-14
5.379079079080318479e+04 9.359821632549272418e-14
5.380491205488336709e+04 1.353076125951159922e-13
5.381903331897928001e+04 2.011937348049063065e-13
5.383315458321679762e+04 2.201353677704026115e-13
5.384727584728904185e+04 1.943464603951787785e-13
5.386139711139181600e+04 2.290467014415720739e-13
5.387551837551178323e+04 3.319950099006133974e-13
5.388963963961972331e+04 3.533541261258415965e-13
5.390376090378841764e+04 3.465106384018100543e-13
5.391788216792042658e+04 3.376210781733924343e-13
5.393200343199349300e+04 3.563140521115204214e-13
5.394612469611114648e+04 3.582758708591712704e-13
5.396024596018575539e+04 3.451013602086286640e-13
5.397436722440412996e+04 3.533639083972228425e-13
5.398848848850220384e+04 3.553695895875186075e-13
5.400260975259778206e+04 3.145570067135562391e-13
5.401673101671436598e+04 3.411509003563138346e-13
5.403085228090146120e+04 3.511202971223639517e-13
5.404497354498454661e+04 3.334030258652294591e-13
5.405909480909800914e+04 3.081265832875261040e-13
5.407321607321854390e+04 3.392616597511689755e-13
5.408733733728650259e+04 3.395945725352725222e-13
5.410145860150820226e+04 2.593793160948117896e-13
5.411557986560568679e+04 2.650883758957606762e-13
5.412970112970122864e+04 2.719154546484430982e-13
5.414382239378039958e+04 3.156592478082232177e-13
5.415794365791710152e+04 2.620700718389357575e-13
5.417206492207849078e+04 2.849924581423146266e-13
5.418618618619941844e+04 2.793708076695141893e-13
5.420030745029477112e+04 3.186548317508723228e-13
5.421442871439699229e+04 3.241565705099672007e-13
5.422854997850405198e+04 3.518347184903358929e-13
5.424267124268961197e+04 3.442124357415010049e-13
5.425679250680928817e+04 3.370275151905499985e-13
5.427091377088644367e+04 3.356829262113413449e-13
5.428503503501286468e+04 3.185241910943615713e-13
5.429915629921264917e+04 3.052651111299424040e-13
5.431327756328241958e+04 3.126324237085823815e-13
5.432739882740669418e+04 3.457864347624568670e-13
5.434152009149712831e+04 3.743049114101883201e-13
5.435564135559474380e+04 3.584497428440442735e-13
5.436976261979055562e+04 3.209299987398642264e-13
5.438388388390720502e+04 3.047990332321974486e-13
5.439800514801565441e+04 3.147693766696715621e-13
5.441212641208850982e+04 2.815737120731414857e-13
5.442624767621372303e+04 2.575254178894958784e-13
5.444036894040118932e+04 2.858034399955336494e-13
5.445449020450650278e+04 2.937034130287392613e-13
5.446861146858410939e+04 3.561038910553943729e-13
5.448273273269782658e+04 3.435144233448782344e-13
5.449685399691753264e+04 3.286687220738500201e-13
5.451097526098582603e+04 3.281707729048307198e-13
5.452509652511763852e+04 3.540625519081282774e-13
5.453921778921979421e+04 3.586564327716156684e-13
5.455333905329015397e+04 3.517681359335152138e-13
5.456746031751279952e+04 3.770253295255974089e-13
5.458158158160788298e+04 4.050344969472216549e-13
5.459570284569251817e+04 4.435069080610781013e-13
5.460982410980658460e+04 4.533813221275877976e-13
5.462394537390970072e+04 4.292670765014041756e-13
5.463806663808206940e+04 4.541717927666203318e-13
5.465218790220360097e+04 4.096744491533433374e-13
5.466630916631812579e+04 4.208420163850248503e-13
5.468043043040308112e+04 4.142755878310813173e-13
5.469455169458240562e+04 4.592734050705082691e-13
5.470867295868893416e+04 4.352418354153532656e-13
5.472279422280831204e+04 4.086832841724246686e-13
5.473691548689512274e+04 4.327129604847317297e-13
5.475103675099621614e+04 4.676931007154850489e-13
5.476515801520701643e+04 5.005735237278260778e-13
5.477927927929900761e+04 4.611396100043360835e-13
5.479340054340280767e+04 4.414690400423666089e-13
5.480752180749452964e+04 4.416268186130317735e-13
5.482164307161537727e+04 4.068599950098178243e-13
5.483576433579036529e+04 3.804548045375757923e-13
5.484988559988500492e+04 3.136229575752183860e-13
5.486400686401326675e+04 3.025450085716746979e-13
5.487812812808617309e+04 2.709141918390018513e-13
5.489224939218016516e+04 2.460571247021265463e-13
5.490637065639065258e+04 1.851571208824973105e-13
5.492049192048284749e+04 1.372902581140946619e-13
5.493461318461701740e+04 1.261624510822207723e-13
5.494873444871582615e+04 6.137604550996677938e-14
5.496285571288112260e+04 3.117659597036846601e-14
5.497697697699067066e+04 -1.591967625890542222e-14
5.499109824110889895e+04 -5.446876775810512592e-14
5.500521950518499943e+04 -1.238288585368013723e-13
5.501934076931942400e+04 -1.534407406792425796e-13
5.503346203348289418e+04 -2.005092438800793904e-13
5.504758329759845219e+04 -2.536433864515684193e-13
5.506170456171562546e+04 -2.774603772506188252e-13
5.507582582580405142e+04 -3.422480450514381467e-13
5.508994708990643267e+04 -3.700915449738639750e-13
5.510406835409297491e+04 -3.985320790076868422e-13
5.511818961818795651e+04 -3.486891974202735242e-13
5.513231088232019829e+04 -4.138940317619315708e-13
5.514643214639936923e+04 -4.452648294101481926e-13
5.516055341059858620e+04 -4.567460604403120923e-13
5.517467467470744305e+04 -4.419704128546592107e-13
5.518879593879004096e+04 -4.564626901273974401e-13
5.520291720287885983e+04 -4.700720385186932203e-13
5.521703846699865244e+04 -4.255153701628461358e-13
5.523115973121116986e+04 -4.786179570202021520e-13
5.524528099529067549e+04 -4.786223748201808021e-13
5.525940225940136588e+04 -4.514390204374180382e-13
5.527352352349531429e+04 -4.882992501162176852e-13
5.528764478760360362e+04 -4.897255683950309104e-13
5.530176605181863852e+04 -5.047353593795508818e-13
5.531588731587974326e+04 -5.069139658832957038e-13
5.533000857998897118e+04 -5.084418935616172745e-13
5.534412984410428908e+04 -5.052869532625963440e-13
5.535825110827873868e+04 -5.371474955941577313e-13
5.537237237238962553e+04 -5.338890525527803616e-13
5.538649363650227315e+04 -5.714371967996801505e-13
5.540061490059322387e+04 -5.657697905413869053e-13
5.541473616469297849e+04 -5.716334733415876350e-13
5.542885742890051915e+04 -5.648048168031986532e-13
5.544297869302124309e+04 -5.144166524755664150e-13
5.545709995711667580e+04 -5.165024851797600908e-13
5.547122122119011328e+04 -5.372838162792124109e-13
5.548534248529927572e+04 -5.657445459700804345e-13
5.549946374951083999e+04 -5.505877053577004906e-13
5.551358501358597277e+04 -5.995880493777618236e-13
5.552770627768157283e+04 -6.121573214312328057e-13
5.554182754182069766e+04 -6.120822188315961587e-13
5.555594880589142122e+04 -5.754113234375947900e-13
5.557007007009552035e+04 -5.782418709953280911e-13
5.558419133419622085e+04 -5.553986895344232374e-13
5.559831259831300849e+04 -5.114415797471036975e-13
5.561243386239724350e+04 -4.732313966176929018e-13
5.562655512659859960e+04 -4.434301801904534415e-13
5.564067639069267898e+04 -4.085074713594222701e-13
5.565479765479826892e+04 -4.233613771161250697e-13
5.566891891891294654e+04 -3.864279381805368190e-13
5.568304018299037853e+04 -3.632231282356673446e-13
5.569716144721949240e+04 -3.361476943952395691e-13
5.571128271130121720e+04 -2.926658136627636673e-13
5.572540397538086836e+04 -2.993587806303806338e-13
5.573952523951726471e+04 -2.965313886440606036e-13
5.575364650360419910e+04 -2.797046196397603804e-13
5.576776776777863415e+04 -2.981034943221684728e-13
5.578188903191382997e+04 -2.509441106646284834e-13
5.579601029601375922e+04 -2.275518597778087741e-13
5.581013156008113583e+04 -2.594780379947668440e-13
5.582425282430004881e+04 -2.594117709950874466e-13
5.583837408838726697e+04 -2.393227722637139184e-13
5.585249535248982284e+04 -2.374736074155179895e-13
5.586661661659763922e+04 -2.392842742924716490e-13
5.588073788070146838e+04 -2.573000626053046358e-13
5.589485914491352742e+04 -2.861028562373747879e-13
5.590898040899200714e+04 -2.580479330302576330e-13
5.592310167309756071e+04 -2.941867990839760317e-13
5.593722293719976005e+04 -3.195241441899560871e-13
5.595134420131085790e+04 -3.369151293629550080e-13
5.596546546548049082e+04 -3.198756748453981296e-13
5.597958672960724653e+04 -3.633758578920711949e-13
5.599370799369920132e+04 -3.584620020872748246e-13
5.600782925779851939e+04 -3.957053181356494763e-13
5.602195052198827761e+04 -4.150710598990938137e-13
5.603607178611322888e+04 -3.509523732378948568e-13
5.605019305019450985e+04 -3.510615560087951737e-13
5.606431431430159864e+04 -3.835910794799768749e-13
5.607843557839903951e+04 -3.576396601769678951e-13
5.609255684261421266e+04 -3.584556909444482322e-13
5.610667810669138271e+04 -3.610634551604022999e-13
5.612079937078002695e+04 -3.396137740356122796e-13
5.613492063489149587e+04 -4.094263737549762811e-13
5.614904189900762867e+04 -3.694168838056996823e-13
5.616316316318908503e+04 -3.889019061685668643e-13
5.617728442731036193e+04 -3.866343125509668818e-13
5.619140569138245337e+04 -3.619684730417377975e-13
5.620552695552150544e+04 -4.147384626721315991e-13
5.621964821960125846e+04 -3.632206037785366875e-13
5.623376948382066621e+04 -3.690079217505355426e-13
5.624789074790864834e+04 -3.741035384687382196e-13
5.626201201202084485e+04 -3.679274540986203812e-13
5.627613327610949636e+04 -3.854244664711062975e-13
5.629025454028379318e+04 -4.288539647181213659e-13
5.630437580438980513e+04 -4.397577261796507187e-13
5.631849706851012888e+04 -4.729877865045857972e-13
5.633261833261180436e+04 -5.127271595408835930e-13
5.634673959668791940e+04 -5.568622435559134539e-13
5.636086086091783363e+04 -5.898745694533306134e-13
5.637498212497874920e+04 -5.834801195414121411e-13
5.638910338909026177e+04 -5.975949904731191931e-13
5.640322465318495233e+04 -6.131904555119483976e-13
5.641734591730791726e+04 -6.442860873329249021e-13
5.643146718149540538e+04 -6.430863390815868456e-13
5.644558844562014565e+04 -6.529052150912223869e-13
5.645970970971325005e+04 -6.940601774635282160e-13
5.647383097378573439e+04 -7.147847082775411536e-13
5.648795223801609973e+04 -7.468087092083115831e-13
5.650207350211419543e+04 -7.456045431569949775e-13
5.651619476619058696e+04 -8.020602401981274015e-13
5.653031603028243262e+04 -7.892195890031122878e-13
5.654443729439435265e+04 -7.863442323313100238e-13
5.655855855859192525e+04 -8.254695311705789963e-13
5.657267982271201618e+04 -8.425373858308556164e-13
5.658680108679694968e+04 -8.671457939403625024e-13
5.660092235091433395e+04 -8.940729159243649768e-13
5.661504361498270009e+04 -9.256084344003561715e-13
5.662916487921588850e+04 -8.928801099301362275e-13
5.664328614332138386e+04 -8.571110768460569844e-13
5.665740740738944442e+04 -8.496412081964847156e-13
