5.300000000000025466e+04 -3.598310690146796747e-13
5.301412126411450299e+04 -3.732478145517296727e-13
5.302824252817851811e+04 -3.618538277476688777e-13
5.304236379241501709e+04 -4.040161738538064025e-13
5.305648505649276194e+04 -3.880317066328045755e-13
5.307060632060279022e+04 -4.200708631610484642e-13
5.308472758467942913e+04 -4.237971256375299469e-13
5.309884884879852325e+04 -4.170932241696839737e-13
5.311297011299472069e+04 -4.144584947907634752e-13
5.312709137711171934e+04 -4.353103745997944337e-13
5.314121264121068089e+04 -3.682984349862758307e-13
5.315533390530031465e+04 -3.768265035007310127e-13
5.316945516950641468e+04 -3.740804243113522485e-13
5.318357643358233327e+04 -3.158351187388407404e-13
5.319769769768392143e+04 -2.276876911017928746e-13
5.321181896181282355e+04 -2.132052924379323543e-13
5.322594022590951499e+04 -2.075909871908555506e-13
5.324006149010013178e+04 -1.354892238394026868e-13
5.325418275420639839e+04 -7.909829234942414896e-14
5.326830401828587492e+04 -2.046841370837187644e-14
5.328242528240560932e+04 1.448858589155662823e-14
5.329654654650419252e+04 6.782259007213888974e-14
5.331066781067957345e+04 1.113266560631404016e-13
5.332478907480191992e+04 1.606949256175101036e-13
5.333891033889268874e+04 1.972851656645461870e-13
5.335303160299658339e+04 1.910812668800055069e-13
5.336715286720807489e+04 2.081530225536841526e-13
5.338127413128157059e+04 2.302793260815989005e-13
5.339539539542029524e+04 2.483607715058473319e-13
5.340951665950880852e+04 2.681022439711330057e-13
5.342363792359580111e+04 3.030936128315804672e-13
5.343775918781696964e+04 3.200313943254663284e-13
5.345188045189851255e+04 2.514277953006478605e-13
5.346600171598928137e+04 2.662406169031667491e-13
5.348012298012286919e+04 2.722043017553752044e-13
5.349424424422002630e+04 3.240548231539889191e-13
5.350836550838673429e+04 2.908744753040529027e-13
5.352248677250058972e+04 2.626770108670550379e-13
5.353660803661192040e+04 2.441515673458864784e-13
5.355072930071238079e+04 2.184545696370047743e-13
5.356485056489341514e+04 2.060531184301775364e-13
5.357897182901231281e+04 2.017056130252506997e-13
5.359309309309632954e+04 1.667798507148586199e-13
5.360721435720334557e+04 1.381134148333693291e-13
5.362133562130648352e+04 1.164714953439916932e-13
5.363545688551083731e+04 1.040255371810967296e-13
5.364957814957911614e+04 4.945621770876798152e-14
5.366369941370001470e+04 1.554982953290489013e-14
5.367782067781240767e+04 2.289394073970510061e-15
5.369194194188538677e+04 -5.021117614409904852e-14
5.370606320608486567e+04 -5.993751203038880390e-14
5.372018447018239385e+04 -1.160180899220839408e-13
5.373430573431836820e+04 -1.497204878826366119e-13
5.374842699841561989e+04 -2.009409061717359036e-13
5.376254826247785240e+04 -1.836776469565325339e-13
5.377666952669674356e+04 -2.419219222754313408e-13
5.379079079078066570e+04 -2.915938281745297727e-13
5.380491205489353160e+04 -3.184956456682226675e-13
5.381903331897930184e+04 -3.150609449641292933e-13
5.383315458321141341e+04 -3.248664043278728310e-13
5.384727584730875242e+04 -3.205034039086113003e-13
5.386139711141402222e+04 -3.090478079385122902e-13
5.387551837551542849e+04 -2.938720898034633241e-13
5.388963963961679110e+04 -3.108003929641125562e-13
5.390376090377811488e+04 -3.553856483064038136e-13
5.391788216788303544e+04 -3.730270518076048552e-13
5.393200343202019576e+04 -4.556258631679202565e-13
5.394612469610117842e+04 -4.652583223450227843e-13
5.396024596018597367e+04 -4.910497737051148732e-13
5.397436722440787707e+04 -4.571079448049756544e-13
5.398848848850504874e+04 -4.642450473118808469e-13
5.400260975261111889e+04 -4.497593518364596777e-13
5.401673101669561584e+04 -4.631483629462564324e-13
5.403085228091552563e+04 -4.582685873148751388e-13
5.404497354500253277e+04 -4.698044606464740687e-13
5.405909480907979741e+04 -4.792582326369934779e-13
5.407321607318227325e+04 -4.761870878277422958e-13
5.408733733730010863e+04 -4.709898292430778774e-13
5.410145860148400971e+04 -4.141415887795034571e-13
5.411557986559311394e+04 -3.965179880607295109e-13
5.412970112972212519e+04 -3.859657184582273594e-13
5.414382239379142993e+04 -3.986236616044671428e-13
5.415794365789652511e+04 -4.297322106494504485e-13
5.417206492210154829e+04 -3.611633105663069822e-13
5.418618618620748020e+04 -3.705903783831857735e-13
5.420030745031627157e+04 -3.494208919904381530e-13
5.421442871438177099e+04 -3.658909383441678094e-13
5.422854997850242944e+04 -3.454919168131259723e-13
5.424267124268543557e+04 -3.144219404634013479e-13
5.425679250681658596e+04 -2.830333272763474360e-13
5.427091377089005982e+04 -3.238813170335737567e-13
5.428503503499751241e+04 -3.087611501733204871e-13
5.429915629920222273e+04 -3.096066174980292732e-13
5.431327756329024123e+04 -3.287024094191768472e-13
5.432739882739302266e+04 -3.082679471638588858e-13
5.434152009150184313e+04 -2.492001283171290668e-13
5.435564135559226270e+04 -2.834230104028070889e-13
5.436976261978236289e+04 -2.058435946434631432e-13
5.438388388389018655e+04 -2.103259396412174243e-13
5.439800514799026860e+04 -1.902148945999915690e-13
5.441212641208154673e+04 -1.778620713636827734e-13
5.442624767620399507e+04 -1.220312269477009944e-13
5.444036894039715844e+04 -8.346116913825216769e-14
5.445449020450526587e+04 -1.268551216231305594e-13
5.446861146860638110e+04 -4.756828715656616917e-14
5.448273273270167556e+04 -5.343397428513661101e-14
5.449685399688730104e+04 -1.671738393504159385e-14
5.451097526099158858e+04 -1.632506335933347609e-14
5.452509652511702734e+04 6.199267334900066096e-14
5.453921778919699136e+04 6.353195466663191577e-14
5.455333905332152790e+04 6.757945021954667834e-14
5.456746031749302347e+04 1.711896658582802903e-13
5.458158158159875893e+04 1.500419384218324530e-13
5.459570284568157513e+04 1.804385410103101373e-13
5.460982410981409339e+04 1.626107028153587437e-13
5.462394537389506149e+04 1.790769578357937282e-13
5.463806663812213810e+04 1.612448337858135894e-13
5.465218790222182724e+04 1.739884940326282511e-13
5.466630916631364380e+04 1.448059423013313372e-13
5.468043043041654164e+04 1.733985296038638134e-13
5.469455169460587058e+04 1.294375255305669551e-13
5.470867295869863301e+04 1.874422874895901812e-13
5.472279422280408471e+04 1.543772456239851940e-13
5.473691548692030483e+04 1.268976619043019572e-13
5.475103675097895029e+04 9.157644704721922137e-14
5.476515801519392699e+04 1.235909599090478316e-13
5.477927927929546422e+04 8.155529378712527577e-14
5.479340054339745257e+04 9.430406409185881338e-14
5.480752180749533727e+04 1.032278736240162299e-13
5.482164307161359466e+04 8.093944938761033830e-14
5.483576433578281285e+04 8.245796079240999449e-14
5.484988559992004593e+04 7.234400228688593817e-14
5.486400686398585094e+04 2.701745886519998928e-14
5.487812812808345916e+04 4.315864826576254966e-14
5.489224939218885993e+04 4.906403090752895600e-15
5.490637065641160007e+04 6.572611653466195477e-15
5.492049192049098929e+04 4.283965068116822740e-15
5.493461318458651658e+04 -4.274109566957603090e-14
5.494873444870544336e+04 -7.461466983719016783e-14
5.496285571287863422e+04 -9.184644450199008855e-14
5.497697697700514982e+04 -1.130653830681462820e-13
5.499109824111883790e+04 -1.247116995870244020e-13
5.500521950521937833e+04 -1.065634113083853551e-13
5.501934076928975992e+04 -1.113338976365336467e-13
5.503346203350587166e+04 -1.466572554211307551e-13
5.504758329761650384e+04 -1.667143975933412510e-13
5.506170456169369572e+04 -1.644475099642916394e-13
5.507582582579032169e+04 -1.721046844948771427e-13
5.508994708991894731e+04 -1.528948228937337860e-13
5.510406835408218467e+04 -1.446534533546148354e-13
5.511818961821388802e+04 -1.495215253049560816e-13
5.513231088232014736e+04 -1.586503965161811141e-13
5.514643214641248051e+04 -1.202939720958573559e-13
5.516055341060765204e+04 -1.074759687483518061e-13
5.517467467471264536e+04 -9.031870202482082736e-14
5.518879593879915774e+04 -1.471682612130194770e-13
5.520291720291904494e+04 -1.169114434347100717e-13
5.521703846701548173e+04 -7.498918763047119655e-14
5.523115973118933471e+04 -5.878733689719410797e-14
5.524528099530663894e+04 -4.222481497919039185e-14
5.525940225938511139e+04 -5.094026602071963802e-14
5.527352352351257287e+04 -5.949681074502928685e-14
5.528764478758535552e+04 -8.323517270577492438e-14
5.530176605177935562e+04 -1.006871743828210853e-13
5.531588731591524993e+04 -8.599196653272558933e-14
5.533000857999397704e+04 -8.921427015202906583e-14
5.534412984409256023e+04 -8.020012798311195592e-14
5.535825110829017649e+04 -9.785653197691360559e-14
5.537237237240934337e+04 -1.131511001687211603e-13
5.538649363647974678e+04 -1.656323840391613747e-13
5.540061490058179334e+04 -1.947953197416728653e-13
5.541473616469679837e+04 -2.100074676444661276e-13
5.542885742890426627e+04 -2.445158536112897395e-13
5.544297869300414459e+04 -2.819188401282959262e-13
5.545709995712032105e+04 -2.736913171977313831e-13
5.547122122120332642e+04 -3.039633003092194757e-13
5.548534248528472381e+04 -2.975338584037911090e-13
5.549946374951648613e+04 -2.829072242341555232e-13
5.551358501358722424e+04 -2.608858417341560368e-13
5.552770627767910628e+04 -2.505338534339586197e-13
5.554182754179858603e+04 -2.335308774914624169e-13
5.555594880588451633e+04 -2.404442913339827799e-13
5.557007007011988753e+04 -2.506591322732603513e-13
5.558419133421419974e+04 -2.301496675549393367e-13
5.559831259831412171e+04 -2.056945787609252845e-13
5.561243386238771927e+04 -2.087316015705245968e-13
5.562655512658635416e+04 -1.845633353822803132e-13
5.564067639069602592e+04 -2.100687883394927641e-13
5.565479765479687194e+04 -1.413329047508063024e-13
5.566891891890155966e+04 -1.219628181078191128e-13
5.568304018301110773e+04 -8.532007633668091984e-14
5.569716144721020100e+04 -2.188942191126760192e-14
5.571128271128569031e+04 3.736694349061801797e-15
5.572540397538886464e+04 1.802639437720688871e-14
5.573952523952034971e+04 3.644699929074921683e-14
5.575364650361281383e+04 4.525542041828660238e-14
5.576776776780367072e+04 3.930401618914127592e-14
5.578188903191126883e+04 6.745219329330857753e-14
5.579601029599783215e+04 5.254598950333645270e-14
5.581013156012212858e+04 2.155991700782840717e-14
5.582425282428516221e+04 5.096351995426168878e-14
5.583837408841405704e+04 9.045404755142233583e-14
5.585249535248780012e+04 8.685524805190148667e-14
5.586661661658441881e+04 9.625116099953288637e-14
5.588073788072200841e+04 6.650666773773640704e-14
5.589485914489871357e+04 7.080571001272284270e-14
5.590898040899035550e+04 3.537289808431472256e-14
5.592310167310417455e+04 8.787923772261528703e-14
5.593722293720779999e+04 1.576166926634036513e-13
5.595134420131874504e+04 1.740723978868448016e-13
5.596546546549923369e+04 1.206099828959782386e-13
5.597958672959665273e+04 1.108125183002691351e-13
5.599370799369802262e+04 1.539269011648109940e-13
5.600782925778227946e+04 2.208739348007308592e-13
5.602195052199170459e+04 2.404411707750402765e-13
5.603607178611458949e+04 2.643925067625988679e-13
5.605019305018398154e+04 3.085526382541542978e-13
5.606431431430894008e+04 3.500931232796789084e-13
5.607843557840283756e+04 3.503713741753911866e-13
5.609255684261455463e+04 3.485904365703699910e-13
5.610667810669741448e+04 3.235597244778799314e-13
5.612079937078397052e+04 3.505124777101837202e-13
5.613492063489496650e+04 3.765665201110754024e-13
5.614904189900084020e+04 3.569043359638215018e-13
5.616316316319311591e+04 3.657391315838434793e-13
5.617728442730821553e+04 3.652248289803941590e-13
5.619140569140553998e+04 3.675523779421582925e-13
5.620552695549211057e+04 3.772779720458469504e-13
5.621964821960735571e+04 3.726874916289059184e-13
5.623376948379356327e+04 3.894643062983467988e-13
5.624789074788504513e+04 4.530822196204006405e-13
5.626201201197778573e+04 4.598274960733318706e-13
5.627613327607858810e+04 4.420576817618464898e-13
5.629025454031088157e+04 4.772438921855238029e-13
5.630437580437929864e+04 4.868283827544199274e-13
5.631849706847968628e+04 5.276059855848280983e-13
5.633261833258750266e+04 5.472206956456097446e-13
5.634673959668690804e+04 5.659274638026096794e-13
5.636086086092035112e+04 5.867817750101666521e-13
5.637498212501611124e+04 5.782159992134873983e-13
5.638910338911887811e+04 5.826891131388720239e-13
5.640322465317826573e+04 5.623853694619307274e-13
5.641734591731556429e+04 5.838383816488875938e-13
5.643146718148402579e+04 5.846691781621518417e-13
5.644558844558116834e+04 6.064024193317572798e-13
5.645970970970535564e+04 6.478888366476885402e-13
5.647383097378927050e+04 6.676195944754022627e-13
5.648795223799689848e+04 6.405699149832177224e-13
5.650207350208559365e+04 6.277571865342091149e-13
5.651619476618996850e+04 6.194854863287328908e-13
5.653031603029799589e+04 5.891627323192119707e-13
5.654443729438909941e+04 5.431563863537359956e-13
5.655855855859176518e+04 5.245847874707195121e-13
5.657267982271578512e+04 5.427429661840402660e-13
5.658680108681663114e+04 5.514768793703087033e-13
5.660092235092227929e+04 5.238726761736357989e-13
5.661504361501827952e+04 4.643665462299279605e-13
5.662916487921432417e+04 4.620172383118640438e-13
5.664328614331874996e+04 4.606919200645139148e-13
5.665740740740665206e+04 4.690796680369222151e-13
