5.299999999999735883e+04 1.711761512514738429e-12
5.301412126410917699e+04 1.721414701879885799e-12
5.302824252818699460e+04 1.719664471815539953e-12
5.304236379240885435e+04 1.687611549316995597e-12
5.305648505649159051e+04 1.687442469913043546e-12
5.307060632057712792e+04 1.709932711750909514e-12
5.308472758470127883e+04 1.711485781288463493e-12
5.309884884877231525e+04 1.719549607323120486e-12
5.311297011298220605e+04 1.717125768977431003e-12
5.312709137710106734e+04 1.693776019002799403e-12
5.314121264118748513e+04 1.654323396080314504e-12
5.315533390528383461e+04 1.571110703547379362e-12
5.316945516949696321e+04 1.515795011999421446e-12
5.318357643362442468e+04 1.504093622223253616e-12
5.319769769768354308e+04 1.449449845622598733e-12
5.321181896182215860e+04 1.393023665610826910e-12
5.322594022591341491e+04 1.332915838728021068e-12
5.324006149010597437e+04 1.290613193504066155e-12
5.325418275417188852e+04 1.265570702155766597e-12
5.326830401830247138e+04 1.213853288999578084e-12
5.328242528241159016e+04 1.186728504781574355e-12
5.329654654648444557e+04 1.137681422962916149e-12
5.331066781071236619e+04 1.065067195301049497e-12
5.332478907478645124e+04 9.971533242690313858e-13
5.333891033892767882e+04 9.297616774551288319e-13
5.335303160300469608e+04 8.485369026413693131e-13
5.336715286722558085e+04 8.002788580411543458e-13
5.338127413130912464e+04 7.658969521254271082e-13
5.339539539542468265e+04 7.020615325746194011e-13
5.340951665949689777e+04 6.406478064797165454e-13
5.342363792360647494e+04 5.969982833598823770e-13
5.343775918782434019e+04 5.634280488942742311e-13
5.345188045187349053e+04 5.088450065412083114e-13
5.346600171598444285e+04 4.271288826333397979e-13
5.348012298008803918e+04 3.247044122985101749e-13
5.349424424420109426e+04 2.849647974783805181e-13
5.350836550838673429e+04 1.860173063735465321e-13
5.352248677248444437e+04 6.493308513405218192e-14
5.353660803659011435e+04 5.134554701454771570e-14
5.355072930068254936e+04 1.736496126643849440e-14
5.356485056488050031e+04 2.175543776686028899e-14
5.357897182902220811e+04 -3.840262469248282133e-14
5.359309309311660763e+04 -1.275566619291410515e-13
5.360721435718669818e+04 -1.485535524766174399e-13
5.362133562131594226e+04 -1.457465690820121663e-13
5.363545688552020874e+04 -1.497558196454308836e-13
5.364957814962781413e+04 -1.636551570062745756e-13
5.366369941368095897e+04 -1.979061117561967742e-13
5.367782067776825716e+04 -2.388351244064314019e-13
5.369194194192170107e+04 -1.956135632431204005e-13
5.370606320609255636e+04 -2.621973768307292006e-13
5.372018447022460896e+04 -2.898577626057690158e-13
5.373430573427391209e+04 -2.996303320207776344e-13
5.374842699839441775e+04 -3.199634356243457437e-13
5.376254826251504710e+04 -2.750702150961719148e-13
5.377666952667566511e+04 -2.788980531393761911e-13
5.379079079079909570e+04 -2.444353187454451956e-13
5.380491205487430125e+04 -2.768064469324489432e-13
5.381903331900899502e+04 -2.588340767593246069e-13
5.383315458321730694e+04 -3.163008669835022572e-13
5.384727584729927912e+04 -2.971318740883664270e-13
5.386139711140005966e+04 -3.245133113024543586e-13
5.387551837548842741e+04 -3.188038404733549941e-13
5.388963963959729153e+04 -3.346850559952962102e-13
5.390376090379533707e+04 -3.550908600736733241e-13
5.391788216787370038e+04 -3.320804824630085279e-13
5.393200343200060161e+04 -3.957850637369472280e-13
5.394612469609038089e+04 -3.856760852925429656e-13
5.396024596019466844e+04 -4.263377769422376547e-13
5.397436722439763253e+04 -4.727829945630732476e-13
5.398848848847854242e+04 -4.910082359529245016e-13
5.400260975262554712e+04 -5.519077529441705971e-13
5.401673101670928736e+04 -5.776775877073683221e-13
5.403085228091955651e+04 -5.713038783786165003e-13
5.404497354496827029e+04 -5.794309786619232638e-13
5.405909480912638537e+04 -5.768598202547030518e-13
5.407321607317901362e+04 -5.972218234258972028e-13
5.408733733728924562e+04 -6.240099163921650195e-13
5.410145860149506916e+04 -6.306486889427359646e-13
5.411557986562547740e+04 -6.239904994951663161e-13
5.412970112968925241e+04 -6.136774178544039077e-13
5.414382239377267979e+04 -6.003185927193140814e-13
5.415794365788139839e+04 -6.438318588933494073e-13
5.417206492211075965e+04 -6.422170955522500543e-13
5.418618618617051106e+04 -6.915671712752365347e-13
5.420030745031077822e+04 -7.135908995849220472e-13
5.421442871440345334e+04 -7.285938391844812444e-13
5.422854997847936465e+04 -7.372212632323121090e-13
5.424267124271213106e+04 -6.841395308396263105e-13
5.425679250678903190e+04 -7.401473444544383118e-13
5.427091377092731273e+04 -7.824901781396231162e-13
5.428503503499813087e+04 -7.637122325189257152e-13
5.429915629919918865e+04 -7.361027596540394046e-13
5.431327756332097488e+04 -6.990395157295181288e-13
5.432739882741411566e+04 -6.704099784385850138e-13
5.434152009151308448e+04 -7.091457848394575240e-13
5.435564135557624832e+04 -7.015217176551397288e-13
5.436976261978198454e+04 -7.206586500924404719e-13
5.438388388391863555e+04 -6.513687758190452023e-13
5.439800514802277758e+04 -6.908943532164451461e-13
5.441212641207753768e+04 -6.867138501370556185e-13
5.442624767620577040e+04 -6.968607592639689312e-13
5.444036894038501487e+04 -6.542447343535701997e-13
5.445449020451331307e+04 -6.573157649695701831e-13
5.446861146858392021e+04 -6.519716027374924536e-13
5.448273273270662321e+04 -6.848760182583436447e-13
5.449685399689741462e+04 -6.209005035379117571e-13
5.451097526097345690e+04 -5.970579086907687456e-13
5.452509652511916647e+04 -6.234450201562268185e-13
5.453921778921626537e+04 -5.962414959053360605e-13
5.455333905330309790e+04 -5.612888235289965577e-13
5.456746031751707051e+04 -5.541415992105068088e-13
5.458158158160143648e+04 -5.655442848619159304e-13
5.459570284571710363e+04 -4.801451594157809144e-13
5.460982410979719862e+04 -4.084665552558041361e-13
5.462394537389672041e+04 -4.050135084802486816e-13
5.463806663809408929e+04 -4.031932872755587489e-13
5.465218790221822564e+04 -4.166175879935510820e-13
5.466630916628574778e+04 -4.097042695505337762e-13
5.468043043039026816e+04 -4.489173703729783090e-13
5.469455169460621255e+04 -4.058168261491009562e-13
5.470867295872830437e+04 -4.294214511190740723e-13
5.472279422279910068e+04 -4.371864036955682968e-13
5.473691548687036266e+04 -3.821643362702473239e-13
5.475103675097882660e+04 -4.028853262580448675e-13
5.476515801519891102e+04 -3.683675020633269084e-13
5.477927927932466264e+04 -3.986524427123332436e-13
5.479340054342515214e+04 -4.231809507348481047e-13
5.480752180749871331e+04 -4.586741353369414479e-13
5.482164307156833820e+04 -4.567220598549581956e-13
5.483576433582123718e+04 -4.972261585499426699e-13
5.484988559988694033e+04 -4.835801439615701497e-13
5.486400686402825522e+04 -5.046903750008294602e-13
5.487812812812790798e+04 -4.953508475444658745e-13
5.489224939216906932e+04 -4.750827679680560434e-13
5.490637065639573120e+04 -5.445193978583019073e-13
5.492049192048942496e+04 -5.173556105128968114e-13
5.493461318460857001e+04 -5.246834571290487526e-13
5.494873444871427637e+04 -5.511951979798935463e-13
5.496285571289983636e+04 -5.917146495701793725e-13
5.497697697698499542e+04 -6.494194096715268173e-13
5.499109824110353657e+04 -7.023178104320854551e-13
5.500521950520973769e+04 -7.063845214639479328e-13
5.501934076928163267e+04 -7.832925926969870344e-13
5.503346203351125587e+04 -7.941642487932695530e-13
5.504758329759436310e+04 -8.219882106366296538e-13
5.506170456171219121e+04 -8.825887977252449271e-13
5.507582582579191512e+04 -8.508037888941546957e-13
5.508994708990136860e+04 -8.679317498257086615e-13
5.510406835408150073e+04 -8.688425377616698952e-13
5.511818961818845128e+04 -8.686686888001701234e-13
5.513231088231514877e+04 -8.477472080619676069e-13
5.514643214642373641e+04 -8.512490228578918836e-13
5.516055341059143393e+04 -8.406835215561466346e-13
5.517467467471300188e+04 -8.386122353577062950e-13
5.518879593878836749e+04 -8.142453842915991009e-13
5.520291720291981619e+04 -8.153665972043365715e-13
5.521703846702574083e+04 -7.185051807485639407e-13
5.523115973120092531e+04 -7.092478364376365465e-13
5.524528099528946041e+04 -6.996044119654564308e-13
5.525940225942377583e+04 -6.450447376221504582e-13
5.527352352349991270e+04 -6.630622633696903425e-13
5.528764478759653866e+04 -6.695172527323901003e-13
5.530176605178601312e+04 -6.465461604714667881e-13
5.531588731590902898e+04 -6.121109709779292492e-13
5.533000858002551831e+04 -5.902552214050694443e-13
5.534412984407676413e+04 -6.197467786115949708e-13
5.535825110829010373e+04 -6.035196713896308230e-13
5.537237237237957015e+04 -5.877332825739622832e-13
5.538649363651770545e+04 -6.298503383870693977e-13
5.540061490060337383e+04 -6.185230625449342489e-13
5.541473616467721149e+04 -6.087866175894580688e-13
5.542885742887866945e+04 -5.605618187809065113e-13
5.544297869298850128e+04 -6.095511014643129368e-13
5.545709995711446390e+04 -6.167534155835896998e-13
5.547122122120625136e+04 -6.183297966864357738e-13
5.548534248529971956e+04 -6.327019129114099840e-13
5.549946374950584141e+04 -6.364949811623144070e-13
5.551358501357251225e+04 -6.018385293541407582e-13
5.552770627768550185e+04 -6.054311068546401578e-13
5.554182754179943731e+04 -6.252408573507322896e-13
5.555594880587281659e+04 -6.365175589495221053e-13
5.557007007010949019e+04 -6.430940168073996900e-13
5.558419133418490674e+04 -6.371831521164070467e-13
5.559831259829347255e+04 -5.863619077789626106e-13
5.561243386241619737e+04 -5.423772174080292758e-13
5.562655512662159163e+04 -5.024045998239154313e-13
5.564067639072114252e+04 -4.073476001217873545e-13
5.565479765482081712e+04 -3.872619490660163275e-13
5.566891891889330873e+04 -3.075018517528924614e-13
5.568304018300948519e+04 -2.847917587120909211e-13
5.569716144721997262e+04 -2.675892910827513388e-13
5.571128271131961083e+04 -2.489571979674161758e-13
5.572540397538819525e+04 -2.107600975693209699e-13
5.573952523947223381e+04 -1.309087859958777775e-13
5.575364650362294196e+04 -1.377164403947627866e-13
5.576776776781901572e+04 -9.692921624819290662e-14
5.578188903190608107e+04 -1.231986179858549928e-14
5.579601029599718458e+04 3.834830514159023099e-14
5.581013156008520309e+04 5.521075129558087637e-14
5.582425282431918458e+04 4.619002219459083669e-14
5.583837408840261924e+04 2.087535562150164886e-14
5.585249535252602072e+04 4.147352244688892885e-14
5.586661661660098616e+04 5.693388801527743119e-14
5.588073788068206341e+04 1.824865585775038027e-14
5.589485914491182484e+04 2.111859784617270331e-15
5.590898040901528293e+04 -1.388224467336277016e-14
5.592310167312534759e+04 -2.383001771710360356e-14
5.593722293719399022e+04 -7.133819755968068636e-14
5.595134420127217891e+04 -3.489493967188460038e-14
5.596546546548236802e+04 -1.382083309215765254e-14
5.597958672957147792e+04 1.589966287665460929e-14
5.599370799370936584e+04 1.591230643749095833e-14
5.600782925781088852e+04 2.358152919622424484e-14
5.602195052202046645e+04 6.131262406635117950e-14
5.603607178609900438e+04 7.088966984414053295e-14
5.605019305019804597e+04 1.539560583159693349e-13
5.606431431427853386e+04 1.656283227466391851e-13
5.607843557839134155e+04 2.321506118641068484e-13
5.609255684257864777e+04 2.961405763683516306e-13
5.610667810667403683e+04 3.623819978129547160e-13
5.612079937080192030e+04 4.081200791384430935e-13
5.613492063488894928e+04 5.365371141072750422e-13
5.614904189896849857e+04 5.699152116037450827e-13
5.616316316321322665e+04 5.835458732968163519e-13
5.617728442732213443e+04 6.725556384732169867e-13
5.619140569141096785e+04 7.137889996950122469e-13
5.620552695551911893e+04 8.300916971596463795e-13
5.621964821958584798e+04 8.453371221938170017e-13
5.623376948378838279e+04 9.324431283528588768e-13
5.624789074788375729e+04 9.838057880275453582e-13
5.626201201197740738e+04 1.047293622544289528e-12
5.627613327611681598e+04 1.061150062109438488e-12
5.629025454029399407e+04 1.132867048507668545e-12
5.630437580440719466e+04 1.167209669073654248e-12
5.631849706850203074e+04 1.233501664761602768e-12
5.633261833260448475e+04 1.212285769678211009e-12
5.634673959670309705e+04 1.228258199460471476e-12
5.636086086091620382e+04 1.239381823661992707e-12
5.637498212502423848e+04 1.229069193576974527e-12
5.638910338911686995e+04 1.242749526401902773e-12
5.640322465322049538e+04 1.237065342694476176e-12
5.641734591731266119e+04 1.202987333794565468e-12
5.643146718152267567e+04 1.150426245174890730e-12
5.644558844559855061e+04 1.129009859341094150e-12
5.645970970968694746e+04 1.102082687205626516e-12
5.647383097380731488e+04 1.020829746602325201e-12
5.648795223802741384e+04 1.053591018952279122e-12
5.650207350207249692e+04 1.017117958385368815e-12
5.651619476618937915e+04 1.032104190422394176e-12
5.653031603031911800e+04 1.030770294754159527e-12
5.654443729442230688e+04 9.853600428989278616e-13
5.655855855857742426e+04 9.458949739712447675e-13
5.657267982267568732e+04 9.184223224968375347e-13
5.658680108678663964e+04 9.426139699342124729e-13
5.660092235091215844e+04 9.449024544455914700e-13
5.661504361498405342e+04 8.845917661447238590e-13
5.662916487919972860e+04 9.026305150122389575e-13
5.664328614330440905e+04 8.962292607830937296e-13
5.665740740740610636e+04 8.822003269236774829e-13
