5.300000000000009459e+04 1.367180286088309657e-12
5.301412126411290228e+04 1.359452166559584407e-12
5.302824252819047251e+04 1.310488285333275534e-12
5.304236379240427777e+04 1.310950152259145433e-12
5.305648505649749131e+04 1.248205769432345418e-12
5.307060632057877228e+04 1.235188642589589330e-12
5.308472758470664121e+04 1.217588467484840773e-12
5.309884884879875608e+04 1.215237223266861528e-12
5.311297011300057056e+04 1.169831435964393210e-12
5.312709137711311632e+04 1.087921600123716602e-12
5.314121264118159888e+04 1.072854715358572732e-12
5.315533390530556062e+04 1.035859101373055876e-12
5.316945516948519071e+04 1.013784205463049479e-12
5.318357643361671217e+04 9.376340521982189773e-13
5.319769769769041159e+04 9.698813485573340795e-13
5.321181896182161290e+04 9.451272971259212678e-13
5.322594022588753433e+04 9.682041897063104622e-13
5.324006149010488298e+04 9.120586072877108581e-13
5.325418275419717975e+04 9.465187557699789507e-13
5.326830401831575000e+04 8.955556622556669757e-13
5.328242528238297382e+04 8.650260560146877609e-13
5.329654654650524026e+04 8.409885594819762136e-13
5.331066781070377328e+04 8.843260030578496800e-13
5.332478907478111796e+04 8.601910764228982856e-13
5.333891033889661048e+04 8.669066034345780460e-13
5.335303160299168667e+04 8.509026107917236362e-13
5.336715286721325538e+04 8.250106688028518306e-13
5.338127413130696368e+04 7.458666289126953639e-13
5.339539539541234990e+04 6.873636859743844284e-13
5.340951665949082962e+04 6.818373919966756424e-13
5.342363792361997912e+04 6.921202735298889554e-13
5.343775918780116626e+04 6.916648244135829282e-13
5.345188045189325931e+04 6.318214637998944042e-13
5.346600171600247995e+04 5.741960378699532489e-13
5.348012298011517123e+04 5.499187564658141000e-13
5.349424424417917180e+04 5.181835926953957855e-13
5.350836550841970893e+04 4.913303575934430880e-13
5.352248677249601315e+04 4.400513700164313504e-13
5.353660803661482350e+04 3.950286699506213298e-13
5.355072930067728885e+04 3.224310111784683029e-13
5.356485056490658462e+04 2.964734266273447268e-13
5.357897182899795735e+04 2.517070943637148852e-13
5.359309309311609104e+04 2.269155698160560483e-13
5.360721435722159367e+04 1.664821153028599761e-13
5.362133562131944927e+04 1.591290284444276720e-13
5.363545688547888130e+04 1.123920409917272912e-13
5.364957814958396921e+04 1.870405560362270470e-13
5.366369941370060405e+04 1.614218662881198589e-13
5.367782067779369390e+04 8.471775699105837920e-14
5.369194194191398856e+04 6.003563671381916008e-14
5.370606320608018723e+04 7.320205300589590480e-14
5.372018447017995641e+04 1.438393940003566071e-13
5.373430573431104858e+04 1.589297748401122396e-13
5.374842699837731925e+04 1.785674968000579458e-13
5.376254826248107565e+04 2.129082051083600164e-13
5.377666952672159096e+04 2.278652333413364394e-13
5.379079079080204974e+04 2.770153171900957819e-13
5.380491205489951972e+04 2.834620715059414551e-13
5.381903331898431497e+04 2.977446697915829805e-13
5.383315458321007463e+04 2.856738468154093541e-13
5.384727584728728107e+04 2.797726493850499244e-13
5.386139711139456631e+04 3.256903969860253445e-13
5.387551837548913318e+04 3.026746674229573652e-13
5.388963963961412082e+04 3.163658796326690814e-13
5.390376090380678215e+04 2.828254592552319028e-13
5.391788216789120634e+04 2.347080828031580900e-13
5.393200343200444331e+04 2.555629488077960135e-13
5.394612469611530105e+04 2.227537279951792347e-13
5.396024596018182638e+04 2.219305254690925599e-13
5.397436722438585275e+04 1.677159714959469717e-13
5.398848848849766364e+04 1.472699501113182035e-13
5.400260975260796840e+04 1.052495788901264809e-13
5.401673101669941389e+04 3.507819671353966161e-14
5.403085228089436714e+04 1.808314782734451117e-14
5.404497354501458904e+04 -1.514473814609070471e-14
5.405909480908537080e+04 -1.218118343229620007e-13
5.407321607320979092e+04 -1.417552852244189654e-13
5.408733733731535904e+04 -1.861832395556012727e-13
5.410145860149660439e+04 -2.162726874346048020e-13
5.411557986560018617e+04 -2.589360456435226404e-13
5.412970112970749324e+04 -2.834358829001257082e-13
5.414382239377836231e+04 -2.856529130603775193e-13
5.415794365791438759e+04 -2.945398133320552104e-13
5.417206492211646400e+04 -3.071759204204285688e-13
5.418618618617924221e+04 -3.613131160984270427e-13
5.420030745029997342e+04 -3.400087449890255940e-13
5.421442871438561269e+04 -3.671348016062688472e-13
5.422854997849077336e+04 -3.792366368165771936e-13
5.424267124269404303e+04 -3.874872694179246019e-13
5.425679250682296697e+04 -4.030552386633546374e-13
5.427091377088750596e+04 -3.999297223331457602e-13
5.428503503499790531e+04 -4.577237772861942812e-13
5.429915629921841173e+04 -4.876006190711855037e-13
5.431327756331641285e+04 -4.797176537345239256e-13
5.432739882738436427e+04 -4.785359153238022168e-13
5.434152009151663515e+04 -5.014374164911406523e-13
5.435564135559763236e+04 -4.373738938273831496e-13
5.436976261980267009e+04 -4.389367381375824056e-13
5.438388388390542241e+04 -3.925918831564963386e-13
5.439800514801793906e+04 -3.861389263938237113e-13
5.441212641207715205e+04 -3.975846805619934691e-13
5.442624767622232321e+04 -3.396510705553387341e-13
5.444036894040813786e+04 -3.669420088840648211e-13
5.445449020450574608e+04 -3.680264033376415001e-13
5.446861146858746361e+04 -3.503211742897617309e-13
5.448273273271202197e+04 -3.994309422341459730e-13
5.449685399689304904e+04 -4.294700813777754062e-13
5.451097526099711831e+04 -3.764470863561608875e-13
5.452509652508400177e+04 -3.275688764266490588e-13
5.453921778919231292e+04 -3.022432522911147941e-13
5.455333905328300898e+04 -2.859644137232415943e-13
5.456746031750882685e+04 -2.227037633431935057e-13
5.458158158160627499e+04 -2.046129488509056085e-13
5.459570284570726653e+04 -1.571709499422096847e-13
5.460982410980895656e+04 -1.487562970803276166e-13
5.462394537391164340e+04 -1.302912682961476655e-13
5.463806663808110898e+04 -1.022863594215649244e-13
5.465218790220942174e+04 -4.422404864325118282e-14
5.466630916628019622e+04 -1.735315379686065553e-14
5.468043043041860801e+04 -7.611866474771953936e-15
5.469455169459714671e+04 3.179348424810596241e-14
5.470867295868794463e+04 6.581804005842371085e-14
5.472279422281475854e+04 1.256399505435024235e-13
5.473691548690830678e+04 1.513539167664789984e-13
5.475103675099241082e+04 1.451475072651772399e-13
5.476515801519064553e+04 1.958855897918228991e-13
5.477927927931639715e+04 2.120278022393137775e-13
5.479340054342169606e+04 1.834529574174111015e-13
5.480752180748400860e+04 2.132081623285184078e-13
5.482164307161288889e+04 2.057183632046089649e-13
5.483576433580835874e+04 1.894093738535492445e-13
5.484988559988253837e+04 1.546277749499655406e-13
5.486400686401751591e+04 1.587765227164299068e-13
5.487812812811667391e+04 1.253648031106517727e-13
5.489224939220402302e+04 1.183775744699141333e-13
5.490637065640107176e+04 1.047077262437174110e-13
5.492049192048836267e+04 5.851224685704681788e-14
5.493461318458344613e+04 8.677397886033496867e-16
5.494873444870510139e+04 -2.640235142717662669e-14
5.496285571291381348e+04 -5.715098157173217421e-14
5.497697697697944386e+04 -9.641763869195212311e-14
5.499109824108063185e+04 -1.435458971653186689e-13
5.500521950518310041e+04 -1.778505968239865344e-13
5.501934076932194876e+04 -2.369723199783795923e-13
5.503346203350817814e+04 -2.739788743909384096e-13
5.504758329761998903e+04 -3.509136802519241160e-13
5.506170456169612589e+04 -3.841770580044246356e-13
5.507582582580723829e+04 -4.225395362094284265e-13
5.508994708990041545e+04 -4.481763164274474966e-13
5.510406835411123029e+04 -4.450557965127380793e-13
5.511818961820439290e+04 -4.635042854387128112e-13
5.513231088230368186e+04 -4.961322569718312222e-13
5.514643214638174686e+04 -4.933332305509848503e-13
5.516055341058914200e+04 -5.037144036373862854e-13
5.517467467469914845e+04 -4.881886454884173838e-13
5.518879593881962501e+04 -5.436612624262939358e-13
5.520291720290319063e+04 -5.349106436946193470e-13
5.521703846702336887e+04 -5.598103664813703580e-13
5.523115973117743124e+04 -5.439155627461985477e-13
5.524528099527848099e+04 -5.673873444412362760e-13
5.525940225938482035e+04 -5.598386220724708704e-13
5.527352352351899026e+04 -6.040886006377578713e-13
5.528764478759477061e+04 -5.668432520223618778e-13
5.530176605181037303e+04 -5.647606082100271356e-13
5.531588731588226074e+04 -5.610163978088308776e-13
5.533000857998492575e+04 -5.799314485683432837e-13
5.534412984410873469e+04 -6.079485900463903359e-13
5.535825110829878395e+04 -6.878178424172771910e-13
5.537237237239500973e+04 -6.640986520099204450e-13
5.538649363648733561e+04 -6.773842931132261683e-13
5.540061490058393247e+04 -6.737424230846745010e-13
5.541473616470272100e+04 -6.596539096976593637e-13
5.542885742888476670e+04 -7.114312466481967510e-13
5.544297869301939500e+04 -6.632265190699768284e-13
5.545709995711474767e+04 -6.720146970629924112e-13
5.547122122118392144e+04 -6.315985197975128792e-13
5.548534248532103084e+04 -6.493251128289077180e-13
5.549946374948957236e+04 -6.465915566801234820e-13
5.551358501360382070e+04 -6.413963183018025741e-13
5.552770627768005943e+04 -6.207194280630599823e-13
5.554182754179177573e+04 -6.225818850130383096e-13
5.555594880589067179e+04 -5.604864331855068367e-13
5.557007007011124369e+04 -5.331091774717724486e-13
5.558419133420694561e+04 -5.457084144595635037e-13
5.559831259829563351e+04 -4.875897647892384099e-13
5.561243386240774998e+04 -4.485188293244462914e-13
5.562655512661967805e+04 -3.519174428967505941e-13
5.564067639067702839e+04 -2.936344283855115709e-13
5.565479765480906644e+04 -2.490636454871200134e-13
5.566891891888003738e+04 -2.745787888312552429e-13
5.568304018298813025e+04 -2.518330379953487944e-13
5.569716144720593002e+04 -1.913615934953377169e-13
5.571128271131067595e+04 -1.796958247550012042e-13
5.572540397538892285e+04 -1.474606748542556840e-13
5.573952523949116585e+04 -8.691169976890787002e-14
5.575364650361018721e+04 -7.781477775606239436e-14
5.576776776779472857e+04 -8.025957554701461515e-14
5.578188903191481222e+04 -7.608601799324248310e-14
5.579601029598246532e+04 -2.925823361060326470e-14
5.581013156011566753e+04 -5.395499855396165077e-14
5.582425282427953789e+04 -5.932252712191975229e-14
5.583837408841491560e+04 -5.606968834156894699e-14
5.585249535248537723e+04 -6.405843985466779932e-14
5.586661661661539256e+04 -6.959929235340095383e-14
5.588073788068629074e+04 -8.239287267510273571e-14
5.589485914491242875e+04 -1.507596874054292616e-13
5.590898040899248736e+04 -8.859979904697339858e-14
5.592310167308586097e+04 -1.610295610293249699e-13
5.593722293719685695e+04 -1.791110718513724612e-13
5.595134420129331556e+04 -2.531882726270351784e-13
5.596546546547728940e+04 -2.631676649912025359e-13
5.597958672960450349e+04 -2.980443680794660171e-13
5.599370799367739528e+04 -3.189052642407412093e-13
5.600782925779103243e+04 -3.306275441632787217e-13
5.602195052199639758e+04 -3.334644744258452562e-13
5.603607178608733375e+04 -3.499116405089940365e-13
5.605019305021730543e+04 -3.826126630825186159e-13
5.606431431430471275e+04 -4.083507499320443668e-13
5.607843557839351706e+04 -3.852139003656614512e-13
5.609255684258437395e+04 -3.496177134454729138e-13
5.610667810671104235e+04 -3.292130417063571054e-13
5.612079937078700459e+04 -3.073256405952232871e-13
5.613492063490948203e+04 -2.353007605585192073e-13
5.614904189900182246e+04 -2.214379473199287988e-13
5.616316316320574697e+04 -1.321868049625364060e-13
5.617728442732099938e+04 -1.254988443811986188e-13
5.619140569139023864e+04 -7.785233701740331265e-14
5.620552695548420888e+04 -4.060871130390364831e-14
5.621964821961677080e+04 -3.186877456398649964e-14
5.623376948378852831e+04 1.693862409758442583e-14
5.624789074787892605e+04 1.379185453000645903e-16
5.626201201200770447e+04 2.678156263155909049e-14
5.627613327612139983e+04 4.774936709196338528e-15
5.629025454032181005e+04 -4.914327813777322792e-14
5.630437580441297905e+04 -2.259439365581467879e-14
5.631849706850125949e+04 -8.058959516880552490e-15
5.633261833260170533e+04 6.789861638848283543e-14
5.634673959670823388e+04 1.207948058305243935e-13
5.636086086091305333e+04 1.167577021069449228e-13
5.637498212499478541e+04 1.126341087081675919e-13
5.638910338909537677e+04 1.641909142159693451e-13
5.640322465321448544e+04 1.422511368871858382e-13
5.641734591730059037e+04 1.139507503373752740e-13
5.643146718150539527e+04 1.108543510492150580e-13
5.644558844559164572e+04 5.062618029697175639e-14
5.645970970971689530e+04 2.477886146721598466e-14
5.647383097380398249e+04 6.483185101294023562e-14
5.648795223801016982e+04 4.463461666214762029e-14
5.650207350209091965e+04 5.769559135816637938e-14
5.651619476622099319e+04 1.093879053365770062e-14
5.653031603029923281e+04 4.647398672671463716e-14
5.654443729438829178e+04 5.740511009843801603e-14
5.655855855859463918e+04 2.382506297738430774e-14
5.657267982269976346e+04 6.417714829231877605e-14
5.658680108678973193e+04 3.994143189642961152e-14
5.660092235087896552e+04 3.502013491963191716e-14
5.661504361498610524e+04 2.542150387456283410e-14
5.662916487920895452e+04 2.183338838517798740e-14
5.664328614332139841e+04 -1.198614209947146001e-14
5.665740740741645277e+04 5.755957048990697727e-15
