5.299999999999919237e+04 -3.625196234431943276e-13
5.301412126409861958e+04 -4.152858820021638894e-13
5.302824252821160917e+04 -4.167632859299258871e-13
5.304236379240368115e+04 -4.600448178852277864e-13
5.305648505650850711e+04 -5.267335213972466827e-13
5.307060632061009528e+04 -6.027946485874875822e-13
5.308472758469310065e+04 -5.858900180629733397e-13
5.309884884880337631e+04 -6.502116737265106859e-13
5.311297011300011945e+04 -6.380039114098617246e-13
5.312709137709101196e+04 -6.501997454185455245e-13
5.314121264120827982e+04 -7.335108795762619029e-13
5.315533390529175813e+04 -7.235126618063024640e-13
5.316945516950071033e+04 -7.147735087405451990e-13
5.318357643359855138e+04 -7.204768841619902834e-13
5.319769769770865241e+04 -7.259008672777547879e-13
5.321181896181038610e+04 -6.939263009831065182e-13
5.322594022590701934e+04 -7.064184813164642093e-13
5.324006149010530498e+04 -6.795470282044632271e-13
5.325418275420564169e+04 -6.357628165661616165e-13
5.326830401830180199e+04 -6.450676103058555957e-13
5.328242528240030515e+04 -6.147746407166718145e-13
5.329654654649796430e+04 -6.326599673956578842e-13
5.331066781071448349e+04 -6.296093608015216499e-13
5.332478907479815825e+04 -6.411667588836283928e-13
5.333891033889998653e+04 -6.354110167941854608e-13
5.335303160301172466e+04 -5.968375368049320074e-13
5.336715286720712174e+04 -6.300909293959120441e-13
5.338127413131351204e+04 -6.606302829171093627e-13
5.339539539541100385e+04 -6.673003941846144659e-13
5.340951665950113238e+04 -6.807463427886631645e-13
5.342363792359171202e+04 -7.467377133840611937e-13
5.343775918778831692e+04 -7.636356429605377683e-13
5.345188045190292905e+04 -7.818294614325159519e-13
5.346600171598706220e+04 -8.738870545507250914e-13
5.348012298009618826e+04 -8.654620084242323017e-13
5.349424424418214767e+04 -8.445466743617442992e-13
5.350836550838407129e+04 -8.493184939143269198e-13
5.352248677249453613e+04 -8.745124453446640423e-13
5.353660803660650708e+04 -8.408720730045102949e-13
5.355072930069096765e+04 -8.630360170513454846e-13
5.356485056490157876e+04 -8.681917761081588559e-13
5.357897182898913888e+04 -8.722346814242024866e-13
5.359309309309181845e+04 -8.406438684963395442e-13
5.360721435719259171e+04 -8.966831523853520748e-13
5.362133562129438360e+04 -9.008910995697302108e-13
5.363545688550546765e+04 -9.261179352821039251e-13
5.364957814960351243e+04 -9.264567674787110695e-13
5.366369941368371656e+04 -9.467904220240425466e-13
5.367782067781526712e+04 -9.291659359520032212e-13
5.369194194188743131e+04 -9.408558638952989264e-13
5.370606320609641989e+04 -9.405080971013084267e-13
5.372018447021110478e+04 -9.155351528645829884e-13
5.373430573429825745e+04 -9.678912110280538314e-13
5.374842699839699344e+04 -1.005537695515859412e-12
5.376254826249197504e+04 -1.014915237973832277e-12
5.377666952671269246e+04 -1.055428425259629878e-12
5.379079079080417432e+04 -1.033515332443500206e-12
5.380491205489290587e+04 -9.842837153942098909e-13
5.381903331899634941e+04 -1.001505710263284630e-12
5.383315458320152538e+04 -9.811731104968106198e-13
5.384727584730882518e+04 -9.739121369315050376e-13
5.386139711140945292e+04 -9.589809356040761413e-13
5.387551837549053016e+04 -9.625833156324600943e-13
5.388963963958524982e+04 -9.373803055131090648e-13
5.390376090380101232e+04 -9.914088086243078787e-13
5.391788216789664148e+04 -9.902527709961844460e-13
5.393200343199200142e+04 -9.849292400551692817e-13
5.394612469608706306e+04 -1.021887450315367802e-12
5.396024596021549951e+04 -1.056548724498219283e-12
5.397436722441452002e+04 -1.066728457300439161e-12
5.398848848850742070e+04 -1.117532315305968604e-12
5.400260975259289262e+04 -1.126874677786743914e-12
5.401673101668438903e+04 -1.145767132137461434e-12
5.403085228089386510e+04 -1.149352139337599469e-12
5.404497354501272639e+04 -1.157396751548418127e-12
5.405909480910742423e+04 -1.152827449536528833e-12
5.407321607319159375e+04 -1.117903349280645316e-12
5.408733733728849620e+04 -1.106635332880460581e-12
5.410145860150420776e+04 -1.125693325466033803e-12
5.411557986559256096e+04 -1.145898421082346900e-12
5.412970112969843467e+04 -1.155500631437026460e-12
5.414382239380360261e+04 -1.150559302717417455e-12
5.415794365789951553e+04 -1.177209221246377716e-12
5.417206492210025317e+04 -1.172741426188095633e-12
5.418618618620718189e+04 -1.197667463788557396e-12
5.420030745030775870e+04 -1.199428572206153916e-12
5.421442871439924784e+04 -1.166473557940294316e-12
5.422854997850045766e+04 -1.153850212753681408e-12
5.424267124270830391e+04 -1.162705887860315361e-12
5.425679250678484823e+04 -1.175036376799357481e-12
5.427091377088686568e+04 -1.143428749455585093e-12
5.428503503498741338e+04 -1.139005627384220595e-12
5.429915629918628110e+04 -1.119145506500215636e-12
5.431327756328995747e+04 -1.130126871234345853e-12
5.432739882740587200e+04 -1.073847097765760180e-12
5.434152009150881349e+04 -1.051341839689711358e-12
5.435564135561325384e+04 -1.051197645215271753e-12
5.436976261981225252e+04 -1.065204860263287998e-12
5.438388388391333865e+04 -1.056436793847664723e-12
5.439800514798414952e+04 -1.051822570665596943e-12
5.441212641208604327e+04 -9.794751647190505470e-13
5.442624767618659826e+04 -9.405572994327328638e-13
5.444036894039717299e+04 -9.471090893307216132e-13
5.445449020449132513e+04 -9.248743510087850898e-13
5.446861146860016743e+04 -8.978179082988744849e-13
5.448273273268969206e+04 -9.327849442588509945e-13
5.449685399690882332e+04 -8.819788526039755610e-13
5.451097526101479161e+04 -8.902063758778959404e-13
5.452509652509686566e+04 -8.713762155256024206e-13
5.453921778920295037e+04 -8.298827043602239411e-13
5.455333905328445690e+04 -8.136927175347612079e-13
5.456746031750825205e+04 -8.072737056812221201e-13
5.458158158158315928e+04 -8.078415489815970858e-13
5.459570284569180512e+04 -7.416299777881842410e-13
5.460982410980302666e+04 -7.126481293421248094e-13
5.462394537389979087e+04 -6.787438141042661831e-13
5.463806663811247563e+04 -7.004203882729932948e-13
5.465218790221058589e+04 -6.912507613416327531e-13
5.466630916630088905e+04 -6.451750426348108400e-13
5.468043043038932228e+04 -6.034316109259544646e-13
5.469455169460907928e+04 -6.302108329337152042e-13
5.470867295871412352e+04 -6.656293142448201389e-13
5.472279422280485596e+04 -6.197707558910699804e-13
5.473691548689564661e+04 -5.910524780678243790e-13
5.475103675099843531e+04 -5.783747807471283317e-13
5.476515801520462264e+04 -5.844748771107277546e-13
5.477927927930566511e+04 -5.247694300953434795e-13
5.479340054339771450e+04 -5.267057558949611546e-13
5.480752180750167463e+04 -4.805476403456023384e-13
5.482164307160656608e+04 -4.140116936305156065e-13
5.483576433579837612e+04 -4.206267702599709005e-13
5.484988559990350041e+04 -4.128616124006478452e-13
5.486400686399868573e+04 -3.316746632594099179e-13
5.487812812810419564e+04 -2.288674775496132078e-13
5.489224939218646614e+04 -1.921626623985417926e-13
5.490637065640381479e+04 -1.964197498685292667e-13
5.492049192050324200e+04 -1.383577724051916265e-13
5.493461318458819005e+04 -8.592186127760551766e-14
5.494873444870897220e+04 -4.427149829149413761e-14
5.496285571288658684e+04 -9.183499540398935950e-16
5.497697697700904973e+04 8.538588983861011344e-14
5.499109824108816974e+04 1.476161051646213307e-13
5.500521950518419180e+04 2.078573798397563261e-13
5.501934076929727598e+04 2.363577527601482014e-13
5.503346203350046562e+04 3.140061049709901692e-13
5.504758329759499611e+04 3.210902479630803542e-13
5.506170456170344551e+04 3.784565677468065444e-13
5.507582582580247254e+04 4.106365056896454749e-13
5.508994708989058563e+04 4.336738686765351340e-13
5.510406835410191707e+04 5.144217816296771750e-13
5.511818961821545963e+04 5.517850269712620446e-13
5.513231088229182933e+04 5.082492157539669004e-13
5.514643214638742211e+04 5.374107488807393665e-13
5.516055341060226783e+04 5.705082203382138787e-13
5.517467467469035910e+04 5.349284199076842206e-13
5.518879593880463653e+04 4.988155218332711301e-13
5.520291720291515230e+04 5.376571948585681798e-13
5.521703846701523435e+04 6.178521555069745846e-13
5.523115973119463160e+04 5.725242129645013709e-13
5.524528099529095925e+04 5.505786081412259544e-13
5.525940225938446383e+04 5.686664523609051484e-13
5.527352352350066212e+04 5.210184926978441072e-13
5.528764478760853672e+04 4.924838704874820215e-13
5.530176605178834870e+04 4.845879200497946461e-13
5.531588731591016403e+04 4.542728311275052350e-13
5.533000858001226879e+04 3.824024334079346923e-13
5.534412984410003992e+04 3.923424211803633241e-13
5.535825110830993799e+04 3.755992338669041545e-13
5.537237237238988746e+04 4.295081126464680950e-13
5.538649363650884334e+04 3.989103429902944448e-13
5.540061490060740471e+04 3.592375042250692481e-13
5.541473616470183333e+04 3.356769709247222585e-13
5.542885742890374968e+04 3.504751460244408950e-13
5.544297869300845196e+04 3.128810902504483870e-13
5.545709995711465308e+04 2.698406528214174074e-13
5.547122122118615516e+04 2.679854829480333915e-13
5.548534248530729383e+04 2.476481056537919306e-13
5.549946374950679456e+04 2.706174664272625167e-13
5.551358501359506772e+04 2.902847489177398547e-13
5.552770627769443672e+04 3.262646207644427359e-13
5.554182754178466712e+04 3.729858641322240399e-13
5.555594880589893728e+04 3.888065542658346021e-13
5.557007007008871005e+04 4.019917863545668556e-13
5.558419133420996513e+04 4.486584294050044225e-13
5.559831259830962517e+04 4.882818797013596576e-13
5.561243386239038227e+04 4.926722415823180151e-13
5.562655512658328371e+04 5.091647638025171910e-13
5.564067639068428980e+04 5.734697911875907169e-13
5.565479765481531649e+04 6.397473791283373435e-13
5.566891891888582177e+04 6.619577954907298845e-13
5.568304018301219185e+04 7.285374224596915555e-13
5.569716144718356372e+04 7.898580461354081534e-13
5.571128271129907080e+04 8.700552404331603466e-13
5.572540397538836987e+04 9.408517491838837108e-13
5.573952523949364695e+04 9.485481602800057469e-13
5.575364650360881933e+04 9.298557416373748639e-13
5.576776776780567889e+04 9.601949043359478611e-13
5.578188903190493875e+04 9.120570309163569786e-13
5.579601029601110349e+04 9.374700040742207972e-13
5.581013156011296815e+04 9.513620620892937959e-13
5.582425282429408253e+04 9.687875051862892815e-13
5.583837408840238641e+04 9.845463976879970908e-13
5.585249535250420740e+04 1.039053149942474901e-12
5.586661661660738901e+04 1.083876535916039845e-12
5.588073788069992588e+04 1.115988223462199104e-12
5.589485914489792776e+04 1.121263606850647500e-12
5.590898040899941407e+04 1.136412216714408548e-12
5.592310167309723329e+04 1.202773938780516770e-12
5.593722293719384470e+04 1.250834627206044323e-12
5.595134420130171202e+04 1.235671622713165143e-12
5.596546546549619234e+04 1.307096779663123580e-12
5.597958672960854165e+04 1.295967745888904574e-12
5.599370799368483131e+04 1.243362821960813504e-12
5.600782925779536890e+04 1.239865919818207345e-12
5.602195052201561339e+04 1.261133736156638325e-12
5.603607178608341928e+04 1.252380312553393680e-12
5.605019305019712920e+04 1.289967915562609169e-12
5.606431431431314559e+04 1.341430451941912640e-12
5.607843557838580455e+04 1.383901805154265410e-12
5.609255684261386341e+04 1.426740469592385211e-12
5.610667810668981838e+04 1.463196853299542547e-12
5.612079937081557728e+04 1.497710706625565939e-12
5.613492063489432621e+04 1.568154795146161399e-12
5.614904189899841003e+04 1.558940495227883273e-12
5.616316316318234749e+04 1.511807267647417353e-12
5.617728442730671668e+04 1.486739517405122574e-12
5.619140569140244770e+04 1.459981887341038630e-12
5.620552695549673808e+04 1.423483064296309598e-12
5.621964821961403504e+04 1.406377281239035774e-12
5.623376948379848182e+04 1.477287954289659790e-12
5.624789074791116582e+04 1.488442799122986671e-12
5.626201201200937066e+04 1.481328129589836032e-12
5.627613327611231944e+04 1.532390098186445032e-12
5.629025454029572575e+04 1.538112459627330176e-12
5.630437580438549776e+04 1.577408556202883436e-12
5.631849706848487403e+04 1.582673019527863085e-12
5.633261833258619299e+04 1.573178272525046710e-12
5.634673959668476891e+04 1.571677011981354238e-12
5.636086086089960736e+04 1.567132031929008825e-12
5.637498212500143563e+04 1.569668713036147110e-12
5.638910338911562576e+04 1.589665334713511411e-12
5.640322465320930496e+04 1.580303862121665894e-12
5.641734591730630927e+04 1.526643414786016007e-12
5.643146718149855587e+04 1.625635775596309488e-12
5.644558844561445585e+04 1.589580952404889419e-12
5.645970970971423230e+04 1.635326091008520923e-12
5.647383097380614345e+04 1.593458071302816547e-12
5.648795223799459927e+04 1.579551370475364918e-12
5.650207350209263677e+04 1.541808901111501574e-12
5.651619476618277258e+04 1.565811945165593482e-12
5.653031603031136910e+04 1.565733271071966361e-12
5.654443729441445612e+04 1.484612835044583715e-12
5.655855855861159944e+04 1.474899438589131491e-12
5.657267982271022629e+04 1.479123765868712849e-12
5.658680108681365527e+04 1.389057812394339480e-12
5.660092235089816677e+04 1.306524220880796238e-12
5.661504361501424137e+04 1.239585224550408397e-12
5.662916487918657367e+04 1.225313942513057024e-12
5.664328614329460106e+04 1.146206272729573083e-12
5.665740740740065667e+04 1.115126531181210655e-12
