5.300000000000088767e+04 6.649876220589607649e-13
5.301412126407332835e+04 6.778726615432616591e-13
5.302824252820365655e+04 7.429788945734699101e-13
5.304236379241785471e+04 7.576795481310595224e-13
5.305648505648075661e+04 7.564105409384432043e-13
5.307060632062867080e+04 7.287703681954559206e-13
5.308472758467890526e+04 7.444409020745457735e-13
5.309884884880369646e+04 7.913143240943967284e-13
5.311297011302883766e+04 8.117893538283261158e-13
5.312709137709536299e+04 8.138457854922598889e-13
5.314121264117472310e+04 7.717345765741585319e-13
5.315533390528277960e+04 7.545362503647436251e-13
5.316945516949032753e+04 7.897757774658291196e-13
5.318357643357953202e+04 7.495879616734028920e-13
5.319769769767722028e+04 7.082632329467732151e-13
5.321181896182107448e+04 7.197740042656598102e-13
5.322594022592655529e+04 6.868078308930582763e-13
5.324006149009827641e+04 7.193248942790543056e-13
5.325418275417738914e+04 7.355685535644827536e-13
5.326830401832706411e+04 6.487007882005879533e-13
5.328242528239571402e+04 6.192645427311183887e-13
5.329654654648424184e+04 6.323974819049070944e-13
5.331066781069731951e+04 5.735165973673397971e-13
5.332478907482407521e+04 5.246691058700952045e-13
5.333891033888851234e+04 4.717151511639370891e-13
5.335303160300257878e+04 4.325385541662554656e-13
5.336715286720331642e+04 3.719080239946187619e-13
5.338127413132924266e+04 3.560671000633744431e-13
5.339539539542284911e+04 3.287298837708773816e-13
5.340951665947402944e+04 3.417825591577828931e-13
5.342363792360803200e+04 2.569151981869779055e-13
5.343775918778964842e+04 2.334829987363151541e-13
5.345188045192914433e+04 1.225009491132251503e-13
5.346600171597641020e+04 1.693938056430924366e-14
5.348012298007847130e+04 -6.123796753979111856e-14
5.349424424419843854e+04 -1.474907968841800601e-13
5.350836550837280083e+04 -1.682243494558611666e-13
5.352248677251307527e+04 -2.355357644556941774e-13
5.353660803658776422e+04 -2.557467105927806742e-13
5.355072930069195718e+04 -3.441302549489639100e-13
5.356485056490449642e+04 -4.060974657021575207e-13
5.357897182899610925e+04 -4.851857290973942626e-13
5.359309309310324898e+04 -5.239977291546591087e-13
5.360721435721977468e+04 -5.566202895834145879e-13
5.362133562128015183e+04 -5.677118006508175072e-13
5.363545688548099861e+04 -5.806868352504112530e-13
5.364957814958365634e+04 -6.156033661842813755e-13
5.366369941369413573e+04 -6.484103759428937847e-13
5.367782067781343358e+04 -6.835627669982193254e-13
5.369194194191748102e+04 -6.813867265538322399e-13
5.370606320610745024e+04 -6.344192962293442686e-13
5.372018447022265173e+04 -6.824317295830557149e-13
5.373430573431084485e+04 -6.735534006339700596e-13
5.374842699837336113e+04 -7.218138648271478889e-13
5.376254826252698695e+04 -7.482358641092115071e-13
5.377666952668685553e+04 -7.682581641171269394e-13
5.379079079078642826e+04 -7.785862773892859435e-13
5.380491205490478023e+04 -7.906873285317077121e-13
5.381903331898296165e+04 -7.758201669613292777e-13
5.383315458322151244e+04 -7.618125098904887158e-13
5.384727584732398100e+04 -7.507134445843203039e-13
5.386139711139496649e+04 -7.474657514350648759e-13
5.387551837549641641e+04 -7.359512029967955850e-13
5.388963963962467824e+04 -7.502601902583920631e-13
5.390376090377649234e+04 -7.148222070097386737e-13
5.391788216790301522e+04 -6.946704357429817003e-13
5.393200343200277712e+04 -7.346073878564046241e-13
5.394612469608456013e+04 -7.784259596554853499e-13
5.396024596022304468e+04 -8.273067107872945278e-13
5.397436722440479934e+04 -8.446518725127133491e-13
5.398848848852382071e+04 -8.971981081655016712e-13
5.400260975260577106e+04 -9.365630365324058181e-13
5.401673101672064513e+04 -9.621626729888617423e-13
5.403085228088431904e+04 -9.441684762495095618e-13
5.404497354497655033e+04 -9.545404460745012587e-13
5.405909480910233106e+04 -9.856754509863562292e-13
5.407321607322533237e+04 -1.004763753306907334e-12
5.408733733728902007e+04 -1.041741542223922699e-12
5.410145860152159730e+04 -1.071728512683391625e-12
5.411557986560157588e+04 -1.064939770112821430e-12
5.412970112967892783e+04 -1.042564954249359065e-12
5.414382239377943188e+04 -1.059054178754656612e-12
5.415794365787724382e+04 -1.088697011670365197e-12
5.417206492210219585e+04 -1.117729629965796357e-12
5.418618618621629867e+04 -1.127555176520085674e-12
5.420030745030153776e+04 -1.100367471203155203e-12
5.421442871441321768e+04 -1.081004278527527254e-12
5.422854997848106723e+04 -1.045381006589154058e-12
5.424267124272194633e+04 -1.027824955698199234e-12
5.425679250679224060e+04 -1.024069659671897258e-12
5.427091377092826588e+04 -1.007687873229041756e-12
5.428503503500462102e+04 -1.000276325640251884e-12
5.429915629917453771e+04 -9.840708047685907372e-13
5.431327756330922421e+04 -9.720713161695711747e-13
5.432739882740243047e+04 -9.404668992544287097e-13
5.434152009150072990e+04 -9.094869660772317783e-13
5.435564135558249109e+04 -8.322280875030332504e-13
5.436976261981217976e+04 -8.176844991597757206e-13
5.438388388391825720e+04 -8.062834741429542094e-13
5.439800514798059885e+04 -7.949546340743361141e-13
5.441212641207640263e+04 -7.394939311378358032e-13
5.442624767621026695e+04 -6.573734802381253100e-13
5.444036894037652382e+04 -5.709546674808616680e-13
5.445449020450926764e+04 -5.607169952339226785e-13
5.446861146858807479e+04 -5.364594951981321624e-13
5.448273273269181664e+04 -5.028590805291795618e-13
5.449685399692835927e+04 -4.605393956051477350e-13
5.451097526102045958e+04 -3.518758677631602504e-13
5.452509652511426975e+04 -3.144051647666979856e-13
5.453921778920578072e+04 -2.617932492046431686e-13
5.455333905330621928e+04 -2.151248408312884278e-13
5.456746031749979738e+04 -1.116007134294097727e-13
5.458158158161040046e+04 -3.217712576897239180e-14
5.459570284570526564e+04 -4.034997275334928242e-14
5.460982410979359702e+04 1.778493070612773576e-14
5.462394537388327444e+04 1.080866221888434801e-13
5.463806663809940073e+04 1.235157351873867812e-13
5.465218790218407958e+04 1.657858978795116697e-13
5.466630916632572189e+04 2.267016005645448844e-13
5.468043043041050987e+04 2.388118846654578750e-13
5.469455169462379854e+04 3.250183393774254538e-13
5.470867295869335794e+04 3.350310631811259766e-13
5.472279422279703431e+04 3.635634229983102864e-13
5.473691548692830111e+04 3.557691273120697841e-13
5.475103675097833184e+04 4.249348980888602226e-13
5.476515801517462387e+04 4.547716231328825282e-13
5.477927927927952260e+04 4.773965682354685202e-13
5.479340054337243055e+04 5.127092770245944526e-13
5.480752180751349806e+04 5.333533328509012941e-13
5.482164307159685995e+04 5.079190502874230258e-13
5.483576433578289289e+04 5.086383816898684532e-13
5.484988559991595685e+04 5.483249947242021568e-13
5.486400686398526886e+04 5.001130035631028964e-13
5.487812812808556191e+04 5.093980023657296725e-13
5.489224939217276551e+04 4.825577920320108490e-13
5.490637065640914807e+04 4.780084615754715999e-13
5.492049192047930410e+04 4.916405051076955857e-13
5.493461318461080373e+04 4.507074426770590935e-13
5.494873444867973740e+04 4.086597103485841910e-13
5.496285571289210930e+04 3.548592612207619443e-13
5.497697697698003321e+04 3.248991502769035800e-13
5.499109824107224995e+04 2.894370354321938037e-13
5.500521950522829138e+04 2.538968601202408231e-13
5.501934076927630667e+04 2.788627798802599160e-13
5.503346203350031283e+04 2.573525046755124353e-13
5.504758329757683532e+04 2.465491038810259464e-13
5.506170456170727266e+04 1.991177173923586030e-13
5.507582582582229224e+04 1.792911980724483144e-13
5.508994708989960054e+04 1.116396324882033910e-13
5.510406835410464555e+04 1.162737382908884974e-13
5.511818961817268428e+04 1.014380527153660969e-13
5.513231088230094610e+04 5.991324158143434534e-14
5.514643214637679193e+04 2.578906635807577011e-14
5.516055341062678053e+04 1.431753511277650603e-14
5.517467467471309646e+04 -3.070572792943119349e-14
5.518879593878204469e+04 -8.689079842755384258e-14
5.520291720288780198e+04 -1.237420538452474847e-13
5.521703846697643894e+04 -1.245881285869802278e-13
5.523115973119623959e+04 -1.397780240246169420e-13
5.524528099531149928e+04 -1.549494535452713886e-13
5.525940225939056836e+04 -1.635940207725587938e-13
5.527352352347716806e+04 -1.549377025071917616e-13
5.528764478762663930e+04 -1.377039658035637030e-13
5.530176605180166371e+04 -1.374127079311616591e-13
5.531588731591068790e+04 -1.792606726122830029e-13
5.533000857997297135e+04 -2.281475091030977641e-13
5.534412984409355704e+04 -1.607318036403080949e-13
5.535825110829502955e+04 -1.685655492401016128e-13
5.537237237238956004e+04 -1.714470716491974062e-13
5.538649363651268504e+04 -1.426133816412570792e-13
5.540061490059115749e+04 -1.693637804696530462e-13
5.541473616469018452e+04 -1.446698133051908776e-13
5.542885742889073299e+04 -1.806674397423862840e-13
5.544297869299157173e+04 -1.810896377533898287e-13
5.545709995712000091e+04 -1.985038368275263516e-13
5.547122122121103894e+04 -2.043088496388594850e-13
5.548534248529871547e+04 -1.878884526423138197e-13
5.549946374950226891e+04 -1.798398309176357831e-13
5.551358501358287322e+04 -1.562177262980077017e-13
5.552770627767602855e+04 -1.940040286028940914e-13
5.554182754177269089e+04 -2.361709500318908676e-13
5.555594880589331297e+04 -2.504014571463127531e-13
5.557007007009928930e+04 -2.527978295546927321e-13
5.558419133417886042e+04 -2.209894481928824729e-13
5.559831259828897601e+04 -2.410761690702700841e-13
5.561243386242815177e+04 -3.005137590368594790e-13
5.562655512659618398e+04 -2.764736532055419874e-13
5.564067639069823053e+04 -2.762361143643610668e-13
5.565479765478450281e+04 -2.193736804569344867e-13
5.566891891892754938e+04 -2.441826399226043945e-13
5.568304018300862663e+04 -2.119528999096533923e-13
5.569716144717481802e+04 -1.193245028871725380e-13
5.571128271130498615e+04 -1.215336980461414374e-13
5.572540397541921993e+04 -8.391694643354672458e-14
5.573952523951602052e+04 -6.114679207469118718e-14
5.575364650361506210e+04 2.377641064018032968e-15
5.576776776782339584e+04 1.525258199996925994e-14
5.578188903191265854e+04 4.748064329319458942e-14
5.579601029597236629e+04 -1.854340351702273648e-14
5.581013156011799583e+04 1.939495215620709419e-15
5.582425282429782965e+04 -1.635183491517329026e-14
5.583837408842665900e+04 -1.371456622616104845e-14
5.585249535247914901e+04 -1.192253291901874022e-14
5.586661661660081882e+04 -8.500475681577456061e-14
5.588073788068840076e+04 -8.798700240840997283e-14
5.589485914492175652e+04 -7.647853932914618961e-14
5.590898040898208274e+04 -6.823938291560571539e-14
5.592310167311597615e+04 -6.078418861394857937e-14
5.593722293718010769e+04 -1.043234634186726203e-13
5.595134420128937199e+04 -1.515492067409465536e-13
5.596546546550749918e+04 -1.232988718376731666e-13
5.597958672962912533e+04 -6.870019148029944877e-14
5.599370799368531880e+04 -6.173098653922095401e-14
5.600782925778610661e+04 -2.202003206886509679e-14
5.602195052200116334e+04 -2.134518673914968115e-14
5.603607178608226241e+04 3.404081316955868879e-14
5.605019305018460727e+04 5.232878586090136866e-14
5.606431431428164069e+04 6.613121944527987709e-14
5.607843557841800066e+04 1.664481528112846408e-13
5.609255684258842666e+04 2.239107290206347241e-13
5.610667810667766753e+04 2.722956283134770825e-13
5.612079937082957622e+04 3.605425668519846729e-13
5.613492063492043235e+04 4.022402861176594467e-13
5.614904189902859798e+04 4.580140702829953008e-13
5.616316316317734163e+04 4.954142670509798539e-13
5.617728442728973459e+04 5.913816376077989272e-13
5.619140569142004824e+04 6.685171302821613459e-13
5.620552695548121847e+04 7.170707409074326175e-13
5.621964821959604888e+04 7.779041863259084429e-13
5.623376948381477268e+04 8.546644851415858755e-13
5.624789074787386198e+04 9.033691805421664933e-13
5.626201201202705852e+04 9.390025247988935120e-13
5.627613327610379201e+04 9.973329991064099386e-13
5.629025454032382549e+04 1.043304738793615679e-12
5.630437580442531907e+04 1.049543700654031984e-12
5.631849706852689269e+04 1.029109484793432675e-12
5.633261833261013817e+04 1.097801856607587077e-12
5.634673959669658507e+04 1.041162692423673361e-12
5.636086086091864854e+04 1.050294088371402158e-12
5.637498212498679641e+04 1.077998839363836018e-12
5.638910338910319115e+04 1.044137383777543192e-12
5.640322465320950869e+04 1.083849177607762005e-12
5.641734591728036321e+04 1.025062930894728706e-12
5.643146718152183894e+04 1.035512961186963658e-12
5.644558844562574086e+04 9.955762189135066298e-13
5.645970970971200586e+04 9.877894774660314686e-13
5.647383097381305561e+04 9.587837186862109715e-13
5.648795223802705732e+04 8.694758292810861446e-13
5.650207350211104495e+04 8.565454905941881709e-13
5.651619476618670160e+04 8.199561154536975303e-13
5.653031603032407293e+04 7.766820783656277354e-13
5.654443729441503092e+04 7.212599859828176637e-13
5.655855855862280441e+04 6.749357151532233138e-13
5.657267982270666835e+04 6.580226139171964173e-13
5.658680108677745011e+04 6.193482688774356871e-13
5.660092235090480972e+04 6.143977244064636668e-13
5.661504361499889637e+04 6.127903502691439495e-13
5.662916487918636267e+04 6.124327829675783788e-13
5.664328614332193683e+04 6.272348941485875016e-13
5.665740740738281602e+04 6.343954731383912735e-13
