5.300000000000075670e+04 -1.038990295553916218e-13
5.301412126406007155e+04 -1.261900210197155707e-13
5.302824252822597919e+04 -1.224217056696865772e-13
5.304236379240875249e+04 -1.460789456086679608e-13
5.305648505645816476e+04 -1.193574908906902448e-13
5.307060632060038188e+04 -1.044228242018958294e-13
5.308472758473753493e+04 -9.685371791181568638e-14
5.309884884878352022e+04 -9.573063393865654677e-14
5.311297011302918690e+04 -8.316455247604102579e-14
5.312709137709107017e+04 -8.119114729201572819e-14
5.314121264118640102e+04 -8.064787533997157236e-14
5.315533390531829355e+04 -6.537790925084885607e-14
5.316945516950968158e+04 -5.760614240147282902e-14
5.318357643363156240e+04 -3.626352267476731358e-14
5.319769769768690458e+04 -6.399437667964305757e-14
5.321181896180392505e+04 -7.310299495471590927e-14
5.322594022587411746e+04 -2.522101721988452838e-14
5.324006149013530376e+04 -6.056894641608758881e-14
5.325418275418369740e+04 -7.431509504327665552e-14
5.326830401830467599e+04 -4.494331828902663034e-14
5.328242528243851848e+04 -1.051613444562138252e-14
5.329654654646503332e+04 6.415921877821914800e-15
5.331066781066040130e+04 2.892878963159736891e-14
5.332478907483333751e+04 6.897509563854559861e-14
5.333891033889215760e+04 8.987472739131762077e-14
5.335303160297440627e+04 9.716535650301662054e-14
5.336715286722601741e+04 9.531356375151556935e-14
5.338127413131316280e+04 1.123795466717294650e-13
5.339539539539381803e+04 1.285515051707127492e-13
5.340951665948502341e+04 5.468647990664873225e-14
5.342363792363520770e+04 1.408205979662107833e-13
5.343775918782773078e+04 9.287197887192866224e-14
5.345188045187831449e+04 9.267591806079095193e-14
5.346600171602408955e+04 7.019975134555358453e-14
5.348012298013836698e+04 6.632972341339190383e-14
5.349424424422625452e+04 1.015202321321301297e-14
5.350836550839433039e+04 6.793878186977377873e-15
5.352248677247789601e+04 -1.652319302529070514e-14
5.353660803662843682e+04 -9.502735833614367467e-14
5.355072930068775167e+04 -1.428868003455569280e-13
5.356485056492244621e+04 -1.409841412423978230e-13
5.357897182904295914e+04 -2.006333089737720820e-13
5.359309309307895455e+04 -2.113632117232119550e-13
5.360721435720856243e+04 -2.557502203846261930e-13
5.362133562133154192e+04 -2.649740927982660722e-13
5.363545688546398014e+04 -2.920562398500342754e-13
5.364957814955803769e+04 -3.525765743382864485e-13
5.366369941367975844e+04 -3.751679951920908056e-13
5.367782067781251681e+04 -4.482288169976621739e-13
5.369194194188904657e+04 -4.788671015204109776e-13
5.370606320608118403e+04 -4.783503895304667776e-13
5.372018447019741870e+04 -5.034767575548760399e-13
5.373430573427633499e+04 -5.372146701394210497e-13
5.374842699842470029e+04 -5.791101933863939947e-13
5.376254826249262987e+04 -5.929319976632010595e-13
5.377666952670722094e+04 -6.081825669315174455e-13
5.379079079080504744e+04 -5.683783590033468113e-13
5.380491205493485904e+04 -5.440578041321029478e-13
5.381903331896244345e+04 -5.397534805772405252e-13
5.383315458320052858e+04 -4.654200341634139945e-13
5.384727584730827948e+04 -4.695907530604403828e-13
5.386139711142123269e+04 -4.654841000113883703e-13
5.387551837553565565e+04 -4.219154601215866825e-13
5.388963963957744272e+04 -3.958416258128124253e-13
5.390376090383694100e+04 -3.390329253009259668e-13
5.391788216789058788e+04 -2.619452913020696136e-13
5.393200343201211945e+04 -1.986859003587112505e-13
5.394612469611665438e+04 -1.928607372770596735e-13
5.396024596017891599e+04 -1.427673610008408331e-13
5.397436722437955905e+04 -1.001735522048405027e-13
5.398848848851073126e+04 -6.760041468547810715e-14
5.400260975261662679e+04 -5.659010312404979308e-14
5.401673101668369054e+04 -1.305687651704805637e-14
5.403085228091795580e+04 3.666563376810283082e-15
5.404497354501984955e+04 2.627569087201459992e-14
5.405909480912284926e+04 4.194510269417363295e-14
5.407321607316070003e+04 7.617107470348844801e-14
5.408733733728641528e+04 4.962592179454078716e-14
5.410145860153451213e+04 4.446459679592035825e-14
5.411557986560037534e+04 5.761322676059448537e-14
5.412970112971572962e+04 6.438682194341471235e-14
5.414382239376431971e+04 3.647214080691394390e-14
5.415794365787517745e+04 8.376529989199061298e-15
5.417206492211775185e+04 1.490867097111077054e-14
5.418618618618862820e+04 -1.574957376557982161e-14
5.420030745029986429e+04 -5.950396475908623065e-15
5.421442871438188740e+04 -4.235718282782915538e-14
5.422854997846324113e+04 -8.474881397293543577e-14
5.424267124267347390e+04 -6.451495193680182783e-14
5.425679250675666117e+04 -4.597320094063508972e-14
5.427091377086139255e+04 -2.567945826267616377e-14
5.428503503500560328e+04 -8.732690096076929215e-14
5.429915629918602644e+04 -1.088955218195251785e-13
5.431327756333303842e+04 -9.790001944908592411e-14
5.432739882740635221e+04 -1.373085644267011277e-13
5.434152009151534003e+04 -1.875625882312577667e-13
5.435564135560450814e+04 -2.400759794784490071e-13
5.436976261979390983e+04 -2.962813664269987148e-13
5.438388388391090848e+04 -3.330088039577257897e-13
5.439800514798368386e+04 -3.623445235513067893e-13
5.441212641210189031e+04 -4.138347928645150240e-13
5.442624767618023179e+04 -4.182543705579444993e-13
5.444036894040389598e+04 -4.731752211576609126e-13
5.445449020447114162e+04 -4.763546900752242473e-13
5.446861146856489358e+04 -4.643727668093401268e-13
5.448273273273408995e+04 -4.773527007723127736e-13
5.449685399690081977e+04 -4.861648132886699345e-13
5.451097526100538380e+04 -4.831257097465681067e-13
5.452509652508484578e+04 -4.521944607933836349e-13
5.453921778916452604e+04 -4.563622822399991713e-13
5.455333905334251904e+04 -4.173825599231974900e-13
5.456746031751529517e+04 -4.060219788009845795e-13
5.458158158161258325e+04 -3.610342320877099457e-13
5.459570284573280514e+04 -3.650674830596857800e-13
5.460982410977935797e+04 -3.592107699624487986e-13
5.462394537389423203e+04 -3.391063273780021450e-13
5.463806663805893913e+04 -3.504488799198805963e-13
5.465218790222052485e+04 -3.941849280556454797e-13
5.466630916634306050e+04 -3.603311174546643221e-13
5.468043043039830809e+04 -3.370266018608434945e-13
5.469455169463373022e+04 -3.342386106876865107e-13
5.470867295870951784e+04 -3.527674841264714364e-13
5.472279422282732412e+04 -2.905296054224233665e-13
5.473691548693281220e+04 -3.077308026951459835e-13
5.475103675103224668e+04 -2.594682931396828075e-13
5.476515801516737702e+04 -2.488488154447917240e-13
5.477927927930769511e+04 -2.760024329400288707e-13
5.479340054341791983e+04 -2.657325809280533138e-13
5.480752180745689839e+04 -2.748936752494569568e-13
5.482164307159238524e+04 -2.853734314467556285e-13
5.483576433579543664e+04 -2.662734383380884011e-13
5.484988559985723259e+04 -2.887370494348785288e-13
5.486400686396558740e+04 -2.367123614903261067e-13
5.487812812811609911e+04 -2.460814283634456300e-13
5.489224939219481166e+04 -2.729362865274252532e-13
5.490637065643089591e+04 -2.734365796317077064e-13
5.492049192052116268e+04 -2.326552870371939579e-13
5.493461318463717180e+04 -2.426276674736501814e-13
5.494873444873982226e+04 -2.109063803750930383e-13
5.496285571293274552e+04 -2.552347961504201830e-13
5.497697697702485311e+04 -2.309966576464197272e-13
5.499109824106030283e+04 -2.342830102902518792e-13
5.500521950519333041e+04 -1.544601831035039062e-13
5.501934076934367476e+04 -1.684104410151942955e-13
5.503346203351330041e+04 -1.901657864559860898e-13
5.504758329761258210e+04 -1.666410646309367026e-13
5.506170456173241109e+04 -1.711919934096604047e-13
5.507582582578019355e+04 -1.427609222221499585e-13
5.508994708987831109e+04 -1.882083977339544114e-13
5.510406835413008957e+04 -2.131960100775748792e-13
5.511818961823009158e+04 -1.776977353989394303e-13
5.513231088232207549e+04 -2.104453638208250543e-13
5.514643214644229738e+04 -2.198640092898644412e-13
5.516055341064031381e+04 -1.967397794993886090e-13
5.517467467470092379e+04 -2.320191357025336631e-13
5.518879593883420603e+04 -2.511397329030117298e-13
5.520291720290251396e+04 -2.776095521012759526e-13
5.521703846701510338e+04 -2.879322020985167978e-13
5.523115973122174182e+04 -3.057173965985035163e-13
5.524528099532573106e+04 -3.451137078966060530e-13
5.525940225939130323e+04 -3.656276568057935165e-13
5.527352352346947737e+04 -3.428949047597240352e-13
5.528764478757087636e+04 -3.388809701238209007e-13
5.530176605182701314e+04 -3.878350045106860905e-13
5.531588731591021497e+04 -4.177727499118656508e-13
5.533000857998397260e+04 -4.630103212383469384e-13
5.534412984408451302e+04 -4.775259039190978750e-13
5.535825110828683682e+04 -4.511307745536480205e-13
5.537237237242647097e+04 -4.353892484101509331e-13
5.538649363646066195e+04 -4.158076346554048571e-13
5.540061490056148614e+04 -3.966342394696614516e-13
5.541473616465980740e+04 -3.700292059188884822e-13
5.542885742885965010e+04 -3.644828419545526339e-13
5.544297869298531441e+04 -4.118284694244325518e-13
5.545709995710905787e+04 -4.069015159701606283e-13
5.547122122121068969e+04 -3.911934714758562305e-13
5.548534248526455485e+04 -3.719183435867967175e-13
5.549946374950454629e+04 -3.285338527675546459e-13
5.551358501362911193e+04 -3.337454002399640020e-13
5.552770627774090826e+04 -2.947791993584132156e-13
5.554182754184021906e+04 -2.634017430419498195e-13
5.555594880588532396e+04 -2.593337226650431055e-13
5.557007007009317749e+04 -1.545219953789364747e-13
5.558419133418766432e+04 -1.487798925423974257e-13
5.559831259827334725e+04 -1.170019441913603988e-13
5.561243386243199348e+04 -7.558514414005545045e-14
5.562655512663928675e+04 -4.629642763091795328e-14
5.564067639071492886e+04 -2.232356680898234080e-14
5.565479765478165791e+04 5.498041015388803026e-14
5.566891891888701502e+04 1.180495351869305006e-13
5.568304018297321454e+04 1.598500864482127350e-13
5.569716144721888122e+04 2.213764801069170467e-13
5.571128271132925875e+04 2.406258528812129854e-13
5.572540397542648861e+04 3.077217901075404153e-13
5.573952523950831528e+04 3.173670805864992871e-13
5.575364650358306244e+04 3.779147798841877217e-13
5.576776776776092447e+04 3.649818490056585585e-13
5.578188903191253485e+04 4.190688777649042164e-13
5.579601029599223693e+04 4.792263870739245408e-13
5.581013156011357933e+04 4.675477302843815081e-13
5.582425282431983214e+04 4.367858212107674666e-13
5.583837408836757822e+04 4.257278626870265487e-13
5.585249535250684858e+04 4.361754249908707713e-13
5.586661661657148943e+04 4.139616385072872975e-13
5.588073788072328171e+04 4.067720982210353480e-13
5.589485914491578296e+04 3.760307932392322467e-13
5.590898040897383908e+04 3.704200414879873994e-13
5.592310167312006524e+04 3.507997950610959745e-13
5.593722293719046866e+04 3.624964804309735673e-13
5.595134420127458725e+04 2.828256084213306353e-13
5.596546546551113715e+04 2.707850922693593207e-13
5.597958672956899682e+04 2.781987020540544254e-13
5.599370799367421569e+04 2.623206738023104013e-13
5.600782925777312630e+04 2.291171798491095284e-13
5.602195052199580095e+04 2.353499176218946807e-13
5.603607178605993977e+04 2.107769626259677580e-13
5.605019305021504988e+04 2.129416800218462468e-13
5.606431431428372889e+04 1.855781583412859853e-13
5.607843557841094298e+04 1.777202728269192414e-13
5.609255684261643910e+04 2.232385749043235176e-13
5.610667810669490427e+04 2.292729982934291648e-13
5.612079937080097443e+04 2.833394229608639834e-13
5.613492063494234753e+04 3.166935843354317829e-13
5.614904189897851757e+04 3.166678292206681832e-13
5.616316316319785255e+04 3.639130117429701837e-13
5.617728442729643575e+04 4.101279896747291583e-13
5.619140569136934937e+04 4.506871444044070872e-13
5.620552695545945608e+04 4.698759926590086728e-13
5.621964821959988330e+04 5.157213846939103764e-13
5.623376948381876718e+04 5.241227031297885373e-13
5.624789074794452608e+04 5.694079214185824035e-13
5.626201201201301592e+04 6.139771475169489472e-13
5.627613327612802823e+04 6.771016460467331618e-13
5.629025454033834831e+04 7.330855390083160945e-13
5.630437580436516146e+04 8.062725608762290303e-13
5.631849706847212656e+04 8.000655782182074776e-13
5.633261833256147656e+04 8.542517641692929133e-13
5.634673959667391318e+04 8.578587679919315171e-13
5.636086086090755271e+04 9.051902301486915460e-13
5.637498212496231281e+04 9.164529418348029193e-13
5.638910338905667595e+04 9.479617492365604918e-13
5.640322465321026539e+04 9.475998898741322098e-13
5.641734591729592648e+04 9.749827278907653225e-13
5.643146718147725915e+04 9.135593546911151568e-13
5.644558844556329859e+04 9.286698805229046592e-13
5.645970970968453912e+04 9.260196792137329031e-13
5.647383097379283572e+04 9.506364179047577584e-13
5.648795223797227663e+04 9.644282818606521312e-13
5.650207350206904812e+04 1.007127686627183139e-12
5.651619476618074987e+04 1.026058983734148981e-12
5.653031603028028621e+04 1.012528534193104872e-12
5.654443729437050933e+04 1.040355647939409422e-12
5.655855855861554301e+04 1.029891344810968930e-12
5.657267982272676454e+04 1.063725839075877388e-12
5.658680108678998658e+04 9.977425228073364421e-13
5.660092235088328744e+04 9.932405287466635085e-13
5.661504361504178087e+04 1.003748615570202261e-12
5.662916487919046631e+04 1.003685515539031452e-12
5.664328614331641438e+04 9.704961868989504680e-13
5.665740740736382577e+04 9.756381955614983171e-13
