5.300000000000057480e+04 3.107080955742384210e-12
5.301412126409517805e+04 3.065243086692040167e-12
5.302824252819264075e+04 3.102331799098137255e-12
5.304236379240834503e+04 3.018198202888447626e-12
5.305648505650585867e+04 2.947921435306652902e-12
5.307060632059217460e+04 2.895965879388571874e-12
5.308472758470500412e+04 2.788757257741772731e-12
5.309884884879720630e+04 2.711536546616087724e-12
5.311297011299961014e+04 2.664865881177756577e-12
5.312709137709957577e+04 2.631568998404896181e-12
5.314121264120544947e+04 2.562734514203387536e-12
5.315533390529323515e+04 2.501319541864207966e-12
5.316945516950274759e+04 2.457446138413256254e-12
5.318357643359305803e+04 2.419290082519185189e-12
5.319769769770748098e+04 2.392158828780436236e-12
5.321181896180558397e+04 2.314738451441679078e-12
5.322594022590456007e+04 2.296008330720049529e-12
5.324006149009595538e+04 2.243189959635491952e-12
5.325418275420493592e+04 2.142974443762115335e-12
5.326830401829296170e+04 2.090444093157715525e-12
5.328242528239881358e+04 2.052887232682967189e-12
5.329654654649936856e+04 1.961890864722645541e-12
5.331066781070845900e+04 1.909162717316169720e-12
5.332478907479185000e+04 1.857254159046468403e-12
5.333891033889239043e+04 1.771635660165446534e-12
5.335303160299718729e+04 1.735748183710343629e-12
5.336715286720098811e+04 1.692372568331339028e-12
5.338127413129781780e+04 1.615735310216587367e-12
5.339539539539193356e+04 1.571008241874035133e-12
5.340951665949833841e+04 1.460681049125291432e-12
5.342363792359620857e+04 1.424480397133291520e-12
5.343775918779683707e+04 1.356520026555947708e-12
5.345188045190152479e+04 1.315033270606884736e-12
5.346600171600105386e+04 1.247899770030195316e-12
5.348012298009650112e+04 1.169820376120235973e-12
5.349424424419668503e+04 1.103334938022244325e-12
5.350836550840456039e+04 1.032643128402599086e-12
5.352248677249483444e+04 9.505302670897967548e-13
5.353660803660149395e+04 8.802139139102393240e-13
5.355072930069656286e+04 8.118648370324133402e-13
5.356485056489807903e+04 6.820537245736601226e-13
5.357897182899667678e+04 6.409529200036112811e-13
5.359309309310732351e+04 6.191655579793880169e-13
5.360721435719228612e+04 5.678413710277754199e-13
5.362133562130606879e+04 5.228887926850447622e-13
5.363545688549915940e+04 5.597794213180793806e-13
5.364957814960911492e+04 5.191367208321626108e-13
5.366369941370122251e+04 4.810992577479586728e-13
5.367782067779958015e+04 4.551473727710503979e-13
5.369194194190949929e+04 4.735524783528064226e-13
5.370606320610739931e+04 5.139845585331463258e-13
5.372018447020198073e+04 5.077359374898067487e-13
5.373430573430076038e+04 5.062188940680127827e-13
5.374842699840842397e+04 5.390361745302845062e-13
5.376254826249164034e+04 5.466873785677532364e-13
5.377666952670499450e+04 5.170599036053881343e-13
5.379079079080709198e+04 5.454392679559452126e-13
5.380491205490526772e+04 4.887887683125083710e-13
5.381903331900929334e+04 4.999606307995347081e-13
5.383315458320885955e+04 5.330191636703742398e-13
5.384727584730651142e+04 5.259235354623155515e-13
5.386139711140340660e+04 5.420964987211880439e-13
5.387551837550812343e+04 5.411514294708764616e-13
5.388963963959334797e+04 5.027601557581202191e-13
5.390376090379690868e+04 4.612337814146106649e-13
5.391788216790023580e+04 4.175812636313730472e-13
5.393200343199935014e+04 3.932550446941457879e-13
5.394612469609222171e+04 3.397691626971924025e-13
5.396024596020858735e+04 2.772285097681167469e-13
5.397436722439633741e+04 2.588231418128875995e-13
5.398848848849181377e+04 2.407355081336516348e-13
5.400260975260316627e+04 2.399660979236186447e-13
5.401673101669525931e+04 1.939989213601897165e-13
5.403085228090850433e+04 1.789964061650706696e-13
5.404497354499340145e+04 7.767957763811742170e-14
5.405909480910853017e+04 5.705885926228689412e-14
5.407321607320139447e+04 6.297170785335374022e-14
5.408733733729714731e+04 6.389893570749069195e-14
5.410145860150462249e+04 1.829553996459399448e-14
5.411557986559736310e+04 -3.177633839964009113e-14
5.412970112970839546e+04 -2.538623246090060728e-14
5.414382239379246312e+04 -1.112912431746098761e-13
5.415794365789443691e+04 -1.461716974430518638e-13
5.417206492209998396e+04 -1.810568744340107045e-13
5.418618618620633788e+04 -1.994152775375447229e-13
5.420030745029381069e+04 -2.604447904479724818e-13
5.421442871440070303e+04 -2.813425752114568418e-13
5.422854997849617212e+04 -3.094036805390744415e-13
5.424267124269227497e+04 -3.595233108754230937e-13
5.425679250680677796e+04 -3.216538980007762292e-13
5.427091377089443267e+04 -4.094461611069039968e-13
5.428503503499560611e+04 -4.398140540105182403e-13
5.429915629919571074e+04 -4.990052471812711887e-13
5.431327756329658587e+04 -5.810157172461740693e-13
5.432739882739495806e+04 -6.158951220207234777e-13
5.434152009149689547e+04 -6.174075739067371395e-13
5.435564135559747956e+04 -6.499733693949878546e-13
5.436976261979690025e+04 -7.265743543770756784e-13
5.438388388389793545e+04 -7.225616144786120112e-13
5.439800514800297969e+04 -7.479554310781152248e-13
5.441212641209186404e+04 -7.724893186193463413e-13
5.442624767620785133e+04 -7.380302361487944840e-13
5.444036894039909384e+04 -7.430655766588876495e-13
5.445449020450015814e+04 -7.711348155641731646e-13
5.446861146860261942e+04 -7.893991577775804143e-13
5.448273273270908248e+04 -7.820899575623718500e-13
5.449685399690111808e+04 -8.436758334226290695e-13
5.451097526100812684e+04 -7.770912181517841023e-13
5.452509652509312582e+04 -8.214459785359264043e-13
5.453921778920396173e+04 -8.155530703288195492e-13
5.455333905329500703e+04 -7.621952265867667697e-13
5.456746031750089605e+04 -7.392454188897213132e-13
5.458158158160269522e+04 -6.960277851382414769e-13
5.459570284569254727e+04 -6.760249562916957944e-13
5.460982410980856366e+04 -6.258019508069232037e-13
5.462394537389639299e+04 -6.261320166361548210e-13
5.463806663809712336e+04 -5.902498204471992557e-13
5.465218790220085793e+04 -6.258796133549777316e-13
5.466630916629501007e+04 -5.512254395437150551e-13
5.468043043039480835e+04 -5.322122834379176763e-13
5.469455169460399338e+04 -4.885370703492520138e-13
5.470867295870609087e+04 -4.399785621781877026e-13
5.472279422279239225e+04 -4.027105093040167042e-13
5.473691548690772470e+04 -3.348738478192663674e-13
5.475103675100092369e+04 -2.966155974574007694e-13
5.476515801519348315e+04 -3.264269962244488900e-13
5.477927927929307043e+04 -2.703063598100526291e-13
5.479340054340872302e+04 -2.179864655278090977e-13
5.480752180750131811e+04 -2.139338448614255999e-13
5.482164307159747113e+04 -1.378387159355845722e-13
5.483576433579570585e+04 -1.436969908442347582e-13
5.484988559989293572e+04 -8.139378590836620198e-14
5.486400686399715778e+04 -8.354157515962965529e-14
5.487812812810836476e+04 -5.156716947987493066e-14
5.489224939219703811e+04 -2.948315409984483294e-15
5.490637065639283537e+04 4.814629475261571285e-14
5.492049192049390695e+04 1.271800065778155015e-13
5.493461318460101029e+04 8.510054895289088700e-14
5.494873444870013918e+04 9.234048257118598684e-14
5.496285571289346262e+04 1.312357757258768761e-13
5.497697697699622950e+04 1.407824969201685946e-13
5.499109824110717454e+04 1.565306775259999192e-13
5.500521950520466635e+04 1.909992054415853814e-13
5.501934076930786250e+04 2.173042451133629773e-13
5.503346203349396819e+04 1.842945137085306104e-13
5.504758329760560446e+04 1.898909398909700768e-13
5.506170456169656973e+04 1.672019314262426723e-13
5.507582582580211601e+04 2.142386734529962277e-13
5.508994708989586070e+04 2.453677118022390097e-13
5.510406835410451458e+04 2.188737632297883313e-13
5.511818961820360710e+04 2.210425423589043423e-13
5.513231088230058958e+04 2.159477742571411276e-13
5.514643214639413782e+04 1.939865898069513324e-13
5.516055341059346392e+04 2.193801440329813981e-13
5.517467467470181145e+04 2.061281846507660958e-13
5.518879593879512686e+04 1.950518261079688792e-13
5.520291720289197110e+04 2.207145755174580602e-13
5.521703846700911527e+04 2.330057232409723462e-13
5.523115973119314003e+04 1.566387753969405971e-13
5.524528099529649626e+04 1.679722599434317182e-13
5.525940225939162337e+04 1.385197880876623761e-13
5.527352352350865112e+04 1.411687106726557473e-13
5.528764478760782367e+04 1.096686762323689380e-13
5.530176605179959734e+04 1.566492703358668949e-13
5.531588731589176314e+04 1.049711415689654572e-13
5.533000858000273729e+04 1.292154999825677452e-13
5.534412984410153149e+04 1.274549739776840744e-13
5.535825110830015910e+04 8.658768179874493587e-14
5.537237237240928516e+04 6.297301972071953060e-14
5.538649363649861334e+04 8.145884528987409977e-15
5.540061490059697826e+04 -4.927192633669722693e-14
5.541473616470706475e+04 -6.111913814362979805e-14
5.542885742890040274e+04 -1.027132048432139035e-13
5.544297869299419108e+04 -8.480726479413917424e-14
5.545709995710702788e+04 -8.291712629351592142e-14
5.547122122119959386e+04 -9.039372078459867664e-14
5.548534248529650358e+04 -1.085866974133072023e-13
5.549946374950250174e+04 -1.639391042982996769e-13
5.551358501359578804e+04 -1.466670585603723368e-13
5.552770627770459396e+04 -2.227349006450050660e-13
5.554182754180490883e+04 -2.347636748953623112e-13
5.555594880590632965e+04 -2.503371147680709985e-13
5.557007007010314555e+04 -2.587829168689958335e-13
5.558419133420600701e+04 -2.527294360963168116e-13
5.559831259829297778e+04 -2.888970946240672225e-13
5.561243386240526161e+04 -2.824731425072904819e-13
5.562655512660624663e+04 -3.058165104140714869e-13
5.564067639069251891e+04 -2.741149731464001009e-13
5.565479765479417983e+04 -2.423903470130908850e-13
5.566891891889231192e+04 -2.646810725455659006e-13
5.568304018300642929e+04 -2.787028356980239276e-13
5.569716144719466683e+04 -2.550215307578166639e-13
5.571128271129677887e+04 -2.267686304213212530e-13
5.572540397539627884e+04 -1.863966993597025875e-13
5.573952523949438182e+04 -1.662590105479541488e-13
5.575364650360918313e+04 -1.367761033692986062e-13
5.576776776779992360e+04 -1.148196416416256261e-13
5.578188903189638950e+04 -1.768914331741696885e-13
5.579601029600280162e+04 -1.991212880608722779e-13
5.581013156010626699e+04 -2.177482304141825292e-13
5.582425282430381776e+04 -2.563832490835016246e-13
5.583837408839567797e+04 -2.780584464479502784e-13
5.585249535249197652e+04 -3.392790984335728902e-13
5.586661661660681420e+04 -3.819677872631681762e-13
5.588073788070271985e+04 -4.042322754483274853e-13
5.589485914489460265e+04 -4.548105346157546566e-13
5.590898040899258922e+04 -5.483440540615045476e-13
5.592310167309496319e+04 -6.024459889734306413e-13
5.593722293720865855e+04 -6.851587016392383576e-13
5.595134420129172213e+04 -7.930482480422484121e-13
5.596546546549217601e+04 -8.348018378135119411e-13
5.597958672959195974e+04 -8.508375797459233707e-13
5.599370799370346504e+04 -8.665149195140022925e-13
5.600782925779650395e+04 -8.447452676992170848e-13
5.602195052200857026e+04 -9.068128612561906533e-13
5.603607178609824769e+04 -9.885616137816193252e-13
5.605019305020081811e+04 -1.031610803763332454e-12
5.606431431429601798e+04 -1.027494163969498553e-12
5.607843557840854191e+04 -1.051080489712423067e-12
5.609255684259567352e+04 -1.116316505331240877e-12
5.610667810669563187e+04 -1.125359994204017304e-12
5.612079937079865340e+04 -1.114605305539310641e-12
5.613492063490727742e+04 -1.127030788481081388e-12
5.614904189899883932e+04 -1.140632229329541914e-12
5.616316316320695478e+04 -1.171865167574154855e-12
5.617728442730326788e+04 -1.186413776660712248e-12
5.619140569140792650e+04 -1.199359283826280109e-12
5.620552695550852513e+04 -1.201314490948246194e-12
5.621964821960100380e+04 -1.228268642592614380e-12
5.623376948379506939e+04 -1.264329252743316730e-12
5.624789074790720770e+04 -1.278065028810033667e-12
5.626201201199580100e+04 -1.287164140859119384e-12
5.627613327610788110e+04 -1.287497879916975123e-12
5.629025454029448156e+04 -1.297988620867685782e-12
5.630437580439876183e+04 -1.304036854170901693e-12
5.631849706849931681e+04 -1.373914256529867536e-12
5.633261833259169362e+04 -1.369877903018819692e-12
5.634673959670749173e+04 -1.412830014815464687e-12
5.636086086089433229e+04 -1.458456761797472211e-12
5.637498212500006048e+04 -1.441378872429681064e-12
5.638910338909725397e+04 -1.452887622456241219e-12
5.640322465319730691e+04 -1.419912524349865522e-12
5.641734591730619286e+04 -1.402134622555691436e-12
5.643146718149246590e+04 -1.422966026830466959e-12
5.644558844560675789e+04 -1.479243562581811214e-12
5.645970970969892369e+04 -1.554453968156166689e-12
5.647383097380572144e+04 -1.609427507745920508e-12
5.648795223800677195e+04 -1.686724831925767047e-12
5.650207350210587902e+04 -1.646572769834654011e-12
5.651619476620601927e+04 -1.615653630263936857e-12
5.653031603029285907e+04 -1.629310694288706673e-12
5.654443729440473544e+04 -1.633972021412814458e-12
5.655855855859244912e+04 -1.585218832124667481e-12
5.657267982270729408e+04 -1.610452338532071802e-12
5.658680108680114063e+04 -1.617364305308920645e-12
5.660092235090159375e+04 -1.635258700925176371e-12
5.661504361499171500e+04 -1.623190570653845641e-12
5.662916487920533837e+04 -1.667991365942354956e-12
5.664328614329551056e+04 -1.653496281044321668e-12
5.665740740739344619e+04 -1.677966280644839068e-12
