5.299999999999834108e+04 6.335008685598862620e-13
5.301412126406348398e+04 5.513142383693245389e-13
5.302824252822216658e+04 4.958333561422793520e-13
5.304236379242347175e+04 4.984156887720760955e-13
5.305648505646477133e+04 5.186919541764836823e-13
5.307060632057043404e+04 5.062448568527765169e-13
5.308472758469900145e+04 4.707492064798324510e-13
5.309884884883160703e+04 4.653497646335569862e-13
5.311297011298671714e+04 4.810515504423761725e-13
5.312709137712109805e+04 4.870737167673651913e-13
5.314121264123108995e+04 4.291062702920081391e-13
5.315533390533379134e+04 4.091293748951475238e-13
5.316945516951418540e+04 3.957676076163135708e-13
5.318357643358819041e+04 4.084329215942172952e-13
5.319769769773374719e+04 3.350443365869025989e-13
5.321181896180926560e+04 2.923842073531634027e-13
5.322594022593132831e+04 2.735271894958564996e-13
5.324006149013077811e+04 2.749021884514276647e-13
5.325418275416778488e+04 2.842337507577859303e-13
5.326830401830885967e+04 2.228153176502505796e-13
5.328242528236984799e+04 2.039075224561018219e-13
5.329654654651489545e+04 1.916631471129202595e-13
5.331066781067182455e+04 1.733947977328214076e-13
5.332478907477872417e+04 1.041250197928944214e-13
5.333891033893296844e+04 1.287476057230886642e-13
5.335303160298339935e+04 8.482491075960172415e-14
5.336715286717164417e+04 8.557818593413391185e-14
5.338127413130725472e+04 7.065094012543154890e-14
5.339539539538483223e+04 1.252714725267655857e-13
5.340951665951393807e+04 8.656038684200894372e-14
5.342363792360627849e+04 1.273118305240724858e-13
5.343775918777335755e+04 1.471005947581140413e-13
5.345188045191350830e+04 1.174770383395438190e-13
5.346600171601979673e+04 1.227907510616503478e-13
5.348012298011348321e+04 9.574816341878813450e-14
5.349424424422494485e+04 1.221515231414489442e-13
5.350836550838113908e+04 1.643638240255332051e-13
5.352248677247684827e+04 1.881946644117221042e-13
5.353660803659607336e+04 2.072030781430203350e-13
5.355072930069338327e+04 1.864449929485925876e-13
5.356485056492890726e+04 2.061647413236589771e-13
5.357897182897069433e+04 2.329038351161378641e-13
5.359309309309975652e+04 2.749068126431012510e-13
5.360721435722468595e+04 2.864912924310445732e-13
5.362133562128900667e+04 3.068642381430436546e-13
5.363545688548653561e+04 3.269711596764579892e-13
5.364957814959259849e+04 3.827212537883899407e-13
5.366369941372255562e+04 4.381305296407056546e-13
5.367782067779131467e+04 4.508257677071359702e-13
5.369194194190533017e+04 4.598734950303306254e-13
5.370606320611161937e+04 5.350481801241862719e-13
5.372018447018284496e+04 5.739027368029629820e-13
5.373430573431762605e+04 5.755889769457529514e-13
5.374842699842723232e+04 5.956067718249902859e-13
5.376254826250711631e+04 6.042813357572809924e-13
5.377666952668476006e+04 6.005439559067549279e-13
5.379079079078431096e+04 5.603463822472805934e-13
5.380491205490221182e+04 5.672325380322648223e-13
5.381903331898231409e+04 5.726590471366089555e-13
5.383315458322015184e+04 5.492491292448571554e-13
5.384727584729425143e+04 5.022788982850367157e-13
5.386139711141378939e+04 5.051184586380529497e-13
5.387551837552133657e+04 5.189512639964778178e-13
5.388963963961218542e+04 4.858297204355947654e-13
5.390376090376497450e+04 4.502551117880701712e-13
5.391788216792023741e+04 4.120136115572478000e-13
5.393200343201175565e+04 3.648660150047524829e-13
5.394612469610627159e+04 3.574466649023584776e-13
5.396024596023048070e+04 3.487384323354040335e-13
5.397436722439067671e+04 3.439300154479572860e-13
5.398848848849370552e+04 3.225933978753478079e-13
5.400260975259131374e+04 2.571632000710334952e-13
5.401673101668583695e+04 2.153404288269179716e-13
5.403085228090333112e+04 2.644014723151857036e-13
5.404497354498224740e+04 2.637545696894317318e-13
5.405909480906715908e+04 2.514561889523935385e-13
5.407321607323151693e+04 2.370226744640957255e-13
5.408733733728100924e+04 1.802486083865180011e-13
5.410145860147372150e+04 1.348909855889812343e-13
5.411557986562838050e+04 1.265429073431613569e-13
5.412970112970625632e+04 8.452606531131961654e-14
5.414382239383249544e+04 6.112872070164018118e-14
5.415794365793180623e+04 7.914947810870846745e-14
5.417206492211705336e+04 8.776228931030720392e-14
5.418618618623090879e+04 8.434826393094770926e-14
5.420030745029064565e+04 5.944264196170103134e-14
5.421442871439199371e+04 4.520723333239781072e-14
5.422854997846976767e+04 1.218756725089992528e-14
5.424267124272292858e+04 3.659987754715399326e-14
5.425679250678129756e+04 3.770096779488191043e-14
5.427091377089112939e+04 7.974369884398186010e-14
5.428503503500554507e+04 7.445782004348492266e-14
5.429915629917509068e+04 1.486514370291655851e-14
5.431327756331366982e+04 4.119772827552918693e-14
5.432739882740324538e+04 7.700559632293885621e-14
5.434152009149073274e+04 7.156728867020587577e-14
5.435564135559796705e+04 7.101664670463148223e-14
5.436976261979546689e+04 7.675813347218885798e-14
5.438388388387378654e+04 8.742647453906376098e-14
5.439800514798454969e+04 1.228826134941473231e-13
5.441212641209686990e+04 1.703906064720533543e-13
5.442624767620768398e+04 1.050295213684246615e-13
5.444036894037421007e+04 1.557787741142612386e-13
5.445449020446655049e+04 2.442404485462043095e-13
5.446861146861981979e+04 2.983019460337256255e-13
5.448273273271387734e+04 3.459645306620675084e-13
5.449685399687485915e+04 3.512629343237816341e-13
5.451097526101084077e+04 3.478198887118596457e-13
5.452509652509776060e+04 3.635447228477640806e-13
5.453921778921686200e+04 4.073488109263869277e-13
5.455333905329101253e+04 5.169756285423164409e-13
5.456746031751245755e+04 5.450578522974884693e-13
5.458158158160552557e+04 5.650746464790512903e-13
5.459570284567102499e+04 5.731655131419365888e-13
5.460982410981235444e+04 5.969592631530261672e-13
5.462394537386983575e+04 6.500549905428774795e-13
5.463806663813236082e+04 6.628516541607110001e-13
5.465218790222183452e+04 6.280216291442063858e-13
5.466630916632000299e+04 6.762665552580075242e-13
5.468043043037703319e+04 5.811310020703695002e-13
5.469455169457982265e+04 6.076394189085750183e-13
5.470867295866448694e+04 6.332066634435628415e-13
5.472279422283086024e+04 6.270885269835255557e-13
5.473691548691251955e+04 6.239366521143331698e-13
5.475103675101904082e+04 5.984687994548291967e-13
5.476515801517972432e+04 5.751027992787628707e-13
5.477927927931640443e+04 5.671520302903172338e-13
5.479340054342951044e+04 5.365077622436861155e-13
5.480752180752083223e+04 4.883545775102440050e-13
5.482164307159824239e+04 4.151589657512704824e-13
5.483576433582700702e+04 4.422916888161267407e-13
5.484988559990254726e+04 4.133291739130350919e-13
5.486400686400859558e+04 4.200028912658793137e-13
5.487812812810211472e+04 3.819139167290034142e-13
5.489224939219684893e+04 3.409999080956775464e-13
5.490637065643291862e+04 2.504442576394127853e-13
5.492049192047891847e+04 1.923307093035685617e-13
5.493461318460215989e+04 2.297730071786815484e-13
5.494873444872475375e+04 1.615302678585643297e-13
5.496285571286774211e+04 1.398037655597144752e-13
5.497697697699694982e+04 3.249165850677460826e-14
5.499109824112083152e+04 7.167938592978766913e-15
5.500521950522339466e+04 -5.850597751594839758e-14
5.501934076932609605e+04 -9.194019067927922829e-14
5.503346203346719267e+04 -1.359972293055771375e-13
5.504758329756892635e+04 -1.881506222916854598e-13
5.506170456171913247e+04 -2.154746400152352769e-13
5.507582582576313871e+04 -2.255565076836721769e-13
5.508994708992289816e+04 -2.404560567631880347e-13
5.510406835413208319e+04 -2.382243718266175255e-13
5.511818961816788942e+04 -2.614433985668026960e-13
5.513231088233109767e+04 -2.996780553167538001e-13
5.514643214640903170e+04 -3.181668809909594483e-13
5.516055341060038336e+04 -3.582816872685759064e-13
5.517467467468154064e+04 -3.482301633360775645e-13
5.518879593878577725e+04 -3.940945265237882379e-13
5.520291720291288220e+04 -3.597301810122301304e-13
5.521703846702412557e+04 -3.926380917598777544e-13
5.523115973121188290e+04 -3.933177914449014546e-13
5.524528099528862367e+04 -4.413412082863510562e-13
5.525940225941761310e+04 -4.625126139009461936e-13
5.527352352352223534e+04 -4.740154077061314176e-13
5.528764478759213671e+04 -4.878169009115132140e-13
5.530176605178444152e+04 -4.642300047939283016e-13
5.531588731591361284e+04 -4.529284480630419229e-13
5.533000858000116568e+04 -5.193149254774028185e-13
5.534412984410502395e+04 -5.333718225537909738e-13
5.535825110830313497e+04 -5.547183179808655368e-13
5.537237237240451213e+04 -6.266661565813613610e-13
5.538649363646411803e+04 -6.220592672933448962e-13
5.540061490061344375e+04 -6.764387283968181594e-13
5.541473616469751141e+04 -6.184880032567974592e-13
5.542885742892282724e+04 -6.344191102359437862e-13
5.544297869303145853e+04 -6.664416940667285915e-13
5.545709995712283126e+04 -6.785163704526453132e-13
5.547122122118389234e+04 -6.970403173871712801e-13
5.548534248527235468e+04 -6.768528235506690039e-13
5.549946374950689642e+04 -6.905168015272229396e-13
5.551358501363011601e+04 -7.420711962536760579e-13
5.552770627772119042e+04 -7.066625097367091329e-13
5.554182754177116294e+04 -7.585082043281724085e-13
5.555594880590348475e+04 -7.653750563322086362e-13
5.557007007012372924e+04 -7.527442502837925326e-13
5.558419133421878360e+04 -7.116566367442138959e-13
5.559831259826728638e+04 -6.907192652631874331e-13
5.561243386241864209e+04 -6.757618694019673694e-13
5.562655512659444503e+04 -6.474837025860006520e-13
5.564067639069639699e+04 -6.539939188510482741e-13
5.565479765479026537e+04 -7.122802327983214592e-13
5.566891891891074192e+04 -6.993886643042545381e-13
5.568304018297248695e+04 -6.983521997579617281e-13
5.569716144721855380e+04 -6.208577199113183003e-13
5.571128271130010398e+04 -6.488013954594176265e-13
5.572540397540842969e+04 -6.083024503970470411e-13
5.573952523951311014e+04 -5.960252457140255737e-13
5.575364650360619999e+04 -6.077321172836828055e-13
5.576776776782597881e+04 -6.017103706061056274e-13
5.578188903189766279e+04 -5.790730397399766361e-13
5.579601029599428875e+04 -6.144142598653354806e-13
5.581013156006983627e+04 -5.989215230287909454e-13
5.582425282426806370e+04 -5.826322308432890535e-13
5.583837408837383555e+04 -6.065311509519187814e-13
5.585249535252121132e+04 -6.127010008853322337e-13
5.586661661661530525e+04 -6.267358180517395277e-13
5.588073788072334719e+04 -6.661429051094442423e-13
5.589485914486945694e+04 -6.444568180844189386e-13
5.590898040898067120e+04 -6.765231743683237517e-13
5.592310167311725672e+04 -6.454009602000902497e-13
5.593722293722773611e+04 -6.379187759679042818e-13
5.595134420126950135e+04 -5.990760178375164190e-13
5.596546546552774817e+04 -5.799843847963781684e-13
5.597958672956539522e+04 -5.644038448090326091e-13
5.599370799370570603e+04 -5.344570307610063339e-13
5.600782925778020581e+04 -5.353026525765877033e-13
5.602195052198995108e+04 -4.965583501851494291e-13
5.603607178608851245e+04 -4.715048832046276369e-13
5.605019305020148022e+04 -4.776910025453953230e-13
5.606431431426476775e+04 -4.329235331312933652e-13
5.607843557841081201e+04 -4.343728016086311697e-13
5.609255684258999827e+04 -4.382880474006693684e-13
5.610667810666689184e+04 -4.180789901433086517e-13
5.612079937076568604e+04 -3.824462764695187927e-13
5.613492063487176347e+04 -3.462140480469513595e-13
5.614904189897044125e+04 -3.419010410695568527e-13
5.616316316318411555e+04 -3.950783091796004940e-13
5.617728442729500966e+04 -3.575128932099453322e-13
5.619140569138743012e+04 -3.781289438957245170e-13
5.620552695552004297e+04 -3.483165461417920326e-13
5.621964821960091649e+04 -3.506872312134172611e-13
5.623376948378214001e+04 -3.266123819974841739e-13
5.624789074787836580e+04 -3.205529316139748763e-13
5.626201201202211087e+04 -3.025037673051768699e-13
5.627613327611384739e+04 -3.344088498606252451e-13
5.629025454032311245e+04 -2.792137878718076829e-13
5.630437580441307364e+04 -2.475093613403955811e-13
5.631849706851749943e+04 -1.982268731409166906e-13
5.633261833263140579e+04 -2.515577322037217206e-13
5.634673959670255135e+04 -2.355317203483420435e-13
5.636086086087496369e+04 -2.277363500245860154e-13
5.637498212498545035e+04 -2.216998834070216385e-13
5.638910338910910650e+04 -2.626130527455236484e-13
5.640322465321302298e+04 -2.041592672003258348e-13
5.641734591729230306e+04 -1.725533609690035990e-13
5.643146718149501248e+04 -1.162409393251038733e-13
5.644558844558696001e+04 -1.353910647593492042e-13
5.645970970966557798e+04 -9.345421398033273260e-14
5.647383097378863749e+04 -4.675481700404900853e-14
5.648795223797898507e+04 -2.161587107377690247e-14
5.650207350209033757e+04 -4.960065294821404468e-15
5.651619476617799228e+04 2.102585823497826369e-14
5.653031603027175879e+04 1.911962600663382418e-14
5.654443729439598246e+04 1.163876982193495726e-13
5.655855855858041468e+04 1.932099029121032148e-13
5.657267982270073844e+04 2.448003227548408377e-13
5.658680108678803663e+04 3.615830325999063976e-13
5.660092235091551993e+04 4.128425120374928175e-13
5.661504361502778920e+04 4.153572975742561149e-13
5.662916487917376071e+04 4.482302807450041765e-13
5.664328614332510188e+04 4.593018706941604390e-13
5.665740740736923908e+04 4.966745070988953348e-13
