5.300000000000049477e+04 4.946351102466653042e-13
5.301412126407876349e+04 4.755682348445879222e-13
5.302824252821673144e+04 4.422259340174959123e-13
5.304236379238055088e+04 3.945945815721587343e-13
5.305648505649938306e+04 3.684802928733517543e-13
5.307060632061745855e+04 3.546686757306839001e-13
5.308472758468038228e+04 2.972460751091962992e-13
5.309884884881137259e+04 2.539467545606493368e-13
5.311297011299134465e+04 2.227793018573518581e-13
5.312709137711501535e+04 2.197854118362006021e-13
5.314121264118189720e+04 2.298249756400520706e-13
5.315533390530079487e+04 2.045598804151118715e-13
5.316945516951904574e+04 1.629750580275711525e-13
5.318357643361353985e+04 1.130912212906259519e-13
5.319769769770825224e+04 7.717385986196851416e-14
5.321181896182244236e+04 2.693495517801620991e-14
5.322594022588093503e+04 2.997751121041581218e-15
5.324006149008746434e+04 -4.617427233336100773e-14
5.325418275422221632e+04 -4.865885749689573616e-14
5.326830401828257891e+04 -1.535962424152483827e-13
5.328242528239246167e+04 -1.514931699536681578e-13
5.329654654648141877e+04 -1.551840045541104777e-13
5.331066781070791330e+04 -2.056393130667239369e-13
5.332478907478279143e+04 -2.829740479490891973e-13
5.333891033890837571e+04 -3.090819998467889497e-13
5.335303160300677700e+04 -3.538991085115141935e-13
5.336715286718442076e+04 -3.445905754785304746e-13
5.338127413129291381e+04 -3.896268836194641596e-13
5.339539539540085389e+04 -3.886274499755555337e-13
5.340951665948153095e+04 -4.509590834390951752e-13
5.342363792360104708e+04 -4.596399211179593998e-13
5.343775918779138010e+04 -5.261190116146665500e-13
5.345188045190322009e+04 -5.596642971621927433e-13
5.346600171599439636e+04 -5.743470173720981128e-13
5.348012298011502571e+04 -6.244995883180897834e-13
5.349424424418362469e+04 -6.444179351290724813e-13
5.350836550840284326e+04 -6.566489552739995153e-13
5.352248677248412423e+04 -6.773275939668450412e-13
5.353660803659231897e+04 -6.794200636762458658e-13
5.355072930071809242e+04 -7.363570913815184072e-13
5.356485056487913971e+04 -7.803036768170159308e-13
5.357897182898712344e+04 -7.939055168511347425e-13
5.359309309311876132e+04 -8.211640330282999939e-13
5.360721435720084264e+04 -7.979766837690115455e-13
5.362133562128354242e+04 -7.677003178357896600e-13
5.363545688551061176e+04 -7.794523089506123170e-13
5.364957814962030534e+04 -7.827042061776285543e-13
5.366369941371694586e+04 -8.397359131465029174e-13
5.367782067778370401e+04 -8.592569052527632384e-13
5.369194194188507390e+04 -8.708222713624284438e-13
5.370606320609046816e+04 -8.424074753597009823e-13
5.372018447022260807e+04 -8.337690486895543086e-13
5.373430573429843935e+04 -8.774121303439170530e-13
5.374842699841986905e+04 -8.733968349599855063e-13
5.376254826251123450e+04 -8.978646736299375261e-13
5.377666952669803140e+04 -9.256203594835140940e-13
5.379079079077862116e+04 -9.462411386263807513e-13
5.380491205490438733e+04 -9.725571695356008819e-13
5.381903331901827914e+04 -9.911199379136495638e-13
5.383315458321128972e+04 -9.925981106686576185e-13
5.384727584729743830e+04 -9.966925953579289983e-13
5.386139711141731823e+04 -9.734097799120253266e-13
5.387551837551585049e+04 -1.005717442644613282e-12
5.388963963960528781e+04 -1.058555595458540107e-12
5.390376090378875233e+04 -1.114545996195797418e-12
5.391788216788561840e+04 -1.095489122999389281e-12
5.393200343197989423e+04 -1.106061019513246798e-12
5.394612469611345296e+04 -1.165401144433175572e-12
5.396024596018974989e+04 -1.243291239877936410e-12
5.397436722440872109e+04 -1.226395588612092213e-12
5.398848848848043417e+04 -1.243894851246148438e-12
5.400260975261716521e+04 -1.268768907858972950e-12
5.401673101670983306e+04 -1.313384295021785404e-12
5.403085228089121665e+04 -1.314004307522274986e-12
5.404497354499071662e+04 -1.326092024844777432e-12
5.405909480908282421e+04 -1.314146450668679781e-12
5.407321607321330521e+04 -1.346182086540665388e-12
5.408733733730595122e+04 -1.373920128751943369e-12
5.410145860148383508e+04 -1.344398670490493068e-12
5.411557986560999416e+04 -1.353105932215804401e-12
5.412970112969874754e+04 -1.353534432505053843e-12
5.414382239380059764e+04 -1.346984416678239427e-12
5.415794365790909069e+04 -1.410379597302772298e-12
5.417206492212236481e+04 -1.382741038727177385e-12
5.418618618619671179e+04 -1.378970683485389689e-12
5.420030745028184174e+04 -1.386162579989063624e-12
5.421442871440394811e+04 -1.384850406572864116e-12
5.422854997848670610e+04 -1.314823618630136273e-12
5.424267124271803186e+04 -1.329440423683426420e-12
5.425679250678838434e+04 -1.297263141669044471e-12
5.427091377090668539e+04 -1.309021593835976419e-12
5.428503503498968348e+04 -1.265008327029350632e-12
5.429915629919456842e+04 -1.218179615349092701e-12
5.431327756331808632e+04 -1.204282969103986340e-12
5.432739882738156302e+04 -1.215825555863266346e-12
5.434152009147869830e+04 -1.239362671693472134e-12
5.435564135561635339e+04 -1.194333197357653979e-12
5.436976261981458083e+04 -1.199224130970399801e-12
5.438388388388609019e+04 -1.166809860878008552e-12
5.439800514802165708e+04 -1.171741134649436719e-12
5.441212641208268178e+04 -1.215441040428760905e-12
5.442624767620108469e+04 -1.195699792712774406e-12
5.444036894040746120e+04 -1.214367346102596059e-12
5.445449020450995886e+04 -1.173163891457507350e-12
5.446861146858301800e+04 -1.194006582890128230e-12
5.448273273269428319e+04 -1.184435611032204598e-12
5.449685399690293707e+04 -1.081944769762243149e-12
5.451097526099054812e+04 -1.076804422971277697e-12
5.452509652508579165e+04 -1.032047058330063131e-12
5.453921778918719792e+04 -9.934142740844657028e-13
5.455333905327833781e+04 -1.000227619201735236e-12
5.456746031752177078e+04 -9.790813411539781352e-13
5.458158158159786399e+04 -9.645325428158384235e-13
5.459570284567792987e+04 -9.153940878405037060e-13
5.460982410980681016e+04 -8.353565623264121515e-13
5.462394537389308971e+04 -8.436376431145132244e-13
5.463806663808009034e+04 -8.296446609257769985e-13
5.465218790221599193e+04 -7.382177915549980880e-13
5.466630916629052081e+04 -7.165409617282649692e-13
5.468043043040241173e+04 -6.626958787933025995e-13
5.469455169459393073e+04 -6.314411190525280036e-13
5.470867295870312228e+04 -5.667825542386208730e-13
5.472279422282133601e+04 -5.649774356800815004e-13
5.473691548692191282e+04 -4.819820736439485768e-13
5.475103675099460816e+04 -4.630886319323053771e-13
5.476515801521948015e+04 -3.863415214558817278e-13
5.477927927929808357e+04 -3.666734161631326311e-13
5.479340054339071503e+04 -2.919973213897468294e-13
5.480752180748942192e+04 -2.851005624330660115e-13
5.482164307160704629e+04 -1.553941129986651390e-13
5.483576433579718287e+04 -1.023959248940306922e-13
5.484988559988282941e+04 -7.588705642954810934e-14
5.486400686398018297e+04 -1.650162131085288394e-14
5.487812812811200274e+04 1.163816580722192565e-14
5.489224939219870430e+04 4.000997096322206472e-14
5.490637065641832305e+04 5.996898926889291534e-14
5.492049192050513375e+04 9.113478529216237542e-14
5.493461318460932671e+04 1.732799391379112756e-13
5.494873444868695515e+04 1.883722941932469026e-13
5.496285571291366068e+04 1.886708279342975500e-13
5.497697697700662684e+04 2.123490929028914037e-13
5.499109824109938199e+04 2.786012182357587073e-13
5.500521950519055099e+04 3.114367820592776792e-13
5.501934076929407456e+04 3.392590664499809161e-13
5.503346203349264397e+04 3.262229826454337022e-13
5.504758329758854234e+04 3.590865443614263338e-13
5.506170456169912359e+04 3.784395491128444953e-13
5.507582582582285249e+04 4.135575210109777304e-13
5.508994708991698280e+04 4.728868775107242193e-13
5.510406835412031796e+04 5.286209898476455988e-13
5.511818961818890966e+04 5.443454511676752912e-13
5.513231088232233742e+04 5.347632138855610211e-13
5.514643214639938378e+04 5.645367360132757012e-13
5.516055341060068895e+04 5.397441880578302026e-13
5.517467467468982068e+04 5.736435061273459090e-13
5.518879593881453911e+04 5.853714753817621311e-13
5.520291720290251396e+04 5.462343977356328584e-13
5.521703846698200505e+04 5.488953571966515230e-13
5.523115973119483533e+04 5.344096783675797597e-13
5.524528099530911277e+04 5.156696452265319935e-13
5.525940225939785887e+04 5.353695587758192407e-13
5.527352352350040746e+04 5.425641888015395693e-13
5.528764478760353086e+04 4.924376898574889270e-13
5.530176605179205217e+04 4.250184334448758367e-13
5.531588731588974770e+04 3.939739063996580155e-13
5.533000858001792949e+04 3.808711412239826900e-13
5.534412984411067009e+04 3.784272896806371016e-13
5.535825110828574543e+04 3.517931762060356173e-13
5.537237237239912793e+04 2.934048139622090400e-13
5.538649363649613224e+04 2.444131408373576813e-13
5.540061490060338838e+04 2.496565331260664657e-13
5.541473616467805550e+04 2.349094301885719057e-13
5.542885742888733512e+04 2.259444718849008744e-13
5.544297869297935540e+04 1.883713001852300964e-13
5.545709995709013310e+04 1.721033649820057546e-13
5.547122122122260043e+04 1.961162793162612750e-13
5.548534248531293269e+04 1.772572965492010506e-13
5.549946374950383324e+04 1.511599474036806228e-13
5.551358501360071386e+04 1.460653249814887338e-13
5.552770627769432758e+04 1.501778674830656107e-13
5.554182754178287723e+04 1.886201335254399058e-13
5.555594880589124659e+04 2.160060483967605434e-13
5.557007007008519577e+04 2.569532146415132700e-13
5.558419133419327409e+04 2.683955722590974762e-13
5.559831259830474301e+04 2.897544851884520256e-13
5.561243386239133542e+04 3.328092797648620474e-13
5.562655512660751992e+04 3.940246008085156850e-13
5.564067639069590950e+04 4.523191949627558042e-13
5.565479765481212962e+04 5.272044455896801318e-13
5.566891891889128601e+04 5.669607902302863062e-13
5.568304018300445023e+04 6.524063820278727671e-13
5.569716144718151918e+04 6.729581604475719806e-13
5.571128271128164488e+04 7.331337491056352683e-13
5.572540397538257093e+04 7.728867803861853548e-13
5.573952523948534508e+04 8.035724705373323154e-13
5.575364650358026120e+04 8.608279949779931709e-13
5.576776776782119850e+04 8.602037579434322385e-13
5.578188903190970450e+04 8.782208159202485833e-13
5.579601029599112371e+04 9.581185176399746240e-13
5.581013156011806132e+04 9.978284752397960734e-13
5.582425282427970524e+04 1.023225711405471849e-12
5.583837408841622528e+04 1.039468465072270115e-12
5.585249535249145265e+04 1.027013544621555045e-12
5.586661661661657126e+04 1.037924439286147920e-12
5.588073788067996793e+04 1.006721864966256203e-12
5.589485914491135918e+04 9.961442943233026955e-13
5.590898040900280466e+04 1.037186222665658535e-12
5.592310167309977260e+04 1.024009652394734721e-12
5.593722293718499714e+04 1.023296285974665793e-12
5.595134420130361832e+04 1.021218477883512935e-12
5.596546546550987841e+04 1.020360980301005599e-12
5.597958672960819240e+04 9.767498725711838398e-13
5.599370799369741871e+04 9.403015866105440061e-13
5.600782925778036588e+04 9.631326254128043811e-13
5.602195052199684869e+04 9.759092731249623096e-13
5.603607178611538257e+04 9.956095180102553271e-13
5.605019305021860782e+04 1.014583143035255065e-12
5.606431431428876385e+04 9.740226459090440240e-13
5.607843557841239090e+04 9.490902741592330117e-13
5.609255684261840361e+04 9.685380410082542355e-13
5.610667810671996267e+04 9.846350068325862518e-13
5.612079937079342926e+04 9.582656308264635512e-13
5.613492063489233988e+04 9.047681193613814040e-13
5.614904189898998447e+04 9.657253296566682823e-13
5.616316316321693739e+04 9.806781922536439892e-13
5.617728442729022936e+04 1.050435355521810309e-12
5.619140569141909509e+04 1.104441799091502562e-12
5.620552695550460339e+04 1.073350885005499915e-12
5.621964821958700486e+04 1.096888663507717042e-12
5.623376948379670648e+04 1.096953936700821286e-12
5.624789074792159226e+04 1.167264762434354594e-12
5.626201201199045317e+04 1.196227505356352333e-12
5.627613327610121632e+04 1.173818588625233551e-12
5.629025454027995147e+04 1.214246551349202290e-12
5.630437580442210310e+04 1.227415500891997425e-12
5.631849706851573865e+04 1.255806689204325462e-12
5.633261833261683205e+04 1.235408319355221480e-12
5.634673959669459873e+04 1.289895200133042028e-12
5.636086086088660522e+04 1.303615824125170337e-12
5.637498212500366935e+04 1.283210496219948813e-12
5.638910338908671110e+04 1.288693775776716126e-12
5.640322465319484036e+04 1.338399146657641981e-12
5.641734591732094850e+04 1.328269542294267229e-12
5.643146718148946820e+04 1.312475417579058855e-12
5.644558844560779835e+04 1.290049934047659836e-12
5.645970970972168288e+04 1.260290328032180644e-12
5.647383097378750972e+04 1.318810893342243804e-12
5.648795223801640532e+04 1.308908585478714416e-12
5.650207350210430013e+04 1.298689520393826100e-12
5.651619476620398927e+04 1.259944744578334034e-12
5.653031603030915721e+04 1.264253106659223744e-12
5.654443729441985488e+04 1.294245973222649339e-12
5.655855855859825533e+04 1.331011347740653670e-12
5.657267982268384367e+04 1.331208492663988877e-12
5.658680108678779652e+04 1.302571784371507194e-12
5.660092235091880138e+04 1.352627046074352452e-12
5.661504361500997766e+04 1.404314468940811196e-12
5.662916487921091903e+04 1.380562316042967285e-12
5.664328614330801793e+04 1.393599393855531255e-12
5.665740740739936155e+04 1.400206565143312782e-12
