5.300000000000087311e+04 -6.625808353952549547e-13
5.301412126410033670e+04 -6.446947041439919435e-13
5.302824252820001857e+04 -6.551833722844820387e-13
5.304236379240678798e+04 -6.505651233651294570e-13
5.305648505647994898e+04 -7.142856653939084367e-13
5.307060632062193326e+04 -7.078028850884570332e-13
5.308472758468351094e+04 -6.838884318507491390e-13
5.309884884881688777e+04 -7.027203420238897981e-13
5.311297011301224120e+04 -7.045952485885811060e-13
5.312709137710487266e+04 -7.480424562939890202e-13
5.314121264118326508e+04 -7.693477776630621160e-13
5.315533390531684563e+04 -8.598066651112028436e-13
5.316945516948650038e+04 -8.440061114659366219e-13
5.318357643359836220e+04 -8.925875223879200562e-13
5.319769769767975959e+04 -8.306142467304874069e-13
5.321181896181443881e+04 -8.303021676345276034e-13
5.322594022590343229e+04 -8.765036812576083610e-13
5.324006149008455395e+04 -9.032918432244650910e-13
5.325418275418031408e+04 -8.780360696390517587e-13
5.326830401828028698e+04 -8.995976912611415774e-13
5.328242528240385582e+04 -9.649248365594427913e-13
5.329654654650099110e+04 -1.009355862239431733e-12
5.331066781068917771e+04 -9.241624269589829646e-13
5.332478907480346970e+04 -8.947661137641900768e-13
5.333891033890170365e+04 -9.211830836137684439e-13
5.335303160299795854e+04 -9.085554517876433435e-13
5.336715286721874145e+04 -8.837309639815258771e-13
5.338127413131883804e+04 -9.044859105648510228e-13
5.339539539539624820e+04 -8.923818231949571267e-13
5.340951665948407754e+04 -8.691614282181732533e-13
5.342363792360421940e+04 -8.579655710378033499e-13
5.343775918779146014e+04 -8.673281792703634903e-13
5.345188045188113028e+04 -9.283197159114964730e-13
5.346600171599596797e+04 -8.842260698574942822e-13
5.348012298009294318e+04 -8.779103907271041634e-13
5.349424424421021104e+04 -8.713118555935761547e-13
5.350836550841994904e+04 -8.802917785998689152e-13
5.352248677248034073e+04 -9.277234863666763318e-13
5.353660803659241355e+04 -9.249674937470016852e-13
5.355072930072117742e+04 -9.360631686735907696e-13
5.356485056489130511e+04 -9.223279227910787801e-13
5.357897182899699692e+04 -9.181841274545794954e-13
5.359309309309341188e+04 -9.435412208369842919e-13
5.360721435720103182e+04 -9.167876950996062141e-13
5.362133562129727216e+04 -9.770990593521090579e-13
5.363545688548529142e+04 -1.022218730156364979e-12
5.364957814960226824e+04 -1.062454731829753530e-12
5.366369941371494497e+04 -1.055855725988690113e-12
5.367782067779974022e+04 -1.085808729295330681e-12
5.369194194188600522e+04 -1.072218775138740715e-12
5.370606320610761031e+04 -1.050568189792463213e-12
5.372018447018200823e+04 -1.035890352070344157e-12
5.373430573428697971e+04 -1.018585652495757710e-12
5.374842699839748821e+04 -9.990454059331195906e-13
5.376254826248088648e+04 -9.788272620682721184e-13
5.377666952671206673e+04 -9.364488350475821988e-13
5.379079079079107760e+04 -9.749373349958568674e-13
5.380491205491307483e+04 -9.721632985873258201e-13
5.381903331901565980e+04 -9.471379755661110046e-13
5.383315458320690232e+04 -9.182282955116497824e-13
5.384727584731690877e+04 -8.876890259696880898e-13
5.386139711138742859e+04 -9.005950420773649557e-13
5.387551837551068456e+04 -8.956836796531657744e-13
5.388963963958354725e+04 -8.462041587536691666e-13
5.390376090382173425e+04 -8.422050275330446944e-13
5.391788216789011494e+04 -8.332236139528899598e-13
5.393200343199071358e+04 -8.254512911286253814e-13
5.394612469609376421e+04 -7.713594639924104790e-13
5.396024596021526668e+04 -7.550318748100256704e-13
5.397436722441065649e+04 -7.040269476908605314e-13
5.398848848852225638e+04 -6.600569015905246764e-13
5.400260975258588587e+04 -6.236084481006053191e-13
5.401673101668187155e+04 -6.064012634370991459e-13
5.403085228090253077e+04 -5.922408117476233672e-13
5.404497354500013898e+04 -5.717584440529136913e-13
5.405909480909429840e+04 -6.252311338775865720e-13
5.407321607321139891e+04 -5.662050365504505069e-13
5.408733733729233063e+04 -5.274767895641534410e-13
5.410145860147967323e+04 -5.219327962123979134e-13
5.411557986561011057e+04 -4.685837455670192940e-13
5.412970112968007015e+04 -4.540639871255335752e-13
5.414382239380983810e+04 -4.108558596224729725e-13
5.415794365792019380e+04 -3.464194498836304580e-13
5.417206492210095166e+04 -3.147436569974836690e-13
5.418618618620288908e+04 -2.943664139856764960e-13
5.420030745032028790e+04 -3.281993026039774474e-13
5.421442871439629380e+04 -3.238697346935132159e-13
5.422854997849169740e+04 -3.137413637521388089e-13
5.424267124269784836e+04 -2.775787866387094675e-13
5.425679250680818222e+04 -2.875257782764491507e-13
5.427091377089967864e+04 -2.919350526629051110e-13
5.428503503499586077e+04 -3.088880552573037460e-13
5.429915629919779894e+04 -3.285576679409166217e-13
5.431327756328100804e+04 -3.261896952329103438e-13
5.432739882741258771e+04 -3.343621194622514418e-13
5.434152009148911020e+04 -3.333322113748307719e-13
5.435564135558608541e+04 -3.243514254047230967e-13
5.436976261981485732e+04 -3.052676867001517883e-13
5.438388388389842294e+04 -3.186128729383420753e-13
5.439800514800576639e+04 -3.106933755580140938e-13
5.441212641211588925e+04 -2.707711004569590720e-13
5.442624767620593047e+04 -3.374141871216828249e-13
5.444036894040752668e+04 -3.334571057742193538e-13
5.445449020449588716e+04 -3.761973499871080564e-13
5.446861146860719600e+04 -3.910547626339761047e-13
5.448273273270592472e+04 -3.544393648715071139e-13
5.449685399691470957e+04 -3.251409588440742595e-13
5.451097526098730305e+04 -4.036747454626510510e-13
5.452509652510876913e+04 -3.738099213676392039e-13
5.453921778920791257e+04 -4.131447534645347324e-13
5.455333905330650305e+04 -3.852484282824997533e-13
5.456746031748999667e+04 -4.769221726538393103e-13
5.458158158158144215e+04 -5.209176369610858887e-13
5.459570284570596414e+04 -5.134085965516130007e-13
5.460982410979412816e+04 -5.561927734678041853e-13
5.462394537391626363e+04 -5.590032112590716398e-13
5.463806663808386656e+04 -5.559753065864566597e-13
5.465218790221742529e+04 -5.830576215373004675e-13
5.466630916631569562e+04 -5.233116554860501009e-13
5.468043043038856558e+04 -5.671197781942138571e-13
5.469455169459405442e+04 -5.437180823650511107e-13
5.470867295869995723e+04 -5.257728282860625334e-13
5.472279422279686696e+04 -5.209951468019124808e-13
5.473691548690824857e+04 -5.562869149748810550e-13
5.475103675099126849e+04 -4.972124916741121841e-13
5.476515801519477827e+04 -4.598565140559719966e-13
5.477927927932046441e+04 -4.456919829011895498e-13
5.479340054340961797e+04 -4.237566979472605515e-13
5.480752180748592218e+04 -4.189808992932520808e-13
5.482164307160530007e+04 -4.265461108019475054e-13
5.483576433580313460e+04 -4.112660027883044100e-13
5.484988559988789348e+04 -3.666655223955772445e-13
5.486400686400008271e+04 -2.958089756791173455e-13
5.487812812810728792e+04 -2.622249344445228426e-13
5.489224939218318468e+04 -1.834143717951401370e-13
5.490637065641503432e+04 -8.239771045647068037e-14
5.492049192051379214e+04 -7.968549363758671315e-14
5.493461318459621543e+04 -8.725196036637652150e-14
5.494873444871138054e+04 -3.898404066295896340e-14
5.496285571287933999e+04 -2.263291610380494365e-14
5.497697697700625577e+04 8.887299195336684275e-14
5.499109824109502370e+04 1.964334294489479451e-13
5.500521950519643724e+04 2.135715770072644172e-13
5.501934076931537857e+04 2.221839558796780002e-13
5.503346203349786083e+04 2.215673290083246449e-13
5.504758329760005290e+04 3.077808659692070711e-13
5.506170456168627425e+04 3.355400583559334136e-13
5.507582582581526367e+04 3.563544317656007746e-13
5.508994708988056664e+04 3.736162185032115080e-13
5.510406835407963081e+04 3.923814451088394559e-13
5.511818961821973789e+04 4.098992967456992083e-13
5.513231088232014008e+04 4.126780402295841345e-13
5.514643214642102248e+04 4.337525580038071826e-13
5.516055341058231716e+04 4.084369653357721787e-13
5.517467467470892734e+04 4.579513185928872172e-13
5.518879593881133769e+04 4.966365742909524658e-13
5.520291720289477234e+04 4.726141721251297718e-13
5.521703846700885333e+04 4.984334218560259226e-13
5.523115973120462877e+04 5.510578967019363617e-13
5.524528099529233441e+04 5.279935412731323395e-13
5.525940225938311050e+04 5.453651597689993536e-13
5.527352352348166460e+04 5.647617620820894283e-13
5.528764478760877682e+04 6.318636316913010300e-13
5.530176605179237959e+04 6.911991407716963537e-13
5.531588731588635710e+04 6.929369929923349264e-13
5.533000858000157314e+04 7.161240461853624946e-13
5.534412984408164630e+04 7.193951497512593293e-13
5.535825110829096229e+04 7.701135728838871911e-13
5.537237237241456023e+04 8.234943178366483388e-13
5.538649363648445433e+04 8.492969359012942120e-13
5.540061490061961376e+04 8.308266860178403818e-13
5.541473616470031993e+04 8.982043902427871825e-13
5.542885742891518748e+04 9.489212443502971184e-13
5.544297869301853643e+04 9.979739904177119101e-13
5.545709995708863426e+04 1.051195322418489600e-12
5.547122122118807602e+04 1.025415298315542204e-12
5.548534248532202037e+04 1.041497178164456517e-12
5.549946374948044831e+04 1.044584078181506381e-12
5.551358501359077491e+04 1.048229237335521751e-12
5.552770627771652653e+04 1.082027607401228028e-12
5.554182754180023039e+04 1.034044622659229670e-12
5.555594880590985849e+04 1.041042788490298942e-12
5.557007007008699293e+04 1.002725312279880524e-12
5.558419133418923593e+04 9.676946298865385034e-13
5.559831259830544877e+04 9.119798031683186419e-13
5.561243386241846747e+04 8.565549322918956158e-13
5.562655512661346438e+04 8.233113695078956890e-13
5.564067639071996382e+04 7.530024125575994190e-13
5.565479765479009802e+04 7.724329058132371587e-13
5.566891891889908584e+04 7.252215676242453651e-13
5.568304018300049938e+04 7.044884697156877094e-13
5.569716144721441378e+04 6.862253311478029320e-13
5.571128271131128713e+04 6.830511933341952135e-13
5.572540397539298283e+04 6.273708851685703287e-13
5.573952523951396870e+04 5.767685698946705019e-13
5.575364650359323423e+04 5.474984063193607185e-13
5.576776776779778447e+04 5.760935752889295490e-13
5.578188903189908888e+04 5.893308125990050361e-13
5.579601029598099558e+04 5.398864378621505148e-13
5.581013156011562387e+04 5.538802590841002150e-13
5.582425282431539381e+04 5.831532469046223458e-13
5.583837408842235163e+04 6.470323389215699188e-13
5.585249535250126792e+04 6.458069303044528885e-13
5.586661661660188838e+04 7.112936454572494637e-13
5.588073788071309536e+04 7.035687071915469760e-13
5.589485914488825802e+04 6.712687561134805802e-13
5.590898040898155159e+04 6.823033959629814464e-13
5.592310167311118130e+04 6.906622203763348030e-13
5.593722293721045571e+04 7.114910288170872544e-13
5.595134420130203216e+04 6.848552584148111903e-13
5.596546546552200743e+04 7.185315583263410316e-13
5.597958672960731201e+04 7.597736973566135083e-13
5.599370799371662724e+04 7.472083166020431222e-13
5.600782925780452206e+04 7.372600697442090680e-13
5.602195052199959900e+04 7.502792125628898187e-13
5.603607178609495168e+04 7.549407861883117353e-13
5.605019305018045998e+04 7.732171045671872320e-13
5.606431431429468648e+04 7.970976668623475621e-13
5.607843557838918787e+04 7.755339270563484575e-13
5.609255684257965913e+04 7.244985608498952117e-13
5.610667810668455786e+04 7.572823992743364735e-13
5.612079937078978401e+04 7.813399476028012541e-13
5.613492063489199791e+04 8.246440994430802074e-13
5.614904189901087375e+04 8.062974887389206385e-13
5.616316316317941528e+04 7.807443456680284246e-13
5.617728442729383096e+04 8.099385684276295418e-13
5.619140569142134336e+04 8.558231389768849155e-13
5.620552695552160731e+04 8.701963504723543410e-13
5.621964821958608809e+04 9.005839737366662538e-13
5.623376948380310205e+04 8.995167228514384616e-13
5.624789074788161815e+04 9.005915050572324802e-13
5.626201201202240918e+04 9.053271366682214306e-13
5.627613327609041880e+04 8.858702837906022522e-13
5.629025454032068228e+04 8.556430148933445121e-13
5.630437580441670434e+04 8.946408203949049722e-13
5.631849706848058850e+04 9.054244162255341522e-13
5.633261833258172555e+04 9.384900515611588124e-13
5.634673959670877957e+04 9.176869751323407908e-13
5.636086086088635057e+04 9.252095091578280036e-13
5.637498212498098292e+04 9.626586868679743457e-13
5.638910338908766425e+04 9.224928990686137125e-13
5.640322465322174685e+04 9.526366958295966610e-13
5.641734591728023952e+04 9.647464316899151511e-13
5.643146718147998035e+04 9.329162467321622877e-13
5.644558844559561112e+04 9.634350404963346882e-13
5.645970970970128838e+04 9.670089659099954723e-13
5.647383097378769162e+04 9.176882303524350104e-13
5.648795223801459360e+04 9.456918768525376795e-13
5.650207350208076969e+04 9.355496984901253928e-13
5.651619476621301146e+04 9.341319273935479550e-13
5.653031603030508268e+04 9.609380939236330594e-13
5.654443729439314484e+04 9.389102364877452183e-13
5.655855855859615258e+04 9.598225170647724613e-13
5.657267982270564971e+04 9.231835839255342278e-13
5.658680108680418198e+04 9.014164984642492340e-13
5.660092235089901806e+04 9.266162970785796568e-13
5.661504361498923390e+04 8.624183791576652695e-13
5.662916487920767395e+04 8.789973261639451678e-13
5.664328614330794517e+04 8.417376866880469867e-13
5.665740740739119065e+04 8.217181814031318277e-13
