5.300000000000043656e+04 -9.823282287022424194e-13
5.301412126410634664e+04 -9.643523159107614670e-13
5.302824252817477827e+04 -9.553030954834877830e-13
5.304236379241594841e+04 -9.206565143020679379e-13
5.305648505651809683e+04 -9.407200758562863206e-13
5.307060632058460033e+04 -8.730046991341882787e-13
5.308472758468549728e+04 -8.647522614936425139e-13
5.309884884878839512e+04 -8.714068252238399050e-13
5.311297011300217127e+04 -7.988031471744105922e-13
5.312709137711492076e+04 -7.730939513379188478e-13
5.314121264120224805e+04 -7.645551390632116627e-13
5.315533390528304153e+04 -7.059054894085293192e-13
5.316945516948570003e+04 -7.180815242662213038e-13
5.318357643361645023e+04 -7.004219108826184049e-13
5.319769769770952553e+04 -7.180603459354731446e-13
5.321181896179178875e+04 -7.120415473891093585e-13
5.322594022587648215e+04 -7.011920131252175943e-13
5.324006149012206151e+04 -6.316553518664469193e-13
5.325418275419605197e+04 -6.054401081219544112e-13
5.326830401828715549e+04 -6.125776208454884463e-13
5.328242528237939405e+04 -5.722044553651240173e-13
5.329654654652099998e+04 -5.522946443395238245e-13
5.331066781068191631e+04 -6.201117081938172332e-13
5.332478907479811460e+04 -5.915496147194521215e-13
5.333891033889843675e+04 -5.339196394010880413e-13
5.335303160299145384e+04 -5.162097793896314765e-13
5.336715286717341951e+04 -4.796160116097013773e-13
5.338127413132776564e+04 -4.584879274893450346e-13
5.339539539538014651e+04 -4.702006863619199887e-13
5.340951665950300958e+04 -4.917232688001351198e-13
5.342363792362240929e+04 -5.232239594811611692e-13
5.343775918781430664e+04 -4.724543099103617887e-13
5.345188045188123215e+04 -4.309993885162898637e-13
5.346600171598920133e+04 -4.306346852029640530e-13
5.348012298008010839e+04 -4.130131720516385911e-13
5.349424424422533048e+04 -4.323195044662615852e-13
5.350836550839980919e+04 -4.694988946175185278e-13
5.352248677248974127e+04 -4.794722273543764982e-13
5.353660803658776422e+04 -4.874709921950042600e-13
5.355072930070383882e+04 -4.957346938006783758e-13
5.356485056490496936e+04 -5.438989934280606993e-13
5.357897182898371102e+04 -5.689749675567156184e-13
5.359309309308587399e+04 -5.804233087409783355e-13
5.360721435719374858e+04 -6.025845631927374608e-13
5.362133562132221414e+04 -6.167192302909250571e-13
5.363545688548272301e+04 -6.093776165955725649e-13
5.364957814961094118e+04 -6.107276313654242188e-13
5.366369941367513820e+04 -6.359819602598899932e-13
5.367782067782601371e+04 -6.612346281088070172e-13
5.369194194187498215e+04 -7.502469446128395607e-13
5.370606320610445982e+04 -8.122708006693764112e-13
5.372018447022514010e+04 -8.872501891150901269e-13
5.373430573431614903e+04 -9.192776388658045858e-13
5.374842699840247224e+04 -9.052227019539631729e-13
5.376254826250440237e+04 -9.823803440063384422e-13
5.377666952668964223e+04 -1.026396597636782153e-12
5.379079079078036011e+04 -1.113347348983961878e-12
5.380491205488658306e+04 -1.124622110908366890e-12
5.381903331898379838e+04 -1.159708376037342229e-12
5.383315458317639423e+04 -1.202336203219616692e-12
5.384727584728228248e+04 -1.207106726035997694e-12
5.386139711141220323e+04 -1.246774777680862757e-12
5.387551837552412326e+04 -1.276760179559923806e-12
5.388963963962041453e+04 -1.312182391151160213e-12
5.390376090379030211e+04 -1.320145858773874275e-12
5.391788216791243030e+04 -1.343798732128527065e-12
5.393200343198494375e+04 -1.313688544202606530e-12
5.394612469607709500e+04 -1.302209888937076769e-12
5.396024596018315060e+04 -1.378337267487759544e-12
5.397436722437609569e+04 -1.343526320658510779e-12
5.398848848852450465e+04 -1.347394480480463273e-12
5.400260975258254621e+04 -1.461845917196274448e-12
5.401673101669173047e+04 -1.451154597520913412e-12
5.403085228091976751e+04 -1.482859389173758221e-12
5.404497354501477821e+04 -1.429685168540262436e-12
5.405909480908319529e+04 -1.478144926644651765e-12
5.407321607320861949e+04 -1.467326121723414156e-12
5.408733733729548840e+04 -1.479620765614830937e-12
5.410145860151798115e+04 -1.482197047261142589e-12
5.411557986560798599e+04 -1.455170590396716110e-12
5.412970112968581088e+04 -1.465122329541438708e-12
5.414382239380625106e+04 -1.468211043739579723e-12
5.415794365788649156e+04 -1.441907556950302966e-12
5.417206492212540616e+04 -1.448229911570724509e-12
5.418618618621626956e+04 -1.479643604991128049e-12
5.420030745032043342e+04 -1.429588827898427435e-12
5.421442871437306167e+04 -1.443674078891535993e-12
5.422854997850756627e+04 -1.455358288543739558e-12
5.424267124269466876e+04 -1.486503723107999142e-12
5.425679250680393307e+04 -1.472193815704404787e-12
5.427091377088808804e+04 -1.465648880980433511e-12
5.428503503500516672e+04 -1.457606513694147591e-12
5.429915629917856131e+04 -1.469933132712380166e-12
5.431327756328204123e+04 -1.471580889896868293e-12
5.432739882738994493e+04 -1.499388038169267889e-12
5.434152009152788378e+04 -1.486733362655131695e-12
5.435564135562417505e+04 -1.502335563495754106e-12
5.436976261980411073e+04 -1.487143225644317663e-12
5.438388388392631896e+04 -1.499250171388710996e-12
5.439800514802136604e+04 -1.468983014658421169e-12
5.441212641209871072e+04 -1.441689959983399788e-12
5.442624767619449995e+04 -1.348165620876530494e-12
5.444036894039831532e+04 -1.352355608273578212e-12
5.445449020450835087e+04 -1.332305957975831865e-12
5.446861146860625013e+04 -1.334669625791886892e-12
5.448273273267529294e+04 -1.346351343875767180e-12
5.449685399687560130e+04 -1.309223653767219047e-12
5.451097526102871780e+04 -1.304638337529538014e-12
5.452509652512342291e+04 -1.257378269572826858e-12
5.453921778922889644e+04 -1.260342820616189004e-12
5.455333905332246650e+04 -1.264982536095595932e-12
5.456746031752356794e+04 -1.218411386780282436e-12
5.458158158157207072e+04 -1.172997986212537603e-12
5.459570284568007628e+04 -1.208500343251507305e-12
5.460982410982376314e+04 -1.150168576188741865e-12
5.462394537392172788e+04 -1.068859566048330078e-12
5.463806663811143517e+04 -1.062251926854888650e-12
5.465218790222796088e+04 -9.659847862854325177e-13
5.466630916628387786e+04 -9.001970010151355218e-13
5.468043043039072654e+04 -9.155056120549934864e-13
5.469455169460137404e+04 -8.915151311925310801e-13
5.470867295870071393e+04 -8.446616041339080876e-13
5.472279422281552252e+04 -7.581834202453843826e-13
5.473691548687640898e+04 -7.093677831321478706e-13
5.475103675098239910e+04 -6.399551812128090595e-13
5.476515801517333603e+04 -5.877451975204379135e-13
5.477927927930260194e+04 -5.133357553286832506e-13
5.479340054339198832e+04 -4.495221226932290988e-13
5.480752180750540720e+04 -3.946357793602262834e-13
5.482164307162471960e+04 -2.724073273845626032e-13
5.483576433582197205e+04 -2.570036214870312760e-13
5.484988559992343653e+04 -1.593806524883025347e-13
5.486400686401215353e+04 -4.580292573120179462e-14
5.487812812812817720e+04 4.320369490389931308e-15
5.489224939217232168e+04 1.210706932458499559e-13
5.490637065640625951e+04 2.407760170327661153e-13
5.492049192052309809e+04 3.194082522711588680e-13
5.493461318461620249e+04 3.849539401527068237e-13
5.494873444871099491e+04 5.124856953045546024e-13
5.496285571287474886e+04 5.929409280328422918e-13
5.497697697699168930e+04 6.265920498075861278e-13
5.499109824110713089e+04 7.710349096925730387e-13
5.500521950518844824e+04 8.565372293211302458e-13
5.501934076928839931e+04 9.070595907358402232e-13
5.503346203347265691e+04 9.684460205629946172e-13
5.504758329757206957e+04 9.671911006508163259e-13
5.506170456170741090e+04 1.017473440983713226e-12
5.507582582578182337e+04 1.019600409809053082e-12
5.508994708992697997e+04 1.055382653023008902e-12
5.510406835411988868e+04 1.064049988697060692e-12
5.511818961819064862e+04 1.069533930576685316e-12
5.513231088228864246e+04 1.083793176091038894e-12
5.514643214640534279e+04 1.072790410375262956e-12
5.516055341061737272e+04 1.049196088876208391e-12
5.517467467468241375e+04 1.048984305568726193e-12
5.518879593877541629e+04 1.038051303766003229e-12
5.520291720287394855e+04 1.024196522842801851e-12
5.521703846698033885e+04 1.016025839787865135e-12
5.523115973118325928e+04 1.070828715582036649e-12
5.524528099531396583e+04 1.049790743182707114e-12
5.525940225938092044e+04 1.064103142154624747e-12
5.527352352350074216e+04 1.059637421196463039e-12
5.528764478757374309e+04 1.034354646896972678e-12
5.530176605179251783e+04 1.011207977173340856e-12
5.531588731588410155e+04 9.880837315646189331e-13
5.533000858000027074e+04 1.028015266559675206e-12
5.534412984411880461e+04 1.046828268446281033e-12
5.535825110829727055e+04 1.043494550029680386e-12
5.537237237241221737e+04 1.056242244094553878e-12
5.538649363652423926e+04 1.097790806931443921e-12
5.540061490061460063e+04 1.093133235212386637e-12
5.541473616468551336e+04 1.125248720377191638e-12
5.542885742890743131e+04 1.161995200532271895e-12
5.544297869300102320e+04 1.172922388675573879e-12
5.545709995712189266e+04 1.210383118416672185e-12
5.547122122122091969e+04 1.246444417282839698e-12
5.548534248531059711e+04 1.241576723301849269e-12
5.549946374951321923e+04 1.230520804128509276e-12
5.551358501358841022e+04 1.149024926363848670e-12
5.552770627768128179e+04 1.174798539623032921e-12
5.554182754179007316e+04 1.162019285692730645e-12
5.555594880590646062e+04 1.185625234510627574e-12
5.557007007008173969e+04 1.177125664437012611e-12
5.558419133417253033e+04 1.147070706275592397e-12
5.559831259831031639e+04 1.104685807004841501e-12
5.561243386242107226e+04 1.061057615140754678e-12
5.562655512661404646e+04 1.075297758631296261e-12
5.564067639071608573e+04 1.076829242627362766e-12
5.565479765479244816e+04 1.077885667596450075e-12
5.566891891892292188e+04 1.026806025400091138e-12
5.568304018302490294e+04 1.092448053923474095e-12
5.569716144721183082e+04 1.118794727897021596e-12
5.571128271127981134e+04 1.137941599938952224e-12
5.572540397542202118e+04 1.099380427521721439e-12
5.573952523950241448e+04 1.082492577426266581e-12
5.575364650361318490e+04 1.090569411407691574e-12
5.576776776777973282e+04 1.114032510308384852e-12
5.578188903188460972e+04 1.083993332079678929e-12
5.579601029597340676e+04 1.104972337362023227e-12
5.581013156009089289e+04 1.073238892673460528e-12
5.582425282430182415e+04 1.094624023592505877e-12
5.583837408839638374e+04 1.090274575822765590e-12
5.585249535249254404e+04 1.120806254056714255e-12
5.586661661661869584e+04 1.108123340768247182e-12
5.588073788069764851e+04 1.113677877083699206e-12
5.589485914491036237e+04 1.105184951192279851e-12
5.590898040899922489e+04 1.138759664871775105e-12
5.592310167310222459e+04 1.183193463827068424e-12
5.593722293720839662e+04 1.166836317784480498e-12
5.595134420128406055e+04 1.200226655408050209e-12
5.596546546549413324e+04 1.185153497574745879e-12
5.597958672958589887e+04 1.129295027334261482e-12
5.599370799369709857e+04 1.165287392810150649e-12
5.600782925777998025e+04 1.151999028419116914e-12
5.602195052201193903e+04 1.120132700086643673e-12
5.603607178612046118e+04 1.157464698797703970e-12
5.605019305022476328e+04 1.120757253213022329e-12
5.606431431428137876e+04 1.065827307434361455e-12
5.607843557837762637e+04 1.018667732733357429e-12
5.609255684259671398e+04 1.015755919886172125e-12
5.610667810670163453e+04 9.845814170248072367e-13
5.612079937077458453e+04 1.000609676048717119e-12
5.613492063490411238e+04 9.895363158971139830e-13
5.614904189897669130e+04 9.985092839521592904e-13
5.616316316318312602e+04 9.530232126416511952e-13
5.617728442727353831e+04 9.656878544290807001e-13
5.619140569138764113e+04 9.727680610811782487e-13
5.620552695549636701e+04 9.877490308865199084e-13
5.621964821961038979e+04 1.021724056543295235e-12
5.623376948378969973e+04 1.034477564267589707e-12
5.624789074791160238e+04 1.080843159196229400e-12
5.626201201201345975e+04 1.074222231638396958e-12
5.627613327611188288e+04 1.028298474825759027e-12
5.629025454031689878e+04 1.036315511167424559e-12
5.630437580441642785e+04 1.030530920043452769e-12
5.631849706848966161e+04 1.005965717421078160e-12
5.633261833258433762e+04 1.013667155108456661e-12
5.634673959668769385e+04 1.059151565373415905e-12
5.636086086088397860e+04 1.039221510355188681e-12
5.637498212502137176e+04 1.007076126370503950e-12
5.638910338910370047e+04 1.003283959382412623e-12
5.640322465322310018e+04 9.892140730606313444e-13
5.641734591732290573e+04 1.035514887212864820e-12
5.643146718151652021e+04 1.015451948550727257e-12
5.644558844559617137e+04 9.855813664452325859e-13
5.645970970967737230e+04 1.019062231051216319e-12
5.647383097382693086e+04 9.999444273063909959e-13
5.648795223801993416e+04 1.007414979662475305e-12
5.650207350210654113e+04 1.046618976707122314e-12
5.651619476622601360e+04 1.038942454702976989e-12
5.653031603027277015e+04 1.021691666155092025e-12
5.654443729439949675e+04 1.017439389549961165e-12
5.655855855861404416e+04 9.956747097229969937e-13
5.657267982270201173e+04 1.035814705934437560e-12
5.658680108678989200e+04 1.049730945542947451e-12
5.660092235090713075e+04 1.075142450872476023e-12
5.661504361502381653e+04 1.118514841722035478e-12
5.662916487918012717e+04 1.081037501525448254e-12
5.664328614330147684e+04 1.101563041372948627e-12
5.665740740738643944e+04 1.111704554971630737e-12
