5.299999999999564898e+04 -5.334035868599514114e-13
5.301412126405546587e+04 -5.371960702700254837e-13
5.302824252826123120e+04 -5.549939204001452306e-13
5.304236379244428099e+04 -5.460473174774498237e-13
5.305648505651402229e+04 -5.010214660854771265e-13
5.307060632059225463e+04 -5.098538829417741966e-13
5.308472758466162486e+04 -4.465086239937584094e-13
5.309884884886485088e+04 -3.651856708049404567e-13
5.311297011291898525e+04 -2.839542185483529441e-13
5.312709137715035467e+04 -2.821484903174249773e-13
5.314121264124935988e+04 -3.176388969148832089e-13
5.315533390528520977e+04 -3.198422697788143943e-13
5.316945516955493804e+04 -3.044616643245601466e-13
5.318357643356584595e+04 -2.732138002584825581e-13
5.319769769767195248e+04 -2.383123200212387687e-13
5.321181896175440488e+04 -2.095806893473004412e-13
5.322594022591856628e+04 -1.527385866824876222e-13
5.324006149007657950e+04 -7.262060698902558980e-14
5.325418275428420748e+04 -6.622170938576014787e-14
5.326830401829482435e+04 -1.213705801181351527e-13
5.328242528239597596e+04 -9.404855383323890262e-14
5.329654654656528874e+04 -7.887714164602300127e-14
5.331066781071516743e+04 -6.553388935871676285e-14
5.332478907484221418e+04 -4.558263068950211949e-14
5.333891033893200802e+04 -3.176404668961192827e-14
5.335303160298315197e+04 2.303090215438515233e-14
5.336715286718214338e+04 1.716284513948888923e-14
5.338127413129310298e+04 -9.925993174072182444e-15
5.339539539531605260e+04 5.215540386698603179e-14
5.340951665951361792e+04 8.941985554709296701e-14
5.342363792355924670e+04 7.793923442502420081e-14
5.343775918781287328e+04 1.074037174407601352e-13
5.345188045191896526e+04 1.351250358823701720e-13
5.346600171596471773e+04 1.331267163541021613e-13
5.348012298017994181e+04 1.241466137826261563e-13
5.349424424416777038e+04 1.300433968519622689e-13
5.350836550833846559e+04 1.527374867898092793e-13
5.352248677252924244e+04 1.318448584189219639e-13
5.353660803664801642e+04 1.581400127459892998e-13
5.355072930077825731e+04 1.729829340518460595e-13
5.356485056484553206e+04 1.550017757868320667e-13
5.357897182890793192e+04 2.378477167913340900e-13
5.359309309301152825e+04 1.933179390130188322e-13
5.360721435728370852e+04 1.576079048316889545e-13
5.362133562134844396e+04 1.317769297490112734e-13
5.363545688553107902e+04 1.186886634390563436e-13
5.364957814964282443e+04 1.337086724216951814e-13
5.366369941377737996e+04 4.132838497181906074e-14
5.367782067774645839e+04 8.333976795799108574e-15
5.369194194182373030e+04 1.646311224869251965e-14
5.370606320606425288e+04 -2.545056685410730083e-14
5.372018447015668789e+04 -9.808490243561822905e-14
5.373430573437006387e+04 -1.564055520201287567e-13
5.374842699845620518e+04 -2.372575668929241413e-13
5.376254826257353852e+04 -2.386425006705061323e-13
5.377666952667453006e+04 -2.609447334304355251e-13
5.379079079088607978e+04 -3.079040595071980440e-13
5.380491205495426402e+04 -3.203542694550068677e-13
5.381903331893651921e+04 -3.416250678837551572e-13
5.383315458320505422e+04 -4.295430162415882030e-13
5.384727584731114621e+04 -4.495241838027784538e-13
5.386139711136439291e+04 -5.069607468177051407e-13
5.387551837556483952e+04 -5.506676076247143475e-13
5.388963963967710151e+04 -5.996816914778796480e-13
5.390376090375379863e+04 -6.411262910093559490e-13
5.391788216789707803e+04 -6.488086518273144396e-13
5.393200343205445097e+04 -6.221164020418139777e-13
5.394612469608927495e+04 -6.572500563896480032e-13
5.396024596011541871e+04 -6.539002604883808826e-13
5.397436722432325041e+04 -6.504294772048847448e-13
5.398848848852523952e+04 -6.429140654562589499e-13
5.400260975265878369e+04 -6.756401384884526758e-13
5.401673101669389871e+04 -6.426504616625757143e-13
5.403085228080652450e+04 -6.035194923510424493e-13
5.404497354491346778e+04 -6.037621430226636515e-13
5.405909480917291512e+04 -5.877438191598449320e-13
5.407321607318439783e+04 -5.674429475104183343e-13
5.408733733728367224e+04 -5.216137382106773654e-13
5.410145860148266365e+04 -4.941962400389662703e-13
5.411557986562197766e+04 -4.302560982988595471e-13
5.412970112972703646e+04 -3.726647525435393527e-13
5.414382239372602635e+04 -3.256682515727958492e-13
5.415794365794015175e+04 -2.915099312615898662e-13
5.417206492213043384e+04 -2.487405536900644486e-13
5.418618618621096539e+04 -2.540869793516913326e-13
5.420030745036192093e+04 -2.544742741562567104e-13
5.421442871441504394e+04 -1.734559861212919239e-13
5.422854997843040474e+04 -1.192827028907311495e-13
5.424267124266925384e+04 -6.049297373489710557e-14
5.425679250672681519e+04 -2.499770905470274524e-14
5.427091377084879787e+04 5.772661898786946955e-16
5.428503503500371153e+04 -3.265941940590411921e-15
5.429915629926800466e+04 1.351855799009471348e-15
5.431327756324029906e+04 -1.714839916741154946e-14
5.432739882740697067e+04 -2.007913262743864246e-14
5.434152009144134354e+04 -3.449150107027943611e-14
5.435564135556892143e+04 -4.143982670890455552e-14
5.436976261973896908e+04 -4.456116598897953092e-14
5.438388388384084101e+04 -3.158983161827383006e-14
5.439800514806017600e+04 -3.196090465092025031e-14
5.441212641203549720e+04 -3.710117862774359765e-14
5.442624767611236894e+04 -6.944130866969846398e-14
5.444036894037960883e+04 -9.404297759914174735e-14
5.445449020457001461e+04 -1.155516953493682453e-13
5.446861146852358070e+04 -1.471314298326214446e-13
5.448273273274696112e+04 -1.572815277037530839e-13
5.449685399694085208e+04 -1.932168079472494925e-13
5.451097526106656733e+04 -1.942036324056534547e-13
5.452509652504094993e+04 -2.386127607553213547e-13
5.453921778927733976e+04 -2.858823282200341572e-13
5.455333905335816962e+04 -2.709792511766445231e-13
5.456746031747000234e+04 -2.927116941979201597e-13
5.458158158166354406e+04 -3.677664533311739390e-13
5.459570284576717677e+04 -3.558961717294683044e-13
5.460982410986627656e+04 -4.121742298665153018e-13
5.462394537386339653e+04 -4.202168492025075175e-13
5.463806663804334676e+04 -4.449949299015696103e-13
5.465218790210514271e+04 -4.797534557737774462e-13
5.466630916622449149e+04 -4.810113190046608005e-13
5.468043043030765693e+04 -4.754675284513531241e-13
5.469455169452175323e+04 -5.196867268881364892e-13
5.470867295862836909e+04 -5.185147038669909733e-13
5.472279422271647491e+04 -5.541667790090686753e-13
5.473691548680566484e+04 -5.444803534519541637e-13
5.475103675092758931e+04 -5.787184308084284162e-13
5.476515801513042243e+04 -5.535882024772920739e-13
5.477927927938266657e+04 -5.467135507194656111e-13
5.479340054338056507e+04 -5.484756406941636984e-13
5.480752180752719869e+04 -5.475455924374761162e-13
5.482164307161961187e+04 -5.251892871044834683e-13
5.483576433576145791e+04 -4.869640333917592072e-13
5.484988559997931588e+04 -4.407157616507782267e-13
5.486400686393507203e+04 -4.420168829401121850e-13
5.487812812803779525e+04 -4.541818600650124710e-13
5.489224939226591232e+04 -3.924161116692108580e-13
5.490637065630691359e+04 -3.673859175982414491e-13
5.492049192043804942e+04 -3.101210350027904896e-13
5.493461318464986834e+04 -2.478584948419705020e-13
5.494873444877181464e+04 -2.253007691743172987e-13
5.496285571294094552e+04 -1.298187437521016294e-13
5.497697697697735566e+04 -5.612323392422479500e-14
5.499109824102315906e+04 1.212716779618472610e-14
5.500521950524055137e+04 1.124757247940911578e-13
5.501934076938091312e+04 1.014523548679883288e-13
5.503346203354475438e+04 2.013859048676344534e-13
5.504758329768056137e+04 2.972565769087421135e-13
5.506170456174926949e+04 3.554258232886755902e-13
5.507582582588357036e+04 4.225663854469623276e-13
5.508994708986898331e+04 4.771066862671897655e-13
5.510406835410873464e+04 4.848971922312746651e-13
5.511818961819478136e+04 4.674020112166663959e-13
5.513231088234989147e+04 5.187013371889165423e-13
5.514643214648491266e+04 5.612267122744940691e-13
5.516055341054032760e+04 5.712524432275803228e-13
5.517467467462664354e+04 6.425099559174687799e-13
5.518879593878945161e+04 6.502700460592055828e-13
5.520291720283044560e+04 6.414595961857155499e-13
5.521703846704345779e+04 6.143313862798928059e-13
5.523115973123381991e+04 6.327964940738227165e-13
5.524528099533379282e+04 6.032620546666862102e-13
5.525940225930487941e+04 5.938966850121346837e-13
5.527352352351770969e+04 5.973471910807320567e-13
5.528764478766688262e+04 5.864921220382885742e-13
5.530176605185594235e+04 5.869206471798146997e-13
5.531588731594632554e+04 5.768435472823184168e-13
5.533000857994829857e+04 6.197291808859297191e-13
5.534412984418432461e+04 6.257082556523965100e-13
5.535825110822128045e+04 5.808266681955886118e-13
5.537237237242925767e+04 5.808097705165062910e-13
5.538649363646488928e+04 5.688063352036324004e-13
5.540061490065600083e+04 5.799364984615351896e-13
5.541473616472295544e+04 5.531705747952360270e-13
5.542885742895435396e+04 5.428251397539135273e-13
5.544297869301066385e+04 5.016400885731406484e-13
5.545709995701596199e+04 4.937056143832748922e-13
5.547122122114447848e+04 4.900029949427702537e-13
5.548534248521672271e+04 4.884578711674883540e-13
5.549946374950082827e+04 4.784902682304451183e-13
5.551358501359289221e+04 4.004432680853048692e-13
5.552770627761755895e+04 4.303278274030257687e-13
5.554182754186290549e+04 3.841741826649053708e-13
5.555594880594300776e+04 3.589696045458070591e-13
5.557007007004579646e+04 3.133377601377468322e-13
5.558419133413998497e+04 2.719641308584160566e-13
5.559831259825004236e+04 2.357111742481731826e-13
5.561243386239738902e+04 2.348973820235715355e-13
5.562655512667136645e+04 1.412071864912386807e-13
5.564067639063594106e+04 8.246950218697797238e-14
5.565479765475044405e+04 8.690886043546920169e-14
5.566891891889250110e+04 6.751573210634157777e-14
5.568304018306958460e+04 2.080649167999650918e-14
5.569716144724652986e+04 1.319442520702023746e-14
5.571128271123140439e+04 2.577711295883397281e-14
5.572540397539961123e+04 5.342306775173714052e-14
5.573952523954157368e+04 5.619158349257454107e-14
5.575364650350837474e+04 5.382455660673162594e-14
5.576776776777189662e+04 4.321822140037896499e-14
5.578188903182170907e+04 7.542654954549220088e-14
5.579601029598368768e+04 9.921442625033387503e-14
5.581013156011874526e+04 6.741569784617460650e-14
5.582425282433866960e+04 9.519007500010294489e-14
5.583837408846858307e+04 9.527118385969778954e-14
5.585249535245474544e+04 8.465268232440590252e-14
5.586661661664829444e+04 9.562941465624169620e-14
5.588073788074162439e+04 1.122959334886559043e-13
5.589485914483242959e+04 9.569970900122388984e-14
5.590898040898716863e+04 9.962267417696126101e-14
5.592310167318314780e+04 9.365171029645403411e-14
5.593722293714369880e+04 8.493250789000812728e-14
5.595134420134921675e+04 5.132640373121037421e-14
5.596546546543857403e+04 3.798805177083799722e-14
5.597958672959071555e+04 4.623682279163380636e-14
5.599370799372229521e+04 2.220697132233417964e-14
5.600782925785152474e+04 2.194877478595725373e-14
5.602195052195982134e+04 3.775283607801294522e-14
5.603607178604896035e+04 3.607388268439963452e-14
5.605019305027344672e+04 2.883897240853939610e-14
5.606431431425316987e+04 2.169868913553981291e-14
5.607843557834023522e+04 3.730673735024129335e-14
5.609255684260279668e+04 5.234026447614595123e-14
5.610667810674230714e+04 6.037274520468883500e-14
5.612079937086524296e+04 7.735018133221663320e-14
5.613492063492848683e+04 1.167096072649420938e-13
5.614904189908457920e+04 1.098072433134207222e-13
5.616316316323800856e+04 1.386603682999605058e-13
5.617728442729996459e+04 1.724300419922745232e-13
5.619140569132181554e+04 1.660210902699551453e-13
5.620552695543991285e+04 1.985998155405515202e-13
5.621964821961834241e+04 1.735723250982352867e-13
5.623376948388262099e+04 1.131556874003612803e-13
5.624789074780643568e+04 1.709646752622609941e-13
5.626201201201377989e+04 1.969100476323255459e-13
5.627613327609163389e+04 1.986430735990020990e-13
5.629025454024651117e+04 1.989891380666067796e-13
5.630437580448694644e+04 2.082598807182976224e-13
5.631849706857001729e+04 1.699967762044291586e-13
5.633261833266309986e+04 1.950526547476035820e-13
5.634673959669782198e+04 2.235867515530703251e-13
5.636086086098331725e+04 2.337618579892437357e-13
5.637498212492153834e+04 2.136401017380890724e-13
5.638910338903171214e+04 2.443262869514723803e-13
5.640322465312406712e+04 2.562614556408539209e-13
5.641734591733467096e+04 2.472151141673754727e-13
5.643146718148185028e+04 2.584689684361603032e-13
5.644558844566214248e+04 2.825704660647687175e-13
5.645970970973517251e+04 3.001751440398299835e-13
5.647383097383052518e+04 3.361131279119795423e-13
5.648795223807453294e+04 3.773421130583661928e-13
5.650207350212262827e+04 3.982546806905706135e-13
5.651619476623424271e+04 4.093692980837176191e-13
5.653031603024285869e+04 4.463049209288837910e-13
5.654443729438912851e+04 4.850208832421568578e-13
5.655855855858433642e+04 5.428866473057728884e-13
5.657267982275497343e+04 5.681452979979344045e-13
5.658680108687852044e+04 5.638749165402658661e-13
5.660092235091744078e+04 5.991586222783502664e-13
5.661504361504193366e+04 5.779878581097690113e-13
5.662916487923364912e+04 6.019595815630256137e-13
5.664328614332203142e+04 6.180745601501948731e-13
5.665740740734439169e+04 6.699382686037923746e-13
