5.299999999999982538e+04 9.694390249470141942e-13
5.301412126410265046e+04 9.050890866653716438e-13
5.302824252820134279e+04 8.651100036591673681e-13
5.304236379241572286e+04 8.742120778819412326e-13
5.305648505650378502e+04 8.452424313976893331e-13
5.307060632061952492e+04 7.909627687441587206e-13
5.308472758468126995e+04 7.595925608649003727e-13
5.309884884881717153e+04 7.549312097031257334e-13
5.311297011300224403e+04 6.753472610093413523e-13
5.312709137711247604e+04 7.037584556468291664e-13
5.314121264119070838e+04 6.353953689160253584e-13
5.315533390530862380e+04 6.235349629005876640e-13
5.316945516949787998e+04 5.932674059255741219e-13
5.318357643361949886e+04 5.724641725009574693e-13
5.319769769770211860e+04 5.748809088171353291e-13
5.321181896179467003e+04 5.734135605871080929e-13
5.322594022590985696e+04 5.344127067120352910e-13
5.324006149010363151e+04 5.154084255347778414e-13
5.325418275420903228e+04 4.999595443508649879e-13
5.326830401829870971e+04 5.207516439171866285e-13
5.328242528238261002e+04 4.719863600507017592e-13
5.329654654651084275e+04 4.661651292277128757e-13
5.331066781069689023e+04 4.640571670793663037e-13
5.332478907479935879e+04 3.775443318621112309e-13
5.333891033890442486e+04 3.448160108706911890e-13
5.335303160299336741e+04 3.529660314093187428e-13
5.336715286720012955e+04 3.259029946914778651e-13
5.338127413131258072e+04 3.212370376664997935e-13
5.339539539538062672e+04 2.602989288194865330e-13
5.340951665948436130e+04 1.872442082830111502e-13
5.342363792360121442e+04 2.172771926344009401e-13
5.343775918778529012e+04 2.631723346589590409e-13
5.345188045190974663e+04 2.536451610224861620e-13
5.346600171598400630e+04 3.161388910998204222e-13
5.348012298010958330e+04 3.752285618700163735e-13
5.349424424418683338e+04 3.846911083550827038e-13
5.350836550839451957e+04 3.718773793231197495e-13
5.352248677250090986e+04 3.381346804277486148e-13
5.353660803661156388e+04 3.796205244343455357e-13
5.355072930069363065e+04 4.154545753572191161e-13
5.356485056491655996e+04 4.404113181921256886e-13
5.357897182900114421e+04 5.222834016987840307e-13
5.359309309309722448e+04 6.103095712448224738e-13
5.360721435721345915e+04 6.417236617577519237e-13
5.362133562128619087e+04 7.287626533793874556e-13
5.363545688551120111e+04 8.193895761699071901e-13
5.364957814959048119e+04 8.708858830495895668e-13
5.366369941371257300e+04 9.216420603524455399e-13
5.367782067778577766e+04 9.996999088603784672e-13
5.369194194188985421e+04 1.081319431490271891e-12
5.370606320608285750e+04 1.106169550405349463e-12
5.372018447019219457e+04 1.176984370759349740e-12
5.373430573429533251e+04 1.176214937737890072e-12
5.374842699838936824e+04 1.212930848264356010e-12
5.376254826250792394e+04 1.297615554722856303e-12
5.377666952669125749e+04 1.288920265260885815e-12
5.379079079081921373e+04 1.293234689750182907e-12
5.380491205489953427e+04 1.319360741572547173e-12
5.381903331898168108e+04 1.348565613479932023e-12
5.383315458321812184e+04 1.344109966696820587e-12
5.384727584731942625e+04 1.332006193397705191e-12
5.386139711138939310e+04 1.294606874318430728e-12
5.387551837549979246e+04 1.272142374942927797e-12
5.388963963959895045e+04 1.248526772432944821e-12
5.390376090378265508e+04 1.240572337880588678e-12
5.391788216791555897e+04 1.199195438858742274e-12
5.393200343198405608e+04 1.156207648248132673e-12
5.394612469610371045e+04 1.172121812282197341e-12
5.396024596020654280e+04 1.157308485820407725e-12
5.397436722440393351e+04 1.173859709642130610e-12
5.398848848850386275e+04 1.174002600201357220e-12
5.400260975261803833e+04 1.114455824708193755e-12
5.401673101669124298e+04 1.104700533909909960e-12
5.403085228088773874e+04 1.117590567951165482e-12
5.404497354498111963e+04 1.101562018936440934e-12
5.405909480908087426e+04 1.187039876798567005e-12
5.407321607319470786e+04 1.219873371044240215e-12
5.408733733731173561e+04 1.182834397294020429e-12
5.410145860150843509e+04 1.239230907422550005e-12
5.411557986559346318e+04 1.240721756434906767e-12
5.412970112970045739e+04 1.189443339524725424e-12
5.414382239381658292e+04 1.180886298492138514e-12
5.415794365789704170e+04 1.177760839508852648e-12
5.417206492209340649e+04 1.223293895405664960e-12
5.418618618618595792e+04 1.186835478018922098e-12
5.420030745030512480e+04 1.121562345231433887e-12
5.421442871441900206e+04 1.066442420809700153e-12
5.422854997850830841e+04 1.096170040057362134e-12
5.424267124268633779e+04 1.073047156110235084e-12
5.425679250678261451e+04 1.026625567548181195e-12
5.427091377091456525e+04 1.024038305493555829e-12
5.428503503498190548e+04 1.006724539311858928e-12
5.429915629921678919e+04 1.021816901297173499e-12
5.431327756330648117e+04 1.026091722616248348e-12
5.432739882738016604e+04 1.022234692983033997e-12
5.434152009148026991e+04 9.695288211461626362e-13
5.435564135561644798e+04 9.381694932587235205e-13
5.436976261979075935e+04 8.927025877121723342e-13
5.438388388390270848e+04 8.830656712248823030e-13
5.439800514801369718e+04 8.556093590694137738e-13
5.441212641210187576e+04 8.106957373735125855e-13
5.442624767619133490e+04 7.816393410878216008e-13
5.444036894041267806e+04 7.389580035801219746e-13
5.445449020449523960e+04 6.802212797445435394e-13
5.446861146861415909e+04 6.165873990578272617e-13
5.448273273270198843e+04 5.746366167341530015e-13
5.449685399688562757e+04 5.733535030322655795e-13
5.451097526098814706e+04 5.921761790127395049e-13
5.452509652509006992e+04 5.666454803427263831e-13
5.453921778921249643e+04 5.369944562374721967e-13
5.455333905331870483e+04 4.734423930892369979e-13
5.456746031751654664e+04 4.400789707086860306e-13
5.458158158161066240e+04 4.412934679288331216e-13
5.459570284569684736e+04 3.831792246918752177e-13
5.460982410981076828e+04 3.187956400355315999e-13
5.462394537388992467e+04 2.717057298426586852e-13
5.463806663811966428e+04 2.781336290094907606e-13
5.465218790218975482e+04 2.365914991785487766e-13
5.466630916630410502e+04 1.912316527514993819e-13
5.468043043038824544e+04 1.149713239586693964e-13
5.469455169459191529e+04 6.497021808807168632e-14
5.470867295868221117e+04 -4.745868158738682686e-15
5.472279422281884763e+04 -6.361590816074271834e-14
5.473691548690938362e+04 -1.672088073354165840e-13
5.475103675098635722e+04 -1.984470046472676800e-13
5.476515801519354864e+04 -2.382213534074126507e-13
5.477927927928223653e+04 -2.818714453867012067e-13
5.479340054338238406e+04 -3.229479115677779093e-13
5.480752180750879779e+04 -3.729752744852994763e-13
5.482164307158099109e+04 -4.053235210958325641e-13
5.483576433581292804e+04 -4.617610850601602681e-13
5.484988559989778878e+04 -5.433340413250671036e-13
5.486400686399663391e+04 -5.561412423619384278e-13
5.487812812809504976e+04 -6.315947109614504542e-13
5.489224939219991938e+04 -6.447333890824159563e-13
5.490637065639965294e+04 -6.867068017890743125e-13
5.492049192049656267e+04 -8.113127368972800452e-13
5.493461318458859023e+04 -7.776313286224908246e-13
5.494873444871490210e+04 -8.394144501674683280e-13
5.496285571288911160e+04 -8.865425128649876022e-13
5.497697697701589641e+04 -8.844959138705017384e-13
5.499109824108504836e+04 -9.652277742344993193e-13
5.500521950518256926e+04 -9.628840789300681362e-13
5.501934076929620642e+04 -9.886595048827363509e-13
5.503346203348782001e+04 -9.918926032517542364e-13
5.504758329758683976e+04 -1.012486106700734709e-12
5.506170456169797399e+04 -1.029131913918006453e-12
5.507582582579761220e+04 -1.005897328721534706e-12
5.508994708991272637e+04 -9.859020797560573477e-13
5.510406835409827181e+04 -9.582843085219907897e-13
5.511818961819363903e+04 -9.318321470781631175e-13
5.513231088231757894e+04 -9.044940641671308648e-13
5.514643214640350925e+04 -8.919681471854273185e-13
5.516055341059283819e+04 -8.815808013957220052e-13
5.517467467471461714e+04 -8.391515895651144810e-13
5.518879593879610911e+04 -8.546679085649872597e-13
5.520291720290767989e+04 -8.462877036661030539e-13
5.521703846701157454e+04 -7.770174069507681614e-13
5.523115973120791023e+04 -7.353289049632173945e-13
5.524528099528847815e+04 -7.151679899889717416e-13
5.525940225939953962e+04 -7.242419031662533508e-13
5.527352352348151908e+04 -6.970915363807430343e-13
5.528764478761638748e+04 -6.325077598749246745e-13
5.530176605180268962e+04 -6.209024352676899461e-13
5.531588731591582473e+04 -5.583578593619202389e-13
5.533000858000620065e+04 -5.448565148469786452e-13
5.534412984411582147e+04 -5.334049607907898604e-13
5.535825110831483471e+04 -5.490498087606876932e-13
5.537237237241733965e+04 -5.082628954285615607e-13
5.538649363648152212e+04 -4.662790379297567376e-13
5.540061490060752840e+04 -3.849716985317979289e-13
5.541473616471663263e+04 -3.848446202273487084e-13
5.542885742888656387e+04 -3.692633114096754606e-13
5.544297869300391176e+04 -3.587111700105473830e-13
5.545709995710889780e+04 -3.649649893082709344e-13
5.547122122121360007e+04 -3.575349703616041389e-13
5.548534248528296303e+04 -3.377122055331018322e-13
5.549946374951504549e+04 -3.218458409297633562e-13
5.551358501358196372e+04 -3.488765278052615625e-13
5.552770627770037390e+04 -3.273434282627680382e-13
5.554182754180613847e+04 -2.950252104296561567e-13
5.555594880591623223e+04 -2.655819216348714614e-13
5.557007007009402150e+04 -3.001631777663941039e-13
5.558419133420960134e+04 -2.644960984513070634e-13
5.559831259828215843e+04 -2.458389434130438948e-13
5.561243386239283427e+04 -2.654478801356578959e-13
5.562655512658332736e+04 -3.343907616305112376e-13
5.564067639068894641e+04 -3.618611452420660452e-13
5.565479765481928916e+04 -3.773617970537190223e-13
5.566891891890617990e+04 -3.678509434049750423e-13
5.568304018301791803e+04 -3.814474515816959503e-13
5.569716144719432486e+04 -4.184893266630675041e-13
5.571128271129742643e+04 -4.362331426547413766e-13
5.572540397540562117e+04 -4.663366293531200460e-13
5.573952523950418981e+04 -4.425236637915353024e-13
5.575364650358448853e+04 -4.689272279385700472e-13
5.576776776778965723e+04 -5.416325556710888300e-13
5.578188903191694408e+04 -5.389595592809275982e-13
5.579601029601952905e+04 -6.025860415732067656e-13
5.581013156010052626e+04 -6.279845846092549210e-13
5.582425282428589708e+04 -6.692658847696493463e-13
5.583837408839875570e+04 -6.853485436103550806e-13
5.585249535250873305e+04 -7.429559242950920372e-13
5.586661661661252583e+04 -7.840622741870323072e-13
5.588073788071124000e+04 -7.766261624449467478e-13
5.589485914489992138e+04 -7.678081466752546405e-13
5.590898040899743501e+04 -8.192168333541523007e-13
5.592310167310312681e+04 -8.265307990547467973e-13
5.593722293719612935e+04 -8.460857710179371499e-13
5.595134420131091611e+04 -8.498284882037704149e-13
5.596546546550923813e+04 -8.938715654875713951e-13
5.597958672960612603e+04 -9.598492865452762424e-13
5.599370799371459725e+04 -9.298596770946061465e-13
5.600782925781851372e+04 -9.616542046548165720e-13
5.602195052201232465e+04 -9.387325280230672813e-13
5.603607178608625691e+04 -9.641064097443251028e-13
5.605019305021584296e+04 -9.940252267148912432e-13
5.606431431429467193e+04 -9.627912363332103376e-13
5.607843557838543347e+04 -9.474817822444614690e-13
5.609255684259862755e+04 -9.056796931423174569e-13
5.610667810669730534e+04 -8.913619140412569424e-13
5.612079937080634409e+04 -8.776879403227827090e-13
5.613492063489589054e+04 -8.662006998934266687e-13
5.614904189898518962e+04 -8.775846529337783423e-13
5.616316316321615886e+04 -8.543316442844925630e-13
5.617728442728685332e+04 -8.812870416166013205e-13
5.619140569139388390e+04 -8.512309916825547199e-13
5.620552695551564102e+04 -8.854809157965407223e-13
5.621964821958009270e+04 -8.802953666289131685e-13
5.623376948380918475e+04 -8.907413193078850101e-13
5.624789074789697042e+04 -9.259611584259207001e-13
5.626201201199683419e+04 -9.495890190600200990e-13
5.627613327610983106e+04 -9.518247848456038841e-13
5.629025454030418769e+04 -9.907528153087662909e-13
5.630437580440996680e+04 -1.032849679655934107e-12
5.631849706849258655e+04 -1.049014156035120819e-12
5.633261833259277046e+04 -1.053539942498827265e-12
5.634673959669143369e+04 -1.102695745538345404e-12
5.636086086088880256e+04 -1.140584229049814875e-12
5.637498212501599482e+04 -1.129927639729221521e-12
5.638910338910089922e+04 -1.132685064855900525e-12
5.640322465320959600e+04 -1.108468233997984074e-12
5.641734591729049862e+04 -1.089380666483349963e-12
5.643146718148143555e+04 -1.051021587059057204e-12
5.644558844558565761e+04 -1.049473436756452210e-12
5.645970970968236361e+04 -1.008787779881524105e-12
5.647383097381754487e+04 -9.847264603733444573e-13
5.648795223799238738e+04 -9.677380059470440247e-13
5.650207350210390723e+04 -8.953645904982921851e-13
5.651619476619165653e+04 -8.640125159387325913e-13
5.653031603028547397e+04 -8.055913118659133053e-13
5.654443729439552408e+04 -7.124844037401063534e-13
5.655855855858408904e+04 -6.115514449654106232e-13
5.657267982271307119e+04 -5.675675548371065250e-13
5.658680108679204568e+04 -5.032099370945715367e-13
5.660092235088486632e+04 -4.086999452237499261e-13
5.661504361499592778e+04 -3.223212240389872130e-13
5.662916487921329099e+04 -2.653318268895855466e-13
5.664328614329415723e+04 -2.257599910438368336e-13
5.665740740738591558e+04 -1.381296356001838897e-13
