5.299999999999985448e+04 -1.043175081185260871e-11
5.301412126411789359e+04 -1.040352725281352705e-11
5.302824252818310197e+04 -1.040496738344234744e-11
5.304236379239794769e+04 -1.038292967418732199e-11
5.305648505650540028e+04 -1.028430332538546860e-11
5.307060632059632917e+04 -1.004354903872795023e-11
5.308472758470461849e+04 -1.023994759907338205e-11
5.309884884880170284e+04 -1.021893485964993621e-11
5.311297011302172905e+04 -1.010210555880403860e-11
5.312709137707512127e+04 -1.024473039896106472e-11
5.314121264122003777e+04 -1.023307844460435071e-11
5.315533390529076860e+04 -1.012618365584846628e-11
5.316945516949570447e+04 -9.928829037447013247e-12
5.318357643357758934e+04 -9.955793797809241736e-12
5.319769769770977291e+04 -9.738203035489966038e-12
5.321181896178267198e+04 -9.768952693818650771e-12
5.322594022590139502e+04 -9.706459367692633421e-12
5.324006149011618982e+04 -9.705302284947596049e-12
5.325418275421371072e+04 -9.587906478602281167e-12
5.326830401827659080e+04 -9.610221038546855239e-12
5.328242528242692060e+04 -9.711645958318712888e-12
5.329654654649865552e+04 -9.712058455858927177e-12
5.331066781071539299e+04 -9.711791413125541775e-12
5.332478907479160262e+04 -9.773008219672182546e-12
5.333891033892770065e+04 -9.759966659745430555e-12
5.335303160301635944e+04 -9.782655970683517855e-12
5.336715286720975564e+04 -9.998200941874617456e-12
5.338127413132161018e+04 -9.778675835490427014e-12
5.339539539538787358e+04 -9.780366901269270769e-12
5.340951665948337177e+04 -9.887405044956253839e-12
5.342363792357259808e+04 -9.728450802856824017e-12
5.343775918777673360e+04 -9.662160081942915573e-12
5.345188045187933312e+04 -9.433065688196708468e-12
5.346600171600050089e+04 -9.387381816092115586e-12
5.348012298012711108e+04 -9.200023220774691208e-12
5.349424424418924900e+04 -9.049624589439818294e-12
5.350836550840034761e+04 -9.367873560806217423e-12
5.352248677250600304e+04 -9.357593183818134414e-12
5.353660803660678357e+04 -9.225842575749613112e-12
5.355072930072527379e+04 -9.115173798137781369e-12
5.356485056491673458e+04 -9.032969911624815427e-12
5.357897182900804910e+04 -9.042704116056547238e-12
5.359309309312670666e+04 -9.206052527383721045e-12
5.360721435717946588e+04 -8.816518203849166891e-12
5.362133562131661893e+04 -8.754273994688084308e-12
5.363545688551378407e+04 -8.775018513399076516e-12
5.364957814959956886e+04 -8.680253477553748366e-12
5.366369941372298490e+04 -8.553144004585693357e-12
5.367782067780992656e+04 -8.429563347177705183e-12
5.369194194189758855e+04 -8.459937588698622491e-12
5.370606320607653470e+04 -8.669564802776914798e-12
5.372018447021557222e+04 -8.437437778741263968e-12
5.373430573429573269e+04 -8.523349738498770786e-12
5.374842699837739201e+04 -8.000846366806085884e-12
5.376254826252074417e+04 -7.937296342238336947e-12
5.377666952669345483e+04 -8.024875910626261525e-12
5.379079079078427458e+04 -7.957362140139430295e-12
5.380491205492071458e+04 -7.732533054954069218e-12
5.381903331902244099e+04 -7.585150050036857879e-12
5.383315458318834862e+04 -7.320043914242481219e-12
5.384727584731302341e+04 -7.288442116098288978e-12
5.386139711141186854e+04 -7.396352988626253449e-12
5.387551837551369681e+04 -7.223387351310586968e-12
5.388963963961187255e+04 -6.997843488912508226e-12
5.390376090382364782e+04 -7.074836815486157100e-12
5.391788216791503510e+04 -6.747121604318073585e-12
5.393200343202133081e+04 -6.827101876079866248e-12
5.394612469611362030e+04 -6.725567455471036518e-12
5.396024596018148441e+04 -6.353207452170533528e-12
5.397436722440486483e+04 -6.328149481406292863e-12
5.398848848852259107e+04 -5.974660907663474990e-12
5.400260975261405838e+04 -5.987777243652893502e-12
5.401673101667380251e+04 -5.931392404815962661e-12
5.403085228087186988e+04 -5.630371018824145303e-12
5.404497354497459310e+04 -5.617168024548403871e-12
5.405909480907770921e+04 -5.385181128805529756e-12
5.407321607319458417e+04 -5.189178113345009858e-12
5.408733733729724918e+04 -4.971586326696107716e-12
5.410145860152263049e+04 -4.782050723625472017e-12
5.411557986557939876e+04 -4.646557522404028275e-12
5.412970112967421301e+04 -4.511001632209500023e-12
5.414382239378695522e+04 -4.537974894507619587e-12
5.415794365787287097e+04 -4.628912010542217237e-12
5.417206492208829150e+04 -4.414961920578120144e-12
5.418618618622278882e+04 -4.194817094770463228e-12
5.420030745029725222e+04 -3.957698102737589884e-12
5.421442871438949805e+04 -3.905103693247094688e-12
5.422854997850381187e+04 -3.785967397218502586e-12
5.424267124268494081e+04 -3.677672401080952386e-12
5.425679250679990218e+04 -3.498904346168317298e-12
5.427091377091137110e+04 -3.610171946879253606e-12
5.428503503500812076e+04 -3.327897636828578785e-12
5.429915629920903302e+04 -3.110905083010632030e-12
5.431327756332745776e+04 -2.994381237259078313e-12
5.432739882739332825e+04 -2.671576252584097358e-12
5.434152009152586834e+04 -2.549722410058885346e-12
5.435564135559706483e+04 -2.591163508854392135e-12
5.436976261982481083e+04 -2.320257823585999374e-12
5.438388388387182204e+04 -2.102505012319959013e-12
5.439800514799983648e+04 -2.004199073824981613e-12
5.441212641208484274e+04 -2.064099411936847648e-12
5.442624767619100021e+04 -1.720058844928379955e-12
5.444036894040147308e+04 -1.410022948499751621e-12
5.445449020449331147e+04 -1.296385458767111305e-12
5.446861146859764995e+04 -1.166518490447039037e-12
5.448273273271157086e+04 -1.118428672917922738e-12
5.449685399688300095e+04 -9.458188877141768381e-13
5.451097526099662355e+04 -9.398015657617653974e-13
5.452509652507772989e+04 -9.801818687970386656e-13
5.453921778921263467e+04 -7.200693399272856775e-13
5.455333905327420507e+04 -5.583194974137666036e-13
5.456746031752302952e+04 -3.910042671786347075e-13
5.458158158160613675e+04 -2.299595731793537811e-13
5.459570284568724310e+04 -1.857019776453965886e-13
5.460982410977312975e+04 -1.817017655916450754e-13
5.462394537389260950e+04 -3.547379476021851846e-14
5.463806663810439932e+04 4.365280069162880326e-14
5.465218790222455573e+04 3.537186075453235252e-13
5.466630916631066793e+04 4.150907024631996241e-13
5.468043043040228076e+04 4.593757500311219413e-13
5.469455169462203776e+04 5.020300648351466901e-13
5.470867295872114482e+04 5.582243783617232195e-13
5.472279422278757556e+04 9.297208717878764337e-13
5.473691548688053444e+04 9.014977224806437755e-13
5.475103675100301189e+04 9.383821933697931162e-13
5.476515801517641376e+04 9.331675361119733054e-13
5.477927927932480088e+04 1.031692476280896483e-12
5.479340054340959614e+04 1.220309665409251855e-12
5.480752180751284322e+04 1.077748384905493286e-12
5.482164307162093610e+04 1.271334392181533391e-12
5.483576433578543947e+04 1.402350658341488164e-12
5.484988559992219962e+04 1.691012483071253092e-12
5.486400686402149586e+04 1.743935497505629357e-12
5.487812812810509058e+04 1.722644601372361953e-12
5.489224939218471263e+04 1.865289467173566537e-12
5.490637065638501372e+04 1.876125235684629847e-12
5.492049192052042781e+04 2.339616363050812220e-12
5.493461318460893381e+04 2.402922392301752950e-12
5.494873444869343803e+04 2.488157270176761763e-12
5.496285571287183848e+04 2.620529339029112796e-12
5.497697697698898992e+04 2.557832171307607373e-12
5.499109824109860347e+04 2.804986110950278661e-12
5.500521950522419502e+04 3.009313648411830101e-12
5.501934076929742878e+04 3.171279829342268160e-12
5.503346203351860458e+04 3.105353564909135592e-12
5.504758329757364118e+04 3.050346244552662336e-12
5.506170456167254451e+04 3.163384706320273080e-12
5.507582582580796588e+04 3.460216584143534548e-12
5.508994708990992513e+04 3.459524137316653630e-12
5.510406835412074724e+04 3.462813464610264005e-12
5.511818961822628626e+04 3.549560662744455349e-12
5.513231088228298177e+04 3.699774505014875227e-12
5.514643214640500082e+04 3.923318056520152197e-12
5.516055341060255159e+04 4.010537265745803842e-12
5.517467467467533424e+04 4.175818996808266759e-12
5.518879593877671869e+04 4.328714124306562132e-12
5.520291720287879434e+04 4.338696421373606305e-12
5.521703846699350106e+04 4.546244041446079785e-12
5.523115973118731927e+04 4.414200987269460237e-12
5.524528099530280451e+04 4.694353091201891584e-12
5.525940225937961804e+04 4.873457126231711184e-12
5.527352352350745059e+04 4.901396331366737681e-12
5.528764478759957274e+04 4.887181094555014159e-12
5.530176605177330202e+04 5.287985707227797473e-12
5.531588731592086697e+04 5.327491642494689495e-12
5.533000857998283027e+04 5.450698419589346675e-12
5.534412984409685305e+04 5.699648623663405647e-12
5.535825110830144695e+04 5.560574161205066102e-12
5.537237237241296680e+04 5.465122619644684426e-12
5.538649363651156455e+04 5.394938012092158453e-12
5.540061490060950018e+04 5.529395206330307308e-12
5.541473616471935384e+04 5.708736885833258115e-12
5.542885742887180822e+04 5.707623644396195021e-12
5.544297869302012259e+04 5.917006453425828706e-12
5.545709995709593204e+04 6.027252592634152613e-12
5.547122122117306571e+04 6.348873247396056480e-12
5.548534248527264572e+04 6.168094638294365287e-12
5.549946374951850157e+04 6.275307942347319856e-12
5.551358501362019160e+04 6.311579044656682146e-12
5.552770627771468571e+04 6.376026177110500500e-12
5.554182754182758799e+04 6.340523731752161701e-12
5.555594880588576052e+04 6.465347310727808528e-12
5.557007007007539505e+04 6.384135180158313586e-12
5.558419133419879654e+04 6.496807751383672806e-12
5.559831259828243492e+04 6.241408777718913450e-12
5.561243386237736559e+04 6.625498789293597874e-12
5.562655512661067769e+04 6.724722322267155376e-12
5.564067639070135920e+04 6.923855279331547880e-12
5.565479765479622438e+04 6.817573295774155875e-12
5.566891891889308317e+04 6.853001169935753764e-12
5.568304018297319999e+04 6.972243381647628627e-12
5.569716144719055592e+04 6.937450182122030516e-12
5.571128271129874338e+04 6.943827248638939669e-12
5.572540397537707031e+04 7.067032796538045602e-12
5.573952523950552131e+04 7.033642928599469952e-12
5.575364650357551727e+04 7.036343880956156107e-12
5.576776776780651562e+04 7.176539369756712604e-12
5.578188903187595861e+04 7.057775315114051449e-12
5.579601029601835035e+04 6.922398682603996429e-12
5.581013156007998623e+04 6.955345630412478768e-12
5.582425282430557127e+04 6.828397182061562785e-12
5.583837408841540309e+04 6.784621021451620556e-12
5.585249535251376074e+04 6.734901700354157380e-12
5.586661661659044330e+04 6.885571574173878620e-12
5.588073788068667636e+04 7.038357303268164718e-12
5.589485914490721188e+04 7.051733409250625572e-12
5.590898040901620698e+04 6.992428001785286771e-12
5.592310167307848315e+04 7.099678591436612199e-12
5.593722293717813591e+04 7.140364964164003975e-12
5.595134420129704085e+04 7.148065464557142507e-12
5.596546546550437779e+04 7.228852293466103123e-12
5.597958672958220995e+04 6.976872122359626108e-12
5.599370799371961766e+04 7.333435528772461130e-12
5.600782925780594087e+04 7.362883776311867237e-12
5.602195052201108774e+04 7.339088189378171486e-12
5.603607178609839320e+04 7.384524993177077640e-12
5.605019305018756859e+04 7.404004464800498444e-12
5.606431431429748045e+04 7.245439058226932112e-12
5.607843557838875859e+04 7.186349989178511791e-12
5.609255684260279668e+04 7.265851079541465919e-12
5.610667810667990852e+04 7.072710860518471226e-12
5.612079937079979572e+04 7.161789023148595067e-12
5.613492063490387227e+04 7.099145120567619038e-12
5.614904189902463258e+04 7.060599187025804941e-12
5.616316316321400518e+04 6.838286060266755007e-12
5.617728442731621180e+04 6.839715204960341536e-12
5.619140569138881983e+04 6.980448261948393735e-12
5.620552695550813223e+04 7.131013244414457848e-12
5.621964821961734560e+04 7.017745332810720171e-12
5.623376948378131056e+04 6.970073032036984339e-12
5.624789074791335588e+04 7.140861559166477501e-12
5.626201201200242213e+04 7.090658754485748445e-12
5.627613327609871340e+04 7.325230238739845606e-12
5.629025454032220296e+04 7.256473956417204523e-12
5.630437580441530008e+04 7.079936891429047367e-12
5.631849706847940979e+04 7.170396669858132141e-12
5.633261833259282139e+04 7.253048598149319571e-12
5.634673959671064222e+04 7.209775997983304702e-12
5.636086086089353194e+04 7.201148684144956563e-12
5.637498212499553483e+04 7.023562705620222487e-12
5.638910338908926497e+04 6.887556315256371060e-12
5.640322465321479103e+04 7.031879442716099363e-12
5.641734591728015948e+04 6.848358908072699030e-12
5.643146718147378124e+04 6.791254580106771150e-12
5.644558844557668635e+04 6.706310611845422534e-12
5.645970970968646725e+04 6.759165201060811296e-12
5.647383097382110282e+04 6.380149308719319350e-12
5.648795223798383086e+04 6.647184666930482578e-12
5.650207350210318691e+04 6.367845061257048190e-12
5.651619476620179194e+04 6.423230973843129392e-12
5.653031603031783743e+04 6.530493035986261611e-12
5.654443729441672622e+04 6.262366971589798456e-12
5.655855855861161399e+04 6.259183355113545636e-12
5.657267982269166532e+04 6.341707447067463164e-12
5.658680108677637327e+04 6.143199740806514110e-12
5.660092235091536713e+04 6.029929370811676363e-12
5.661504361501552921e+04 6.145489322385574418e-12
5.662916487917372433e+04 5.999303553934720987e-12
5.664328614330851997e+04 5.952433508123726572e-12
5.665740740741665650e+04 6.127068597863136471e-12
