5.300000000000038563e+04 9.962700685144108373e-13
5.301412126408856420e+04 1.007654746658795331e-12
5.302824252820199035e+04 1.117211438863239557e-12
5.304236379241284885e+04 8.980937260699138883e-13
5.305648505649631988e+04 1.233211652700017985e-12
5.307060632060686476e+04 1.434436533399857469e-12
5.308472758471295674e+04 1.195075846942634858e-12
5.309884884880977188e+04 1.242867862659105558e-12
5.311297011300533632e+04 1.408211952530949753e-12
5.312709137710062350e+04 1.315921124711540506e-12
5.314121264120061824e+04 1.387497551775626887e-12
5.315533390529215831e+04 1.411928053976496017e-12
5.316945516949644662e+04 1.315356955258654350e-12
5.318357643359656504e+04 1.270867668046892928e-12
5.319769769770078710e+04 1.269655720404447676e-12
5.321181896179549221e+04 1.532402252255888239e-12
5.322594022588726511e+04 1.545516523476440420e-12
5.324006149011025991e+04 1.340588795480009635e-12
5.325418275418951816e+04 1.305747990716136801e-12
5.326830401830479241e+04 1.285829792609933946e-12
5.328242528240776301e+04 1.299420577384979466e-12
5.329654654649505392e+04 1.149139803346241608e-12
5.331066781071061996e+04 1.167722315814220817e-12
5.332478907481038914e+04 1.354530106032028766e-12
5.333891033889201935e+04 1.468304601010356835e-12
5.335303160298947478e+04 1.484049429532069053e-12
5.336715286720905715e+04 1.543344701563186830e-12
5.338127413131138746e+04 1.654645903874910291e-12
5.339539539540044643e+04 1.702332522207624974e-12
5.340951665949785092e+04 1.403432144496398463e-12
5.342363792359557556e+04 1.502858607510496756e-12
5.343775918778740015e+04 1.610859673457343578e-12
5.345188045189544209e+04 1.614046538202369433e-12
5.346600171598769521e+04 1.558130658434214554e-12
5.348012298010232917e+04 1.766768178705655962e-12
5.349424424419955903e+04 1.568089659670718423e-12
5.350836550840062409e+04 1.611416152080255048e-12
5.352248677250079345e+04 1.816425654752156738e-12
5.353660803660015517e+04 1.672802327244383370e-12
5.355072930070499569e+04 1.523918423125576150e-12
5.356485056488794362e+04 1.749706812144671604e-12
5.357897182899546169e+04 1.754673058613968677e-12
5.359309309310120443e+04 1.744101432027615236e-12
5.360721435719632427e+04 1.767931266957673536e-12
5.362133562131243525e+04 1.761573237031513241e-12
5.363545688549437182e+04 1.818775405056177866e-12
5.364957814958962990e+04 1.646945096607211042e-12
5.366369941369020671e+04 1.732622947766273102e-12
5.367782067780202487e+04 1.640450563619305084e-12
5.369194194189714472e+04 1.598950796167207362e-12
5.370606320609520481e+04 1.572299686025104753e-12
5.372018447019389714e+04 1.514280847228303329e-12
5.373430573431207449e+04 1.678149764993955542e-12
5.374842699839179841e+04 1.817992872276552115e-12
5.376254826249549660e+04 1.894826146693894512e-12
5.377666952669833699e+04 1.765101383885053323e-12
5.379079079080581869e+04 1.614639306782935826e-12
5.380491205489409913e+04 1.639754989794815313e-12
5.381903331900142803e+04 1.580159347447068025e-12
5.383315458320810285e+04 1.726748669822817840e-12
5.384727584729836963e+04 1.672974973538888172e-12
5.386139711140195141e+04 1.540163901447203173e-12
5.387551837548724143e+04 1.476985628401134488e-12
5.388963963961046102e+04 1.551208177832450562e-12
5.390376090379649395e+04 1.561437250694523023e-12
5.391788216790690785e+04 1.618878775933155620e-12
5.393200343200311909e+04 1.566529289308144908e-12
5.394612469609707478e+04 1.605851268034544300e-12
5.396024596019053570e+04 1.694069318412868648e-12
5.397436722441047459e+04 1.817877155241765080e-12
5.398848848849919887e+04 1.713003774998484609e-12
5.400260975260803389e+04 1.656519972065516273e-12
5.401673101669117750e+04 1.663540269264733484e-12
5.403085228089188604e+04 1.600608200594454633e-12
5.404497354499047651e+04 1.452756261578778711e-12
5.405909480909515696e+04 1.440847482105239751e-12
5.407321607321086049e+04 1.537186755487117112e-12
5.408733733731138636e+04 1.482591497601178146e-12
5.410145860150734370e+04 1.264150504483183318e-12
5.411557986561347934e+04 1.220626911629778586e-12
5.412970112971012713e+04 1.261129438870840807e-12
5.414382239381084946e+04 1.415469944061978149e-12
5.415794365790169832e+04 1.333370908753937026e-12
5.417206492209121643e+04 1.321860340648630061e-12
5.418618618620376947e+04 1.308302666791822278e-12
5.420030745031161496e+04 1.310151498300285492e-12
5.421442871439971350e+04 1.210825884198161415e-12
5.422854997848899802e+04 1.559051014799651854e-12
5.424267124271082139e+04 1.550029585649736894e-12
5.425679250680687983e+04 1.460150413813462070e-12
5.427091377088842273e+04 1.495682488471536520e-12
5.428503503500856459e+04 1.386089261767943726e-12
5.429915629919530329e+04 1.238873130635713727e-12
5.431327756331258570e+04 1.389375899442371759e-12
5.432739882739855966e+04 1.307919225729805644e-12
5.434152009149717196e+04 1.208325300700867624e-12
5.435564135560768045e+04 1.404116958495168453e-12
5.436976261980017443e+04 1.191882526302177376e-12
5.438388388390785985e+04 1.368410379027237094e-12
5.439800514799762459e+04 1.369809352004013080e-12
5.441212641211251321e+04 1.329333333060860582e-12
5.442624767620690545e+04 1.337469326370629156e-12
5.444036894039764593e+04 1.320070003465443943e-12
5.445449020449553063e+04 1.458677100222621589e-12
5.446861146860413282e+04 1.541120841220087971e-12
5.448273273269178026e+04 1.566536527736356401e-12
5.449685399688909820e+04 1.691428563731424315e-12
5.451097526100289542e+04 1.742233330649453792e-12
5.452509652510962769e+04 1.805324938190178873e-12
5.453921778920353245e+04 1.494795878832220638e-12
5.455333905330592825e+04 1.767363001434768975e-12
5.456746031750767725e+04 1.738160443164696804e-12
5.458158158159242157e+04 1.651321606810462721e-12
5.459570284569967771e+04 1.562076677792074490e-12
5.460982410979940323e+04 1.780499770472735502e-12
5.462394537389667676e+04 1.870666914371912533e-12
5.463806663810390455e+04 1.751541558063101462e-12
5.465218790219440416e+04 2.120602015188515939e-12
5.466630916628849081e+04 1.974566334754351310e-12
5.468043043040006160e+04 2.181888221790047167e-12
5.469455169460809702e+04 2.092745608932595226e-12
5.470867295870196540e+04 2.242458606531415813e-12
5.472279422279571736e+04 2.167176996799473769e-12
5.473691548688780313e+04 2.095256756622413883e-12
5.475103675099780958e+04 2.314593456323287790e-12
5.476515801519210072e+04 2.258347347722131244e-12
5.477927927930137957e+04 2.337915476387667786e-12
5.479340054339500784e+04 2.208625410537908430e-12
5.480752180750413390e+04 2.266558855445133406e-12
5.482164307160978933e+04 2.174613797070646825e-12
5.483576433579881268e+04 2.298484236521913188e-12
5.484988559989657369e+04 2.551870502529860814e-12
5.486400686399896222e+04 2.733551724875145796e-12
5.487812812808878516e+04 2.274564165780704467e-12
5.489224939220373199e+04 2.420390909962708765e-12
5.490637065641035588e+04 2.388440292203786417e-12
5.492049192048939585e+04 2.433717051933345019e-12
5.493461318460832263e+04 2.412276436304380157e-12
5.494873444869784726e+04 2.252176098588807633e-12
5.496285571290428925e+04 2.083201056619500381e-12
5.497697697698877892e+04 2.285492431681372446e-12
5.499109824109550391e+04 2.386733979477812334e-12
5.500521950520840619e+04 2.148774955953795604e-12
5.501934076930955052e+04 2.400885889164148382e-12
5.503346203350560972e+04 2.295853752583201346e-12
5.504758329760901688e+04 2.150242596181983719e-12
5.506170456168960663e+04 2.373817102150920835e-12
5.507582582579019072e+04 2.283637633360464290e-12
5.508994708991061634e+04 2.362605559384028434e-12
5.510406835410432541e+04 2.492619859321330958e-12
5.511818961819336255e+04 2.447190310066550531e-12
5.513231088229580200e+04 2.459694596985384508e-12
5.514643214640374208e+04 2.358094257909486206e-12
5.516055341060345381e+04 2.422616824454354242e-12
5.517467467470571864e+04 2.158407543204598266e-12
5.518879593879180902e+04 2.377636644648273551e-12
5.520291720290810918e+04 2.198913004943584026e-12
5.521703846699863061e+04 2.215603450967025777e-12
5.523115973119088449e+04 1.871424014836200399e-12
5.524528099530720647e+04 2.104227125508458560e-12
5.525940225940992241e+04 2.175682736847615252e-12
5.527352352350145520e+04 1.979991830148691384e-12
5.528764478761159990e+04 1.890805982355164998e-12
5.530176605179959006e+04 1.951666099858189894e-12
5.531588731590019597e+04 1.900209287501537262e-12
5.533000858000300650e+04 1.601962373569596845e-12
5.534412984408846387e+04 1.548147789947931927e-12
5.535825110831353231e+04 1.489109995655460321e-12
5.537237237238776288e+04 1.261071531445148459e-12
5.538649363648915460e+04 9.073299360136867933e-13
5.540061490059056086e+04 1.030757657544879964e-12
5.541473616469325498e+04 8.171577056514421449e-13
5.542885742888790264e+04 9.376892733652404932e-13
5.544297869299662852e+04 7.525508211995691940e-13
5.545709995710063231e+04 6.086982115873654298e-13
5.547122122120293352e+04 6.095631059420467321e-13
5.548534248531238700e+04 4.914681496708078317e-13
5.549946374950424070e+04 2.491365286074375441e-13
5.551358501361145318e+04 2.522275330869590888e-13
5.552770627771068393e+04 -3.940245686168191839e-15
5.554182754179536278e+04 6.652154902286420144e-14
5.555594880590965477e+04 -1.639423755378975072e-13
5.557007007009186782e+04 -2.167394709128541132e-13
5.558419133420638536e+04 -5.426041186029296549e-13
5.559831259828792099e+04 -6.576589350253227308e-13
5.561243386239022948e+04 -5.501815791412402404e-13
5.562655512660423119e+04 -6.903926724634558810e-13
5.564067639068794233e+04 -7.973977698150341555e-13
5.565479765479084017e+04 -8.820151912411058322e-13
5.566891891890471015e+04 -8.617503311135286566e-13
5.568304018301196629e+04 -1.187271642546543478e-12
5.569716144719577278e+04 -1.380946157905566948e-12
5.571128271130238136e+04 -1.578830503985781832e-12
5.572540397539273545e+04 -1.842534660326289400e-12
5.573952523949216993e+04 -1.947692784684755962e-12
5.575364650359268126e+04 -1.928360507997298040e-12
5.576776776779668580e+04 -2.218986922088048242e-12
5.578188903190182464e+04 -2.086590592369564842e-12
5.579601029600119364e+04 -2.073987901953692898e-12
5.581013156011218962e+04 -2.157755101514701275e-12
5.582425282430188236e+04 -2.422037745212546762e-12
5.583837408840378339e+04 -2.586985090965121037e-12
5.585249535248742905e+04 -2.617844662396050646e-12
5.586661661660399113e+04 -2.512508316197023971e-12
5.588073788069820148e+04 -2.695260239018031625e-12
5.589485914490983123e+04 -3.115580114606438455e-12
5.590898040899417538e+04 -3.234417498852347117e-12
5.592310167309600365e+04 -3.306779087517115984e-12
5.593722293719265144e+04 -3.399031094374411031e-12
5.595134420129404316e+04 -3.362291571637373793e-12
5.596546546549630148e+04 -3.631910893259071872e-12
5.597958672959928663e+04 -3.522954941687886670e-12
5.599370799369378074e+04 -3.545505971331140564e-12
5.600782925780622463e+04 -3.542580081268119903e-12
5.602195052200026839e+04 -3.749428927238531576e-12
5.603607178610921255e+04 -3.818951095712428675e-12
5.605019305021013861e+04 -3.899307039253853300e-12
5.606431431429393706e+04 -3.898689816523923602e-12
5.607843557841135771e+04 -3.884402919933102694e-12
5.609255684260849375e+04 -3.927048217557974874e-12
5.610667810669761093e+04 -4.116291641052367287e-12
5.612079937080197851e+04 -4.234363708239802817e-12
5.613492063490067085e+04 -4.466838546411007058e-12
5.614904189900797064e+04 -4.270361585534949352e-12
5.616316316318978352e+04 -4.412151438740060018e-12
5.617728442729870585e+04 -4.489844227599223826e-12
5.619140569140780281e+04 -4.583715294777563996e-12
5.620552695550239878e+04 -4.579804978477774234e-12
5.621964821960518748e+04 -4.515617727228975887e-12
5.623376948379228270e+04 -4.562631905362498621e-12
5.624789074789109873e+04 -4.727080386468060995e-12
5.626201201200071228e+04 -4.738477976403309347e-12
5.627613327609795670e+04 -4.508333129583439907e-12
5.629025454029725370e+04 -4.671911825504448781e-12
5.630437580440934107e+04 -4.879231756208195072e-12
5.631849706848712231e+04 -5.022457557063919056e-12
5.633261833259185369e+04 -5.075325862921821297e-12
5.634673959668962198e+04 -5.240001278533475881e-12
5.636086086090157914e+04 -5.205890283403200920e-12
5.637498212500001682e+04 -5.248344251763454817e-12
5.638910338909288112e+04 -5.492674852812379179e-12
5.640322465319272305e+04 -5.544466784831906180e-12
5.641734591730943066e+04 -5.675063289157251241e-12
5.643146718148970831e+04 -5.543649820609977613e-12
5.644558844561215665e+04 -5.473998142961052498e-12
5.645970970968734764e+04 -5.506943555516074502e-12
5.647383097379968967e+04 -5.377052895757952107e-12
5.648795223801053362e+04 -5.601606937133786229e-12
5.650207350210090954e+04 -5.485409035953554340e-12
5.651619476620612841e+04 -5.660080916558537414e-12
5.653031603029181133e+04 -5.590406936725392668e-12
5.654443729440853349e+04 -5.370605999453005804e-12
5.655855855859757139e+04 -5.531414920600529417e-12
5.657267982270206994e+04 -5.473090013670297053e-12
5.658680108680108242e+04 -5.666875648684026828e-12
5.660092235088947928e+04 -5.699351150304883710e-12
5.661504361499287188e+04 -5.901734081701972082e-12
5.662916487918735220e+04 -5.838271455807106734e-12
5.664328614329604898e+04 -6.009143357234227091e-12
5.665740740740331239e+04 -5.810152314170426582e-12
