5.300000000000116415e+04 1.394175040488733513e-11
5.301412126409393386e+04 1.352544605002145866e-11
5.302824252822963899e+04 1.323220589411596974e-11
5.304236379236963694e+04 1.308664099211157415e-11
5.305648505652952008e+04 1.314563032990507580e-11
5.307060632061593060e+04 1.320954867566740312e-11
5.308472758468254324e+04 1.297293926283313713e-11
5.309884884878125740e+04 1.268914183431510871e-11
5.311297011301734892e+04 1.268877916706211060e-11
5.312709137710370123e+04 1.243333802681251073e-11
5.314121264117633837e+04 1.247918113123101745e-11
5.315533390529604367e+04 1.230095684309219564e-11
5.316945516948230215e+04 1.193951128903886837e-11
5.318357643362779345e+04 1.185986716027659063e-11
5.319769769771311258e+04 1.187091614783668265e-11
5.321181896178684110e+04 1.170799770262494628e-11
5.322594022587890504e+04 1.148161551844645959e-11
5.324006149009546061e+04 1.126225886077779852e-11
5.325418275420978171e+04 1.118648946555260788e-11
5.326830401827182504e+04 1.113759399256291149e-11
5.328242528238844534e+04 1.100883196620891305e-11
5.329654654653245962e+04 1.109001973383045988e-11
5.331066781070965953e+04 1.079968047655430605e-11
5.332478907477997564e+04 1.071434785374683924e-11
5.333891033888328820e+04 1.071241694153418485e-11
5.335303160297001159e+04 1.034972423394940767e-11
5.336715286716968694e+04 1.053056307176977012e-11
5.338127413128806802e+04 1.027577405378659117e-11
5.339539539543360297e+04 1.005876000596588209e-11
5.340951665953137126e+04 9.973081564417503457e-12
5.342363792360995285e+04 9.903702421947807022e-12
5.343775918779329368e+04 1.006890268903042870e-11
5.345188045192594291e+04 9.979024725541085097e-12
5.346600171597482404e+04 9.816288220017434115e-12
5.348012298009030201e+04 9.745380711440432353e-12
5.349424424421686854e+04 9.606986548301841894e-12
5.350836550840829295e+04 9.417992303357074605e-12
5.352248677250547189e+04 9.330266828196185266e-12
5.353660803662280523e+04 9.140133914743841701e-12
5.355072930067454581e+04 9.050598012413575268e-12
5.356485056488255213e+04 9.027907793911657455e-12
5.357897182901931228e+04 8.758024933344137871e-12
5.359309309310742537e+04 8.767305190771961157e-12
5.360721435718670546e+04 8.748422493577255387e-12
5.362133562126807374e+04 8.636314675966636332e-12
5.363545688553437503e+04 8.483214792083311743e-12
5.364957814962431439e+04 8.354183068323591834e-12
5.366369941369975277e+04 8.176990054579325494e-12
5.367782067778888450e+04 8.021837318892266527e-12
5.369194194192181021e+04 7.937086636419573819e-12
5.370606320608080568e+04 7.886487766736566433e-12
5.372018447023433691e+04 7.864746883102791679e-12
5.373430573433284735e+04 7.837662960527784973e-12
5.374842699842859292e+04 7.709286268130097831e-12
5.376254826252413477e+04 7.685249865633594941e-12
5.377666952671118634e+04 7.391595815119559562e-12
5.379079079077139613e+04 7.411685544568729424e-12
5.380491205493378220e+04 7.105662746785163164e-12
5.381903331900636113e+04 6.834532369049243001e-12
5.383315458320728067e+04 6.824431261809487309e-12
5.384727584727983776e+04 6.719349879801073373e-12
5.386139711143414024e+04 6.649728191484702225e-12
5.387551837548846379e+04 6.560889987252114730e-12
5.388963963963369315e+04 6.497463702891372449e-12
5.390376090382379334e+04 6.531797334156826542e-12
5.391788216790637671e+04 6.328101247261473967e-12
5.393200343200021598e+04 6.147323742873603800e-12
5.394612469613132998e+04 5.903898137201278395e-12
5.396024596019912133e+04 5.814536053333844954e-12
5.397436722441527672e+04 5.949303543942453516e-12
5.398848848849960632e+04 5.579081369639179451e-12
5.400260975263173896e+04 5.606442868420524359e-12
5.401673101668100571e+04 5.386720331372460174e-12
5.403085228089468728e+04 5.305244805709931302e-12
5.404497354497684137e+04 5.000310009685359369e-12
5.405909480909068225e+04 4.962872373401597456e-12
5.407321607321948977e+04 4.862203847012385815e-12
5.408733733729409141e+04 4.828877005253416602e-12
5.410145860152674140e+04 4.732727031623985674e-12
5.411557986563193845e+04 4.548100308891794301e-12
5.412970112969184993e+04 4.600804394099557981e-12
5.414382239378624945e+04 4.582652122328169949e-12
5.415794365791064774e+04 4.715297670112250125e-12
5.417206492212069861e+04 4.545010849351548080e-12
5.418618618622512440e+04 4.395998729652753136e-12
5.420030745032735285e+04 4.223544147811629841e-12
5.421442871441310126e+04 4.281532120349839647e-12
5.422854997847960476e+04 3.990693347114593840e-12
5.424267124268432235e+04 3.885758874434600192e-12
5.425679250678885728e+04 4.039916699422258094e-12
5.427091377090942842e+04 3.918495412208909661e-12
5.428503503497291240e+04 4.035258267648452629e-12
5.429915629922407970e+04 3.920934204030541676e-12
5.431327756328146643e+04 3.746649316200022502e-12
5.432739882737605512e+04 3.631330826731978988e-12
5.434152009151779203e+04 3.700505241597961432e-12
5.435564135557178088e+04 3.653170377191937835e-12
5.436976261976952082e+04 3.515266639088652775e-12
5.438388388391699846e+04 3.430332198743117278e-12
5.439800514798398217e+04 3.284891963606939389e-12
5.441212641208825517e+04 2.962105987206849991e-12
5.442624767617636098e+04 3.045384182450457865e-12
5.444036894040364132e+04 2.838197908094266592e-12
5.445449020447250223e+04 2.909762145005741089e-12
5.446861146862409805e+04 2.608534506489757139e-12
5.448273273269498168e+04 2.532834990165419760e-12
5.449685399689802580e+04 2.485018185586294642e-12
5.451097526102614938e+04 2.415259527351511386e-12
5.452509652507574356e+04 2.455138379703248644e-12
5.453921778919907956e+04 2.182652605836638183e-12
5.455333905330481502e+04 2.088700453942288711e-12
5.456746031752886483e+04 2.018377431158722619e-12
5.458158158161719621e+04 2.008278020891407299e-12
5.459570284572018863e+04 1.798248590423476135e-12
5.460982410978327243e+04 1.707691837957931728e-12
5.462394537392725761e+04 1.749115420079792298e-12
5.463806663808461599e+04 1.644854403034042870e-12
5.465218790222506505e+04 1.408861294226470226e-12
5.466630916630541469e+04 1.321231576796153145e-12
5.468043043041089550e+04 1.344653675269195219e-12
5.469455169459259196e+04 9.861939442249263909e-13
5.470867295867020584e+04 9.685158550383403740e-13
5.472279422279501159e+04 7.088097381964970171e-13
5.473691548693161894e+04 8.574829482564607723e-13
5.475103675100534019e+04 7.715259608032073347e-13
5.476515801521058893e+04 5.163551240209158731e-13
5.477927927927096607e+04 6.959282628252999345e-13
5.479340054341006180e+04 4.717489912992158202e-13
5.480752180751441483e+04 3.626918452873462650e-13
5.482164307162451587e+04 5.194232501933389078e-13
5.483576433578086289e+04 4.868971370016513871e-13
5.484988559991395596e+04 3.375892592489408402e-13
5.486400686401889834e+04 1.034424564566315908e-13
5.487812812810367905e+04 8.945940354691604601e-14
5.489224939219211228e+04 -1.996077304604490095e-13
5.490637065637158230e+04 -2.939482466190385139e-13
5.492049192049088742e+04 -1.533405041441343194e-13
5.493461318462543568e+04 -3.063948121961990089e-13
5.494873444869196101e+04 -2.666803237465557760e-13
5.496285571288512438e+04 -2.364480324451548582e-13
5.497697697698475531e+04 -3.450314807214907007e-13
5.499109824109711917e+04 -5.134729651654670684e-13
5.500521950520070095e+04 -6.964162912366830534e-13
5.501934076928882132e+04 -4.746612660541695569e-13
5.503346203350019641e+04 -4.387184200658535322e-13
5.504758329758625041e+04 -6.877675499813603715e-13
5.506170456171588739e+04 -5.629828633909418053e-13
5.507582582579891459e+04 -6.885597936864392968e-13
5.508994708986955811e+04 -8.146787854643590248e-13
5.510406835407460312e+04 -1.057204753318585907e-12
5.511818961818658863e+04 -8.857455670261328882e-13
5.513231088229289162e+04 -1.063276520710693003e-12
5.514643214641928353e+04 -1.074211811117271438e-12
5.516055341057157057e+04 -9.354149806610146856e-13
5.517467467473101715e+04 -1.034979747689998938e-12
5.518879593877650041e+04 -1.241978385379197770e-12
5.520291720290348894e+04 -1.220709017659246237e-12
5.521703846697007248e+04 -1.117586426696437620e-12
5.523115973121958086e+04 -1.219629743187088627e-12
5.524528099528325401e+04 -1.469742147548885509e-12
5.525940225940056553e+04 -1.446894110610000806e-12
5.527352352348834393e+04 -1.694436813847612700e-12
5.528764478759801568e+04 -1.586729488199843419e-12
5.530176605179007311e+04 -1.499036740364593283e-12
5.531588731592635304e+04 -1.443112286314030610e-12
5.533000858001982124e+04 -1.642681093809454060e-12
5.534412984408708871e+04 -1.628091009615308549e-12
5.535825110827113531e+04 -1.647761344447040835e-12
5.537237237236832880e+04 -1.751238845074548055e-12
5.538649363651498425e+04 -2.013755633127127463e-12
5.540061490059698554e+04 -2.052616302014564936e-12
5.541473616467853572e+04 -2.067687356683274959e-12
5.542885742888718960e+04 -2.223152335299386561e-12
5.544297869299842569e+04 -2.243896126412051777e-12
5.545709995708297356e+04 -2.128003575409850488e-12
5.547122122117105027e+04 -2.172914193472302862e-12
5.548534248528670287e+04 -2.404191173443093363e-12
5.549946374949224264e+04 -2.427272907729498028e-12
5.551358501357214118e+04 -2.596187605059739705e-12
5.552770627771256841e+04 -2.685382415929465973e-12
5.554182754178797040e+04 -3.132652957222639874e-12
5.555594880590501270e+04 -3.251243209555966482e-12
5.557007007009637891e+04 -3.114222866820278379e-12
5.558419133419426362e+04 -3.118535116216221755e-12
5.559831259828421753e+04 -3.402734363565696684e-12
5.561243386239545362e+04 -3.608474332553314081e-12
5.562655512663419358e+04 -3.608695423819847472e-12
5.564067639067546406e+04 -3.938790502945802114e-12
5.565479765479645721e+04 -3.902090322399755091e-12
5.566891891887818929e+04 -3.901061472251543360e-12
5.568304018300140888e+04 -3.755241115288693929e-12
5.569716144718753640e+04 -4.172913548123944947e-12
5.571128271129067434e+04 -4.310471103849367919e-12
5.572540397538532125e+04 -4.291692891672070316e-12
5.573952523951036710e+04 -4.441166103025412200e-12
5.575364650362954853e+04 -4.761090014192281750e-12
5.576776776781002263e+04 -4.914006625052031651e-12
5.578188903189219127e+04 -4.892132165444724724e-12
5.579601029599492904e+04 -5.127729152399757905e-12
5.581013156011272076e+04 -5.442225660852641785e-12
5.582425282430606603e+04 -5.439347595593554825e-12
5.583837408839644922e+04 -5.569672169928300885e-12
5.585249535252002534e+04 -5.774392985753080681e-12
5.586661661657188961e+04 -5.813012199704699090e-12
5.588073788067790883e+04 -6.168362107539435620e-12
5.589485914492662414e+04 -6.331849402155691223e-12
5.590898040902154753e+04 -6.347684579271894792e-12
5.592310167312753765e+04 -6.401719090873009275e-12
5.593722293720894231e+04 -6.685196882510638042e-12
5.595134420133156527e+04 -6.869019725155301534e-12
5.596546546550108906e+04 -6.987856280917134674e-12
5.597958672958822717e+04 -7.432697727374051498e-12
5.599370799373363843e+04 -7.882439060540591638e-12
5.600782925782300299e+04 -7.945381222906523118e-12
5.602195052199513157e+04 -8.004434894137366349e-12
5.603607178609060793e+04 -8.136511713729246341e-12
5.605019305018617160e+04 -8.327861356421427320e-12
5.606431431426916970e+04 -8.671742639653999996e-12
5.607843557840668655e+04 -8.776895779354183300e-12
5.609255684260219277e+04 -8.958718133916132715e-12
5.610667810672477208e+04 -9.296006436792729933e-12
5.612079937080826494e+04 -9.443674069469380575e-12
5.613492063487957785e+04 -9.900185837824245576e-12
5.614904189901208156e+04 -9.990184528781499726e-12
5.616316316317567544e+04 -1.032004688025847283e-11
5.617728442731315590e+04 -1.059822720878613007e-11
5.619140569141312881e+04 -1.071929794997819907e-11
5.620552695550731733e+04 -1.106306965727604206e-11
5.621964821956792002e+04 -1.115865381180888221e-11
5.623376948377022200e+04 -1.138115986850863418e-11
5.624789074792206520e+04 -1.186915580897671979e-11
5.626201201202829543e+04 -1.214160715854525230e-11
5.627613327611247951e+04 -1.216713738163866351e-11
5.629025454030724359e+04 -1.251601552143460322e-11
5.630437580436941062e+04 -1.298514403745994843e-11
5.631849706846949266e+04 -1.306332307294448958e-11
5.633261833259481500e+04 -1.350568306084412741e-11
5.634673959668119642e+04 -1.406162868692542268e-11
5.636086086089449236e+04 -1.394062873372658685e-11
5.637498212498738576e+04 -1.436433947935440422e-11
5.638910338912434236e+04 -1.448430476421380464e-11
5.640322465318844479e+04 -1.462489456726576687e-11
5.641734591731502587e+04 -1.488279752967726020e-11
5.643146718151750247e+04 -1.518199801340075182e-11
5.644558844557833072e+04 -1.557554822541893870e-11
5.645970970969428890e+04 -1.594752264497934347e-11
5.647383097382685810e+04 -1.614329896149488457e-11
5.648795223801201792e+04 -1.649546243993563277e-11
5.650207350210502045e+04 -1.667042514704381533e-11
5.651619476620673231e+04 -1.680768112652409600e-11
5.653031603028851532e+04 -1.681258392232933358e-11
5.654443729440916650e+04 -1.714212821268603199e-11
5.655855855857994902e+04 -1.743127583167200048e-11
5.657267982268180640e+04 -1.774876773890700193e-11
5.658680108678256511e+04 -1.798738727620319781e-11
5.660092235093164345e+04 -1.846035288934114798e-11
5.661504361498873186e+04 -1.857834386797834166e-11
5.662916487916895130e+04 -1.878710735700566038e-11
5.664328614331055724e+04 -1.902828204994798107e-11
5.665740740739293688e+04 -1.935936816097918794e-11
