5.300000000000089494e+04 3.798640965968839462e-12
5.301412126411416102e+04 3.537173352757060713e-12
5.302824252820406400e+04 3.167070900788620858e-12
5.304236379240968381e+04 3.288899401892032579e-12
5.305648505649895378e+04 3.486083368943619385e-12
5.307060632060932403e+04 3.246770192586638140e-12
5.308472758469185646e+04 3.390848887904257867e-12
5.309884884878541197e+04 3.445078236941090348e-12
5.311297011301391467e+04 3.381757514668397530e-12
5.312709137709911738e+04 3.306097662149277523e-12
5.314121264118823456e+04 3.459997884597100710e-12
5.315533390529538156e+04 3.428401501366654914e-12
5.316945516950885212e+04 3.365801005937918681e-12
5.318357643361152441e+04 3.423623689369230694e-12
5.319769769770110724e+04 3.406431778556550963e-12
5.321181896180067270e+04 3.465873215814537645e-12
5.322594022588899679e+04 3.070324994097218395e-12
5.324006149008385546e+04 3.278785735850452386e-12
5.325418275418556004e+04 3.372410229808935553e-12
5.326830401830682240e+04 3.204903244349411362e-12
5.328242528240807587e+04 3.512876316783597781e-12
5.329654654650748853e+04 3.409995976413532022e-12
5.331066781070295110e+04 3.132954110372523620e-12
5.332478907481316855e+04 3.233941865032523826e-12
5.333891033891851112e+04 3.124654709481141259e-12
5.335303160299373121e+04 3.156157108039745305e-12
5.336715286721317534e+04 3.070425102598843836e-12
5.338127413130246714e+04 3.179708003700060917e-12
5.339539539539416000e+04 3.226943423432713609e-12
5.340951665949115704e+04 3.153225791875592253e-12
5.342363792358547653e+04 3.171456755449190055e-12
5.343775918779979111e+04 3.035143011836230828e-12
5.345188045191423589e+04 3.028410795678605799e-12
5.346600171601311740e+04 3.158603287962278620e-12
5.348012298010990344e+04 3.237356512520044445e-12
5.349424424420509604e+04 3.181591500357499983e-12
5.350836550841350981e+04 3.109308392042606610e-12
5.352248677250575565e+04 3.088565755798470265e-12
5.353660803660693637e+04 3.130220303834244002e-12
5.355072930070757138e+04 3.171351941267835680e-12
5.356485056488325063e+04 2.993271228996543050e-12
5.357897182900736516e+04 3.221702972210454953e-12
5.359309309308981756e+04 2.873798017289397756e-12
5.360721435721049056e+04 3.079695356125761187e-12
5.362133562130633800e+04 3.024016851116585251e-12
5.363545688549515035e+04 3.110932818469502332e-12
5.364957814961019176e+04 3.187437372730608277e-12
5.366369941368731816e+04 2.782660217222071498e-12
5.367782067780458601e+04 2.649829450144748443e-12
5.369194194189645350e+04 2.770095665578229462e-12
5.370606320608558599e+04 2.672829265585875641e-12
5.372018447018726147e+04 2.705627595449492326e-12
5.373430573429523793e+04 2.644522990483555482e-12
5.374842699841370631e+04 2.542623881028973486e-12
5.376254826250160841e+04 2.306098239758954957e-12
5.377666952669618331e+04 2.557219868165561362e-12
5.379079079079969233e+04 2.343054714507227762e-12
5.380491205489516142e+04 2.609728163187644551e-12
5.381903331900001649e+04 2.465185797263331830e-12
5.383315458321364713e+04 2.492209549024798570e-12
5.384727584730678063e+04 2.347333402146578319e-12
5.386139711139755673e+04 2.485574798452787567e-12
5.387551837550690834e+04 2.529854342240785196e-12
5.388963963961092668e+04 2.474941122570502481e-12
5.390376090378670779e+04 2.262512687038892202e-12
5.391788216788785212e+04 2.444184670940947655e-12
5.393200343200654606e+04 2.199943390911371153e-12
5.394612469611188862e+04 2.147272137555669114e-12
5.396024596018667216e+04 2.254834178026234599e-12
5.397436722441735037e+04 2.138275006837115469e-12
5.398848848850137438e+04 2.168910400021046782e-12
5.400260975260558189e+04 2.240683747852452776e-12
5.401673101670969481e+04 2.181607484233686504e-12
5.403085228090916644e+04 2.012860519934965373e-12
5.404497354501230438e+04 2.136202702838232850e-12
5.405909480908714613e+04 1.804181544226641396e-12
5.407321607320515614e+04 2.021176938627010084e-12
5.408733733728619700e+04 2.155749322894883898e-12
5.410145860149907094e+04 2.058573426660599956e-12
5.411557986560486461e+04 2.042346695883234162e-12
5.412970112970592163e+04 2.005213596991719558e-12
5.414382239378667146e+04 2.061812739232201871e-12
5.415794365791850578e+04 2.152788612347767834e-12
5.417206492209878343e+04 1.933320479942013145e-12
5.418618618619739573e+04 1.902527414256487025e-12
5.420030745030419348e+04 1.758958028192792037e-12
5.421442871439017472e+04 1.834646501558481038e-12
5.422854997849226493e+04 1.807652917716371329e-12
5.424267124271101784e+04 1.866090240273891936e-12
5.425679250679018878e+04 1.701215857007797129e-12
5.427091377091529284e+04 1.764903944606159739e-12
5.428503503500793158e+04 1.718543845764412653e-12
5.429915629918692139e+04 1.415455784579551909e-12
5.431327756328759278e+04 1.336096881025472111e-12
5.432739882738839515e+04 1.177095443906267159e-12
5.434152009150371305e+04 9.936830031182519749e-13
5.435564135559678107e+04 9.807216273044111003e-13
5.436976261978990806e+04 9.941566652366975406e-13
5.438388388388347084e+04 9.968537287962737982e-13
5.439800514801820827e+04 9.123948997981349262e-13
5.441212641211276059e+04 7.335669513704701830e-13
5.442624767620912462e+04 6.721881277529454456e-13
5.444036894039539766e+04 8.982451142380144491e-13
5.445449020449004456e+04 8.203059078119485556e-13
5.446861146860080771e+04 5.081133232725339051e-13
5.448273273270990467e+04 4.858158788769402836e-13
5.449685399688938196e+04 4.920219613640760208e-13
5.451097526099133393e+04 2.868079130088673596e-13
5.452509652509306761e+04 3.475789948663614643e-13
5.453921778918665950e+04 3.284290700569768846e-13
5.455333905331230198e+04 4.262308861565447356e-13
5.456746031751587725e+04 4.027393594144504590e-13
5.458158158160722087e+04 2.420108733734442876e-13
5.459570284570958029e+04 4.847481408080870848e-13
5.460982410981258727e+04 2.587061093599641254e-13
5.462394537389869220e+04 2.888812483896084848e-13
5.463806663810583268e+04 1.289830247445712576e-13
5.465218790221778909e+04 -7.977149968487640235e-14
5.466630916629220155e+04 -5.216514981510134502e-15
5.468043043038759060e+04 -3.539861583869833146e-14
5.469455169459080207e+04 2.634105878759047715e-15
5.470867295870887756e+04 -6.877207001107527865e-14
5.472279422280123981e+04 2.050543986251715081e-13
5.473691548689892079e+04 7.491179943889618547e-14
5.475103675100395049e+04 7.568482014172690392e-14
5.476515801520046807e+04 -3.694453204055246104e-15
5.477927927931160957e+04 -2.087249155884781670e-13
5.479340054341832729e+04 -6.899020727411556961e-14
5.480752180749342369e+04 -9.714358001593614114e-14
5.482164307158970041e+04 -1.909915937615325539e-13
5.483576433578462456e+04 -1.355421844476419672e-13
5.484988559989733767e+04 2.185700095462162977e-14
5.486400686401675193e+04 7.536045054727692432e-14
5.487812812811560434e+04 -2.482178161718896519e-13
5.489224939221510431e+04 -1.058048670168656967e-13
5.490637065641859226e+04 -9.401410961224819523e-14
5.492049192050977581e+04 -3.281339237749412014e-13
5.493461318460921029e+04 -4.096045816839854890e-13
5.494873444868480874e+04 -4.067337302812779580e-13
5.496285571289003565e+04 -3.790516990487217042e-13
5.497697697699195123e+04 -4.197461594971068915e-13
5.499109824110512272e+04 -4.612917678240925314e-13
5.500521950519485108e+04 -6.185854944313402659e-13
5.501934076929397997e+04 -6.685028293025246668e-13
5.503346203350166616e+04 -7.473573871278729950e-13
5.504758329758701439e+04 -6.649293490088185156e-13
5.506170456169870158e+04 -5.772655008858678758e-13
5.507582582578770962e+04 -3.557986793613701128e-13
5.508994708990264189e+04 -4.380601493103016007e-13
5.510406835409343330e+04 -3.925795613482593718e-13
5.511818961820573895e+04 -4.917464113373488269e-13
5.513231088231218746e+04 -6.418890518297508398e-13
5.514643214640920633e+04 -5.614433296424383792e-13
5.516055341059662169e+04 -5.437559043081892277e-13
5.517467467471594864e+04 -6.451827697943805167e-13
5.518879593879062304e+04 -9.296621238000239829e-13
5.520291720288999932e+04 -1.073575475713477578e-12
5.521703846698713460e+04 -1.191052447833792962e-12
5.523115973118376860e+04 -1.202114533955488472e-12
5.524528099528500024e+04 -1.250631510108503071e-12
5.525940225939158699e+04 -1.343068593471881368e-12
5.527352352350563888e+04 -1.416024420603881374e-12
5.528764478760736529e+04 -1.415393472752037808e-12
5.530176605178842146e+04 -1.451197893964537564e-12
5.531588731588455266e+04 -1.678688243387243724e-12
5.533000858001458255e+04 -1.811645999355875884e-12
5.534412984409357159e+04 -1.940380246614578763e-12
5.535825110829131154e+04 -1.801066857789350931e-12
5.537237237240342802e+04 -1.907331677727581086e-12
5.538649363650958549e+04 -2.067882766088951541e-12
5.540061490059504285e+04 -2.197465582771609642e-12
5.541473616471229616e+04 -2.314181395080465022e-12
5.542885742890155962e+04 -2.299547633583315229e-12
5.544297869300341699e+04 -2.338474047681029997e-12
5.545709995711046940e+04 -2.752449840138694801e-12
5.547122122119525739e+04 -2.830917629767163100e-12
5.548534248528581520e+04 -2.778001036451907103e-12
5.549946374949099845e+04 -2.678573246852655947e-12
5.551358501358420472e+04 -2.808680521210282933e-12
5.552770627769091516e+04 -2.601343888990596956e-12
5.554182754179020412e+04 -2.629553214198232973e-12
5.555594880590082175e+04 -2.822733614721183604e-12
5.557007007009159861e+04 -2.548215862394380037e-12
5.558419133419667196e+04 -2.458414991060935266e-12
5.559831259830654017e+04 -2.957777082652856794e-12
5.561243386238661333e+04 -2.988749995549932451e-12
5.562655512659777742e+04 -2.935220761410818131e-12
5.564067639071403391e+04 -2.932939344740155838e-12
5.565479765480369679e+04 -2.903715139783906751e-12
5.566891891889509134e+04 -2.945421643680794835e-12
5.568304018300343887e+04 -3.096286509319503806e-12
5.569716144718659052e+04 -2.967669581747187627e-12
5.571128271131369547e+04 -2.912799035501293864e-12
5.572540397540183039e+04 -2.787785240451111285e-12
5.573952523951568583e+04 -2.907808178688755056e-12
5.575364650359647931e+04 -2.864616484915848545e-12
5.576776776780207729e+04 -3.021740807052862661e-12
5.578188903189003031e+04 -2.726723308909563392e-12
5.579601029598983587e+04 -2.616366481448343488e-12
5.581013156009686645e+04 -2.689738986851115209e-12
5.582425282430281368e+04 -2.723457438255109194e-12
5.583837408839337877e+04 -2.817687578979223116e-12
5.585249535251686029e+04 -2.777007300031390206e-12
5.586661661660054961e+04 -3.002475109629878712e-12
5.588073788071177842e+04 -2.949391432453570445e-12
5.589485914491311996e+04 -2.988301344441551535e-12
5.590898040900530759e+04 -2.735901060376060188e-12
5.592310167309187818e+04 -2.548413372020253472e-12
5.593722293720331072e+04 -2.658612913748075577e-12
5.595134420129242790e+04 -2.632607135880797173e-12
5.596546546549093182e+04 -2.472888888370041070e-12
5.597958672958622628e+04 -2.409775022621313116e-12
5.599370799368344160e+04 -2.196027320770145249e-12
5.600782925779566722e+04 -2.298495108396872713e-12
5.602195052199233032e+04 -2.134195978362270715e-12
5.603607178610808478e+04 -2.092202234617833741e-12
5.605019305020889442e+04 -2.277787539135920432e-12
5.606431431429481017e+04 -2.121180970691795995e-12
5.607843557840154972e+04 -2.315420600383268347e-12
5.609255684259460395e+04 -2.310464810553913199e-12
5.610667810669211030e+04 -2.144879031651024361e-12
5.612079937078661897e+04 -2.358453977040918906e-12
5.613492063491591398e+04 -2.446618045365167698e-12
5.614904189898844197e+04 -2.188705025266814040e-12
5.616316316321164777e+04 -2.326307867279974229e-12
5.617728442728318623e+04 -2.390724884006723508e-12
5.619140569139525905e+04 -2.643577429017099710e-12
5.620552695550048520e+04 -2.623911555433077320e-12
5.621964821961119742e+04 -2.476394555306561048e-12
5.623376948379751411e+04 -2.558470892211919461e-12
5.624789074789648294e+04 -2.566099508127179427e-12
5.626201201199872594e+04 -2.495304425988415613e-12
5.627613327609706903e+04 -2.476547199821596351e-12
5.629025454029584944e+04 -2.398763989901605463e-12
5.630437580440500460e+04 -2.461641669204772384e-12
5.631849706849855284e+04 -2.589381406506564752e-12
5.633261833258969273e+04 -2.472914672916499739e-12
5.634673959670036857e+04 -2.372694782050038541e-12
5.636086086090582103e+04 -2.318633870562947055e-12
5.637498212498481735e+04 -2.238858546583559878e-12
5.638910338910591236e+04 -2.326313539880195282e-12
5.640322465321732307e+04 -2.492112299136833078e-12
5.641734591730808461e+04 -2.624446842617559233e-12
5.643146718149202934e+04 -2.624241597627748440e-12
5.644558844559645513e+04 -2.601759535879510921e-12
5.645970970968665642e+04 -2.564723644728145400e-12
5.647383097381592233e+04 -2.656197933126757041e-12
5.648795223799316591e+04 -2.469151676206322555e-12
5.650207350209378637e+04 -2.743716356407680964e-12
5.651619476618389308e+04 -2.784537934670107474e-12
5.653031603028549580e+04 -2.835697053298740986e-12
5.654443729439532035e+04 -2.774737228561169615e-12
5.655855855860967858e+04 -3.197044265825092704e-12
5.657267982270620269e+04 -2.905042528235599111e-12
5.658680108681090496e+04 -2.836934195837827602e-12
5.660092235088975576e+04 -2.669089690665159470e-12
5.661504361501360836e+04 -2.764188770604930364e-12
5.662916487919693463e+04 -2.924228293564560865e-12
5.664328614330086566e+04 -2.976159917205096284e-12
5.665740740739765170e+04 -3.083362778943492579e-12
