5.300000000000368163e+04 4.356494320427579654e-12
5.301412126408817130e+04 4.270174063689771772e-12
5.302824252830812475e+04 4.153404003241294649e-12
5.304236379238143127e+04 4.186223978626476310e-12
5.305648505648972059e+04 4.072245935458258763e-12
5.307060632061314391e+04 3.873919348975256653e-12
5.308472758458590397e+04 3.799043823128719265e-12
5.309884884887068620e+04 3.773198366820737117e-12
5.311297011304278567e+04 3.612476671724372520e-12
5.312709137704119348e+04 3.618650022052363444e-12
5.314121264121359127e+04 3.663638787148651031e-12
5.315533390517959924e+04 3.461606671809486757e-12
5.316945516946298449e+04 3.468536314502382900e-12
5.318357643369501602e+04 3.486870481579801252e-12
5.319769769769888080e+04 3.464130683677905044e-12
5.321181896168104868e+04 3.431865246760685275e-12
5.322594022603721533e+04 3.370627737630127924e-12
5.324006149012571404e+04 3.369380310825844709e-12
5.325418275431886286e+04 3.364991081522533597e-12
5.326830401825612353e+04 3.280409651793776251e-12
5.328242528234852216e+04 3.239697127743874793e-12
5.329654654652838508e+04 3.095196081483485398e-12
5.331066781082043599e+04 2.964756606036610263e-12
5.332478907479452027e+04 3.020042489106799497e-12
5.333891033900887123e+04 2.771085014246193225e-12
5.335303160313372791e+04 2.708436670563433160e-12
5.336715286723996542e+04 2.704730534243524259e-12
5.338127413127825275e+04 2.727366455844698558e-12
5.339539539541090926e+04 2.451447917504906406e-12
5.340951665954751661e+04 2.519052557898719510e-12
5.342363792357673083e+04 2.315621453550417326e-12
5.343775918793948949e+04 2.385539315892470810e-12
5.345188045204914670e+04 2.413632691795900334e-12
5.346600171612570557e+04 2.389516988507249086e-12
5.348012298003687465e+04 2.266342779473439000e-12
5.349424424409544736e+04 2.447060814324709076e-12
5.350836550828559848e+04 2.425824489196419828e-12
5.352248677248983586e+04 2.451576699819251397e-12
5.353660803647912689e+04 2.324629533453372361e-12
5.355072930085335247e+04 2.351381629403620545e-12
5.356485056484072265e+04 2.358953057545129072e-12
5.357897182908919058e+04 2.372771642859878673e-12
5.359309309311727702e+04 2.301517360274619361e-12
5.360721435729116638e+04 2.349430455848540004e-12
5.362133562141662696e+04 2.081975102430722715e-12
5.363545688536797388e+04 2.070626464710916867e-12
5.364957814955358481e+04 2.130583136531110372e-12
5.366369941379418742e+04 1.886641489828754729e-12
5.367782067791438021e+04 1.956340665221919899e-12
5.369194194193319709e+04 1.974697004726100410e-12
5.370606320615751611e+04 1.777449881321360480e-12
5.372018447022388136e+04 1.754348035026305039e-12
5.373430573444183392e+04 1.778401169549024204e-12
5.374842699857045227e+04 1.797198527733462776e-12
5.376254826261867129e+04 1.607777967243934205e-12
5.377666952678275993e+04 1.680247177323017015e-12
5.379079079069642466e+04 1.612960847932585562e-12
5.380491205478888878e+04 1.324339027717373971e-12
5.381903331904193328e+04 1.376456987347417944e-12
5.383315458329403918e+04 1.371003177827643950e-12
5.384727584715697594e+04 1.490995491755129989e-12
5.386139711142286251e+04 1.414648233115762240e-12
5.387551837562128640e+04 1.223108839077005460e-12
5.388963963945873547e+04 1.099198383981938331e-12
5.390376090375124477e+04 9.786544929722561965e-13
5.391788216779848153e+04 9.248647931107110601e-13
5.393200343207713013e+04 9.791501833897363356e-13
5.394612469597512245e+04 1.150610470738070794e-12
5.396024596023722552e+04 1.142012428864281349e-12
5.397436722456955613e+04 1.156903795156077004e-12
5.398848848855251708e+04 1.160865673713435675e-12
5.400260975258934195e+04 8.943688980882452765e-13
5.401673101673933706e+04 9.169058030986726732e-13
5.403085228091348836e+04 6.896438959590210697e-13
5.404497354512544553e+04 8.676611469915215121e-13
5.405909480897424510e+04 5.935686446749460391e-13
5.407321607319075702e+04 4.540852489640481907e-13
5.408733733746069629e+04 4.752213425740970622e-13
5.410145860154340335e+04 3.961915240283668367e-13
5.411557986566378531e+04 3.490256088631477334e-13
5.412970112966933812e+04 2.628751002761175084e-13
5.414382239389920142e+04 -2.576615877899532647e-14
5.415794365787599236e+04 2.614040346712340085e-14
5.417206492210926808e+04 -1.547805242756153577e-13
5.418618618619308108e+04 -5.473296721674839396e-13
5.420030745018058951e+04 -4.369437899336608529e-13
5.421442871437947178e+04 -3.827628834191043748e-13
5.422854997848811763e+04 -2.866475395277331432e-13
5.424267124283742305e+04 -1.174324381879846078e-13
5.425679250684707949e+04 -1.044278542940969864e-13
5.427091377092066250e+04 -3.430712021958879654e-13
5.428503503497374186e+04 -4.868165635551189287e-13
5.429915629924883979e+04 -6.801018084025002878e-13
5.431327756336254242e+04 -7.240190074492350931e-13
5.432739882748619857e+04 -9.534677840777691347e-13
5.434152009165214258e+04 -8.612013304868310367e-13
5.435564135573171370e+04 -8.676744641739230860e-13
5.436976261974117369e+04 -1.173211719885640614e-12
5.438388388401136763e+04 -1.332425538096233297e-12
5.439800514802263206e+04 -1.075784254300939848e-12
5.441212641213554161e+04 -1.284785801208423048e-12
5.442624767627545953e+04 -1.316529426767045516e-12
5.444036894027837843e+04 -1.606634673452215891e-12
5.445449020441219182e+04 -1.581607167079450131e-12
5.446861146845092298e+04 -1.499883854279912933e-12
5.448273273260566930e+04 -1.849807271050981002e-12
5.449685399695960950e+04 -1.886874708887538597e-12
5.451097526104035933e+04 -2.090907202345283242e-12
5.452509652510091837e+04 -2.111677602779691146e-12
5.453921778917569463e+04 -2.127549415559002582e-12
5.455333905316854361e+04 -2.250672597638072223e-12
5.456746031757457968e+04 -2.108596546655354717e-12
5.458158158161710162e+04 -2.338251860957838800e-12
5.459570284582793101e+04 -2.185576782519004539e-12
5.460982410984176386e+04 -2.371667226747962431e-12
5.462394537383706484e+04 -2.585564931455554746e-12
5.463806663814968488e+04 -2.707152445182431482e-12
5.465218790211035230e+04 -2.613663774532706518e-12
5.466630916623572557e+04 -2.473803751298723609e-12
5.468043043040905468e+04 -2.700820243084623000e-12
5.469455169455688156e+04 -2.649737401679316483e-12
5.470867295864749758e+04 -2.735064189425534147e-12
5.472279422296496341e+04 -2.773123008097052020e-12
5.473691548694780067e+04 -2.942126712052875180e-12
5.475103675087777810e+04 -2.796913718281105289e-12
5.476515801513851329e+04 -2.925990045079910091e-12
5.477927927932590683e+04 -3.088051653336025567e-12
5.479340054341095674e+04 -2.942500909720972585e-12
5.480752180762917851e+04 -3.014193781131502404e-12
5.482164307151247340e+04 -3.076019011437196797e-12
5.483576433581733727e+04 -3.041240496999002834e-12
5.484988560003798921e+04 -3.103369459178153354e-12
5.486400686387596215e+04 -3.077362721245365488e-12
5.487812812808846502e+04 -3.070308852216225891e-12
5.489224939214721235e+04 -3.020093469041509769e-12
5.490637065642508969e+04 -3.139467384874639663e-12
5.492049192055720050e+04 -2.881353608956831725e-12
5.493461318463618954e+04 -2.902809228497756428e-12
5.494873444864690100e+04 -2.869228632568472684e-12
5.496285571296342096e+04 -2.672991113911099988e-12
5.497697697700063145e+04 -2.988933008679922402e-12
5.499109824106383894e+04 -2.840578212409124614e-12
5.500521950533210475e+04 -2.618834505946419905e-12
5.501934076930840820e+04 -2.717102701356846561e-12
5.503346203334513120e+04 -2.895055561232174306e-12
5.504758329759667686e+04 -2.746841696550660287e-12
5.506170456156514410e+04 -2.686024856064839250e-12
5.507582582566756901e+04 -2.621956869605546564e-12
5.508994708977238042e+04 -2.828859021803702590e-12
5.510406835401084390e+04 -2.753822669930170446e-12
5.511818961806779407e+04 -2.666211818495564258e-12
5.513231088231754256e+04 -2.583655065435264032e-12
5.514643214638278732e+04 -2.487133935760955732e-12
5.516055341056824545e+04 -2.523299897397096372e-12
5.517467467484671943e+04 -2.565914694170452111e-12
5.518879593882092740e+04 -2.668291774364990193e-12
5.520291720288517536e+04 -2.554397181529004516e-12
5.521703846695966058e+04 -2.373810358847067590e-12
5.523115973112619395e+04 -2.304756309953122464e-12
5.524528099529136671e+04 -2.304812196617838420e-12
5.525940225925021514e+04 -2.475210637336571120e-12
5.527352352338570199e+04 -2.393497043956984944e-12
5.528764478775548196e+04 -2.405184646447567760e-12
5.530176605181274499e+04 -2.417183270376569163e-12
5.531588731582062610e+04 -2.347011488188306927e-12
5.533000858014782716e+04 -2.357192580586548290e-12
5.534412984415806568e+04 -2.565948712140279479e-12
5.535825110840135312e+04 -2.586330335776663847e-12
5.537237237241195544e+04 -2.462534083866016184e-12
5.538649363646845450e+04 -2.653408912565651280e-12
5.540061490056312323e+04 -2.318560316137946338e-12
5.541473616483785008e+04 -2.186828157837642958e-12
5.542885742896956799e+04 -2.428389761579598172e-12
5.544297869294249540e+04 -2.151673015876363834e-12
5.545709995709455688e+04 -2.181049962677017721e-12
5.547122122121770371e+04 -2.183392342885109553e-12
5.548534248523558927e+04 -2.165630102925409044e-12
5.549946374947897857e+04 -2.064810559777952860e-12
5.551358501355678891e+04 -2.051655324874831066e-12
5.552770627759218041e+04 -2.433404982274101660e-12
5.554182754168891552e+04 -2.214547943536721813e-12
5.555594880584205384e+04 -2.327555639302215858e-12
5.557007007014565897e+04 -2.185817338162781442e-12
5.558419133406024048e+04 -1.949713188723081857e-12
5.559831259833091462e+04 -2.044958644528875392e-12
5.561243386240853579e+04 -2.009477901999251552e-12
5.562655512662719411e+04 -2.004365487105241877e-12
5.564067639055485051e+04 -1.908585463202165930e-12
5.565479765465616219e+04 -1.999680726689058213e-12
5.566891891887792008e+04 -1.829357611474942707e-12
5.568304018285106577e+04 -1.520906959633036317e-12
5.569716144707578496e+04 -1.716160387020411800e-12
5.571128271116668475e+04 -1.481961243891027417e-12
5.572540397525308799e+04 -1.427221470729312233e-12
5.573952523943949200e+04 -1.632850378913941049e-12
5.575364650346882991e+04 -1.461769148943679508e-12
5.576776776791078737e+04 -1.211848844044218077e-12
5.578188903174474399e+04 -1.273834444779097274e-12
5.579601029604790529e+04 -1.278805928083823382e-12
5.581013156004135089e+04 -1.104089635052041561e-12
5.582425282446580241e+04 -7.905265683161255968e-13
5.583837408840882563e+04 -8.288842591511237826e-13
5.585249535253470822e+04 -7.726622744469436922e-13
5.586661661673277558e+04 -6.278526366031232648e-13
5.588073788080694794e+04 -5.624749583054886488e-13
5.589485914475881873e+04 -6.199604676032453308e-13
5.590898040906057577e+04 -4.543415516452145754e-13
5.592310167322412599e+04 -4.223840988476790512e-13
5.593722293715879641e+04 -4.335079749811277511e-13
5.595134420136648259e+04 -2.625628168901744672e-13
5.596546546533802757e+04 -4.077709509519689983e-13
5.597958672972144268e+04 -3.955390609441531514e-13
5.599370799386168073e+04 -3.128170777446931146e-13
5.600782925794727635e+04 -1.576173799736934260e-13
5.602195052192243747e+04 -1.375613569056537234e-13
5.603607178617083264e+04 3.293184815759722435e-14
5.605019305006824288e+04 9.224946811603980395e-14
5.606431431423836329e+04 3.156163177104930370e-13
5.607843557825941389e+04 2.912157139245402131e-13
5.609255684252510400e+04 3.414845539089847381e-13
5.610667810679550894e+04 7.062592443645524116e-13
5.612079937076405622e+04 6.634111815123823292e-13
5.613492063482812227e+04 7.436401334945163481e-13
5.614904189887895336e+04 8.384190571426817014e-13
5.616316316309345711e+04 8.828611048667482999e-13
5.617728442731876567e+04 9.581671706439093044e-13
5.619140569137399871e+04 9.106780847653330387e-13
5.620552695541008143e+04 1.219002384147881790e-12
5.621964821946352458e+04 1.448487608601230449e-12
5.623376948396944499e+04 1.429568757667409750e-12
5.624789074775572954e+04 1.395890967538620020e-12
5.626201201198278432e+04 1.520795233323634779e-12
5.627613327620011842e+04 1.695409472445935306e-12
5.629025454017869197e+04 1.565373352927009837e-12
5.630437580451661051e+04 1.322679436760810980e-12
5.631849706840224826e+04 1.509336037201890896e-12
5.633261833248064067e+04 1.568852905269320420e-12
5.634673959671871125e+04 1.512635780275115639e-12
5.636086086100249668e+04 1.614592495556790776e-12
5.637498212492826133e+04 1.752608258855149747e-12
5.638910338904329546e+04 1.891848669067282835e-12
5.640322465307759558e+04 1.694461829000753014e-12
5.641734591722852201e+04 1.845054521715173584e-12
5.643146718155738927e+04 1.924321251122199282e-12
5.644558844575282274e+04 2.084822892476245103e-12
5.645970970968154870e+04 2.095402481092461025e-12
5.647383097369367897e+04 2.176608234779629293e-12
5.648795223805670685e+04 2.164337467092010972e-12
5.650207350215377664e+04 2.165610711105538384e-12
5.651619476623322407e+04 2.108261273687089959e-12
5.653031603023973003e+04 2.245081548331526266e-12
5.654443729449134844e+04 2.257964639476031545e-12
5.655855855852875538e+04 2.442089331019983170e-12
5.657267982256184769e+04 2.445180106564270217e-12
5.658680108692246722e+04 2.447658558651670307e-12
5.660092235086925939e+04 2.407483336285912184e-12
5.661504361501579115e+04 2.301643712733977000e-12
5.662916487910434807e+04 2.312655815537994040e-12
5.664328614343375375e+04 2.245518922229302895e-12
5.665740740747998643e+04 2.447580803292065762e-12
