5.300000000000059663e+04 2.474770827900978184e-11
5.301412126412889484e+04 2.448616933766406942e-11
5.302824252817194792e+04 2.432155895361455614e-11
5.304236379237080109e+04 2.398867513352229275e-11
5.305648505647764250e+04 2.386549567177470240e-11
5.307060632060204080e+04 2.358852097203163279e-11
5.308472758472860733e+04 2.318525041155294830e-11
5.309884884880376922e+04 2.295939633679659760e-11
5.311297011297537392e+04 2.286286871617189550e-11
5.312709137710202776e+04 2.225329674481907282e-11
5.314121264117155079e+04 2.213386446442756641e-11
5.315533390527540905e+04 2.206156260334098233e-11
5.316945516946888529e+04 2.176008802279336576e-11
5.318357643357333291e+04 2.139634901469031493e-11
5.319769769769775303e+04 2.138014906920525186e-11
5.321181896181818593e+04 2.098267040063613271e-11
5.322594022591615794e+04 2.083731145053104008e-11
5.324006149009104411e+04 2.052409134450192960e-11
5.325418275423063460e+04 2.025582969831165607e-11
5.326830401832469943e+04 2.011295254996019405e-11
5.328242528241141554e+04 1.980657947873750039e-11
5.329654654647246207e+04 1.963886818636931607e-11
5.331066781068420096e+04 1.940253137913894734e-11
5.332478907481295028e+04 1.935431846261153791e-11
5.333891033888145466e+04 1.911043833521772847e-11
5.335303160299325828e+04 1.897449698956617788e-11
5.336715286721092707e+04 1.881049631941838775e-11
5.338127413130669447e+04 1.853833667459961393e-11
5.339539539542557031e+04 1.831554220934382875e-11
5.340951665947179572e+04 1.823420041557066632e-11
5.342363792362678214e+04 1.783638968022756247e-11
5.343775918782829103e+04 1.753251858330925915e-11
5.345188045189888362e+04 1.722910937422227445e-11
5.346600171600117756e+04 1.704857270354608963e-11
5.348012298008707876e+04 1.684628120849646712e-11
5.349424424420648575e+04 1.667920269263101567e-11
5.350836550839121628e+04 1.694908049827311123e-11
5.352248677246964508e+04 1.665747887849678647e-11
5.353660803658921941e+04 1.640998324043638633e-11
5.355072930070990697e+04 1.618399414253224853e-11
5.356485056487340626e+04 1.590482765757836185e-11
5.357897182902065106e+04 1.568947637224477956e-11
5.359309309311791731e+04 1.547882708306962198e-11
5.360721435720701265e+04 1.498052594799690891e-11
5.362133562131252984e+04 1.497620382004363851e-11
5.363545688552921638e+04 1.470829442762836342e-11
5.364957814961751865e+04 1.448296015731038396e-11
5.366369941369700973e+04 1.423582502411845194e-11
5.367782067779051431e+04 1.420088350735447532e-11
5.369194194192074792e+04 1.378781602332663809e-11
5.370606320607638918e+04 1.346587387568845022e-11
5.372018447019372252e+04 1.323587705839798737e-11
5.373430573428707430e+04 1.331977955229666794e-11
5.374842699840538262e+04 1.299432764093061959e-11
5.376254826250534825e+04 1.273141254435628605e-11
5.377666952669766761e+04 1.248674776831898438e-11
5.379079079079668736e+04 1.221872843839211175e-11
5.380491205490416178e+04 1.180721996307235711e-11
5.381903331901083584e+04 1.179635510815398623e-11
5.383315458318351739e+04 1.164207977501060055e-11
5.384727584727131762e+04 1.126799022533206865e-11
5.386139711138873099e+04 1.102558806963726831e-11
5.387551837546969182e+04 1.061348505317961746e-11
5.388963963959090324e+04 1.046209069553070630e-11
5.390376090377843502e+04 1.036965174459989329e-11
5.391788216791310697e+04 1.034705039560706697e-11
5.393200343201855867e+04 1.003921131749340819e-11
5.394612469610460539e+04 9.787786713916054812e-12
5.396024596018811280e+04 9.624897239189758673e-12
5.397436722437930439e+04 9.461034279936486840e-12
5.398848848850183276e+04 9.134809569132982485e-12
5.400260975260043051e+04 8.837232192450046644e-12
5.401673101668655727e+04 8.554471641002441582e-12
5.403085228088093572e+04 8.580779768448826067e-12
5.404497354499612993e+04 8.404850502586311010e-12
5.405909480912103027e+04 8.285724134014007579e-12
5.407321607319128088e+04 8.329822139191235148e-12
5.408733733727304207e+04 8.050267173682439187e-12
5.410145860147015628e+04 7.986986459955792421e-12
5.411557986561892176e+04 7.777769132879629000e-12
5.412970112967192836e+04 7.430869464979447546e-12
5.414382239383128763e+04 7.131809376915089245e-12
5.415794365790131269e+04 7.067440096860423142e-12
5.417206492207328847e+04 6.867476652891012620e-12
5.418618618620830239e+04 6.746411869813509704e-12
5.420030745027770899e+04 6.505171109713083996e-12
5.421442871437923895e+04 6.359528876882264651e-12
5.422854997849978827e+04 6.191972895814636522e-12
5.424267124267670442e+04 5.788510435999202947e-12
5.425679250680370751e+04 5.837629383280698397e-12
5.427091377087936417e+04 5.664988300993201886e-12
5.428503503499027283e+04 5.533187270233553287e-12
5.429915629917153274e+04 5.296809193085582182e-12
5.431327756329344265e+04 5.212777398338613841e-12
5.432739882741135079e+04 5.049817753192191259e-12
5.434152009152808751e+04 4.998805360587421433e-12
5.435564135561425064e+04 4.897982142670763482e-12
5.436976261977414106e+04 4.969384417815325794e-12
5.438388388388734893e+04 4.828072636282502778e-12
5.439800514797231881e+04 4.480268729459393209e-12
5.441212641210333823e+04 4.154280077960493537e-12
5.442624767623162916e+04 3.989893325999501940e-12
5.444036894038879836e+04 3.979584516749666319e-12
5.445449020452081459e+04 3.719294221615445134e-12
5.446861146862224268e+04 3.474991568874753837e-12
5.448273273270184291e+04 3.414869737874839054e-12
5.449685399689293263e+04 3.332609775136530992e-12
5.451097526100263349e+04 3.017266334736830662e-12
5.452509652509111038e+04 3.043803122959173977e-12
5.453921778922060184e+04 2.825222611075717210e-12
5.455333905330017296e+04 2.745749350392654434e-12
5.456746031749374379e+04 2.322214219953117509e-12
5.458158158157161233e+04 2.437443760367274242e-12
5.459570284572235687e+04 2.265286934900048331e-12
5.460982410977216205e+04 1.895665113906496378e-12
5.462394537392273196e+04 1.961743916486383216e-12
5.463806663808031590e+04 1.736635821501146545e-12
5.465218790216929483e+04 1.562580464222201603e-12
5.466630916627964325e+04 1.388436902609557243e-12
5.468043043041334022e+04 1.377937465645082288e-12
5.469455169462689810e+04 1.033023146666199170e-12
5.470867295867652865e+04 1.030384993193919910e-12
5.472279422279819119e+04 1.060670060991443089e-12
5.473691548692758806e+04 9.525627604189724229e-13
5.475103675102700072e+04 7.817071511773268918e-13
5.476515801521512185e+04 5.037447767605454493e-13
5.477927927928586723e+04 2.163912418500283188e-13
5.479340054339888593e+04 8.436982336115627264e-15
5.480752180750965636e+04 7.578070211041465820e-14
5.482164307159216696e+04 -1.090977777612592425e-13
5.483576433577901480e+04 -1.178657278185961143e-13
5.484988559991306101e+04 -1.770121090573658012e-13
5.486400686398652033e+04 -2.272646496498098932e-13
5.487812812811722688e+04 -5.346192975401842729e-13
5.489224939218394138e+04 -7.691659498432939326e-13
5.490637065641656955e+04 -9.088448529835869183e-13
5.492049192047538963e+04 -1.098149502617612276e-12
5.493461318462272175e+04 -1.144069857881908511e-12
5.494873444870646927e+04 -1.204884722932316972e-12
5.496285571292874374e+04 -1.431852276249862134e-12
5.497697697700044955e+04 -1.637976324740019267e-12
5.499109824112492788e+04 -1.599153470487249821e-12
5.500521950517065125e+04 -1.755503917512768613e-12
5.501934076927492424e+04 -1.720195711172785708e-12
5.503346203352350858e+04 -2.050525218150589723e-12
5.504758329762754875e+04 -2.148406942920490300e-12
5.506170456171168189e+04 -2.351517940619644312e-12
5.507582582580926828e+04 -2.485259524521680370e-12
5.508994708988159982e+04 -2.592454031622475259e-12
5.510406835407063045e+04 -2.963084248950048058e-12
5.511818961818983371e+04 -3.154304423891275995e-12
5.513231088231894682e+04 -3.267515206403219512e-12
5.514643214640935912e+04 -3.404002569248928955e-12
5.516055341059363127e+04 -3.521803907581573208e-12
5.517467467469868279e+04 -3.757319304729242370e-12
5.518879593882947665e+04 -3.902404451473435819e-12
5.520291720293230173e+04 -4.031929567659425088e-12
5.521703846698557754e+04 -4.256206021784069427e-12
5.523115973121016577e+04 -4.517598466482494559e-12
5.524528099532840133e+04 -4.511810736245295005e-12
5.525940225937716605e+04 -4.474800405908737418e-12
5.527352352349066496e+04 -4.752803587835080602e-12
5.528764478761154896e+04 -4.993759909189677986e-12
5.530176605177425517e+04 -5.292966696204841557e-12
5.531588731590240786e+04 -5.635872314656389597e-12
5.533000858002735913e+04 -5.910465930897118845e-12
5.534412984412270453e+04 -5.874104590245209297e-12
5.535825110831447819e+04 -5.832509946596496430e-12
5.537237237238917442e+04 -5.881395146613587992e-12
5.538649363647822611e+04 -5.910862792597759536e-12
5.540061490060254437e+04 -6.436838644279142843e-12
5.541473616471755668e+04 -6.631087245078716207e-12
5.542885742887973902e+04 -6.939158047421602274e-12
5.544297869302444451e+04 -7.159265430654337099e-12
5.545709995709545183e+04 -7.446827742795077534e-12
5.547122122122033761e+04 -7.471568653790662056e-12
5.548534248532767378e+04 -7.810620216827798277e-12
5.549946374951757753e+04 -8.002933061968401818e-12
5.551358501362070092e+04 -8.234124828336671315e-12
5.552770627770492865e+04 -8.275506879888827614e-12
5.554182754177752213e+04 -8.589378359894043982e-12
5.555594880589600507e+04 -8.724937901006765016e-12
5.557007007008116489e+04 -8.915181932574786790e-12
5.558419133416897967e+04 -8.985754878898959986e-12
5.559831259831683565e+04 -9.409639011806960896e-12
5.561243386238659150e+04 -9.550787678903546302e-12
5.562655512657943473e+04 -9.476465412586103207e-12
5.564067639072902239e+04 -9.649959984514097913e-12
5.565479765478640184e+04 -1.003400604631671389e-11
5.566891891891902196e+04 -1.017075860017357118e-11
5.568304018296928552e+04 -1.020812891516955238e-11
5.569716144717773568e+04 -1.019060966174433026e-11
5.571128271127596236e+04 -1.048696466277256837e-11
5.572540397540813865e+04 -1.088786283880017125e-11
5.573952523952750198e+04 -1.143102443210766293e-11
5.575364650357218488e+04 -1.151214351860838659e-11
5.576776776782204252e+04 -1.173856115316392977e-11
5.578188903192552971e+04 -1.184197200647445799e-11
5.579601029602907511e+04 -1.202894831602324757e-11
5.581013156007790531e+04 -1.225210759232237594e-11
5.582425282431647793e+04 -1.238287126844447495e-11
5.583837408839086856e+04 -1.259771737299396449e-11
5.585249535252081114e+04 -1.264856676676450606e-11
5.586661661661426479e+04 -1.257277808894906350e-11
5.588073788068672002e+04 -1.292847761306136533e-11
5.589485914487781702e+04 -1.314118068754779345e-11
5.590898040901822969e+04 -1.317481555479171275e-11
5.592310167309258395e+04 -1.371118645482245998e-11
5.593722293723037728e+04 -1.366882190178654190e-11
5.595134420130009676e+04 -1.388985097984572943e-11
5.596546546550385392e+04 -1.406916495696169000e-11
5.597958672959291289e+04 -1.439893864947497746e-11
5.599370799370388704e+04 -1.444692943673999812e-11
5.600782925776884076e+04 -1.460032266874538655e-11
5.602195052198648773e+04 -1.479522164645373069e-11
5.603607178612913413e+04 -1.502699743417697740e-11
5.605019305018562591e+04 -1.502210376988581746e-11
5.606431431427512143e+04 -1.518011692062247133e-11
5.607843557842908922e+04 -1.525332651759279068e-11
5.609255684257675603e+04 -1.575417523196287631e-11
5.610667810672639462e+04 -1.577422640061310347e-11
5.612079937082900142e+04 -1.601392763094414537e-11
5.613492063489255088e+04 -1.621260656317843346e-11
5.614904189900874917e+04 -1.641288912649670037e-11
5.616316316318883037e+04 -1.656542597881133577e-11
5.617728442732011899e+04 -1.664711313358964576e-11
5.619140569142851018e+04 -1.680973024998016932e-11
5.620552695547044277e+04 -1.720228831898978124e-11
5.621964821957646927e+04 -1.746198129853786479e-11
5.623376948381393595e+04 -1.742288562354128051e-11
5.624789074790754239e+04 -1.753679753224442230e-11
5.626201201202905213e+04 -1.805531370181666578e-11
5.627613327612472494e+04 -1.813310553126296076e-11
5.629025454029233515e+04 -1.816523248588725626e-11
5.630437580439258454e+04 -1.856415305832823854e-11
5.631849706850595976e+04 -1.865315828275332854e-11
5.633261833258986735e+04 -1.892779305330965001e-11
5.634673959670177283e+04 -1.915301305104065373e-11
5.636086086087963486e+04 -1.916943061730971174e-11
5.637498212497247005e+04 -1.952390291048289070e-11
5.638910338907651021e+04 -1.962466046645781767e-11
5.640322465322553762e+04 -1.966673335562227358e-11
5.641734591731308319e+04 -1.960717473761552282e-11
5.643146718150957895e+04 -1.970897548612950482e-11
5.644558844559783756e+04 -1.987765823998948662e-11
5.645970970972502982e+04 -2.009463581440102634e-11
5.647383097377208469e+04 -1.999315089057860992e-11
5.648795223798771622e+04 -2.023613706762838910e-11
5.650207350211480662e+04 -2.012606592010849871e-11
5.651619476622081856e+04 -2.024004256593729180e-11
5.653031603028425161e+04 -2.050291436955884796e-11
5.654443729443221673e+04 -2.083008562962097427e-11
5.655855855861767486e+04 -2.087038495274662314e-11
5.657267982269761706e+04 -2.096991967065881012e-11
5.658680108682462742e+04 -2.107660437289510502e-11
5.660092235087931476e+04 -2.132110516748109247e-11
5.661504361500856612e+04 -2.141702292970156054e-11
5.662916487921643420e+04 -2.172339392008807615e-11
5.664328614328917320e+04 -2.180012729752997809e-11
5.665740740738884051e+04 -2.175509823376348205e-11
