5.299999999999889405e+04 2.036978819424053562e-11
5.301412126410526253e+04 1.992184851761844129e-11
5.302824252819029789e+04 1.974279791307850162e-11
5.304236379241895338e+04 1.952011378952055735e-11
5.305648505651500454e+04 1.908148894762907288e-11
5.307060632060762873e+04 1.888002090956346105e-11
5.308472758470639383e+04 1.882040152900576846e-11
5.309884884879770834e+04 1.843276002090045807e-11
5.311297011298145662e+04 1.825899623572975543e-11
5.312709137710790674e+04 1.810699228049864664e-11
5.314121264120701380e+04 1.806507111614019380e-11
5.315533390529637109e+04 1.801776789428264421e-11
5.316945516948978911e+04 1.773919771020970660e-11
5.318357643358775385e+04 1.764287227455310399e-11
5.319769769769631966e+04 1.761112493737807306e-11
5.321181896180750482e+04 1.732832340824423589e-11
5.322594022590445820e+04 1.681803679437698520e-11
5.324006149009241199e+04 1.694494938863312885e-11
5.325418275419196289e+04 1.673219683604478768e-11
5.326830401830446499e+04 1.666918085162398773e-11
5.328242528239432431e+04 1.629932227890023592e-11
5.329654654648898577e+04 1.613650391180604514e-11
5.331066781071733567e+04 1.627201659249783376e-11
5.332478907478276233e+04 1.607637910909385047e-11
5.333891033890526887e+04 1.571080955712244545e-11
5.335303160298881266e+04 1.547840131198667012e-11
5.336715286720155564e+04 1.544090848721745988e-11
5.338127413128055923e+04 1.524282548125718250e-11
5.339539539540272381e+04 1.529582398539274126e-11
5.340951665947955189e+04 1.507505337648929305e-11
5.342363792361319793e+04 1.490470142888814360e-11
5.343775918781306245e+04 1.462818783180397297e-11
5.345188045191236597e+04 1.433088623102620704e-11
5.346600171599580790e+04 1.425827667349741895e-11
5.348012298010224185e+04 1.423244367636943142e-11
5.349424424420758442e+04 1.400202683553621916e-11
5.350836550838549738e+04 1.383523620624905282e-11
5.352248677250678156e+04 1.369990581736171885e-11
5.353660803658622171e+04 1.364573944455847681e-11
5.355072930070813163e+04 1.339163858455081967e-11
5.356485056490168790e+04 1.307806533460481451e-11
5.357897182900732878e+04 1.294287629693588286e-11
5.359309309309229138e+04 1.265234461389084162e-11
5.360721435721855232e+04 1.264373932748809346e-11
5.362133562130860082e+04 1.274817803012505152e-11
5.363545688549833721e+04 1.263890848481153199e-11
5.364957814961769327e+04 1.263463030342722902e-11
5.366369941370683955e+04 1.216786997756625103e-11
5.367782067781087972e+04 1.204569345475526274e-11
5.369194194191866700e+04 1.201875205900588311e-11
5.370606320610769762e+04 1.194832216656043430e-11
5.372018447019741143e+04 1.174999586073097435e-11
5.373430573430223012e+04 1.150799708190460316e-11
5.374842699839251873e+04 1.149958382808975581e-11
5.376254826250204496e+04 1.129658077438348262e-11
5.377666952669668535e+04 1.112627130538682547e-11
5.379079079079239455e+04 1.118421505147518509e-11
5.380491205491880828e+04 1.093773734323879116e-11
5.381903331899664772e+04 1.077708824129373813e-11
5.383315458319878962e+04 1.071350714495522217e-11
5.384727584731394745e+04 1.068535672023518254e-11
5.386139711140409781e+04 1.046522819741034832e-11
5.387551837549963966e+04 1.056245469215503238e-11
5.388963963961810805e+04 1.023418823939259674e-11
5.390376090378716617e+04 1.018943043805087359e-11
5.391788216791790910e+04 9.808512926842048676e-12
5.393200343201764190e+04 9.648773013511107952e-12
5.394612469610078551e+04 9.547157600054543142e-12
5.396024596019359888e+04 9.316280525513334093e-12
5.397436722437892604e+04 9.318124536382201189e-12
5.398848848848572379e+04 9.186509707086549233e-12
5.400260975257997052e+04 9.068220269542629121e-12
5.401673101668644085e+04 8.901580512540390097e-12
5.403085228089166048e+04 8.687569201718543908e-12
5.404497354499497305e+04 8.516450295589360991e-12
5.405909480908930709e+04 8.689009226410879629e-12
5.407321607318930910e+04 8.398897788594434694e-12
5.408733733729585947e+04 8.319932992399544834e-12
5.410145860148293286e+04 8.145793125101127227e-12
5.411557986559927667e+04 8.155531125464392775e-12
5.412970112969726324e+04 7.773809010895278303e-12
5.414382239378226222e+04 7.643444370873259835e-12
5.415794365790439770e+04 7.588739545138573083e-12
5.417206492209557473e+04 7.620295142681596453e-12
5.418618618621084897e+04 7.596094935223579386e-12
5.420030745029138780e+04 7.376592459142215382e-12
5.421442871438998554e+04 6.977261205275096752e-12
5.422854997850744257e+04 6.993952953193983237e-12
5.424267124269486521e+04 7.041322163366445203e-12
5.425679250681639678e+04 7.100256979241027450e-12
5.427091377091335744e+04 6.990072752390402421e-12
5.428503503499123326e+04 7.021791965799699834e-12
5.429915629921319487e+04 6.628698328807617837e-12
5.431327756329537078e+04 6.516742011759871977e-12
5.432739882739898894e+04 6.476975592924106015e-12
5.434152009148881189e+04 6.252839726438102452e-12
5.435564135560848081e+04 6.104686511633581540e-12
5.436976261979058472e+04 6.020617837869799626e-12
5.438388388389754982e+04 5.912167616950197036e-12
5.439800514801216923e+04 5.722677886201054211e-12
5.441212641211000300e+04 5.485162431123102108e-12
5.442624767620585772e+04 5.514282393371224157e-12
5.444036894040642801e+04 5.361754321737689654e-12
5.445449020450500393e+04 5.100193779347095903e-12
5.446861146859863948e+04 4.930854140834414428e-12
5.448273273271425569e+04 4.659470347915675641e-12
5.449685399688067992e+04 4.659559406507165777e-12
5.451097526100577670e+04 4.564523635930785974e-12
5.452509652511239983e+04 4.593291172239556509e-12
5.453921778918288328e+04 4.419350075514579637e-12
5.455333905330553534e+04 4.314245557371669612e-12
5.456746031747874804e+04 4.185900994710248178e-12
5.458158158161357278e+04 4.003681550359177985e-12
5.459570284570497461e+04 3.871003584127611316e-12
5.460982410978083499e+04 3.751997869425159466e-12
5.462394537391045014e+04 3.441415113235512297e-12
5.463806663811841281e+04 3.498895549578997603e-12
5.465218790219246148e+04 3.344277091170533086e-12
5.466630916630776483e+04 3.089491300284901055e-12
5.468043043040396151e+04 3.043741843245168368e-12
5.469455169457976444e+04 2.976612758085801709e-12
5.470867295868505607e+04 2.976427317005494605e-12
5.472279422281679581e+04 2.810903136044027889e-12
5.473691548688660987e+04 2.746755755964226945e-12
5.475103675100785767e+04 2.533769204856305038e-12
5.476515801521112735e+04 2.274001406053292581e-12
5.477927927929646103e+04 2.242368028720661563e-12
5.479340054338733171e+04 2.154467198919760894e-12
5.480752180751688138e+04 1.844110018767769556e-12
5.482164307158572046e+04 1.742269175751496348e-12
5.483576433580513549e+04 1.552602206687052397e-12
5.484988559990446083e+04 1.550636472644619088e-12
5.486400686398964899e+04 1.436507301738046176e-12
5.487812812811614276e+04 1.185396642530853371e-12
5.489224939220027591e+04 1.021882138995778732e-12
5.490637065640603396e+04 9.100983729690452125e-13
5.492049192049366684e+04 7.932769374052498310e-13
5.493461318458495953e+04 7.610758115518682853e-13
5.494873444869314699e+04 6.195236254077243538e-13
5.496285571291700035e+04 4.228816694854121993e-13
5.497697697700514982e+04 1.909906745983211026e-13
5.499109824109869805e+04 -9.425432094284506531e-15
5.500521950519980601e+04 5.994857407360176126e-14
5.501934076930433366e+04 -1.203953666500971021e-13
5.503346203350024734e+04 -1.566515879752167276e-13
5.504758329759023763e+04 -3.567152687284710027e-13
5.506170456168699457e+04 -7.671247961696034656e-13
5.507582582578910660e+04 -7.944165671670835720e-13
5.508994708991188236e+04 -9.277094478181836824e-13
5.510406835411847715e+04 -1.185979363139979701e-12
5.511818961820090772e+04 -1.325779673043624193e-12
5.513231088228173030e+04 -1.461052056664131624e-12
5.514643214640820224e+04 -1.532596865999593325e-12
5.516055341060900537e+04 -1.734019569140753447e-12
5.517467467471432610e+04 -1.971480827378489662e-12
5.518879593881033361e+04 -2.182505452870588100e-12
5.520291720288143551e+04 -2.310407066221702840e-12
5.521703846700311260e+04 -2.389928185657512397e-12
5.523115973120943818e+04 -2.556204091440571601e-12
5.524528099531662883e+04 -2.909029036718235586e-12
5.525940225940643722e+04 -3.071576199894425775e-12
5.527352352351593436e+04 -3.404503873871340427e-12
5.528764478760913335e+04 -3.730308032352604655e-12
5.530176605179381295e+04 -3.840964211146950048e-12
5.531588731590292446e+04 -3.977658309716477938e-12
5.533000857999250729e+04 -4.168975206370636429e-12
5.534412984411286016e+04 -4.641313558913425419e-12
5.535825110829979531e+04 -4.500618268756482414e-12
5.537237237241476396e+04 -4.591546504756266467e-12
5.538649363649012230e+04 -4.973972006424617712e-12
5.540061490057988703e+04 -5.233466184423512278e-12
5.541473616469430999e+04 -5.611865593253538231e-12
5.542885742889435642e+04 -5.853430870597153607e-12
5.544297869299368176e+04 -6.103551631841695975e-12
5.545709995711811644e+04 -6.400443387325071975e-12
5.547122122120408312e+04 -6.670441498869636748e-12
5.548534248528535682e+04 -6.896764281097334726e-12
5.549946374947917502e+04 -7.197380677805077055e-12
5.551358501361598610e+04 -7.425519786569747682e-12
5.552770627770192368e+04 -7.466152183025398888e-12
5.554182754181077325e+04 -7.440911103279339642e-12
5.555594880588776869e+04 -7.497487624214787127e-12
5.557007007009676454e+04 -7.726442908097523453e-12
5.558419133417966805e+04 -8.135994953639669396e-12
5.559831259830485214e+04 -8.633364922464978892e-12
5.561243386238221137e+04 -8.795975657069962537e-12
5.562655512660515524e+04 -8.756210410057768772e-12
5.564067639070733276e+04 -8.938372435053798932e-12
5.565479765481437062e+04 -9.092011688389709806e-12
5.566891891889840190e+04 -9.266878525736757157e-12
5.568304018300382450e+04 -9.665787190728135900e-12
5.569716144718621945e+04 -9.874047484413318677e-12
5.571128271128664346e+04 -1.042425234150791370e-11
5.572540397540960839e+04 -1.046511793085444082e-11
5.573952523948739690e+04 -1.069213619037226345e-11
5.575364650361670647e+04 -1.073795595682633154e-11
5.576776776781506487e+04 -1.096272372917366549e-11
5.578188903189596749e+04 -1.092768239593706606e-11
5.579601029601303890e+04 -1.120076943441805693e-11
5.581013156011571118e+04 -1.167135737549981193e-11
5.582425282429973595e+04 -1.189628363698529126e-11
5.583837408841171418e+04 -1.211159625788411011e-11
5.585249535249939800e+04 -1.247078918540922219e-11
5.586661661658358207e+04 -1.245423834927489896e-11
5.588073788068195427e+04 -1.270357486759371898e-11
5.589485914490174036e+04 -1.285074448298729031e-11
5.590898040898031468e+04 -1.334701528130183946e-11
5.592310167309232929e+04 -1.340038452112006580e-11
5.593722293721369351e+04 -1.360989280690968511e-11
5.595134420128145575e+04 -1.397181754813758218e-11
5.596546546549490449e+04 -1.426946952416345010e-11
5.597958672961445700e+04 -1.452166353426317902e-11
5.599370799370767782e+04 -1.466480295543592358e-11
5.600782925780192454e+04 -1.478215639890151428e-11
5.602195052198408666e+04 -1.490912524068912658e-11
5.603607178608756658e+04 -1.497245849634211215e-11
5.605019305021166656e+04 -1.498343672547864873e-11
5.606431431430664088e+04 -1.546929411361848083e-11
5.607843557841120492e+04 -1.549301768183849037e-11
5.609255684258198016e+04 -1.563893871921584028e-11
5.610667810670109611e+04 -1.591405301247680476e-11
5.612079937078518560e+04 -1.579799677770568283e-11
5.613492063491147564e+04 -1.574101920015263648e-11
5.614904189901053905e+04 -1.591914341407461858e-11
5.616316316321282648e+04 -1.627622969577273451e-11
5.617728442728095251e+04 -1.659516257378227343e-11
5.619140569138852152e+04 -1.687975867747802430e-11
5.620552695548540214e+04 -1.709991561702448610e-11
5.621964821959342953e+04 -1.713320067968219136e-11
5.623376948377882945e+04 -1.733209898189285146e-11
5.624789074789782899e+04 -1.724579710535627136e-11
5.626201201198784838e+04 -1.737711663511171859e-11
5.627613327611448767e+04 -1.778593511909764229e-11
5.629025454028847889e+04 -1.788128171587655944e-11
5.630437580437874567e+04 -1.810796747045575708e-11
5.631849706851196242e+04 -1.824272718126340972e-11
5.633261833261018910e+04 -1.830986095371706678e-11
5.634673959671009652e+04 -1.837689394934351013e-11
5.636086086090368190e+04 -1.841384799160589635e-11
5.637498212498475914e+04 -1.861533953938192744e-11
5.638910338911593863e+04 -1.886442352972092991e-11
5.640322465319751063e+04 -1.910280759902180651e-11
5.641734591731648834e+04 -1.920671026561343473e-11
5.643146718150227389e+04 -1.937651394626072444e-11
5.644558844559783029e+04 -1.962667718610976236e-11
5.645970970969140035e+04 -1.953000056957635173e-11
5.647383097380313848e+04 -1.984742003744234159e-11
5.648795223801701650e+04 -1.974622486921437470e-11
5.650207350209674041e+04 -1.984033167665386150e-11
5.651619476618716726e+04 -1.974339315755205574e-11
5.653031603030092083e+04 -2.006821327718853092e-11
5.654443729438046284e+04 -2.011207873487999320e-11
5.655855855860555312e+04 -2.022045249431150656e-11
5.657267982271868095e+04 -2.020810909071331222e-11
5.658680108679363184e+04 -2.037167749813270970e-11
5.660092235089169844e+04 -2.068423624182104912e-11
5.661504361501688982e+04 -2.072403429989326437e-11
5.662916487920604413e+04 -2.074210030390649455e-11
5.664328614329403354e+04 -2.097567286561975132e-11
5.665740740738641034e+04 -2.090253232553479238e-11
