5.299999999999791180e+04 -1.545718832366728818e-11
5.301412126409626217e+04 -1.558418144987314851e-11
5.302824252819167305e+04 -1.540620207029343351e-11
5.304236379239749658e+04 -1.542592630516250788e-11
5.305648505654252949e+04 -1.525032596578451065e-11
5.307060632058107149e+04 -1.527173101249545513e-11
5.308472758470382541e+04 -1.512708991744525917e-11
5.309884884884416533e+04 -1.477754414690803323e-11
5.311297011297335121e+04 -1.493748077590222739e-11
5.312709137711206859e+04 -1.506924762408980131e-11
5.314121264124449954e+04 -1.478215817860830304e-11
5.315533390526772564e+04 -1.453415589702495324e-11
5.316945516950932506e+04 -1.451532472318425969e-11
5.318357643361223745e+04 -1.439694034158877804e-11
5.319769769771423307e+04 -1.420988659538801189e-11
5.321181896173666610e+04 -1.401290813620298650e-11
5.322594022592366673e+04 -1.396067134595467735e-11
5.324006149009396177e+04 -1.396322030193691179e-11
5.325418275422266743e+04 -1.377925786517241778e-11
5.326830401835880184e+04 -1.364444935859589181e-11
5.328242528236442013e+04 -1.356471359197477763e-11
5.329654654649463919e+04 -1.341364500695129572e-11
5.331066781068451382e+04 -1.302203245418138770e-11
5.332478907482117938e+04 -1.310578950977739091e-11
5.333891033885151410e+04 -1.311853415081473838e-11
5.335303160295388807e+04 -1.313812597314542792e-11
5.336715286722812016e+04 -1.288766495240261361e-11
5.338127413125741441e+04 -1.289563815191265111e-11
5.339539539545845764e+04 -1.280060983348022274e-11
5.340951665955567296e+04 -1.295125323070380293e-11
5.342363792361158266e+04 -1.258854175368921281e-11
5.343775918783149245e+04 -1.255956004340510979e-11
5.345188045186202362e+04 -1.247650174242766253e-11
5.346600171595655411e+04 -1.235497267268273444e-11
5.348012298008009384e+04 -1.228567627082623048e-11
5.349424424423545133e+04 -1.216616247956904253e-11
5.350836550845205056e+04 -1.211324710795267380e-11
5.352248677253814822e+04 -1.177990536930994553e-11
5.353660803654370102e+04 -1.167955151740330808e-11
5.355072930073671159e+04 -1.169326383125927245e-11
5.356485056487853581e+04 -1.145642501718688192e-11
5.357897182895162405e+04 -1.129959354846580488e-11
5.359309309309076343e+04 -1.138502358049623988e-11
5.360721435723493050e+04 -1.137448969382025700e-11
5.362133562133398664e+04 -1.116939544825177664e-11
5.363545688544741279e+04 -1.139768729463885356e-11
5.364957814957581286e+04 -1.131351314977974027e-11
5.366369941375884082e+04 -1.112149333403929039e-11
5.367782067779236968e+04 -1.090800543748924855e-11
5.369194194187167159e+04 -1.061307742701731376e-11
5.370606320606137160e+04 -1.048105812083261551e-11
5.372018447013854166e+04 -1.042485547419338448e-11
5.373430573435735278e+04 -1.011830732059786029e-11
5.374842699835665553e+04 -9.943108838217017122e-12
5.376254826253941428e+04 -9.743473620415144210e-12
5.377666952672443585e+04 -9.513151175564591543e-12
5.379079079074764013e+04 -9.575947639165600516e-12
5.380491205486443505e+04 -9.402992656132432736e-12
5.381903331893709401e+04 -9.246605525180927744e-12
5.383315458318180026e+04 -9.364451222515035186e-12
5.384727584731175011e+04 -9.065957370743851184e-12
5.386139711134424579e+04 -8.723466098194536906e-12
5.387551837550185883e+04 -8.583004052785409539e-12
5.388963963962836715e+04 -8.429506023670570731e-12
5.390376090376598586e+04 -8.197899507571194395e-12
5.391788216796208144e+04 -8.217676660677072725e-12
5.393200343205140962e+04 -8.068634566375480848e-12
5.394612469605023944e+04 -7.960692253929639201e-12
5.396024596022651531e+04 -7.653230076667174586e-12
5.397436722442394966e+04 -7.442748199096879258e-12
5.398848848853092204e+04 -7.467034512237053218e-12
5.400260975255496305e+04 -7.215242583220354252e-12
5.401673101665963623e+04 -7.050519163486518351e-12
5.403085228085487324e+04 -6.879765111318821914e-12
5.404497354502411326e+04 -6.769347614128873585e-12
5.405909480904473457e+04 -6.654742442502354326e-12
5.407321607325627701e+04 -6.504953250872509870e-12
5.408733733730779932e+04 -6.228983125643644428e-12
5.410145860148193606e+04 -6.113243047875574060e-12
5.411557986556559626e+04 -6.011683069482165956e-12
5.412970112971243361e+04 -5.944198693305528462e-12
5.414382239385801950e+04 -5.743975849182385637e-12
5.415794365784755064e+04 -5.534842100240381869e-12
5.417206492214992613e+04 -5.353218028264923231e-12
5.418618618620291090e+04 -5.089998888414503183e-12
5.420030745031037077e+04 -4.688122595105661079e-12
5.421442871441420721e+04 -4.713320037489879130e-12
5.422854997850958171e+04 -4.297813819049553910e-12
5.424267124264786980e+04 -4.165303981275312321e-12
5.425679250685191073e+04 -4.013164576726340935e-12
5.427091377094732161e+04 -3.919109983087677089e-12
5.428503503505198751e+04 -3.739572176052420956e-12
5.429915629915262252e+04 -3.448381304089360660e-12
5.431327756329446129e+04 -3.600334530001890134e-12
5.432739882736726577e+04 -3.401060208727691861e-12
5.434152009154464758e+04 -3.346629621343071301e-12
5.435564135556231486e+04 -2.803379071627046639e-12
5.436976261984927260e+04 -2.622143700181031474e-12
5.438388388386709994e+04 -2.634505107932186131e-12
5.439800514804240811e+04 -1.959097196830259243e-12
5.441212641203698877e+04 -1.929366942006455881e-12
5.442624767623647494e+04 -1.881906066484480699e-12
5.444036894044804649e+04 -1.797753468995823772e-12
5.445449020447324438e+04 -1.821513289534704626e-12
5.446861146862782334e+04 -1.688243183346199772e-12
5.448273273268733465e+04 -1.274492213118407597e-12
5.449685399687390600e+04 -1.022304362133319973e-12
5.451097526103939163e+04 -8.748549167216218365e-13
5.452509652508036379e+04 -9.466357274679279405e-13
5.453921778923358943e+04 -7.333593869187173706e-13
5.455333905328891706e+04 -5.372316541726336051e-13
5.456746031752293493e+04 -5.548153025081493115e-13
5.458158158156411810e+04 -4.819079472864394949e-13
5.459570284572595847e+04 -3.513702932590274767e-13
5.460982410982374131e+04 -3.167818811673845434e-13
5.462394537389819743e+04 -6.637594216939594116e-14
5.463806663815436332e+04 -1.097184339847567614e-13
5.465218790222288226e+04 7.772126450553019761e-14
5.466630916630585125e+04 2.912304745332674123e-13
5.468043043038192991e+04 4.907164395180816044e-13
5.469455169457187003e+04 6.145711342058095802e-13
5.470867295871441456e+04 7.346027347956014327e-13
5.472279422273979435e+04 6.822095872376683750e-13
5.473691548688837793e+04 8.954020772326523474e-13
5.475103675104616559e+04 9.605228501296907119e-13
5.476515801520175592e+04 1.337011400057989456e-12
5.477927927932677994e+04 1.435742123924529812e-12
5.479340054344173404e+04 1.582439136329402893e-12
5.480752180753536231e+04 1.732328024747919557e-12
5.482164307163174090e+04 1.889505771699213393e-12
5.483576433583430480e+04 1.953479768397164191e-12
5.484988559985192114e+04 2.065817466668176360e-12
5.486400686406128079e+04 2.263796519077695917e-12
5.487812812808004674e+04 2.374620580356582300e-12
5.489224939218640793e+04 2.469470818689361205e-12
5.490637065642708330e+04 2.577022720264957879e-12
5.492049192055407912e+04 2.840427073944187729e-12
5.493461318458481401e+04 2.843507500058001232e-12
5.494873444873074914e+04 3.019559398644518120e-12
5.496285571283543686e+04 3.214273366606717600e-12
5.497697697704556776e+04 2.937149974654692733e-12
5.499109824111881608e+04 3.249678356794437115e-12
5.500521950524154818e+04 3.224834911101493363e-12
5.501934076931555319e+04 3.491483532772461259e-12
5.503346203352270823e+04 3.506146445275608348e-12
5.504758329762426001e+04 3.713239889204622922e-12
5.506170456173110870e+04 3.985954870428440923e-12
5.507582582578917209e+04 4.052570042638148686e-12
5.508994708995152178e+04 4.059631732828408162e-12
5.510406835407645121e+04 4.136291458824946372e-12
5.511818961824540747e+04 4.372094040263636388e-12
5.513231088228055887e+04 4.502076666773114302e-12
5.514643214641711529e+04 4.653319151063172375e-12
5.516055341063915694e+04 4.750814833450565982e-12
5.517467467470063275e+04 5.020570720429482892e-12
5.518879593882874178e+04 5.053417508561824069e-12
5.520291720289822842e+04 5.131739071850130128e-12
5.521703846702651936e+04 5.518795832216846593e-12
5.523115973117903923e+04 5.510738811389178150e-12
5.524528099526303413e+04 5.547905978862426201e-12
5.525940225943160476e+04 5.584018026861657554e-12
5.527352352352397429e+04 5.703463492196520692e-12
5.528764478763881198e+04 5.923882917616244630e-12
5.530176605179982289e+04 5.943114106548613266e-12
5.531588731583673507e+04 6.217507034428000380e-12
5.533000857996574632e+04 6.324367870609505473e-12
5.534412984412430524e+04 6.492957596128567400e-12
5.535825110834153747e+04 6.748048611752477643e-12
5.537237237236290821e+04 6.528813970105234858e-12
5.538649363654725312e+04 6.834930006827862036e-12
5.540061490061251243e+04 7.093137965072638981e-12
5.541473616475927702e+04 7.165562682585432356e-12
5.542885742892501730e+04 7.232577752940437023e-12
5.544297869303825428e+04 7.627487199572936348e-12
5.545709995708706992e+04 7.478033644052757472e-12
5.547122122123892768e+04 7.783839538976488127e-12
5.548534248527096497e+04 7.834645197903530124e-12
5.549946374950079917e+04 7.950474154920152397e-12
5.551358501363012329e+04 8.149777449659915452e-12
5.552770627765692188e+04 8.105387352175431438e-12
5.554182754183778889e+04 8.409549039474129638e-12
5.555594880591239053e+04 8.271128848617522561e-12
5.557007007011532551e+04 8.575744638708496961e-12
5.558419133418736601e+04 8.644042318482579451e-12
5.559831259827124450e+04 8.700197280235500411e-12
5.561243386234594072e+04 8.753082362739532451e-12
5.562655512657624786e+04 8.807517160193821255e-12
5.564067639074541512e+04 9.123119828762447480e-12
5.565479765482825314e+04 8.970696244510867008e-12
5.566891891886966914e+04 8.998466682667491543e-12
5.568304018293455738e+04 9.077276906403267421e-12
5.569716144726212951e+04 9.179162989776398970e-12
5.571128271128229972e+04 9.225682680834754179e-12
5.572540397538874822e+04 9.118486939458456025e-12
5.573952523955793731e+04 9.274509139232187022e-12
5.575364650364356930e+04 9.458163254175817776e-12
5.576776776779367356e+04 9.508843605057039114e-12
5.578188903186211246e+04 9.562695541755031091e-12
5.579601029594596184e+04 9.682881394619613435e-12
5.581013156007802900e+04 9.561192459173671066e-12
5.582425282425071055e+04 9.722461312088519756e-12
5.583837408842857258e+04 9.740905217992920731e-12
5.585249535250094777e+04 9.750505638666342563e-12
5.586661661658178491e+04 9.669063829021943369e-12
5.588073788069079455e+04 9.639861557865774514e-12
5.589485914491880976e+04 9.575671795097324702e-12
5.590898040905957168e+04 9.780710608081839510e-12
5.592310167311348778e+04 9.690082426421255459e-12
5.593722293719067966e+04 9.693499658108531703e-12
5.595134420128847705e+04 9.642062956516765044e-12
5.596546546550529456e+04 9.624505270277537279e-12
5.597958672953927453e+04 9.697567637925506569e-12
5.599370799364366394e+04 9.700013863822345742e-12
5.600782925780701771e+04 9.663241595036661915e-12
5.602195052200456848e+04 9.678384163116044158e-12
5.603607178606822708e+04 9.831336345003752263e-12
5.605019305020816682e+04 9.674687020269017374e-12
5.606431431430940575e+04 9.575211026361406544e-12
5.607843557834803505e+04 9.691802473773506203e-12
5.609255684265743184e+04 9.593886135258423560e-12
5.610667810670551262e+04 9.556008781658008548e-12
5.612079937075624912e+04 9.529221160876166027e-12
5.613492063493933529e+04 9.632832261822684032e-12
5.614904189893610601e+04 9.630930333613444467e-12
5.616316316323052160e+04 9.564784671881534580e-12
5.617728442734058626e+04 9.718802586127216656e-12
5.619140569138503633e+04 9.564309401794537767e-12
5.620552695555183163e+04 9.410506142628749057e-12
5.621964821959008987e+04 9.592025050572284830e-12
5.623376948375621578e+04 9.535700691988406649e-12
5.624789074785175035e+04 9.230337322165365230e-12
5.626201201199027128e+04 9.373720191116645154e-12
5.627613327604503138e+04 9.205381549474744538e-12
5.629025454031457048e+04 9.050417597490686977e-12
5.630437580437490396e+04 8.985491540315806810e-12
5.631849706843707099e+04 9.090880869438463908e-12
5.633261833260706771e+04 8.912764984197072794e-12
5.634673959667314921e+04 9.064274632491497283e-12
5.636086086093548511e+04 8.976522045360728228e-12
5.637498212496632186e+04 8.886484209024741540e-12
5.638910338914625754e+04 9.022396484769230419e-12
5.640322465316893795e+04 8.916719409079384469e-12
5.641734591730062675e+04 9.148792073448143156e-12
5.643146718144408806e+04 9.112171308697328633e-12
5.644558844558195415e+04 9.158404831964621439e-12
5.645970970970464259e+04 8.922849153570017825e-12
5.647383097373675992e+04 8.691177673756731384e-12
5.648795223798415100e+04 8.868545920792863157e-12
5.650207350204281101e+04 8.875490840023018259e-12
5.651619476617763576e+04 8.882412779289566705e-12
5.653031603025459481e+04 8.887823478964772778e-12
5.654443729434792476e+04 8.822090316350568770e-12
5.655855855863147008e+04 9.032366456002422568e-12
5.657267982264927559e+04 9.046901663058965586e-12
5.658680108676255622e+04 8.975472100764010675e-12
5.660092235090986651e+04 9.028727143140144743e-12
5.661504361496656202e+04 8.991219340099500048e-12
5.662916487921198859e+04 8.811785819998317496e-12
5.664328614330069831e+04 8.682208588113981283e-12
5.665740740738705790e+04 8.785756830381423910e-12
