5.300000000000033469e+04 4.523431022615824781e-12
5.301412126411061035e+04 4.512962877571323479e-12
5.302824252819813410e+04 4.848456851573608446e-12
5.304236379241973918e+04 4.695502443089974426e-12
5.305648505650559673e+04 4.678083962487590332e-12
5.307060632060503121e+04 4.638581337329728603e-12
5.308472758469758992e+04 5.065094236922301383e-12
5.309884884877559671e+04 5.130814859476119299e-12
5.311297011302061583e+04 5.480700209266559047e-12
5.312709137711532094e+04 5.356306339684714588e-12
5.314121264121772401e+04 5.379691256877307634e-12
5.315533390530520410e+04 5.676888302426774529e-12
5.316945516950159799e+04 5.604741354609289256e-12
5.318357643357279449e+04 5.485544904768201529e-12
5.319769769770285347e+04 5.450674195341983845e-12
5.321181896177456656e+04 5.627040574920324242e-12
5.322594022589564702e+04 5.699562515270585963e-12
5.324006149007053318e+04 5.784884934717317070e-12
5.325418275420310965e+04 5.767959814385077049e-12
5.326830401829869515e+04 5.873410447654400095e-12
5.328242528237101214e+04 5.903960610185573049e-12
5.329654654649065196e+04 6.006976945514184365e-12
5.331066781067930424e+04 6.060326244633490225e-12
5.332478907482148497e+04 6.075780938359634045e-12
5.333891033890775725e+04 6.152657727075923300e-12
5.335303160301611206e+04 6.191499163718115483e-12
5.336715286722640303e+04 6.409318096429781960e-12
5.338127413131028879e+04 6.527196539910833159e-12
5.339539539540949045e+04 6.520101944537487017e-12
5.340951665947141737e+04 6.513855978621244829e-12
5.342363792357387865e+04 6.618859530943775418e-12
5.343775918780019856e+04 6.554340345073604611e-12
5.345188045188529941e+04 6.707813093043750769e-12
5.346600171598725865e+04 6.837228891614808445e-12
5.348012298008008656e+04 6.727470602164534716e-12
5.349424424422688026e+04 6.471701185856976823e-12
5.350836550840576092e+04 6.455780268750233590e-12
5.352248677247181331e+04 6.504606642295695687e-12
5.353660803660057718e+04 6.645719685071501019e-12
5.355072930070161965e+04 6.627267485381089272e-12
5.356485056492276635e+04 6.525300609089690263e-12
5.357897182902064378e+04 6.415652194996468171e-12
5.359309309311358084e+04 6.571435534311976415e-12
5.360721435718678549e+04 6.692928025035733868e-12
5.362133562127521145e+04 6.682982036899515574e-12
5.363545688552811771e+04 6.572584412290085928e-12
5.364957814959385723e+04 6.483797378299236125e-12
5.366369941370314336e+04 6.595561971852281863e-12
5.367782067780513898e+04 6.568288429674260695e-12
5.369194194187609537e+04 6.664506600728760559e-12
5.370606320608813985e+04 6.503484984194558932e-12
5.372018447019993619e+04 6.393257760440979115e-12
5.373430573427465424e+04 6.143281807257457604e-12
5.374842699840236310e+04 6.335501718149546642e-12
5.376254826251765189e+04 6.277335717954916399e-12
5.377666952672350453e+04 6.232804884425653857e-12
5.379079079079609073e+04 6.514699352207794862e-12
5.380491205488805281e+04 6.469496873746709152e-12
5.381903331899373734e+04 6.504977983381560692e-12
5.383315458317688172e+04 6.495856337047992300e-12
5.384727584728736110e+04 6.427404874804321140e-12
5.386139711142401211e+04 6.273473814921882754e-12
5.387551837551665812e+04 6.444018736949869477e-12
5.388963963960667024e+04 6.357422903055379651e-12
5.390376090380883397e+04 6.303714434339912518e-12
5.391788216792924504e+04 6.247003591064296611e-12
5.393200343198145856e+04 6.195598521450275501e-12
5.394612469610373228e+04 5.933890801291209882e-12
5.396024596019234014e+04 5.704944194767969257e-12
5.397436722438915604e+04 5.672705569990146126e-12
5.398848848851033836e+04 5.765130883553202825e-12
5.400260975258136750e+04 5.611766240541606400e-12
5.401673101670192409e+04 5.587843952078601084e-12
5.403085228089964221e+04 5.316706314946747506e-12
5.404497354498929781e+04 5.281669022086450863e-12
5.405909480909084232e+04 5.310554290801035765e-12
5.407321607321698684e+04 5.221717575002214468e-12
5.408733733727823710e+04 5.070458378409520200e-12
5.410145860150637600e+04 4.875336120472663893e-12
5.411557986562456790e+04 4.726264029929793289e-12
5.412970112970997434e+04 5.028074263714246651e-12
5.414382239381282852e+04 4.960774998945876786e-12
5.415794365790812299e+04 5.020138673727337488e-12
5.417206492211672594e+04 5.021336901563700449e-12
5.418618618621358473e+04 4.885411900949084505e-12
5.420030745028773526e+04 4.618993592974927874e-12
5.421442871438101429e+04 4.494508464882784148e-12
5.422854997847082268e+04 4.369585163161310905e-12
5.424267124269813939e+04 4.253535541333173454e-12
5.425679250682392012e+04 4.126535562168460687e-12
5.427091377088158333e+04 4.112368390753140652e-12
5.428503503499166254e+04 4.039416354216717641e-12
5.429915629920151696e+04 3.737522690402841674e-12
5.431327756331666751e+04 3.743131202208336674e-12
5.432739882738196320e+04 3.676390276867640543e-12
5.434152009151792299e+04 3.647855657706423816e-12
5.435564135558238922e+04 3.534822573626454425e-12
5.436976261980723939e+04 3.204689504601626613e-12
5.438388388390494219e+04 3.255754879003011856e-12
5.439800514801708778e+04 3.121579474708330192e-12
5.441212641210706352e+04 3.029557037454460813e-12
5.442624767620134662e+04 3.112777274654527323e-12
5.444036894042519998e+04 3.111663251396932308e-12
5.445449020452845434e+04 2.800223598858459670e-12
5.446861146862437454e+04 2.897419140536155426e-12
5.448273273267388140e+04 2.690417066048997498e-12
5.449685399688016332e+04 2.518270818575647654e-12
5.451097526099573588e+04 2.619127986955800397e-12
5.452509652507968713e+04 2.322869058975234817e-12
5.453921778920704674e+04 2.362667838607565388e-12
5.455333905332142604e+04 2.292093557909686214e-12
5.456746031747294910e+04 2.364532732129963848e-12
5.458158158159853338e+04 2.346335248524075892e-12
5.459570284568070929e+04 2.240901821315196852e-12
5.460982410977850668e+04 2.006353231330938770e-12
5.462394537388008030e+04 2.108839830232679153e-12
5.463806663808630401e+04 2.066871869835361257e-12
5.465218790218705544e+04 2.054007490417948084e-12
5.466630916631533182e+04 2.001548812395224135e-12
5.468043043040839984e+04 1.938856567129558348e-12
5.469455169462171762e+04 2.130118692431883320e-12
5.470867295869884401e+04 2.025409358210460241e-12
5.472279422282087762e+04 1.844499195550920227e-12
5.473691548690780473e+04 1.897104816649338301e-12
5.475103675101036788e+04 1.656185668954236223e-12
5.476515801519750676e+04 1.613626395457137812e-12
5.477927927928133431e+04 1.591029028973318633e-12
5.479340054340977804e+04 1.518161197015662962e-12
5.480752180748136743e+04 1.413433052310152186e-12
5.482164307160831959e+04 1.179504765701150293e-12
5.483576433581002493e+04 1.418678743072574471e-12
5.484988559989941132e+04 1.368061279492280034e-12
5.486400686400370614e+04 1.226225582177802601e-12
5.487812812809657771e+04 1.185577011264350669e-12
5.489224939219225780e+04 1.175855310488397038e-12
5.490637065638095373e+04 1.250089004890605009e-12
5.492049192048495024e+04 9.937642920277989112e-13
5.493461318460722396e+04 8.530711656467667908e-13
5.494873444872884284e+04 5.374921001100192274e-13
5.496285571289432846e+04 4.642712949509602664e-13
5.497697697697377589e+04 4.473958564266916384e-13
5.499109824109232432e+04 4.117209988057404295e-13
5.500521950521146937e+04 2.046593946689415055e-13
5.501934076933017786e+04 1.633270073339621934e-13
5.503346203352822340e+04 -9.151898017976753368e-14
5.504758329758659238e+04 -2.575031343659235863e-13
5.506170456167672091e+04 -5.501068533386030016e-13
5.507582582579888549e+04 -5.474964007469083296e-13
5.508994708987935883e+04 -6.133262347583391642e-13
5.510406835410743224e+04 -6.188784257614783027e-13
5.511818961820543336e+04 -7.853144741653556489e-13
5.513231088227922737e+04 -8.305565652929316992e-13
5.514643214639823418e+04 -1.048633146311640975e-12
5.516055341059699276e+04 -1.120757189598502642e-12
5.517467467469145777e+04 -1.222431618187296048e-12
5.518879593881125038e+04 -1.401756388987993728e-12
5.520291720290020749e+04 -1.507134491243674682e-12
5.521703846700533904e+04 -1.303088318355980000e-12
5.523115973118147667e+04 -1.429512254107995129e-12
5.524528099531169573e+04 -1.417533295241562955e-12
5.525940225937985815e+04 -1.829872163124618493e-12
5.527352352352075104e+04 -1.953708661465469480e-12
5.528764478759164922e+04 -2.004914118648352449e-12
5.530176605183054198e+04 -1.764588497051158469e-12
5.531588731592444674e+04 -2.057269007058876626e-12
5.533000858001765300e+04 -2.439851902113916838e-12
5.534412984410826903e+04 -2.292764096342446398e-12
5.535825110829156620e+04 -2.371167300517468863e-12
5.537237237243056006e+04 -2.609451873941281745e-12
5.538649363651974272e+04 -2.781964372604802503e-12
5.540061490059900825e+04 -2.970397622400207067e-12
5.541473616469317494e+04 -3.050967573042276432e-12
5.542885742892420967e+04 -3.285702497468905534e-12
5.544297869300389721e+04 -3.360109690924342478e-12
5.545709995708407951e+04 -3.340587064039455343e-12
5.547122122122534347e+04 -3.706902431155966646e-12
5.548534248532666243e+04 -3.499179140578919667e-12
5.549946374951598409e+04 -3.606631264680087287e-12
5.551358501360857917e+04 -4.014707455569143024e-12
5.552770627770118153e+04 -3.897428291981132733e-12
5.554182754178009782e+04 -3.893038588894589892e-12
5.555594880589163949e+04 -3.866142694847098434e-12
5.557007007012804388e+04 -4.134861525025134987e-12
5.558419133418045385e+04 -4.268209046720161322e-12
5.559831259828079055e+04 -4.453035552166681710e-12
5.561243386237887171e+04 -4.459925500538148629e-12
5.562655512657786312e+04 -4.795026971659969780e-12
5.564067639071377198e+04 -4.797407715045986543e-12
5.565479765478013724e+04 -4.893525747935198077e-12
5.566891891887318343e+04 -4.977095638839476197e-12
5.568304018302404438e+04 -5.077065837569958068e-12
5.569716144722316676e+04 -5.179245936230981193e-12
5.571128271131917427e+04 -5.252169535741460426e-12
5.572540397541077982e+04 -5.379138090332757298e-12
5.573952523950778414e+04 -5.602558397930955317e-12
5.575364650359877851e+04 -5.447677297952201023e-12
5.576776776777584746e+04 -5.716533112714355149e-12
5.578188903188846598e+04 -5.686240266540505836e-12
5.579601029599874892e+04 -5.767662221461824751e-12
5.581013156010925741e+04 -5.843233451932547463e-12
5.582425282428861101e+04 -5.941861467298446384e-12
5.583837408840568241e+04 -6.037695793827658655e-12
5.585249535247560561e+04 -6.145048333013069640e-12
5.586661661657841614e+04 -6.030722194126956291e-12
5.588073788068020076e+04 -6.301241740881680861e-12
5.589485914487089758e+04 -6.325814872094107308e-12
5.590898040902439971e+04 -6.155260434174170923e-12
5.592310167311837722e+04 -6.201122164777564038e-12
5.593722293720892048e+04 -6.114337672792669592e-12
5.595134420129460341e+04 -6.258768995611384198e-12
5.596546546551927895e+04 -6.753000965717193131e-12
5.597958672960606054e+04 -6.787257734137773148e-12
5.599370799372412876e+04 -7.043336140308941729e-12
5.600782925780412916e+04 -7.068518288606171585e-12
5.602195052198372287e+04 -7.189675067513923873e-12
5.603607178607548121e+04 -7.116295147789467156e-12
5.605019305021951004e+04 -7.337957449674846235e-12
5.606431431427942152e+04 -7.092001296940784803e-12
5.607843557837131812e+04 -7.022026296135946537e-12
5.609255684260716225e+04 -7.111909870699180290e-12
5.610667810669044411e+04 -7.303077500981444332e-12
5.612079937082157267e+04 -7.283714209961766683e-12
5.613492063487285486e+04 -7.463171096750701494e-12
5.614904189898991172e+04 -7.684457188954333106e-12
5.616316316321725026e+04 -7.858576324258723914e-12
5.617728442731979158e+04 -7.752980020387630770e-12
5.619140569137514103e+04 -8.038252297862322675e-12
5.620552695549343480e+04 -8.279976312976549653e-12
5.621964821961431880e+04 -8.371867076841808388e-12
5.623376948378899397e+04 -7.969753366808806798e-12
5.624789074789618462e+04 -7.771937004951021284e-12
5.626201201197246701e+04 -7.620962731867296491e-12
5.627613327612376452e+04 -7.848150447478466821e-12
5.629025454031377740e+04 -8.159389159786923475e-12
5.630437580438221630e+04 -8.281911358539603597e-12
5.631849706852191593e+04 -8.528117137462493518e-12
5.633261833262091386e+04 -8.586821338801833976e-12
5.634673959671635384e+04 -8.497323711112109383e-12
5.636086086090895697e+04 -8.359900510764891169e-12
5.637498212503053219e+04 -8.332754547928945544e-12
5.638910338907303958e+04 -8.157368692496132989e-12
5.640322465317856404e+04 -8.263782477875679635e-12
5.641734591730433749e+04 -8.252624983914331261e-12
5.643146718151040113e+04 -8.535363378532555608e-12
5.644558844558316196e+04 -8.498148716814197802e-12
5.645970970971284987e+04 -8.746386913217769910e-12
5.647383097379131505e+04 -8.632449819402544664e-12
5.648795223801843531e+04 -8.749592219706249413e-12
5.650207350207729178e+04 -9.020235251756513212e-12
5.651619476618543558e+04 -8.882710696095037265e-12
5.653031603029258986e+04 -8.784652749046890940e-12
5.654443729438827722e+04 -8.817068745624666315e-12
5.655855855862511817e+04 -8.978777830027305478e-12
5.657267982270110224e+04 -8.994253325935852951e-12
5.658680108679601835e+04 -8.949692838231676419e-12
5.660092235091845941e+04 -8.839926360688328447e-12
5.661504361497605714e+04 -8.812040371278405267e-12
5.662916487920023064e+04 -9.012061321871226319e-12
5.664328614331129938e+04 -8.966679811861590859e-12
5.665740740737344458e+04 -9.076907035615171483e-12
