5.299999999999957072e+04 -3.405492705284687182e-11
5.301412126407789765e+04 -3.381522407770766194e-11
5.302824252822107519e+04 -3.353536938928736844e-11
5.304236379241235409e+04 -3.334174336132976802e-11
5.305648505648027640e+04 -3.301597996314784885e-11
5.307060632062089280e+04 -3.261736786020527978e-11
5.308472758469986729e+04 -3.248852668815276547e-11
5.309884884880181926e+04 -3.226787200907512922e-11
5.311297011297402059e+04 -3.158625266799644286e-11
5.312709137711649237e+04 -3.119972513066025637e-11
5.314121264122147841e+04 -3.097008295429484627e-11
5.315533390532361227e+04 -3.071231687186158987e-11
5.316945516951005266e+04 -3.051385062181379281e-11
5.318357643358168571e+04 -3.011104600541392572e-11
5.319769769769137201e+04 -2.977472244871307012e-11
5.321181896180365584e+04 -2.941458351583953742e-11
5.322594022587729705e+04 -2.923347354225878083e-11
5.324006149008716602e+04 -2.901895686633811358e-11
5.325418275420879218e+04 -2.858257241955567900e-11
5.326830401832566713e+04 -2.822642336533999733e-11
5.328242528240616230e+04 -2.791773269619053477e-11
5.329654654647883581e+04 -2.762807154854560557e-11
5.331066781069332501e+04 -2.745535247062665849e-11
5.332478907480715134e+04 -2.715369842938036361e-11
5.333891033888034872e+04 -2.663326151337447492e-11
5.335303160297568684e+04 -2.650804961806798909e-11
5.336715286720651056e+04 -2.624921460853897781e-11
5.338127413127943873e+04 -2.594317900409890890e-11
5.339539539537337987e+04 -2.583296338811806523e-11
5.340951665948593291e+04 -2.541125944945729620e-11
5.342363792361000378e+04 -2.493694056186348218e-11
5.343775918777880725e+04 -2.468567623623362176e-11
5.345188045188403339e+04 -2.452914392387963967e-11
5.346600171598637826e+04 -2.429354306718864435e-11
5.348012298008205835e+04 -2.372074910108537664e-11
5.349424424418571289e+04 -2.349182698739831934e-11
5.350836550840984273e+04 -2.315459420960214014e-11
5.352248677251879417e+04 -2.288835327581784068e-11
5.353660803659963858e+04 -2.258246743311209537e-11
5.355072930072160671e+04 -2.231428046622560893e-11
5.356485056492327567e+04 -2.194692362636846978e-11
5.357897182899208565e+04 -2.160853101023505669e-11
5.359309309307824151e+04 -2.138837669619720829e-11
5.360721435718430439e+04 -2.114363363552119185e-11
5.362133562130965583e+04 -2.080681406100070222e-11
5.363545688550411433e+04 -2.038037871660422635e-11
5.364957814957947994e+04 -2.008561328041483127e-11
5.366369941367489082e+04 -2.003357988085795767e-11
5.367782067780123907e+04 -1.976311670949854811e-11
5.369194194190132839e+04 -1.952067658869940465e-11
5.370606320609324757e+04 -1.927351538681241643e-11
5.372018447017968720e+04 -1.885962503297693486e-11
5.373430573427389027e+04 -1.854163500783386739e-11
5.374842699839414854e+04 -1.843984158749994590e-11
5.376254826247253368e+04 -1.805337154215029947e-11
5.377666952671697072e+04 -1.764433942419853629e-11
5.379079079080429801e+04 -1.750707333948650044e-11
5.380491205492019071e+04 -1.704800863005399780e-11
5.381903331900084595e+04 -1.681609552022010497e-11
5.383315458320218750e+04 -1.649054394034021226e-11
5.384727584732332616e+04 -1.623465308566087201e-11
5.386139711142644228e+04 -1.593980418284450876e-11
5.387551837547777541e+04 -1.559690675982594215e-11
5.388963963962881826e+04 -1.555492848048654660e-11
5.390376090377234505e+04 -1.518423949638094350e-11
5.391788216791960440e+04 -1.464203680982474751e-11
5.393200343200919451e+04 -1.446451481439855003e-11
5.394612469609286200e+04 -1.410264329693242419e-11
5.396024596022181504e+04 -1.389611208405389957e-11
5.397436722440683661e+04 -1.356523211643057482e-11
5.398848848852207448e+04 -1.335096328639896462e-11
5.400260975261874410e+04 -1.305831712003491299e-11
5.401673101670754841e+04 -1.266793327238012674e-11
5.403085228092283796e+04 -1.268200305041033129e-11
5.404497354501827067e+04 -1.225071751248742094e-11
5.405909480909960985e+04 -1.185841893171556360e-11
5.407321607318463793e+04 -1.164582747658058789e-11
5.408733733730889799e+04 -1.116684858634210124e-11
5.410145860151866509e+04 -1.113226558056861831e-11
5.411557986560410063e+04 -1.085830420115084278e-11
5.412970112970530317e+04 -1.053888437529894312e-11
5.414382239382308762e+04 -1.029302690473630537e-11
5.415794365791075688e+04 -9.962811627074609935e-12
5.417206492211999284e+04 -9.685413335402646331e-12
5.418618618620737107e+04 -9.453370026325125318e-12
5.420030745027257944e+04 -9.061880680585035993e-12
5.421442871440450108e+04 -8.805245581815237333e-12
5.422854997848539642e+04 -8.674767246652517827e-12
5.424267124268018233e+04 -8.279844031712350031e-12
5.425679250682931161e+04 -7.979191155267645588e-12
5.427091377089155139e+04 -7.748961941160619582e-12
5.428503503501879459e+04 -7.361055139549895486e-12
5.429915629921376967e+04 -7.170898600827518744e-12
5.431327756327421230e+04 -6.823020132955867371e-12
5.432739882740984467e+04 -6.555244413096000967e-12
5.434152009149384685e+04 -6.222791186498742966e-12
5.435564135557601548e+04 -6.151620237016498927e-12
5.436976261977710237e+04 -6.090194016232696354e-12
5.438388388392839988e+04 -5.906557438298114546e-12
5.439800514802402904e+04 -5.564977657708391760e-12
5.441212641209091089e+04 -5.341417514040462182e-12
5.442624767622249055e+04 -4.943695993486808676e-12
5.444036894038385799e+04 -4.759322127014015533e-12
5.445449020447496878e+04 -4.469577295381110783e-12
5.446861146858741995e+04 -4.094614341780561662e-12
5.448273273268537014e+04 -3.879366952492163631e-12
5.449685399689163751e+04 -3.649002974560345833e-12
5.451097526101948461e+04 -3.380137841329749440e-12
5.452509652509744774e+04 -2.988107701402434002e-12
5.453921778917404299e+04 -2.692761911322406436e-12
5.455333905332011636e+04 -2.538293441736798546e-12
5.456746031750632392e+04 -2.196926674934649611e-12
5.458158158161166648e+04 -2.139699868820142720e-12
5.459570284568308125e+04 -1.883004778412210786e-12
5.460982410979541601e+04 -1.824395991010572177e-12
5.462394537387839227e+04 -1.239680534396977468e-12
5.463806663811438921e+04 -1.146907378522739587e-12
5.465218790220810479e+04 -1.027428814517080445e-12
5.466630916632292065e+04 -7.358824948521300322e-13
5.468043043042759382e+04 -2.606891639242268399e-13
5.469455169457648299e+04 1.811849652184326689e-14
5.470867295868096699e+04 3.631599685206341572e-13
5.472279422281535517e+04 5.584440534153039520e-13
5.473691548687549221e+04 7.709474773421496039e-13
5.475103675100153487e+04 1.145982160075248439e-12
5.476515801521420508e+04 1.245265278130926180e-12
5.477927927930201258e+04 1.535179651349858318e-12
5.479340054337723996e+04 1.754976406529993777e-12
5.480752180748893443e+04 2.056636099162491120e-12
5.482164307157584699e+04 2.443912553850804937e-12
5.483576433578788419e+04 2.687794647575213798e-12
5.484988559992142109e+04 2.906683703187079246e-12
5.486400686402756401e+04 3.084590644957963246e-12
5.487812812808541639e+04 3.366136619379384987e-12
5.489224939218386135e+04 3.767657610348115443e-12
5.490637065637132764e+04 3.851251610866019300e-12
5.492049192047758697e+04 4.046054023767564715e-12
5.493461318459945323e+04 4.277486983135386405e-12
5.494873444871561514e+04 4.678174177278474283e-12
5.496285571291404631e+04 4.813189271394482881e-12
5.497697697700472781e+04 5.298697251583088445e-12
5.499109824107641907e+04 5.392441576439853353e-12
5.500521950519535312e+04 5.692314561588830479e-12
5.501934076928083960e+04 5.799104894129402055e-12
5.503346203351290751e+04 6.179542302070575907e-12
5.504758329762140784e+04 6.339002684559654728e-12
5.506170456170922262e+04 6.585016220325839433e-12
5.507582582578469010e+04 6.833123377318456999e-12
5.508994708988376806e+04 6.988626050578831772e-12
5.510406835412947112e+04 7.053203136530653041e-12
5.511818961818988464e+04 7.313462078021286281e-12
5.513231088228830777e+04 7.672196858784896569e-12
5.514643214641263330e+04 7.881055573334167111e-12
5.516055341060016508e+04 8.337190256382503477e-12
5.517467467470037809e+04 8.553780067254627260e-12
5.518879593878088053e+04 8.848488554859998275e-12
5.520291720291729871e+04 9.027773130697858963e-12
5.521703846697782865e+04 9.338724571688692440e-12
5.523115973121934803e+04 9.605647366954237203e-12
5.524528099531456246e+04 9.962134200175929041e-12
5.525940225938023650e+04 1.027676165052945099e-11
5.527352352348967543e+04 1.035872500876738361e-11
5.528764478759186022e+04 1.069131865057563305e-11
5.530176605181922059e+04 1.097663279542701948e-11
5.531588731589381496e+04 1.106318594870412698e-11
5.533000857999969594e+04 1.151318844300245395e-11
5.534412984412592050e+04 1.164288601742541586e-11
5.535825110830317863e+04 1.178824140940103839e-11
5.537237237239474780e+04 1.209675232099710889e-11
5.538649363650561281e+04 1.254707564014284225e-11
5.540061490058942582e+04 1.242865301591272272e-11
5.541473616470745037e+04 1.272875727317392127e-11
5.542885742891705740e+04 1.289046256015081054e-11
5.544297869299229205e+04 1.313846625330374898e-11
5.545709995708202769e+04 1.334588169076170790e-11
5.547122122117707477e+04 1.373036114400258425e-11
5.548534248530828336e+04 1.395466727064903441e-11
5.549946374952465703e+04 1.410479069369016907e-11
5.551358501362325478e+04 1.427258034999536766e-11
5.552770627770110877e+04 1.456281207028558246e-11
5.554182754182175267e+04 1.491674447694445996e-11
5.555594880590706452e+04 1.495266207930538806e-11
5.557007007007973152e+04 1.511440214404351434e-11
5.558419133418161073e+04 1.529218866781611786e-11
5.559831259830831550e+04 1.530940105129604498e-11
5.561243386239824758e+04 1.562621689227536967e-11
5.562655512659397937e+04 1.591647295699844843e-11
5.564067639069309371e+04 1.633074304051443001e-11
5.565479765477247565e+04 1.629570009884859749e-11
5.566891891891611886e+04 1.657277191428695505e-11
5.568304018302926124e+04 1.680048104487038899e-11
5.569716144719741715e+04 1.688656122059467899e-11
5.571128271132237569e+04 1.692366561405779982e-11
5.572540397540810955e+04 1.712778064197442543e-11
5.573952523949130409e+04 1.719249857785925610e-11
5.575364650358189829e+04 1.745982653404320329e-11
5.576776776781489025e+04 1.743412229071337549e-11
5.578188903188055701e+04 1.784508587857980453e-11
5.579601029598539753e+04 1.795034251184985085e-11
5.581013156010444800e+04 1.812287498534366490e-11
5.582425282432336098e+04 1.817782471754121799e-11
5.583837408838870033e+04 1.825871952906515984e-11
5.585249535252536589e+04 1.823898662733962431e-11
5.586661661658930825e+04 1.833534537039733481e-11
5.588073788072641764e+04 1.867770460756076694e-11
5.589485914492306620e+04 1.874271293775191920e-11
5.590898040897025930e+04 1.893579385147226339e-11
5.592310167309008830e+04 1.876646267090026137e-11
5.593722293722609174e+04 1.896420902129047045e-11
5.595134420130293438e+04 1.910686565899414893e-11
5.596546546547905018e+04 1.913291941882440253e-11
5.597958672957142699e+04 1.933563116407513843e-11
5.599370799368106236e+04 1.934592277306902038e-11
5.600782925780687219e+04 1.935909398069327689e-11
5.602195052199918428e+04 1.959472896306248873e-11
5.603607178607858077e+04 1.960343122836787041e-11
5.605019305020065804e+04 1.977670099039989419e-11
5.606431431428833457e+04 2.000834696355528771e-11
5.607843557837649860e+04 1.996718922202006429e-11
5.609255684259704867e+04 1.996992014572115047e-11
5.610667810669465689e+04 1.995994849213064383e-11
5.612079937077056093e+04 2.016603107188921653e-11
5.613492063491469889e+04 2.000034633958285250e-11
5.614904189902014332e+04 2.005935202818460305e-11
5.616316316320341139e+04 2.047096509074212306e-11
5.617728442732280382e+04 2.061439814196540208e-11
5.619140569142413733e+04 2.058824526551562398e-11
5.620552695549612690e+04 2.036234718684857705e-11
5.621964821962221322e+04 2.042305611630687925e-11
5.623376948378310772e+04 2.046908622219132420e-11
5.624789074789986626e+04 2.045677315582557424e-11
5.626201201201388903e+04 2.073854866347115806e-11
5.627613327612369903e+04 2.058847566818381512e-11
5.629025454032202106e+04 2.073363021858830023e-11
5.630437580441341561e+04 2.074412875526153883e-11
5.631849706851702649e+04 2.079455477016626671e-11
5.633261833262470464e+04 2.084402787441311735e-11
5.634673959667425515e+04 2.125623128946762410e-11
5.636086086092356709e+04 2.132401749333753476e-11
5.637498212501724629e+04 2.132799693866701275e-11
5.638910338908070844e+04 2.130183015111274049e-11
5.640322465322284552e+04 2.118167820270513995e-11
5.641734591731327237e+04 2.106001863834794190e-11
5.643146718147391221e+04 2.123694267364188183e-11
5.644558844560915895e+04 2.128562545326463454e-11
5.645970970971509814e+04 2.144829147589567921e-11
5.647383097377831291e+04 2.138697654394783393e-11
5.648795223799614905e+04 2.139928700198148902e-11
5.650207350208028947e+04 2.130243267582615922e-11
5.651619476617831970e+04 2.116267215618944433e-11
5.653031603031720442e+04 2.128342923764255525e-11
5.654443729437205184e+04 2.143809550574519741e-11
5.655855855862607132e+04 2.148366306740519791e-11
5.657267982268895139e+04 2.146255383577873151e-11
5.658680108680893318e+04 2.135086244723591900e-11
5.660092235087564040e+04 2.135274392411880627e-11
5.661504361499293009e+04 2.135182839955425769e-11
5.662916487919195788e+04 2.106681421289353641e-11
5.664328614329349512e+04 2.115860489701284758e-11
5.665740740742562775e+04 2.134547798035249236e-11
