5.300000000000398722e+04 9.521506780667601282e-13
5.301412126418167463e+04 1.194973894068006247e-12
5.302824252818209061e+04 1.129680079043040459e-12
5.304236379246619617e+04 1.327778456154236820e-12
5.305648505644706893e+04 1.545992996978142690e-12
5.307060632056778559e+04 1.672125460248293275e-12
5.308472758463474020e+04 1.704011023294436893e-12
5.309884884873493866e+04 1.937374906395197721e-12
5.311297011307234061e+04 2.007764939482884348e-12
5.312709137701111467e+04 2.252867307012751939e-12
5.314121264112698555e+04 2.485399518569647380e-12
5.315533390527734446e+04 2.578512958898021605e-12
5.316945516945825511e+04 2.607110371153649329e-12
5.318357643357838970e+04 2.574097583150560674e-12
5.319769769778395130e+04 2.599382684228256838e-12
5.321181896183820209e+04 2.789229639564279719e-12
5.322594022591291287e+04 2.893483702978690332e-12
5.324006149002338498e+04 2.902120651796064099e-12
5.325418275425827596e+04 3.138179760337398617e-12
5.326830401839421393e+04 2.879241717473662072e-12
5.328242528246860456e+04 3.052832802108474525e-12
5.329654654643085814e+04 3.095894406156256332e-12
5.331066781072686717e+04 3.060602228484527185e-12
5.332478907485631498e+04 3.205844086062037318e-12
5.333891033881387557e+04 3.484045318387434183e-12
5.335303160303745972e+04 3.179548924916906217e-12
5.336715286711889348e+04 3.295961811543630840e-12
5.338127413128766057e+04 3.367409705895359357e-12
5.339539539541411068e+04 3.414863131477781470e-12
5.340951665948072332e+04 3.447533863816743258e-12
5.342363792366522102e+04 3.549862370333049952e-12
5.343775918781696237e+04 3.709021650218336126e-12
5.345188045191368292e+04 3.797620128972985035e-12
5.346600171595292340e+04 3.787126727161298103e-12
5.348012298016119894e+04 3.882955656480981667e-12
5.349424424413985980e+04 3.745838270399250448e-12
5.350836550832582725e+04 3.617226726229705413e-12
5.352248677241956466e+04 3.755438690436640667e-12
5.353660803657861834e+04 3.801163652460592134e-12
5.355072930073641328e+04 3.942527031788763843e-12
5.356485056487806287e+04 3.691065719568233183e-12
5.357897182895510923e+04 3.960248113081624226e-12
5.359309309310524986e+04 3.840950874540793800e-12
5.360721435720363661e+04 4.129195553935902737e-12
5.362133562127875484e+04 4.002842443113298255e-12
5.363545688549907209e+04 4.077426858010508861e-12
5.364957814957258233e+04 3.949674349837960002e-12
5.366369941361840756e+04 3.849094397238118883e-12
5.367782067784568790e+04 3.627265670288143436e-12
5.369194194189282280e+04 3.771558085257684049e-12
5.370606320617179153e+04 4.055181289543149875e-12
5.372018447011789976e+04 3.984482626990413752e-12
5.373430573439341970e+04 3.743330439504795216e-12
5.374842699831071513e+04 3.816512685968200242e-12
5.376254826247246092e+04 3.710935776395512584e-12
5.377666952660915558e+04 3.626366453575159422e-12
5.379079079079334042e+04 3.555945592179516111e-12
5.380491205491514847e+04 3.413299201023573756e-12
5.381903331898367469e+04 3.327523763952599932e-12
5.383315458328105160e+04 3.286278951761367022e-12
5.384727584729263617e+04 3.219241583760341927e-12
5.386139711144525791e+04 3.243384651901709350e-12
5.387551837543762667e+04 3.283893741327773632e-12
5.388963963959184184e+04 3.061609171082618270e-12
5.390376090379814559e+04 3.048381402270817155e-12
5.391788216797565110e+04 3.084047329878336074e-12
5.393200343193821027e+04 3.015695082585135295e-12
5.394612469609081745e+04 2.970743945729445605e-12
5.396024596013645350e+04 2.918587990834438191e-12
5.397436722446011117e+04 2.762218499626491461e-12
5.398848848849697242e+04 2.539133778916392900e-12
5.400260975253292418e+04 2.555039800280117234e-12
5.401673101667371520e+04 2.647339061531500518e-12
5.403085228097338404e+04 2.502836736959468167e-12
5.404497354498805362e+04 2.659596950991854938e-12
5.405909480915164750e+04 2.515709807037026083e-12
5.407321607314166613e+04 2.381294227720039111e-12
5.408733733723696059e+04 2.122918368494658950e-12
5.410145860148731299e+04 2.012692965744681054e-12
5.411557986559336860e+04 2.026706336831154056e-12
5.412970112974848598e+04 1.880897446218530435e-12
5.414382239387775189e+04 1.971797310119968938e-12
5.415794365786881826e+04 2.007800617187598137e-12
5.417206492205557151e+04 1.843987994728263813e-12
5.418618618626063835e+04 1.763885659092287487e-12
5.420030745029617538e+04 1.708592837266315535e-12
5.421442871432739048e+04 1.255807433127321548e-12
5.422854997855539114e+04 1.419881923011546569e-12
5.424267124278959091e+04 1.208229308771142297e-12
5.425679250672840135e+04 1.240401592400557377e-12
5.427091377090755122e+04 1.183304794980894791e-12
5.428503503503212414e+04 1.172095760762033152e-12
5.429915629927604459e+04 1.105774025168182362e-12
5.431327756322019559e+04 1.107900832031711760e-12
5.432739882734232378e+04 8.953199046977800429e-13
5.434152009146304044e+04 9.662624226303084411e-13
5.435564135568767233e+04 1.033060784648298567e-12
5.436976261989337218e+04 8.453295518403599717e-13
5.438388388393678179e+04 6.588480778538567848e-13
5.439800514807698346e+04 5.349917135902619171e-13
5.441212641219919897e+04 5.327790031270330223e-13
5.442624767624946253e+04 5.785032723800186837e-13
5.444036894040196785e+04 3.015722356195342006e-13
5.445449020451896649e+04 7.348570853983223510e-14
5.446861146858215216e+04 8.461715241057817505e-14
5.448273273268658522e+04 -7.966144936585667619e-15
5.449685399689051701e+04 1.550608752480769111e-13
5.451097526093016495e+04 -1.303663046310799272e-13
5.452509652502815152e+04 -1.112555247817895768e-13
5.453921778921310033e+04 -2.498568262712343213e-13
5.455333905338199838e+04 -2.266337579718102836e-13
5.456746031741268234e+04 -3.431259668740639968e-13
5.458158158156565332e+04 -3.557454827783151772e-13
5.459570284573914978e+04 -1.721043697496199684e-13
5.460982410984141461e+04 -4.635960666591794452e-13
5.462394537387665332e+04 -3.533013868126696709e-13
5.463806663805287099e+04 -2.806338691764968770e-13
5.465218790228272701e+04 -4.398035406262632157e-13
5.466630916634591995e+04 -5.646713504992238237e-13
5.468043043031050911e+04 -3.964762589132813574e-13
5.469455169458077580e+04 -3.921769223025115594e-13
5.470867295876671415e+04 -7.457367410788629027e-13
5.472279422278864513e+04 -7.746488445454867058e-13
5.473691548691270145e+04 -6.833596433615387628e-13
5.475103675103894057e+04 -5.987833928315320899e-13
5.476515801516194915e+04 -7.332433094902998147e-13
5.477927927935685875e+04 -6.058330301746184399e-13
5.479340054332056752e+04 -8.814602719783724519e-13
5.480752180743327335e+04 -7.905853478316852761e-13
5.482164307160703902e+04 -8.122067296592917577e-13
5.483576433576442651e+04 -9.012513529156060693e-13
5.484988559995208925e+04 -1.095295114759531684e-12
5.486400686409038462e+04 -1.054240121812796188e-12
5.487812812814546487e+04 -1.053573676144159236e-12
5.489224939214155165e+04 -1.193222447333166312e-12
5.490637065642120433e+04 -1.373958078933313721e-12
5.492049192058936751e+04 -1.344264529817810036e-12
5.493461318462961935e+04 -1.277908155675693408e-12
5.494873444865782949e+04 -1.501876852137539168e-12
5.496285571281387820e+04 -1.477505169577616286e-12
5.497697697691961366e+04 -1.373063018846121511e-12
5.499109824102029233e+04 -1.231208464903538547e-12
5.500521950515077333e+04 -1.588201656584011114e-12
5.501934076932135940e+04 -1.603589485265677066e-12
5.503346203358261118e+04 -1.515491187147988521e-12
5.504758329762762150e+04 -1.629202613395451547e-12
5.506170456167308294e+04 -1.358331937039577899e-12
5.507582582589259982e+04 -1.496409503679241402e-12
5.508994708985804027e+04 -1.691261036468728927e-12
5.510406835419106937e+04 -1.677846219496291601e-12
5.511818961824566941e+04 -1.395192894562272065e-12
5.513231088222132530e+04 -1.539286484264765953e-12
5.514643214643814281e+04 -1.494760708781782143e-12
5.516055341050956486e+04 -1.495281672547702131e-12
5.517467467462935747e+04 -1.462089630057337502e-12
5.518879593882353220e+04 -1.523732390551423413e-12
5.520291720290986268e+04 -1.245676293743260861e-12
5.521703846697719564e+04 -1.493610708979352646e-12
5.523115973121469142e+04 -1.430862286024617488e-12
5.524528099521878903e+04 -1.587647439811755888e-12
5.525940225933213515e+04 -1.739264522197614260e-12
5.527352352350998990e+04 -1.870176065972018084e-12
5.528764478763362422e+04 -1.909952203716774537e-12
5.530176605185280641e+04 -1.898438350273172352e-12
5.531588731589289091e+04 -1.967521470934784655e-12
5.533000857996696868e+04 -1.864827874119755253e-12
5.534412984415750543e+04 -1.961136893718404655e-12
5.535825110835466330e+04 -1.690075012576102790e-12
5.537237237246147561e+04 -1.834093783014342193e-12
5.538649363650109444e+04 -1.923832562777906188e-12
5.540061490068613057e+04 -2.033268206627420393e-12
5.541473616464880615e+04 -1.758756326077830040e-12
5.542885742892052076e+04 -1.804562342304723293e-12
5.544297869306350913e+04 -1.838333541322094574e-12
5.545709995712020464e+04 -1.718949706410599351e-12
5.547122122119703272e+04 -1.722020067328893213e-12
5.548534248521472182e+04 -1.781005358400015529e-12
5.549946374955943611e+04 -2.007929415799912221e-12
5.551358501352096209e+04 -2.118836505179764087e-12
5.552770627761026117e+04 -2.070375790613768239e-12
5.554182754175382433e+04 -1.985638817219807484e-12
5.555594880599148019e+04 -1.894364856997096558e-12
5.557007007007315406e+04 -2.008744114455127541e-12
5.558419133426076587e+04 -2.027800858169122627e-12
5.559831259823033179e+04 -2.101004580532452376e-12
5.561243386234447098e+04 -1.897595940779344603e-12
5.562655512660386739e+04 -2.087578679224570038e-12
5.564067639063757088e+04 -2.258246963156701292e-12
5.565479765474380110e+04 -2.420532718408472696e-12
5.566891891899049369e+04 -2.313175387454915231e-12
5.568304018299003656e+04 -2.461810783606040843e-12
5.569716144717288989e+04 -2.406261636522901004e-12
5.571128271126021718e+04 -2.464144036217235072e-12
5.572540397533103533e+04 -2.385215254596509270e-12
5.573952523956880032e+04 -2.383225616384113026e-12
5.575364650368499861e+04 -2.403257781617277615e-12
5.576776776789881114e+04 -2.314167435477252353e-12
5.578188903183595539e+04 -2.443823678262497758e-12
5.579601029608402314e+04 -2.382336098464643221e-12
5.581013156002752658e+04 -2.516049208022797205e-12
5.582425282421176962e+04 -2.448196448595591490e-12
5.583837408830955246e+04 -2.502232583890474826e-12
5.585249535249590554e+04 -2.668611230005350844e-12
5.586661661656036449e+04 -2.629078947640386262e-12
5.588073788072704338e+04 -2.614178829718305062e-12
5.589485914491736912e+04 -2.644527740167000485e-12
5.590898040907886752e+04 -2.590300400085689336e-12
5.592310167317360902e+04 -2.653522678380702628e-12
5.593722293720112066e+04 -2.590713291581019401e-12
5.595134420139229042e+04 -2.477317768893741528e-12
5.596546546544664307e+04 -2.655966774346348185e-12
5.597958672956394730e+04 -2.692453635547769726e-12
5.599370799367599102e+04 -2.821888191624113284e-12
5.600782925774710748e+04 -2.651109064337531106e-12
5.602195052208642301e+04 -2.788615787701771766e-12
5.603607178601698251e+04 -2.877187941159738444e-12
5.605019305017540319e+04 -2.947919856718809804e-12
5.606431431432718091e+04 -2.963715034728083618e-12
5.607843557843787130e+04 -2.981693826820042692e-12
5.609255684255533561e+04 -2.767134345609159944e-12
5.610667810660906980e+04 -2.557629321361244493e-12
5.612079937089634041e+04 -2.732343387730838709e-12
5.613492063492668240e+04 -2.704338814228783132e-12
5.614904189899870107e+04 -2.712377728510344594e-12
5.616316316321786144e+04 -2.424991392341265723e-12
5.617728442721158353e+04 -2.328424661943517629e-12
5.619140569142006279e+04 -2.359286222906549232e-12
5.620552695549633063e+04 -2.421314164057352376e-12
5.621964821951704653e+04 -2.351358151979438290e-12
5.623376948388343590e+04 -2.341016467009155826e-12
5.624789074785834964e+04 -2.186256975524610513e-12
5.626201201201938966e+04 -2.196376973785990725e-12
5.627613327606970415e+04 -2.231821907455572693e-12
5.629025454026571970e+04 -2.318556832313513703e-12
5.630437580440976308e+04 -2.272390575184654443e-12
5.631849706856373814e+04 -2.219407451757055893e-12
5.633261833260302956e+04 -2.132276261906952841e-12
5.634673959671587363e+04 -1.918509310680394986e-12
5.636086086087964213e+04 -2.003803271930471966e-12
5.637498212507390417e+04 -2.050595794011979532e-12
5.638910338918220077e+04 -2.052815432184861635e-12
5.640322465317252500e+04 -2.038236759990688396e-12
5.641734591738611925e+04 -2.120008673653083808e-12
5.643146718151339155e+04 -2.137211562263885607e-12
5.644558844553276867e+04 -1.983829299458394244e-12
5.645970970972080977e+04 -1.964304242571843025e-12
5.647383097381606785e+04 -2.034215917307977065e-12
5.648795223800802341e+04 -1.681448628515950463e-12
5.650207350219458021e+04 -1.457672522382463522e-12
5.651619476621184003e+04 -1.624009602239420292e-12
5.653031603028047539e+04 -1.762400301355408150e-12
5.654443729441206960e+04 -1.622801409675903929e-12
5.655855855867519858e+04 -1.903304373533573038e-12
5.657267982275691611e+04 -1.737435606849171997e-12
5.658680108681923593e+04 -1.631339119052495558e-12
5.660092235096869990e+04 -1.622410686851464090e-12
5.661504361497263744e+04 -1.413071927635225227e-12
5.662916487913255696e+04 -1.297556525794071365e-12
5.664328614325342642e+04 -1.146008720504744872e-12
5.665740740736740554e+04 -1.337970012826921337e-12
