5.300000000000085856e+04 -1.369109628785481683e-11
5.301412126411795907e+04 -1.362289617147417602e-11
5.302824252820677066e+04 -1.358613352651871815e-11
5.304236379240790848e+04 -1.359342181110006051e-11
5.305648505646142439e+04 -1.364625619967386131e-11
5.307060632063070807e+04 -1.349394089059068025e-11
5.308472758472007263e+04 -1.361274918571724934e-11
5.309884884880380559e+04 -1.358388243481639251e-11
5.311297011298369034e+04 -1.337192552837674573e-11
5.312709137710747018e+04 -1.314829204015906848e-11
5.314121264121054992e+04 -1.299206093379071495e-11
5.315533390533518832e+04 -1.296392014353985436e-11
5.316945516950427555e+04 -1.287437505707022156e-11
5.318357643359713256e+04 -1.242971058701620021e-11
5.319769769770029234e+04 -1.243175762767855963e-11
5.321181896183572098e+04 -1.266048283253492210e-11
5.322594022588099324e+04 -1.236427106051488890e-11
5.324006149008296052e+04 -1.230450955809387443e-11
5.325418275421642466e+04 -1.195560753534666265e-11
5.326830401826604793e+04 -1.190736557368738014e-11
5.328242528237702209e+04 -1.200695569907182207e-11
5.329654654647101415e+04 -1.171655979474959929e-11
5.331066781074118626e+04 -1.188674410556513852e-11
5.332478907482467912e+04 -1.154382836676889573e-11
5.333891033888640231e+04 -1.143653552115513920e-11
5.335303160303051118e+04 -1.151964530910465564e-11
5.336715286716567061e+04 -1.136607146891089399e-11
5.338127413127703767e+04 -1.121085121573763574e-11
5.339539539537349629e+04 -1.100244645749632370e-11
5.340951665952920303e+04 -1.091152222675078432e-11
5.342363792355838814e+04 -1.101668809499248172e-11
5.343775918780701613e+04 -1.070196027448756396e-11
5.345188045190368575e+04 -1.058024026897462368e-11
5.346600171595986467e+04 -1.043866134119614170e-11
5.348012298011603707e+04 -1.034140165413974622e-11
5.349424424417909904e+04 -1.028180096927249706e-11
5.350836550840969721e+04 -1.013491663577703920e-11
5.352248677250398759e+04 -9.920328741569336911e-12
5.353660803657233191e+04 -9.714113430924001028e-12
5.355072930073078896e+04 -9.713526494059476122e-12
5.356485056487737893e+04 -9.514838137295555134e-12
5.357897182901516499e+04 -9.701489725020615635e-12
5.359309309305788338e+04 -9.416913464933668445e-12
5.360721435717841814e+04 -9.442861109728950047e-12
5.362133562131457438e+04 -9.180309301432906322e-12
5.363545688550441264e+04 -9.074019283872129353e-12
5.364957814959980169e+04 -9.096047512200497992e-12
5.366369941365821433e+04 -8.980904976107702151e-12
5.367782067780812940e+04 -8.894820692836440058e-12
5.369194194187127141e+04 -8.667112163337100973e-12
5.370606320610003604e+04 -8.545404431570926946e-12
5.372018447016440041e+04 -8.630593675462721506e-12
5.373430573428361822e+04 -8.303460558804540083e-12
5.374842699843538867e+04 -8.514413220989656038e-12
5.376254826249605685e+04 -8.294015753313251955e-12
5.377666952668508020e+04 -8.344775563972336834e-12
5.379079079078265204e+04 -8.288969669835617585e-12
5.380491205488824926e+04 -8.244928634040200068e-12
5.381903331898216857e+04 -8.044478207836882637e-12
5.383315458317819866e+04 -7.916119678881430533e-12
5.384727584728843067e+04 -7.845806216068647300e-12
5.386139711137650011e+04 -7.821640467534460361e-12
5.387551837547199830e+04 -7.852017361354577794e-12
5.388963963958733802e+04 -7.957358838588450201e-12
5.390376090381955873e+04 -7.574108892875506002e-12
5.391788216791953892e+04 -7.557017543149711677e-12
5.393200343196841277e+04 -7.361858675359326307e-12
5.394612469608165702e+04 -7.364357484316068427e-12
5.396024596023928461e+04 -7.233395976912101045e-12
5.397436722443523468e+04 -7.242659823316471428e-12
5.398848848848146736e+04 -7.279799551604026278e-12
5.400260975259413681e+04 -6.950578639149996793e-12
5.401673101669774042e+04 -6.893877705633809204e-12
5.403085228093226033e+04 -6.505733367364786416e-12
5.404497354500726215e+04 -6.310385672701095503e-12
5.405909480910425918e+04 -6.287468384510912926e-12
5.407321607318258611e+04 -6.260584473135492213e-12
5.408733733732836845e+04 -6.194556121500922607e-12
5.410145860154164984e+04 -5.833265482307591065e-12
5.411557986562436417e+04 -5.770495023660452543e-12
5.412970112970007904e+04 -5.763989937875076651e-12
5.414382239383988781e+04 -5.676717933570722544e-12
5.415794365786633716e+04 -5.575788081520178591e-12
5.417206492210621218e+04 -5.437647376393134576e-12
5.418618618617479660e+04 -5.271548964404471376e-12
5.420030745030459366e+04 -4.843993939984937896e-12
5.421442871444021148e+04 -4.662404800733200646e-12
5.422854997848380299e+04 -4.617907118615839032e-12
5.424267124271750799e+04 -4.341195812513524612e-12
5.425679250677003438e+04 -4.429529023845855905e-12
5.427091377092356561e+04 -4.254737022610206550e-12
5.428503503501241357e+04 -4.156251849146058442e-12
5.429915629919400089e+04 -3.910038600774231933e-12
5.431327756327926909e+04 -3.753381532450846714e-12
5.432739882737203152e+04 -3.643479886226645997e-12
5.434152009147559147e+04 -3.502727076018874759e-12
5.435564135559854185e+04 -3.184313984369942977e-12
5.436976261976167007e+04 -3.294058274866389344e-12
5.438388388386419683e+04 -3.079251970908562903e-12
5.439800514796505013e+04 -2.815720780562975094e-12
5.441212641206271655e+04 -2.591244652423171918e-12
5.442624767622731451e+04 -2.727887331021992466e-12
5.444036894038299943e+04 -2.597122832989173454e-12
5.445449020448255760e+04 -2.298175274286398704e-12
5.446861146862564055e+04 -2.200016771313068911e-12
5.448273273267653713e+04 -2.224016037487291977e-12
5.449685399693669024e+04 -2.476413995382785493e-12
5.451097526103578275e+04 -2.188695970835491203e-12
5.452509652505939448e+04 -2.146592613471643928e-12
5.453921778920995712e+04 -2.059390475110412904e-12
5.455333905327229149e+04 -1.866953861410182722e-12
5.456746031749452231e+04 -1.781668315813002601e-12
5.458158158161436586e+04 -1.414176602100317189e-12
5.459570284567891213e+04 -1.093670049849337970e-12
5.460982410976391839e+04 -1.072226240693849979e-12
5.462394537391815538e+04 -8.714768386077988388e-13
5.463806663808127632e+04 -9.974237336796826399e-13
5.465218790221110248e+04 -9.801467041951366791e-13
5.466630916629139392e+04 -9.599428581743549966e-13
5.468043043038361793e+04 -8.721024849813511671e-13
5.469455169460648904e+04 -7.729872591832735838e-13
5.470867295868648216e+04 -5.820127949053393357e-13
5.472279422284016619e+04 -5.921106266668085623e-13
5.473691548693361256e+04 -5.484255295275720310e-13
5.475103675096331426e+04 -2.428142704658447591e-13
5.476515801518362423e+04 -7.822521461780449762e-14
5.477927927930306032e+04 -7.591460311145572097e-14
5.479340054340902134e+04 -1.918345729553948306e-14
5.480752180749578110e+04 1.800937246016394021e-13
5.482164307156539871e+04 4.879897888303636085e-13
5.483576433582518803e+04 4.346757799983666405e-13
5.484988559993537638e+04 6.735870931794672167e-13
5.486400686400473933e+04 6.362056664940806572e-13
5.487812812812998163e+04 7.949146535073864047e-13
5.489224939223377442e+04 1.011784205767531318e-12
5.490637065642294328e+04 1.088799763736839619e-12
5.492049192050622514e+04 1.185510594014826643e-12
5.493461318461281189e+04 1.250290800016847115e-12
5.494873444872610708e+04 1.134088001030440178e-12
5.496285571289545624e+04 1.291309032282098377e-12
5.497697697697502008e+04 1.636918858493226986e-12
5.499109824111949274e+04 1.667939337239860866e-12
5.500521950516038487e+04 1.654866223378007505e-12
5.501934076929712319e+04 1.840561088278319004e-12
5.503346203353945748e+04 1.891293833752229130e-12
5.504758329755766317e+04 1.990172396535763922e-12
5.506170456172199920e+04 2.164781865127217972e-12
5.507582582578634174e+04 2.153546666165538540e-12
5.508994708986824116e+04 2.458846990309222537e-12
5.510406835412230430e+04 2.849362364684052509e-12
5.511818961818951357e+04 2.581735519456467477e-12
5.513231088232476031e+04 2.779802321095758055e-12
5.514643214642782550e+04 2.949521173668598691e-12
5.516055341060124920e+04 3.031402800162990718e-12
5.517467467469459370e+04 3.139211615208055264e-12
5.518879593879673484e+04 3.277952789792211359e-12
5.520291720294211700e+04 3.408379287721813303e-12
5.521703846699644782e+04 3.507067764786220423e-12
5.523115973122350988e+04 3.638506374756740581e-12
5.524528099529181054e+04 3.841261118237296020e-12
5.525940225943797122e+04 4.143248160177378915e-12
5.527352352349089051e+04 4.255141929914953196e-12
5.528764478763504303e+04 4.268261621072222485e-12
5.530176605183256470e+04 4.256381893049659706e-12
5.531588731592649856e+04 4.554850460917149900e-12
5.533000858000045992e+04 4.686078843635389138e-12
5.534412984406457690e+04 4.703599459786498991e-12
5.535825110828603647e+04 4.730703669180776442e-12
5.537237237235974317e+04 4.952317181921267805e-12
5.538649363649127190e+04 5.216462059605098227e-12
5.540061490058391792e+04 5.379115010578845717e-12
5.541473616469989793e+04 5.377788187082419207e-12
5.542885742890825350e+04 5.295275878831186035e-12
5.544297869299299055e+04 5.412952786275198621e-12
5.545709995712689124e+04 5.711926151317324784e-12
5.547122122120012500e+04 6.102903522108842394e-12
5.548534248534371000e+04 6.076199625685972728e-12
5.549946374945992284e+04 5.998051735899742836e-12
5.551358501359198272e+04 6.026431156111743163e-12
5.552770627768606209e+04 6.188818490617040522e-12
5.554182754183692305e+04 6.105250010721119485e-12
5.555594880590620596e+04 6.278935486479198258e-12
5.557007007007024367e+04 6.372121548455482342e-12
5.558419133423013409e+04 6.537745375569236619e-12
5.559831259834008233e+04 6.878913993720218975e-12
5.561243386243253190e+04 6.777974700326009664e-12
5.562655512661434477e+04 6.823198736482686516e-12
5.564067639071841404e+04 6.803277501348952489e-12
5.565479765476189641e+04 7.177339760829759224e-12
5.566891891891787964e+04 7.344504415229687317e-12
5.568304018300940515e+04 7.516316728404576198e-12
5.569716144715810515e+04 7.665459746016222835e-12
5.571128271133386443e+04 7.480401857101861508e-12
5.572540397539564583e+04 7.394045033710128989e-12
5.573952523949302849e+04 7.491118411584862365e-12
5.575364650359174993e+04 7.699126318680778379e-12
5.576776776784130197e+04 7.632081449044913312e-12
5.578188903190205747e+04 7.571713497649133167e-12
5.579601029595815635e+04 7.832775461914795039e-12
5.581013156007153884e+04 7.949287936973422364e-12
5.582425282431852975e+04 8.114121208910938100e-12
5.583837408839633281e+04 8.046404115606105686e-12
5.585249535252154601e+04 8.422330725749350242e-12
5.586661661658938829e+04 8.425579806816027637e-12
5.588073788071835588e+04 8.200728542621256823e-12
5.589485914494100871e+04 8.452171665960734732e-12
5.590898040899552143e+04 8.550583196944294179e-12
5.592310167308010568e+04 8.736818106702258822e-12
5.593722293718226138e+04 8.832967491743618536e-12
5.595134420130583749e+04 8.728390133923721991e-12
5.596546546554374072e+04 8.860190032645166373e-12
5.597958672960843251e+04 8.960345065092247382e-12
5.599370799369077577e+04 8.818943949286126411e-12
5.600782925778175559e+04 8.778213992714121170e-12
5.602195052201996441e+04 8.992428009712679164e-12
5.603607178609669063e+04 9.221651245447383605e-12
5.605019305018753221e+04 9.166648494945124990e-12
5.606431431431578676e+04 9.183168328667715786e-12
5.607843557843331655e+04 9.189103786718619120e-12
5.609255684256368841e+04 9.507445753578606498e-12
5.610667810666070000e+04 9.377200529447376518e-12
5.612079937079372030e+04 9.549593170546224231e-12
5.613492063486522966e+04 9.764040074021859438e-12
5.614904189903821680e+04 9.859810546470784726e-12
5.616316316319366160e+04 1.006564316798622101e-11
5.617728442729754170e+04 9.940858817030987862e-12
5.619140569137084094e+04 1.002628912989770327e-11
5.620552695551700162e+04 9.994295563330633322e-12
5.621964821963090799e+04 9.958305161278597384e-12
5.623376948382031696e+04 1.014447964643710632e-11
5.624789074788237485e+04 1.020312549674834069e-11
5.626201201200424111e+04 1.030478107341528740e-11
5.627613327607086831e+04 1.016916561300725061e-11
5.629025454030103720e+04 1.032960173648839014e-11
5.630437580442299804e+04 1.025250498296356122e-11
5.631849706853937096e+04 1.034780212938340011e-11
5.633261833263960580e+04 1.040309567327054982e-11
5.634673959668245516e+04 1.062740563376184495e-11
5.636086086088894808e+04 1.045523832606514249e-11
5.637498212500620139e+04 1.075934022898624618e-11
5.638910338909377606e+04 1.082397692656455430e-11
5.640322465315899899e+04 1.083777513561990118e-11
5.641734591734365677e+04 1.077471325416496151e-11
5.643146718153918482e+04 1.099139460897471205e-11
5.644558844556722761e+04 1.102110337037478314e-11
5.645970970970562485e+04 1.134160551666538633e-11
5.647383097379541141e+04 1.158444568765706406e-11
5.648795223800469103e+04 1.147012863971206891e-11
5.650207350209778815e+04 1.146083332216214733e-11
5.651619476623182709e+04 1.156795732508002446e-11
5.653031603031668783e+04 1.169915675434435595e-11
5.654443729437582078e+04 1.195705523905924032e-11
5.655855855860161682e+04 1.202709993828901830e-11
5.657267982266252511e+04 1.181684499140076649e-11
5.658680108682447462e+04 1.191954415125418462e-11
5.660092235087879817e+04 1.173243308480408155e-11
5.661504361496493948e+04 1.180311979540309903e-11
5.662916487917918130e+04 1.173672197251976035e-11
5.664328614327797550e+04 1.187552608939501883e-11
5.665740740741972695e+04 1.195587444167817022e-11
