5.300000000000142609e+04 -3.868172930375300468e-12
5.301412126407054166e+04 -3.692081680266635043e-12
5.302824252820480615e+04 -3.770413105268032672e-12
5.304236379243251577e+04 -3.732731607382488925e-12
5.305648505647784623e+04 -3.563433547966749587e-12
5.307060632060934586e+04 -3.413303037331331636e-12
5.308472758471335692e+04 -3.245365818892124153e-12
5.309884884880304890e+04 -3.373188013078700638e-12
5.311297011300091253e+04 -3.295494170934507974e-12
5.312709137707380432e+04 -3.153226467543448091e-12
5.314121264118846739e+04 -3.072804112126223359e-12
5.315533390529689495e+04 -2.814736602011780633e-12
5.316945516948846489e+04 -3.000196891849702897e-12
5.318357643360455404e+04 -2.694734860885760013e-12
5.319769769772794098e+04 -2.740853795631929545e-12
5.321181896182490163e+04 -3.052490625185843017e-12
5.322594022590948589e+04 -2.829969772918306060e-12
5.324006149007068598e+04 -2.704826044703703133e-12
5.325418275418254780e+04 -2.721106740723855294e-12
5.326830401827202877e+04 -2.725847256392775871e-12
5.328242528242199478e+04 -2.675926072010715926e-12
5.329654654645649134e+04 -2.501133319201581205e-12
5.331066781073957100e+04 -2.545748690932501246e-12
5.332478907477193570e+04 -2.521591882358637740e-12
5.333891033887111553e+04 -2.296689274619648346e-12
5.335303160301055323e+04 -2.291498858727353454e-12
5.336715286717026174e+04 -2.253453114861112777e-12
5.338127413134460221e+04 -2.256469993914581652e-12
5.339539539539351244e+04 -2.169789329648207561e-12
5.340951665945564309e+04 -2.216138301212009544e-12
5.342363792362780077e+04 -2.071273287930196318e-12
5.343775918777902552e+04 -1.942089790339274972e-12
5.345188045190848061e+04 -1.987612361361954574e-12
5.346600171595947177e+04 -1.878678409556512647e-12
5.348012298010329687e+04 -1.645702148509781392e-12
5.349424424421611184e+04 -1.491007601474525731e-12
5.350836550837095274e+04 -1.615216889195280693e-12
5.352248677248114109e+04 -1.624673958364618013e-12
5.353660803657612996e+04 -1.582531566501032048e-12
5.355072930072318559e+04 -1.597454280189316026e-12
5.356485056493081356e+04 -1.559680822227279425e-12
5.357897182902086206e+04 -1.384477181286649758e-12
5.359309309306728392e+04 -1.597691043229686459e-12
5.360721435719831061e+04 -1.630862755905661589e-12
5.362133562126602192e+04 -1.653608907415841637e-12
5.363545688551927742e+04 -1.448124484331940116e-12
5.364957814956991206e+04 -1.421308968065395295e-12
5.366369941365922568e+04 -1.353244470470411831e-12
5.367782067781653313e+04 -1.206853277249393603e-12
5.369194194194299780e+04 -1.328477341260877718e-12
5.370606320612392301e+04 -1.105607566188817776e-12
5.372018447021293105e+04 -1.162928268204723978e-12
5.373430573426972114e+04 -1.256222154666896372e-12
5.374842699838929548e+04 -1.103532610551992624e-12
5.376254826250613405e+04 -8.886345024354126787e-13
5.377666952671582840e+04 -7.740432087629968492e-13
5.379079079084059777e+04 -8.477093046540146163e-13
5.380491205493050802e+04 -7.035717323612940195e-13
5.381903331898021861e+04 -8.895374978379614550e-13
5.383315458316750301e+04 -9.145259197755688647e-13
5.384727584733087133e+04 -6.583989249209793988e-13
5.386139711143374006e+04 -6.683340603714055509e-13
5.387551837546887691e+04 -7.289432126838188369e-13
5.388963963959342800e+04 -5.512142114162846879e-13
5.390376090375801141e+04 -5.492597392442504476e-13
5.391788216792610183e+04 -4.512013329057620876e-13
5.393200343198007613e+04 -2.839882764220624624e-13
5.394612469606973900e+04 -1.799035108216481934e-13
5.396024596018560987e+04 -2.247522824815695753e-13
5.397436722441425809e+04 -3.468954427328428612e-13
5.398848848851640651e+04 -2.527858019172874353e-14
5.400260975263422006e+04 -1.368630841447825420e-13
5.401673101671040058e+04 -1.037344192943291121e-13
5.403085228090288001e+04 -1.067131270337608793e-13
5.404497354495916079e+04 1.802305617607340372e-13
5.405909480910728598e+04 5.861658708335663109e-14
5.407321607321895863e+04 2.037599295218028637e-14
5.408733733734253474e+04 2.548388649926053112e-14
5.410145860151799570e+04 1.956682518773803696e-13
5.411557986560279824e+04 2.281982829041701763e-13
5.412970112967801106e+04 2.154379657483024944e-13
5.414382239375996869e+04 4.706638149115961190e-13
5.415794365787426068e+04 2.827138137272796995e-13
5.417206492214361060e+04 3.610458903315046784e-13
5.418618618622355280e+04 7.430292566997663216e-13
5.420030745030055550e+04 6.042156578595775950e-13
5.421442871435689449e+04 6.559937841839736622e-13
5.422854997849908978e+04 6.530781347827086740e-13
5.424267124273937225e+04 6.605824133356962488e-13
5.425679250681577832e+04 8.824855461225511604e-13
5.427091377085544809e+04 8.190448221930952413e-13
5.428503503500056104e+04 8.034191341509275851e-13
5.429915629918755440e+04 7.495755529793235992e-13
5.431327756333084835e+04 8.081471642688909266e-13
5.432739882740506437e+04 8.852801235145357997e-13
5.434152009154309053e+04 8.083761921531128416e-13
5.435564135564453318e+04 6.163445508559349114e-13
5.436976261979161063e+04 5.906024556605577113e-13
5.438388388392029447e+04 8.151468079609755274e-13
5.439800514804629347e+04 7.063262770864494495e-13
5.441212641211441223e+04 6.922149980936960337e-13
5.442624767616060126e+04 7.461939444978980254e-13
5.444036894041717460e+04 8.055027497995274704e-13
5.445449020451682736e+04 6.713430244716179611e-13
5.446861146862993337e+04 7.946091276089659046e-13
5.448273273273466475e+04 8.769505374316210032e-13
5.449685399690752092e+04 8.555941076168533986e-13
5.451097526098754315e+04 1.128053212056647409e-12
5.452509652510852175e+04 1.060849670972101444e-12
5.453921778923930833e+04 1.151583893371406595e-12
5.455333905331716960e+04 9.764853496610550234e-13
5.456746031751028204e+04 9.742667050909939103e-13
5.458158158156015998e+04 1.208488410355411806e-12
5.459570284574443940e+04 1.052707073881297183e-12
5.460982410979952692e+04 1.176643108803329340e-12
5.462394537388985191e+04 1.399500692596677219e-12
5.463806663814700732e+04 1.234192838703457356e-12
5.465218790217722562e+04 1.100663192290510797e-12
5.466630916628082923e+04 1.170024673784909212e-12
5.468043043042746285e+04 1.367348675287751283e-12
5.469455169456301519e+04 1.399784875507348993e-12
5.470867295866594941e+04 1.368443368038327101e-12
5.472279422280331346e+04 1.310645272363606128e-12
5.473691548693637014e+04 1.201967001099984275e-12
5.475103675101196131e+04 1.385926502489536501e-12
5.476515801523030677e+04 1.393313912922454916e-12
5.477927927933137107e+04 1.404634482101297901e-12
5.479340054340180359e+04 1.355794369868769977e-12
5.480752180746918748e+04 1.373077062882393079e-12
5.482164307160934550e+04 1.603155246784761774e-12
5.483576433578447904e+04 1.494390207247822535e-12
5.484988559992950468e+04 1.459147490590880782e-12
5.486400686398060498e+04 1.682504664578078047e-12
5.487812812807843875e+04 1.684483014840831499e-12
5.489224939220598026e+04 1.685724675558228252e-12
5.490637065638124477e+04 1.710075956046998253e-12
5.492049192051983846e+04 1.792441243960372563e-12
5.493461318463452335e+04 1.603464653030700275e-12
5.494873444866123464e+04 1.744957474542920537e-12
5.496285571288056963e+04 1.658598828190118310e-12
5.497697697701332800e+04 1.839826474214715835e-12
5.499109824108221801e+04 1.818621720722685369e-12
5.500521950519739039e+04 1.527810117542822386e-12
5.501934076929585717e+04 1.580013004833110260e-12
5.503346203348317795e+04 1.597429213368078332e-12
5.504758329757222236e+04 1.773768240706847581e-12
5.506170456167407974e+04 1.863249535965670333e-12
5.507582582579964946e+04 1.877319112377449451e-12
5.508994708989645005e+04 1.801485323053609443e-12
5.510406835406753817e+04 1.765429069756531533e-12
5.511818961824493454e+04 1.745080228107885381e-12
5.513231088231533067e+04 1.707913139125660858e-12
5.514643214644034742e+04 1.496000128660113418e-12
5.516055341056758334e+04 1.545965537956674152e-12
5.517467467466120434e+04 1.560471309912999162e-12
5.518879593880422908e+04 1.498620328727620885e-12
5.520291720287661155e+04 1.369515527942731427e-12
5.521703846701233124e+04 1.659668633916564483e-12
5.523115973116688110e+04 1.785041726326526104e-12
5.524528099532658962e+04 1.623436826206030123e-12
5.525940225940891105e+04 1.532338547001041829e-12
5.527352352350192086e+04 1.530381216184343915e-12
5.528764478760857310e+04 1.394741890009688447e-12
5.530176605179397302e+04 1.439316231781907846e-12
5.531588731591058604e+04 1.445313331974924380e-12
5.533000857997631101e+04 1.250479209974044954e-12
5.534412984412926744e+04 1.125916291092850499e-12
5.535825110830574704e+04 1.149360204134292096e-12
5.537237237237243971e+04 1.298465764541146918e-12
5.538649363646605343e+04 1.351913003037926375e-12
5.540061490056809998e+04 1.284759067846071666e-12
5.541473616465906525e+04 1.214881348756547551e-12
5.542885742892108101e+04 1.149785974033594540e-12
5.544297869301588798e+04 1.115784918094049136e-12
5.545709995714194520e+04 1.115932894994280707e-12
5.547122122117239633e+04 1.322177717558689698e-12
5.548534248529392062e+04 1.422805036516309622e-12
5.549946374954582279e+04 1.295093572771554156e-12
5.551358501359714865e+04 1.305754299499819699e-12
5.552770627770479041e+04 1.354321999711467015e-12
5.554182754177042807e+04 1.226986195506617217e-12
5.555594880593523703e+04 1.424467086154818353e-12
5.557007007008003711e+04 1.410972938098257443e-12
5.558419133417338890e+04 1.564545383025280644e-12
5.559831259827726899e+04 1.371402906042956303e-12
5.561243386244009162e+04 1.159951650768358361e-12
5.562655512660094246e+04 1.128801168025089955e-12
5.564067639072470047e+04 1.179065557922345742e-12
5.565479765480691276e+04 1.026076612817826045e-12
5.566891891892278363e+04 8.129737335499630224e-13
5.568304018296686991e+04 9.247396773613687817e-13
5.569716144716891722e+04 7.663051823283316482e-13
5.571128271127009066e+04 7.824703134340702562e-13
5.572540397543310974e+04 8.904456944215926503e-13
5.573952523947185546e+04 8.758467642803491508e-13
5.575364650355965568e+04 9.422816662615338101e-13
5.576776776784092363e+04 1.034808931487166070e-12
5.578188903186078096e+04 7.630675150134947956e-13
5.579601029600437323e+04 7.276734583449525809e-13
5.581013156013555999e+04 8.288597264120832418e-13
5.582425282426866761e+04 6.591473737145880587e-13
5.583837408843786397e+04 5.974927982331531293e-13
5.585249535250815825e+04 7.907664365588645905e-13
5.586661661660185928e+04 6.656667651031942150e-13
5.588073788074462209e+04 8.019370109706548318e-13
5.589485914491605217e+04 7.378707483265841303e-13
5.590898040903052606e+04 7.430193355212279896e-13
5.592310167307271331e+04 5.262140069473467059e-13
5.593722293721765891e+04 6.276165230754973780e-13
5.595134420133537787e+04 5.899442947656645630e-13
5.596546546547842445e+04 6.612994286795450254e-13
5.597958672957859380e+04 7.704535802018655933e-13
5.599370799373259797e+04 5.551606428105771754e-13
5.600782925775558397e+04 6.018036343858048430e-13
5.602195052197583573e+04 5.678839657413869645e-13
5.603607178613269934e+04 2.508713708198608049e-13
5.605019305020623142e+04 3.308579300620144862e-13
5.606431431425676419e+04 2.880011292658905558e-13
5.607843557838673587e+04 9.651195783251574024e-14
5.609255684263305739e+04 1.857110880474880425e-13
5.610667810674384964e+04 -8.362970784020775270e-15
5.612079937084209087e+04 2.223898849498059242e-14
5.613492063488046551e+04 -5.915772334415145956e-14
5.614904189902513463e+04 6.544218976210085034e-14
5.616316316324525542e+04 1.684687523702917487e-13
5.617728442731654650e+04 1.330232400978054186e-13
5.619140569138641877e+04 7.133469719154468333e-14
5.620552695548109477e+04 5.013364312202015022e-14
5.621964821957034292e+04 1.020143443431675568e-13
5.623376948376070504e+04 -7.153868153760761643e-14
5.624789074785626872e+04 -2.562518561849294563e-13
5.626201201203181699e+04 -3.902355226326772474e-13
5.627613327607069368e+04 -2.428555746692033921e-13
5.629025454033687129e+04 -3.408347797349541918e-13
5.630437580440879537e+04 -3.531155172096172375e-13
5.631849706849500944e+04 -5.292493947548837317e-13
5.633261833263313747e+04 -6.899136326254993865e-13
5.634673959665629081e+04 -5.257023211941083780e-13
5.636086086093060294e+04 -6.979830820440299582e-13
5.637498212502076785e+04 -6.794045822199710826e-13
5.638910338910364953e+04 -8.600991750925983548e-13
5.640322465318994364e+04 -7.721020208808697301e-13
5.641734591732885019e+04 -5.485321300995895811e-13
5.643146718151351524e+04 -3.800859888324840191e-13
5.644558844557768316e+04 -5.838222666268328777e-13
5.645970970970111375e+04 -7.271399123678165174e-13
5.647383097378120146e+04 -7.090638613822707008e-13
5.648795223796635401e+04 -8.318745992402700477e-13
5.650207350205691182e+04 -8.583106724666191117e-13
5.651619476615836902e+04 -9.762879466652400419e-13
5.653031603030778933e+04 -9.821407693805308750e-13
5.654443729438912123e+04 -9.590324948537051422e-13
5.655855855855947448e+04 -1.079907425807767433e-12
5.657267982269595086e+04 -1.057330859188364234e-12
5.658680108681397542e+04 -1.059115998702974486e-12
5.660092235089417227e+04 -1.006866700475796109e-12
5.661504361498354410e+04 -8.810405969644440446e-13
5.662916487921293447e+04 -1.254455932653736165e-12
5.664328614328416006e+04 -1.226325860230873661e-12
5.665740740737562737e+04 -1.160725682491449237e-12
