5.300000000000631553e+04 5.467975148233260067e-12
5.301412126412433281e+04 5.198610881586062827e-12
5.302824252819601679e+04 5.384387792831324629e-12
5.304236379241861141e+04 5.511739687479366852e-12
5.305648505649106664e+04 5.165570564814915121e-12
5.307060632054176676e+04 5.099668898109056224e-12
5.308472758468143002e+04 4.772592982455365193e-12
5.309884884884685016e+04 4.763870946580723042e-12
5.311297011300216400e+04 4.829436161883465973e-12
5.312709137707038462e+04 4.698285420768388294e-12
5.314121264117751707e+04 4.807800391541242170e-12
5.315533390523173148e+04 4.676096032805110223e-12
5.316945516944085102e+04 4.547092737492599530e-12
5.318357643359500798e+04 4.378071957601559264e-12
5.319769769767142861e+04 4.444320777786741830e-12
5.321181896176378359e+04 4.366537931673989749e-12
5.322594022599174787e+04 4.528454407779341109e-12
5.324006149008230568e+04 4.292960689041512372e-12
5.325418275417607219e+04 4.123728133029310099e-12
5.326830401831161726e+04 4.193515356454689672e-12
5.328242528232803306e+04 4.130739320940256362e-12
5.329654654653406033e+04 3.843580274725272865e-12
5.331066781066966360e+04 3.919900920382133789e-12
5.332478907476664608e+04 3.814080353186609146e-12
5.333891033893649728e+04 3.767110893644326870e-12
5.335303160300469608e+04 3.595069784742358185e-12
5.336715286722114251e+04 3.677764180778375040e-12
5.338127413123634324e+04 3.816576514815390299e-12
5.339539539533392963e+04 3.598914720442696844e-12
5.340951665942758700e+04 3.401314553801550414e-12
5.342363792361194646e+04 3.194906656558754507e-12
5.343775918774978345e+04 3.336684637465490783e-12
5.345188045184312796e+04 3.300880646219038945e-12
5.346600171605539799e+04 3.098510790752389291e-12
5.348012298002577882e+04 3.239285588720000023e-12
5.349424424415504473e+04 3.363887596604058004e-12
5.350836550839896518e+04 3.209283997594429249e-12
5.352248677244808641e+04 2.976679292611285711e-12
5.353660803652605682e+04 2.860553172849091885e-12
5.355072930068698042e+04 2.712737033675525911e-12
5.356485056485166569e+04 2.554073207563889842e-12
5.357897182894588332e+04 2.733987451156925469e-12
5.359309309316649160e+04 2.658993550480449150e-12
5.360721435719927831e+04 2.398589069846130077e-12
5.362133562124903983e+04 2.566515113270194673e-12
5.363545688550207706e+04 2.544301040226028403e-12
5.364957814962182601e+04 2.684833518190744917e-12
5.366369941378894146e+04 2.498742379926901866e-12
5.367782067782023660e+04 2.338498083699677698e-12
5.369194194197507750e+04 2.007922354774012658e-12
5.370606320613870776e+04 1.888567801394923217e-12
5.372018447022214241e+04 1.978617726596804524e-12
5.373430573422712769e+04 1.956008692258430702e-12
5.374842699838207045e+04 1.944566688562779028e-12
5.376254826243587740e+04 2.004767038991646211e-12
5.377666952672576008e+04 1.687869344632955508e-12
5.379079079087375430e+04 1.667785062871479909e-12
5.380491205485222599e+04 1.597759425310434786e-12
5.381903331895128940e+04 1.477375597799129668e-12
5.383315458324922656e+04 1.404004038134937642e-12
5.384727584738165024e+04 1.489386295763340303e-12
5.386139711137203267e+04 1.394594960214694499e-12
5.387551837547759351e+04 1.424818248364189735e-12
5.388963963964593131e+04 1.328427069598499445e-12
5.390376090386328724e+04 1.349306898397200704e-12
5.391788216798265057e+04 1.186164761155353482e-12
5.393200343201615033e+04 1.108378009175372531e-12
5.394612469606407103e+04 9.675330618323268796e-13
5.396024596017212025e+04 9.392314603595549167e-13
5.397436722444796760e+04 1.035430782926951382e-12
5.398848848843071755e+04 8.451219329944230808e-13
5.400260975268887705e+04 7.085878131948045143e-13
5.401673101663898706e+04 5.951233075972169900e-13
5.403085228089279553e+04 8.152536100587094555e-13
5.404497354504499526e+04 8.480410219267726747e-13
5.405909480916265602e+04 7.032639599268348229e-13
5.407321607316374866e+04 6.054310474495343641e-13
5.408733733724915510e+04 5.928147838301222472e-13
5.410145860145858023e+04 6.041524227534120823e-13
5.411557986563326995e+04 5.125932704542015920e-13
5.412970112965537555e+04 2.607517006636109441e-13
5.414382239376985672e+04 3.491961581996378638e-13
5.415794365785463742e+04 1.959536758020103851e-13
5.417206492205854738e+04 3.873824159864697915e-13
5.418618618621820497e+04 4.743345197715973822e-13
5.420030745030743128e+04 4.878513201393537819e-13
5.421442871435141569e+04 4.370338002029498328e-13
5.422854997847535560e+04 1.599409550108350705e-13
5.424267124262516882e+04 3.362792990382731463e-13
5.425679250674823561e+04 4.621375900579026732e-13
5.427091377096279030e+04 4.578111390455592020e-13
5.428503503506801644e+04 3.689373485837081872e-13
5.429915629921996151e+04 3.504429110191706391e-13
5.431327756328027317e+04 3.541519225399359908e-13
5.432739882747149386e+04 3.012652303802373689e-13
5.434152009150793310e+04 5.340886639282109691e-13
5.435564135565650940e+04 3.507347574185299200e-13
5.436976261987694306e+04 4.118737658598977801e-13
5.438388388398080860e+04 4.568262355650661512e-13
5.439800514808807202e+04 6.284475418572494106e-13
5.441212641213674942e+04 6.822647678256119221e-13
5.442624767622503714e+04 6.986269143524322660e-13
5.444036894032395503e+04 7.479245832326439131e-13
5.445449020455431310e+04 5.868228710312850239e-13
5.446861146858141001e+04 6.915557323208466884e-13
5.448273273263587907e+04 5.960519665896108284e-13
5.449685399690362101e+04 6.693641570719203249e-13
5.451097526103278506e+04 6.611424627893272763e-13
5.452509652518968505e+04 8.133406725245792501e-13
5.453921778918908967e+04 1.153132998233436925e-12
5.455333905325234809e+04 9.178848023096301054e-13
5.456746031745574874e+04 1.110390936910567992e-12
5.458158158167592774e+04 1.047962054875457947e-12
5.459570284566666669e+04 9.513234003621310018e-13
5.460982410980520217e+04 7.082253487159429014e-13
5.462394537385891454e+04 9.789400689576058813e-13
5.463806663814602507e+04 9.615673964612694638e-13
5.465218790217507194e+04 1.007797240985046850e-12
5.466630916625303507e+04 1.275141666512053069e-12
5.468043043039736949e+04 1.054058957385413693e-12
5.469455169457837474e+04 1.172615463972250740e-12
5.470867295865453343e+04 1.154296634198334148e-12
5.472279422277407866e+04 1.187978333427175116e-12
5.473691548695987876e+04 1.065841552703444060e-12
5.475103675109118194e+04 9.325308670106675375e-13
5.476515801524035487e+04 9.444278261211663801e-13
5.477927927925368567e+04 8.598086187146433391e-13
5.479340054340465576e+04 9.033593507886276834e-13
5.480752180745916121e+04 8.793629524104728540e-13
5.482164307161109900e+04 7.620900700298113561e-13
5.483576433575178089e+04 4.219940240852178135e-13
5.484988559983202867e+04 5.311095808752221616e-13
5.486400686407567991e+04 5.795579579851355714e-13
5.487812812803983979e+04 4.515230052760661138e-13
5.489224939225274284e+04 3.181110795047110700e-13
5.490637065646757401e+04 1.535097102660673428e-13
5.492049192056366155e+04 3.986719346254969997e-13
5.493461318464200303e+04 4.804151738738799575e-13
5.494873444875744462e+04 4.406903168681559230e-13
5.496285571287017228e+04 3.836021614474454241e-13
5.497697697697855619e+04 2.992816747666047809e-13
5.499109824105227017e+04 4.160364829179968822e-13
5.500521950514816854e+04 4.273241267407540897e-13
5.501934076925805130e+04 4.011604407545092825e-13
5.503346203344190872e+04 2.296322503370679594e-13
5.504758329766891984e+04 3.931662241793398181e-13
5.506170456176062726e+04 7.339778250003067851e-13
5.507582582577870198e+04 4.382343075544898809e-13
5.508994708982440352e+04 2.746840853045449524e-13
5.510406835407799372e+04 2.917036674033696088e-13
5.511818961827116436e+04 6.430220250816099232e-14
5.513231088226242719e+04 2.303874628354495531e-14
5.514643214644586260e+04 1.614276843129245237e-13
5.516055341053103621e+04 1.491888837025337726e-13
5.517467467463044159e+04 1.906760680020333703e-13
5.518879593875082355e+04 1.619413839708974120e-13
5.520291720295413688e+04 2.019549626821974097e-13
5.521703846701844304e+04 3.097418996755468231e-13
5.523115973115278757e+04 1.568018876361418194e-13
5.524528099536584341e+04 7.803960625701768245e-14
5.525940225944747363e+04 -1.301299933407968895e-13
5.527352352351169247e+04 -1.287963740340886618e-13
5.528764478758500627e+04 -5.202392630419754531e-13
5.530176605181783816e+04 -3.089162224780644473e-13
5.531588731595586432e+04 -5.277085310615521010e-13
5.533000857994634862e+04 -2.042702276756782604e-13
5.534412984411262005e+04 -2.370307671772052156e-13
5.535825110825784941e+04 -7.314182812115163306e-14
5.537237237236281362e+04 -2.740646378967597221e-13
5.538649363656921923e+04 -8.208220197390133541e-14
5.540061490064969985e+04 -3.415467747182065153e-13
5.541473616477305768e+04 -4.129372785237926382e-13
5.542885742899158504e+04 -4.679543869049384131e-13
5.544297869303845800e+04 -5.037096329283706377e-13
5.545709995709356735e+04 -6.463494043805381185e-13
5.547122122123747249e+04 -6.029111612827520979e-13
5.548534248522401322e+04 -7.762329259318019838e-13
5.549946374946161814e+04 -8.051725898751217707e-13
5.551358501352132589e+04 -6.751628306950129438e-13
5.552770627774956665e+04 -9.875047215176668432e-13
5.554182754183364159e+04 -9.673216994326394572e-13
5.555594880586372892e+04 -1.229463509810467578e-12
5.557007007018190779e+04 -1.179360919811680521e-12
5.558419133420644357e+04 -1.290909988120111206e-12
5.559831259829737246e+04 -1.380429965256346529e-12
5.561243386249145260e+04 -1.130705687973313383e-12
5.562655512654190534e+04 -9.390057243684643746e-13
5.564067639078394132e+04 -1.030765482008562059e-12
5.565479765479642811e+04 -1.174115183888293063e-12
5.566891891887748352e+04 -1.353173886323463413e-12
5.568304018293620175e+04 -1.393321201928688173e-12
5.569716144727052597e+04 -1.546458694615197104e-12
5.571128271136015246e+04 -1.703135840419417217e-12
5.572540397541211860e+04 -1.741778303498609377e-12
5.573952523952753108e+04 -1.924782869243318768e-12
5.575364650356035418e+04 -1.833708044480518167e-12
5.576776776781707304e+04 -1.879861021537226687e-12
5.578188903183251387e+04 -2.063381786694935423e-12
5.579601029592272971e+04 -2.234591258346480974e-12
5.581013156014942069e+04 -2.144687568813657599e-12
5.582425282429712388e+04 -1.986328087876514384e-12
5.583837408839007549e+04 -1.911914130366216727e-12
5.585249535243841092e+04 -2.142160316481732440e-12
5.586661661667123553e+04 -2.229721735554601767e-12
5.588073788071995659e+04 -2.290304548502544038e-12
5.589485914487261471e+04 -2.300119836614615038e-12
5.590898040902853973e+04 -2.410060312563407868e-12
5.592310167303441995e+04 -2.560941776338381468e-12
5.593722293713881663e+04 -2.489536274002635239e-12
5.595134420133965614e+04 -2.592716162481901879e-12
5.596546546552275686e+04 -2.612355487848637048e-12
5.597958672954309441e+04 -2.836479773903930675e-12
5.599370799362086109e+04 -2.815074371610880018e-12
5.600782925785397674e+04 -2.852195733756367014e-12
5.602195052192996081e+04 -3.007346779116828089e-12
5.603607178607612877e+04 -2.975003698704748515e-12
5.605019305018192972e+04 -3.074996399525059050e-12
5.606431431436009007e+04 -3.089307497052527741e-12
5.607843557843408053e+04 -3.304200187794469537e-12
5.609255684252489300e+04 -3.236003121035405851e-12
5.610667810671437474e+04 -3.189875141528963872e-12
5.612079937077489012e+04 -3.506957817759625686e-12
5.613492063492699526e+04 -3.410558514790098710e-12
5.614904189907319960e+04 -3.488167159224431869e-12
5.616316316326388187e+04 -3.696712971953754729e-12
5.617728442729637027e+04 -3.685661554981014628e-12
5.619140569140220032e+04 -3.505331727114801291e-12
5.620552695554449019e+04 -3.564363442068718387e-12
5.621964821954605577e+04 -3.855027457300418736e-12
5.623376948383531999e+04 -3.787480326848279461e-12
5.624789074792023894e+04 -3.916318950798410860e-12
5.626201201200923970e+04 -3.833663300965307184e-12
5.627613327614384616e+04 -3.919689870451824708e-12
5.629025454025280487e+04 -4.037699555626585716e-12
5.630437580435405835e+04 -4.095182672341503968e-12
5.631849706845418405e+04 -4.495258465333864933e-12
5.633261833260329149e+04 -4.342005983916130641e-12
5.634673959662460402e+04 -4.365021228446332724e-12
5.636086086086564319e+04 -4.495277213496564637e-12
5.637498212505770789e+04 -4.625633188747861906e-12
5.638910338904606760e+04 -4.461579265860050498e-12
5.640322465316423040e+04 -4.391007431825686423e-12
5.641734591736621951e+04 -4.678056801288877178e-12
5.643146718153684196e+04 -4.657968769894861274e-12
5.644558844558663986e+04 -4.679391670473098672e-12
5.645970970975019009e+04 -4.652105594479896152e-12
5.647383097377377999e+04 -4.749644785741566975e-12
5.648795223792507750e+04 -4.792040630993247265e-12
5.650207350212291931e+04 -4.951171286356107089e-12
5.651619476626656979e+04 -5.043088528562882204e-12
5.653031603039159381e+04 -5.268886400608506169e-12
5.654443729432875261e+04 -5.200245627332215622e-12
5.655855855858725408e+04 -5.291062977327273436e-12
5.657267982271892106e+04 -5.382316534574477906e-12
5.658680108684974402e+04 -5.387098565940425431e-12
5.660092235092322517e+04 -5.518645674461912594e-12
5.661504361495043850e+04 -5.573324066036949828e-12
5.662916487926379341e+04 -5.255581454479257472e-12
5.664328614335971361e+04 -5.283591209552669851e-12
5.665740740735705913e+04 -5.663100268063415379e-12
