5.299999999999943975e+04 -3.198158432195589618e-11
5.301412126410900237e+04 -3.148976603188935705e-11
5.302824252819349931e+04 -3.115489498209854371e-11
5.304236379239278176e+04 -3.098598959840577042e-11
5.305648505651112646e+04 -3.077200410106692495e-11
5.307060632059747877e+04 -3.057456404164462970e-11
5.308472758467985113e+04 -3.014835576971491585e-11
5.309884884879997844e+04 -2.983731621677167394e-11
5.311297011301338352e+04 -2.961317576692706339e-11
5.312709137708797061e+04 -2.940605504869013444e-11
5.314121264119054104e+04 -2.903610161411570059e-11
5.315533390530194447e+04 -2.896289226384922981e-11
5.316945516951139143e+04 -2.875803382388100657e-11
5.318357643360432121e+04 -2.853265262810318049e-11
5.319769769771909341e+04 -2.812403045269828328e-11
5.321181896178238094e+04 -2.764102464962583603e-11
5.322594022591316752e+04 -2.751269470679065710e-11
5.324006149010887020e+04 -2.718323840897683733e-11
5.325418275420067948e+04 -2.698389401664037535e-11
5.326830401831457857e+04 -2.675645044054975656e-11
5.328242528239972307e+04 -2.642414444171314051e-11
5.329654654649316217e+04 -2.645340006430504783e-11
5.331066781071722653e+04 -2.628864854725892120e-11
5.332478907481549686e+04 -2.599806100185289685e-11
5.333891033891839470e+04 -2.561200570739518247e-11
5.335303160301608295e+04 -2.527129854058220818e-11
5.336715286719476717e+04 -2.517435250107676044e-11
5.338127413131041249e+04 -2.463556532111640635e-11
5.339539539538419194e+04 -2.433319629466836055e-11
5.340951665949243034e+04 -2.398654127363268703e-11
5.342363792361270316e+04 -2.397765198802545806e-11
5.343775918781475048e+04 -2.363052066598685360e-11
5.345188045189768309e+04 -2.341812829248606290e-11
5.346600171598167071e+04 -2.311947150515248087e-11
5.348012298011877283e+04 -2.272273352455550398e-11
5.349424424420156720e+04 -2.258375301256980699e-11
5.350836550841858843e+04 -2.218299328810359552e-11
5.352248677251453046e+04 -2.189293703646897199e-11
5.353660803658611985e+04 -2.179385052085969161e-11
5.355072930067913694e+04 -2.163582251361355881e-11
5.356485056490907300e+04 -2.139665093429708664e-11
5.357897182899255859e+04 -2.103416238930416642e-11
5.359309309309071978e+04 -2.092376842122734607e-11
5.360721435719533474e+04 -2.051878394928378255e-11
5.362133562131982035e+04 -2.020244039684508985e-11
5.363545688549110491e+04 -2.004170017049732899e-11
5.364957814958057133e+04 -1.962341547783158526e-11
5.366369941369010485e+04 -1.925665037399267431e-11
5.367782067779070348e+04 -1.893360588454324834e-11
5.369194194189905102e+04 -1.868988884234763360e-11
5.370606320611655246e+04 -1.851923173824796255e-11
5.372018447020308668e+04 -1.816491923931970856e-11
5.373430573429809738e+04 -1.797823954521582532e-11
5.374842699838795670e+04 -1.777722370600742724e-11
5.376254826250792394e+04 -1.732140485816205248e-11
5.377666952669021703e+04 -1.707194311684709002e-11
5.379079079079103394e+04 -1.681034933452802385e-11
5.380491205490309949e+04 -1.663468243466944343e-11
5.381903331900639023e+04 -1.606071851680256683e-11
5.383315458319261234e+04 -1.589311479906234661e-11
5.384727584731038223e+04 -1.561636846384461798e-11
5.386139711141092266e+04 -1.542755298998903184e-11
5.387551837548205367e+04 -1.525340255738215749e-11
5.388963963958730892e+04 -1.509411956365119556e-11
5.390376090381022368e+04 -1.482218926179327782e-11
5.391788216789659054e+04 -1.456933948115592527e-11
5.393200343199172494e+04 -1.406764424179900834e-11
5.394612469610968401e+04 -1.399773616196198353e-11
5.396024596021580510e+04 -1.374770085970646705e-11
5.397436722440550511e+04 -1.328472507420823595e-11
5.398848848849220667e+04 -1.317837693774221254e-11
5.400260975260960549e+04 -1.290304587096258805e-11
5.401673101669674361e+04 -1.262570567444349107e-11
5.403085228091300087e+04 -1.247460736200530398e-11
5.404497354499857465e+04 -1.209841077113120679e-11
5.405909480909904232e+04 -1.183708755929281378e-11
5.407321607318876340e+04 -1.152255649578513040e-11
5.408733733731046959e+04 -1.121846678651541609e-11
5.410145860150199587e+04 -1.089325682424921985e-11
5.411557986560010613e+04 -1.062989236568260508e-11
5.412970112970345508e+04 -1.048175487601837710e-11
5.414382239377883525e+04 -1.037722468231164043e-11
5.415794365791152086e+04 -9.672074985029972507e-12
5.417206492211019940e+04 -9.617368239555651700e-12
5.418618618621960923e+04 -9.360074800833678569e-12
5.420030745029600803e+04 -9.073813656204297440e-12
5.421442871439373266e+04 -8.842720711519637610e-12
5.422854997849836946e+04 -8.505245998427906538e-12
5.424267124270441855e+04 -8.289478917184960869e-12
5.425679250680505356e+04 -8.047987036926716001e-12
5.427091377088322042e+04 -7.723908138047255593e-12
5.428503503499141516e+04 -7.740538375418758897e-12
5.429915629920697393e+04 -7.575346158748733735e-12
5.431327756329805561e+04 -7.168644185383331278e-12
5.432739882738922461e+04 -7.040383778858693447e-12
5.434152009150962840e+04 -6.762210661565383348e-12
5.435564135559623537e+04 -6.749789567662550737e-12
5.436976261982007418e+04 -6.477470529044606400e-12
5.438388388387980376e+04 -6.121910921383481788e-12
5.439800514798049699e+04 -5.717373208873011063e-12
5.441212641209749563e+04 -5.440218745505821610e-12
5.442624767619164049e+04 -5.227631246148870348e-12
5.444036894041980850e+04 -4.962515805714602850e-12
5.445449020448597730e+04 -4.788456876226612507e-12
5.446861146860111330e+04 -4.422569535749975763e-12
5.448273273271605285e+04 -4.359058493492424061e-12
5.449685399690706254e+04 -4.103839933439718910e-12
5.451097526101547555e+04 -4.032904412953236445e-12
5.452509652509216539e+04 -3.768560992210747154e-12
5.453921778920173529e+04 -3.627190794467966791e-12
5.455333905330428388e+04 -3.554818190230268098e-12
5.456746031752019917e+04 -3.404264048658026877e-12
5.458158158160053426e+04 -3.106434728270379340e-12
5.459570284570114018e+04 -2.810801482735951156e-12
5.460982410979234555e+04 -2.664174703504690982e-12
5.462394537391004997e+04 -2.482860970445303978e-12
5.463806663810872124e+04 -2.358305228273634266e-12
5.465218790218145296e+04 -1.810766320374842492e-12
5.466630916631218861e+04 -1.623286125475951795e-12
5.468043043040359771e+04 -1.366495044936462402e-12
5.469455169460404431e+04 -9.390633732773634252e-13
5.470867295871759416e+04 -6.846428900959850316e-13
5.472279422281271400e+04 -4.939261511046425523e-13
5.473691548689736373e+04 -4.341740084923780905e-13
5.475103675100837427e+04 -1.157873913827066425e-13
5.476515801518485387e+04 2.652715903915649247e-13
5.477927927927912970e+04 3.501470959562641329e-13
5.479340054338582559e+04 5.156107920783426171e-13
5.480752180749327817e+04 6.537017240738279387e-13
5.482164307160268800e+04 1.053423706214945887e-12
5.483576433581441233e+04 1.245852341304617353e-12
5.484988559991653165e+04 1.627594869556381057e-12
5.486400686399579718e+04 1.916118746940154914e-12
5.487812812809221941e+04 2.192794485380731923e-12
5.489224939220663509e+04 2.394083167498251414e-12
5.490637065637973865e+04 2.664487609400206009e-12
5.492049192050952843e+04 2.886542651657067992e-12
5.493461318461586779e+04 2.942108678075612931e-12
5.494873444870048115e+04 3.318454946236891135e-12
5.496285571290019288e+04 3.626808943238974006e-12
5.497697697700639401e+04 4.081664887402846458e-12
5.499109824108902831e+04 4.041441691891768806e-12
5.500521950519617531e+04 4.409168487450345150e-12
5.501934076931347954e+04 4.480440327347295460e-12
5.503346203350441647e+04 4.517506968247329320e-12
5.504758329760247580e+04 4.973893620214522257e-12
5.506170456169873069e+04 5.155452169565493505e-12
5.507582582580440794e+04 5.357512265393870726e-12
5.508994708987955528e+04 5.731432185952419386e-12
5.510406835411999054e+04 5.994575764473779429e-12
5.511818961819760443e+04 6.104375265268311359e-12
5.513231088230387104e+04 6.402638467994508637e-12
5.514643214641655504e+04 6.458557781289275356e-12
5.516055341058978229e+04 6.570095235361686541e-12
5.517467467470409611e+04 6.953926579843872003e-12
5.518879593877981097e+04 7.048556560273988352e-12
5.520291720289256045e+04 7.473089825193862698e-12
5.521703846699435235e+04 7.578849251196338369e-12
5.523115973121303978e+04 7.618818540702035949e-12
5.524528099529616156e+04 7.901940704167045678e-12
5.525940225940773962e+04 8.286929472205977974e-12
5.527352352348343993e+04 8.172662074090037127e-12
5.528764478760963539e+04 8.319299154996932869e-12
5.530176605178187310e+04 8.525827754127638271e-12
5.531588731591583928e+04 8.932805751801992923e-12
5.533000858000429434e+04 9.124276331057520236e-12
5.534412984408818738e+04 9.204602131876642624e-12
5.535825110830647463e+04 9.677971399120179731e-12
5.537237237241028924e+04 9.984761359368356336e-12
5.538649363651624299e+04 9.923139765618623509e-12
5.540061490061871154e+04 1.024758073809764270e-11
5.541473616470101115e+04 1.057580909132517742e-11
5.542885742889320682e+04 1.083210266152954244e-11
5.544297869299675222e+04 1.113911138088975191e-11
5.545709995708300994e+04 1.106938236841451787e-11
5.547122122120231506e+04 1.121371550986447639e-11
5.548534248529695469e+04 1.125727402435792615e-11
5.549946374949630990e+04 1.157636054942992360e-11
5.551358501358927606e+04 1.191814105994702836e-11
5.552770627771198633e+04 1.205547815167832885e-11
5.554182754180677875e+04 1.242757103976379292e-11
5.555594880590533285e+04 1.238951967986914548e-11
5.557007007009554218e+04 1.262895425490479637e-11
5.558419133417980629e+04 1.275637568084602198e-11
5.559831259828023030e+04 1.289902843720548061e-11
5.561243386238381208e+04 1.336489566066235652e-11
5.562655512661502871e+04 1.362094805046065571e-11
5.564067639070750738e+04 1.372475258201597786e-11
5.565479765479369235e+04 1.385659524474779108e-11
5.566891891888913233e+04 1.417601384736381830e-11
5.568304018298055598e+04 1.421873671416891542e-11
5.569716144717875432e+04 1.461828174988146315e-11
5.571128271128494089e+04 1.476601323232944975e-11
5.572540397541163838e+04 1.505982126333355316e-11
5.573952523948316957e+04 1.536249418921286476e-11
5.575364650360444648e+04 1.535403045370654060e-11
5.576776776781914668e+04 1.573564875586975359e-11
5.578188903191924328e+04 1.576744942257705015e-11
5.579601029598695459e+04 1.595594766542114183e-11
5.581013156010181410e+04 1.598130190710400608e-11
5.582425282428449282e+04 1.617383174100727786e-11
5.583837408838004194e+04 1.664652049167792319e-11
5.585249535249252949e+04 1.661053310279598566e-11
5.586661661660009850e+04 1.718519208077782930e-11
5.588073788071559102e+04 1.740967892446569865e-11
5.589485914490509458e+04 1.749209838936259832e-11
5.590898040900338674e+04 1.747370565648596578e-11
5.592310167310512770e+04 1.789274388642543601e-11
5.593722293719719892e+04 1.828410514981658901e-11
5.595134420129140199e+04 1.831330615837810514e-11
5.596546546549228515e+04 1.853019824319859076e-11
5.597958672960365948e+04 1.859111992898599920e-11
5.599370799370212626e+04 1.898696969304983387e-11
5.600782925780152436e+04 1.909051062290505722e-11
5.602195052201918588e+04 1.910947721971270382e-11
5.603607178608611866e+04 1.924438978178403579e-11
5.605019305020874162e+04 1.961078281333821323e-11
5.606431431430960947e+04 1.986901976435225848e-11
5.607843557840170979e+04 1.971176347380744143e-11
5.609255684258945985e+04 1.978568951013295280e-11
5.610667810671667394e+04 2.005249018350507915e-11
5.612079937080435047e+04 2.021719276759193663e-11
5.613492063488188433e+04 2.067756616803024535e-11
5.614904189899686753e+04 2.084464904516993034e-11
5.616316316321847262e+04 2.108622455079510312e-11
5.617728442730358802e+04 2.122958024502148327e-11
5.619140569137896091e+04 2.127369262607559925e-11
5.620552695548495831e+04 2.137627307617299978e-11
5.621964821959849360e+04 2.185194264698795367e-11
5.623376948382022965e+04 2.198113899104316515e-11
5.624789074789728329e+04 2.223344884268101151e-11
5.626201201199506613e+04 2.229525707855402955e-11
5.627613327609116095e+04 2.247651021352144127e-11
5.629025454028997774e+04 2.256560516423044735e-11
5.630437580441637692e+04 2.266674943954801095e-11
5.631849706849922950e+04 2.243919875632982196e-11
5.633261833260216372e+04 2.300934802430679434e-11
5.634673959668383759e+04 2.306063461346997417e-11
5.636086086088192678e+04 2.314396304974651964e-11
5.637498212499402871e+04 2.344127910429512921e-11
5.638910338908263657e+04 2.350655536897194806e-11
5.640322465320494666e+04 2.376430571730742114e-11
5.641734591730441753e+04 2.404131777515846721e-11
5.643146718151656387e+04 2.413318327063262676e-11
5.644558844561188016e+04 2.431830922965824052e-11
5.645970970969725749e+04 2.436293487655139244e-11
5.647383097381343396e+04 2.428848406074937022e-11
5.648795223800812528e+04 2.417761863951697304e-11
5.650207350208978460e+04 2.465874567449531243e-11
5.651619476618930639e+04 2.496200518990494991e-11
5.653031603030736005e+04 2.504964821033020688e-11
5.654443729440119205e+04 2.529190362654735137e-11
5.655855855860751763e+04 2.549188096595450372e-11
5.657267982267881598e+04 2.572455461186836654e-11
5.658680108677894168e+04 2.588017293598706289e-11
5.660092235088520829e+04 2.609553370702330553e-11
5.661504361498912476e+04 2.603530889929362757e-11
5.662916487921600492e+04 2.652426157186977853e-11
5.664328614328351978e+04 2.636842509461996616e-11
5.665740740741710033e+04 2.681486214586557958e-11
