5.300000000000045111e+04 -8.343810656138090240e-12
5.301412126411985082e+04 -8.368186973411799068e-12
5.302824252822618291e+04 -8.194004782204556082e-12
5.304236379241426039e+04 -8.100458575758046796e-12
5.305648505647886486e+04 -8.081173868413850035e-12
5.307060632061681827e+04 -8.023835825401804882e-12
5.308472758471099223e+04 -8.016864234176011720e-12
5.309884884879976744e+04 -8.026998463502071906e-12
5.311297011297704739e+04 -8.000424967042379121e-12
5.312709137712322990e+04 -7.810257242768728834e-12
5.314121264121030981e+04 -7.772799139643901965e-12
5.315533390529111057e+04 -7.867393485650945235e-12
5.316945516947785654e+04 -7.815585291616024806e-12
5.318357643360084330e+04 -7.690180424822616305e-12
5.319769769769171398e+04 -7.727735195463828766e-12
5.321181896180941112e+04 -7.853929262282811993e-12
5.322594022589035012e+04 -7.711708918036588676e-12
5.324006149010179070e+04 -7.619482853206031483e-12
5.325418275417879340e+04 -7.448517277255285619e-12
5.326830401830349729e+04 -7.348582428005277182e-12
5.328242528237441729e+04 -7.349002082759352261e-12
5.329654654649726581e+04 -7.251354853013877968e-12
5.331066781067533884e+04 -7.204311195072202274e-12
5.332478907478359179e+04 -7.014747508988512026e-12
5.333891033890860854e+04 -6.703013012386844937e-12
5.335303160300605668e+04 -7.088008107663863433e-12
5.336715286717766867e+04 -6.979899234206179059e-12
5.338127413129071647e+04 -6.912023167008483784e-12
5.339539539539487305e+04 -6.774617419688097525e-12
5.340951665952250187e+04 -6.607438077320778462e-12
5.342363792358848877e+04 -6.524852979637801878e-12
5.343775918777789047e+04 -6.780405113575563190e-12
5.345188045192349819e+04 -6.721548850541443341e-12
5.346600171601007605e+04 -6.436668998651705805e-12
5.348012298008676589e+04 -6.270678029421157756e-12
5.349424424419633579e+04 -6.033850982072188189e-12
5.350836550841525604e+04 -6.135111056861381087e-12
5.352248677250349283e+04 -5.979738676188468877e-12
5.353660803660997044e+04 -6.018506874707740876e-12
5.355072930067859124e+04 -5.840187464614117466e-12
5.356485056490315037e+04 -5.800623838871436950e-12
5.357897182902439090e+04 -5.707546302036959051e-12
5.359309309310364188e+04 -5.630636711380459153e-12
5.360721435721695889e+04 -5.806366677474500428e-12
5.362133562132691441e+04 -5.575479987659911199e-12
5.363545688552128559e+04 -5.719146209403364715e-12
5.364957814962269185e+04 -5.561521334513704595e-12
5.366369941368854052e+04 -5.355231881546005520e-12
5.367782067782221566e+04 -5.340561381847326391e-12
5.369194194187905669e+04 -5.119189363824234731e-12
5.370606320610848343e+04 -4.948657064622826927e-12
5.372018447019952146e+04 -4.907523114726189662e-12
5.373430573431398079e+04 -5.015027901343930890e-12
5.374842699837693362e+04 -4.899046633573686944e-12
5.376254826249930920e+04 -4.826667523941817747e-12
5.377666952672626212e+04 -4.843281103964836787e-12
5.379079079078928044e+04 -4.637516973514469331e-12
5.380491205491834990e+04 -4.397567083751394923e-12
5.381903331898681063e+04 -4.575574452853522500e-12
5.383315458321000187e+04 -4.497542312487362838e-12
5.384727584728928196e+04 -4.233492777904372045e-12
5.386139711138550774e+04 -4.061538147797547024e-12
5.387551837550493656e+04 -3.804684529512346666e-12
5.388963963958773820e+04 -3.877758944702438925e-12
5.390376090380748064e+04 -3.805182705339117732e-12
5.391788216792330786e+04 -3.741919629537362389e-12
5.393200343198253540e+04 -3.575748314819525732e-12
5.394612469609748950e+04 -3.705085948945408133e-12
5.396024596021628531e+04 -3.838865618426677671e-12
5.397436722441756137e+04 -3.855821499730668781e-12
5.398848848849583010e+04 -3.514696769948763140e-12
5.400260975261551357e+04 -3.240959272334534009e-12
5.401673101669878088e+04 -3.043270844476031225e-12
5.403085228092454781e+04 -2.857266196554768746e-12
5.404497354502459348e+04 -2.940702085141902524e-12
5.405909480908718251e+04 -2.768147989943527197e-12
5.407321607319536997e+04 -2.543578111232416063e-12
5.408733733731885877e+04 -2.203526989277188943e-12
5.410145860148708016e+04 -2.306650553018396985e-12
5.411557986557740514e+04 -2.283262949350885558e-12
5.412970112971129856e+04 -1.938831577518787008e-12
5.414382239379966632e+04 -1.817702655038518402e-12
5.415794365789301082e+04 -1.613947963489415893e-12
5.417206492208502459e+04 -1.752613453471756107e-12
5.418618618618127948e+04 -1.488302765779575652e-12
5.420030745030949765e+04 -1.462427785776990857e-12
5.421442871442391333e+04 -1.427000478896002863e-12
5.422854997851375083e+04 -1.423816434803179207e-12
5.424267124271206558e+04 -1.345738271553022563e-12
5.425679250678224344e+04 -1.423747935626998226e-12
5.427091377092706534e+04 -1.252280097250902442e-12
5.428503503500817169e+04 -1.305042560703997955e-12
5.429915629920551146e+04 -9.262586574171835149e-13
5.431327756329953263e+04 -8.484918540587586863e-13
5.432739882741995098e+04 -7.557486399080281871e-13
5.434152009149371588e+04 -7.179193860622607209e-13
5.435564135558755515e+04 -5.271622185935751337e-13
5.436976261980975687e+04 -5.290331023430193680e-13
5.438388388391079934e+04 -2.287975157428768463e-13
5.439800514797993674e+04 -4.506805531882738344e-13
5.441212641208947025e+04 -4.951151125372018427e-13
5.442624767622251966e+04 -4.508300059363051440e-13
5.444036894040495099e+04 -4.550415376718441739e-13
5.445449020451478282e+04 -3.303463768316509392e-13
5.446861146857530548e+04 8.500830253853701169e-14
5.448273273271130165e+04 -2.411166351756354114e-14
5.449685399688026519e+04 -6.923238222789578046e-14
5.451097526098111121e+04 -9.451130263774627959e-14
5.452509652508460567e+04 6.659408934164616563e-14
5.453921778922640806e+04 2.713836926144401795e-14
5.455333905331080314e+04 4.050467674526947178e-13
5.456746031752401905e+04 3.599924073192878450e-13
5.458158158160433231e+04 4.010987240255338800e-13
5.459570284567561612e+04 3.859259619015047306e-13
5.460982410979638371e+04 5.048919061338981250e-13
5.462394537389233301e+04 5.703210737824453226e-13
5.463806663810346072e+04 6.718598156747381939e-13
5.465218790222334064e+04 4.671356272627553581e-13
5.466630916631146101e+04 5.804151668724620758e-13
5.468043043038317410e+04 5.973729941757769018e-13
5.469455169459036551e+04 6.846298524342584451e-13
5.470867295867900248e+04 5.802215399397913346e-13
5.472279422279494611e+04 6.184433018490734271e-13
5.473691548689376214e+04 6.354941479200430647e-13
5.475103675097953237e+04 6.539377457067160838e-13
5.476515801518205990e+04 7.964150591635842966e-13
5.477927927932020975e+04 8.243203002601936774e-13
5.479340054337768379e+04 8.274084065863773524e-13
5.480752180751317792e+04 9.825483376401183962e-13
5.482164307157922303e+04 8.958384997914233491e-13
5.483576433581270976e+04 9.670332742351164703e-13
5.484988559990132489e+04 1.078343657129551200e-12
5.486400686400417908e+04 9.329582422839066686e-13
5.487812812812036282e+04 1.042800563288825242e-12
5.489224939218682266e+04 1.221870448021488362e-12
5.490637065640158107e+04 1.232255857210206717e-12
5.492049192049726116e+04 1.425567537990620436e-12
5.493461318458719325e+04 1.229554031749702970e-12
5.494873444869796367e+04 1.143475476081494327e-12
5.496285571288401115e+04 1.354038051663315454e-12
5.497697697701934521e+04 1.304994198317160898e-12
5.499109824108522298e+04 1.266654314248953170e-12
5.500521950517562072e+04 1.742166838300666636e-12
5.501934076927505521e+04 1.516086085714926283e-12
5.503346203349527786e+04 1.371106022528330337e-12
5.504758329759482149e+04 1.461698518226922641e-12
5.506170456171628757e+04 1.551177123912843969e-12
5.507582582581281895e+04 1.749208242252184293e-12
5.508994708987613558e+04 2.092512102076348482e-12
5.510406835409257474e+04 1.858417724277157610e-12
5.511818961819538526e+04 1.773549580188057019e-12
5.513231088227772852e+04 1.793376978093546084e-12
5.514643214639840153e+04 1.988199532748589022e-12
5.516055341057496116e+04 2.131185335828642055e-12
5.517467467468682298e+04 1.873336533489492947e-12
5.518879593879544700e+04 1.844121634848286106e-12
5.520291720289774821e+04 1.745349714793896305e-12
5.521703846700130816e+04 1.990259178432395617e-12
5.523115973118374677e+04 1.922520498786926765e-12
5.524528099527773156e+04 1.889176967981354836e-12
5.525940225938429649e+04 1.911904683278326872e-12
5.527352352349479770e+04 2.006715327110157416e-12
5.528764478762177896e+04 1.996663073005592271e-12
5.530176605178385216e+04 1.907263085692333146e-12
5.531588731592649128e+04 1.965794074939559449e-12
5.533000857998558058e+04 2.143817985035935682e-12
5.534412984411610523e+04 1.985806731980629014e-12
5.535825110829433106e+04 2.020588745486002758e-12
5.537237237241402909e+04 2.022428882446138564e-12
5.538649363652569446e+04 2.381905553446588327e-12
5.540061490057923220e+04 2.260869844333907066e-12
5.541473616471077548e+04 2.284237404208388078e-12
5.542885742892222333e+04 2.381570063163247344e-12
5.544297869301568426e+04 2.363450474263907667e-12
5.545709995709283248e+04 2.280492523110582513e-12
5.547122122117375693e+04 2.208781669646343655e-12
5.548534248530244076e+04 2.128908516620352242e-12
5.549946374949502206e+04 2.258557218738067911e-12
5.551358501361803792e+04 2.181442714352821557e-12
5.552770627770186547e+04 2.335016310551218792e-12
5.554182754182446661e+04 2.370570496588087527e-12
5.555594880590341199e+04 2.535163897754607023e-12
5.557007007008321671e+04 2.720273580587072423e-12
5.558419133419122227e+04 2.349397245550587098e-12
5.559831259829950432e+04 2.643024413048651677e-12
5.561243386241624103e+04 2.695928350652553073e-12
5.562655512661657849e+04 2.437513651710181242e-12
5.564067639067840355e+04 2.684354325077147961e-12
5.565479765479739581e+04 2.809672789500601820e-12
5.566891891888689133e+04 2.662282022352271397e-12
5.568304018298221490e+04 2.824352629996032845e-12
5.569716144721898308e+04 3.032420434445352020e-12
5.571128271128275810e+04 2.847143395671080589e-12
5.572540397540219419e+04 2.900403840351014735e-12
5.573952523949043825e+04 2.816494684728448284e-12
5.575364650360684027e+04 2.797479157740650175e-12
5.576776776779095235e+04 3.053760263024928752e-12
5.578188903188132099e+04 2.989013751939003997e-12
5.579601029601429764e+04 3.062338228042143546e-12
5.581013156010851526e+04 3.074156671132558242e-12
5.582425282427686034e+04 3.119138056291340314e-12
5.583837408840824355e+04 3.132810647537018662e-12
5.585249535247373569e+04 3.047838197884187747e-12
5.586661661659254605e+04 3.188922370425487916e-12
5.588073788070988667e+04 3.144753634584126124e-12
5.589485914490175492e+04 3.319948840064117667e-12
5.590898040901066270e+04 3.368564573559140788e-12
5.592310167307648953e+04 3.649866559742996630e-12
5.593722293721630558e+04 3.600532363297802329e-12
5.595134420132364903e+04 3.663847397281489998e-12
5.596546546549820050e+04 3.799659468456038957e-12
5.597958672958752140e+04 3.689985281792655537e-12
5.599370799369530141e+04 3.852555622062647105e-12
5.600782925780720689e+04 3.831735764502262128e-12
5.602195052202462830e+04 4.027575687603539369e-12
5.603607178609358380e+04 3.952284195384383274e-12
5.605019305020206957e+04 3.907810326849123760e-12
5.606431431431171950e+04 3.945960475983307875e-12
5.607843557842046721e+04 4.237921089660877278e-12
5.609255684262543218e+04 4.178790732622067289e-12
5.610667810668197490e+04 4.509570140801314395e-12
5.612079937081081152e+04 4.691888482204403096e-12
5.613492063488077110e+04 4.515083546084157487e-12
5.614904189901305654e+04 4.597818874914894958e-12
5.616316316321730847e+04 4.596866892045924740e-12
5.617728442731410905e+04 4.896033152017899724e-12
5.619140569140423759e+04 4.855055855066790376e-12
5.620552695552049408e+04 5.063450587402427558e-12
5.621964821959396795e+04 5.318235608406934692e-12
5.623376948377482768e+04 5.280167969644059807e-12
5.624789074790958693e+04 5.443758013559473248e-12
5.626201201197781484e+04 5.747491144743426783e-12
5.627613327607793326e+04 5.970493326399668194e-12
5.629025454028433160e+04 5.934819266804481833e-12
5.630437580439575686e+04 5.982272071103886924e-12
5.631849706850901566e+04 5.907916993759114551e-12
5.633261833257810213e+04 6.069000590546085361e-12
5.634673959671000193e+04 6.021013025632631346e-12
5.636086086092006008e+04 6.026137231050809643e-12
5.637498212498862267e+04 6.299754076706992631e-12
5.638910338909061829e+04 6.267155474442389732e-12
5.640322465319062758e+04 6.474312551208392497e-12
5.641734591728666419e+04 6.823578952959223385e-12
5.643146718149132357e+04 6.918219127250330194e-12
5.644558844562224112e+04 7.028646026451975890e-12
5.645970970969587506e+04 7.039921146531318685e-12
5.647383097378376988e+04 6.932631976638601622e-12
5.648795223798640654e+04 6.997328670141849593e-12
5.650207350211911398e+04 7.015810214915326890e-12
5.651619476618614863e+04 7.166077947463260541e-12
5.653031603028125392e+04 7.419991160770917502e-12
5.654443729439727031e+04 7.548639619236444416e-12
5.655855855861658347e+04 7.646529612397504236e-12
5.657267982271147048e+04 7.817688815280919932e-12
5.658680108681398997e+04 7.719306095091195531e-12
5.660092235090510803e+04 7.825042357523898830e-12
5.661504361502666870e+04 7.873967894111195217e-12
5.662916487922305532e+04 8.259814412742152120e-12
5.664328614328715048e+04 8.106890001918016566e-12
5.665740740740733600e+04 8.253602004502370564e-12
