5.300000000000037835e+04 2.500266158223331006e-11
5.301412126410807105e+04 2.488177618577572469e-11
5.302824252818388777e+04 2.465482768497078274e-11
5.304236379238872178e+04 2.442665064043584725e-11
5.305648505649893923e+04 2.406431763286990221e-11
5.307060632059804630e+04 2.415342297440878032e-11
5.308472758469198743e+04 2.379324043866456645e-11
5.309884884878733283e+04 2.361653080030243690e-11
5.311297011300678423e+04 2.339096811360754048e-11
5.312709137708935305e+04 2.310631069867216945e-11
5.314121264118865656e+04 2.304021452487171816e-11
5.315533390531370242e+04 2.271747174649931625e-11
5.316945516951495665e+04 2.265641314476279460e-11
5.318357643358560017e+04 2.235472393539233990e-11
5.319769769769963023e+04 2.214133483522318788e-11
5.321181896179279283e+04 2.208368736576114510e-11
5.322594022588402731e+04 2.187272881388346681e-11
5.324006149011008529e+04 2.163654809556522952e-11
5.325418275420973077e+04 2.150905053353453838e-11
5.326830401830239134e+04 2.140226724206464663e-11
5.328242528238664090e+04 2.093821629464272468e-11
5.329654654649731674e+04 2.064841290329824953e-11
5.331066781068920682e+04 2.043948258323273672e-11
5.332478907481812348e+04 2.020354031784516836e-11
5.333891033889230312e+04 2.016417823559401755e-11
5.335303160301036405e+04 1.999166416672382093e-11
5.336715286718666903e+04 1.973883982677123546e-11
5.338127413131286448e+04 1.953242778076815915e-11
5.339539539540867554e+04 1.921705438339176276e-11
5.340951665950555616e+04 1.913264724055330104e-11
5.342363792359657236e+04 1.886298857655972394e-11
5.343775918779617496e+04 1.863418191772328647e-11
5.345188045190753473e+04 1.843945334939802503e-11
5.346600171598965244e+04 1.811399659973186041e-11
5.348012298010548693e+04 1.790326374733247776e-11
5.349424424418908893e+04 1.770682804782490806e-11
5.350836550841498683e+04 1.769738746287499204e-11
5.352248677250739274e+04 1.751289472218784361e-11
5.353660803659844532e+04 1.721656882237343230e-11
5.355072930068415008e+04 1.689664344146469218e-11
5.356485056491740397e+04 1.683240147145952409e-11
5.357897182900430198e+04 1.652684513561929343e-11
5.359309309310313984e+04 1.623108694757906925e-11
5.360721435719902365e+04 1.605587578992256002e-11
5.362133562130385690e+04 1.614161958114671188e-11
5.363545688549660554e+04 1.573706591986109579e-11
5.364957814959008101e+04 1.557632407005402655e-11
5.366369941370745801e+04 1.537649032471266645e-11
5.367782067781583464e+04 1.512911490561129595e-11
5.369194194188543042e+04 1.512463001922394476e-11
5.370606320610715920e+04 1.490884067269976632e-11
5.372018447019386804e+04 1.467573823153871331e-11
5.373430573430308868e+04 1.445553991996246116e-11
5.374842699839234410e+04 1.414849529285897548e-11
5.376254826248591417e+04 1.387395315546784042e-11
5.377666952671584295e+04 1.358559799689261227e-11
5.379079079079922667e+04 1.350289368968722441e-11
5.380491205488920968e+04 1.345278987065459406e-11
5.381903331900433841e+04 1.340714466523145017e-11
5.383315458321248298e+04 1.317339742550184066e-11
5.384727584730894887e+04 1.261521757496036182e-11
5.386139711140582949e+04 1.245662429894164134e-11
5.387551837550032360e+04 1.223490123388190252e-11
5.388963963961515401e+04 1.190211198167535803e-11
5.390376090381843824e+04 1.180360897738006099e-11
5.391788216788315185e+04 1.153998379522050523e-11
5.393200343199480994e+04 1.141343281906609647e-11
5.394612469609742402e+04 1.142252393278191803e-11
5.396024596018828015e+04 1.087145181766980403e-11
5.397436722441208258e+04 1.048748485912243015e-11
5.398848848851275397e+04 1.051229142285000718e-11
5.400260975259647967e+04 1.036246433055165371e-11
5.401673101669840980e+04 1.014005038134089113e-11
5.403085228089459997e+04 9.927319798858775539e-12
5.404497354500719666e+04 9.902596082623378504e-12
5.405909480911839637e+04 9.820386762544701348e-12
5.407321607321230113e+04 9.524880646657128555e-12
5.408733733728676452e+04 9.129610466435537316e-12
5.410145860149863438e+04 8.960875565172342623e-12
5.411557986559056008e+04 8.815264437900068124e-12
5.412970112970883929e+04 8.642547662394563984e-12
5.414382239380650572e+04 8.705656806160199870e-12
5.415794365789800213e+04 8.519300030197837244e-12
5.417206492209966382e+04 8.126164471554295490e-12
5.418618618618296023e+04 7.999936827051439952e-12
5.420030745030644175e+04 7.859168149016608738e-12
5.421442871438595466e+04 7.692079608568668492e-12
5.422854997849668871e+04 7.726508202577707372e-12
5.424267124269069609e+04 7.098602131119875647e-12
5.425679250680385303e+04 7.028186358005748488e-12
5.427091377091229515e+04 6.938968932600842341e-12
5.428503503499126964e+04 6.829250748741184826e-12
5.429915629918321793e+04 6.740337741251675892e-12
5.431327756330306875e+04 6.429901062104024949e-12
5.432739882741004112e+04 6.393155135829802198e-12
5.434152009148558864e+04 6.241158824467717518e-12
5.435564135560367868e+04 5.930966225753216976e-12
5.436976261980072013e+04 5.658769258450202590e-12
5.438388388390281762e+04 5.386084330073874259e-12
5.439800514799133089e+04 5.160252688718875559e-12
5.441212641208206333e+04 4.802913573474953421e-12
5.442624767619408522e+04 4.509999538509308278e-12
5.444036894040380866e+04 4.398932618788214507e-12
5.445449020449549425e+04 4.071726781412354409e-12
5.446861146858736902e+04 4.063720010837748230e-12
5.448273273270262143e+04 3.738364656112779196e-12
5.449685399690771737e+04 3.664873602736282742e-12
5.451097526100574760e+04 3.504679585301135556e-12
5.452509652509040461e+04 3.390689827367190444e-12
5.453921778920708311e+04 3.102054692218709940e-12
5.455333905329995468e+04 2.859894269678941685e-12
5.456746031749937538e+04 2.705242576316701257e-12
5.458158158159762388e+04 2.316535129553209376e-12
5.459570284568297211e+04 1.940990977178229439e-12
5.460982410981238354e+04 1.690547536959705145e-12
5.462394537389076868e+04 1.710130180038902174e-12
5.463806663811195176e+04 1.432644292768884122e-12
5.465218790220873780e+04 9.400050000541287240e-13
5.466630916630261345e+04 8.706543233567473536e-13
5.468043043039992335e+04 8.123620553261454397e-13
5.469455169459758326e+04 6.660990035354239465e-13
5.470867295870315866e+04 3.686494679589092772e-13
5.472279422281511506e+04 2.707033578321901040e-15
5.473691548691072967e+04 -1.328160129701471690e-13
5.475103675098769600e+04 -4.771715476178788313e-13
5.476515801520929381e+04 -1.013644289645645482e-12
5.477927927928902500e+04 -1.222151847749453655e-12
5.479340054340641655e+04 -1.291726825374215797e-12
5.480752180750019761e+04 -1.413221207507336543e-12
5.482164307160527096e+04 -1.729448886399758536e-12
5.483576433578932483e+04 -1.996326764994646658e-12
5.484988559991576767e+04 -2.046329355580240640e-12
5.486400686398401740e+04 -2.292902472641184491e-12
5.487812812808287708e+04 -2.489502501881032617e-12
5.489224939221172099e+04 -2.740185094305680442e-12
5.490637065640305082e+04 -2.882720142143635386e-12
5.492049192049461999e+04 -3.268696152376369332e-12
5.493461318461431074e+04 -3.544720553942298956e-12
5.494873444870473759e+04 -3.673563854939614193e-12
5.496285571288610663e+04 -4.008408643999961325e-12
5.497697697698265983e+04 -4.057281738229148449e-12
5.499109824110855698e+04 -4.412688355800781870e-12
5.500521950521081453e+04 -4.456354711578520377e-12
5.501934076930907759e+04 -4.697548069460778173e-12
5.503346203351668373e+04 -5.049566397756180300e-12
5.504758329758772015e+04 -5.197333557755004902e-12
5.506170456171558908e+04 -5.240934248237495405e-12
5.507582582578367146e+04 -5.537547450368033687e-12
5.508994708989350329e+04 -5.574921525795183819e-12
5.510406835409632185e+04 -5.876847156867596673e-12
5.511818961820253753e+04 -6.090817721228245017e-12
5.513231088229922170e+04 -6.210894838505193646e-12
5.514643214638429345e+04 -6.416481023544725886e-12
5.516055341059291095e+04 -6.619191255125822277e-12
5.517467467470262636e+04 -6.775933382517027764e-12
5.518879593881656911e+04 -7.286362376040510232e-12
5.520291720290579542e+04 -7.494061838107251471e-12
5.521703846701518341e+04 -7.347622369108503735e-12
5.523115973119842238e+04 -7.420488736410525683e-12
5.524528099528530583e+04 -7.737783110063594388e-12
5.525940225939628726e+04 -7.770699204559051931e-12
5.527352352350839647e+04 -7.874303589803684407e-12
5.528764478761739156e+04 -8.289559728548717832e-12
5.530176605180570914e+04 -8.265323507202996045e-12
5.531588731589050440e+04 -8.453203771293257592e-12
5.533000857999399159e+04 -8.869083264159514417e-12
5.534412984409911587e+04 -9.046403536489324966e-12
5.535825110831481288e+04 -9.202603492309921552e-12
5.537237237240609102e+04 -9.129521148788335414e-12
5.538649363650416490e+04 -9.293415065962663038e-12
5.540061490059943026e+04 -9.669939602527658432e-12
5.541473616471794958e+04 -9.905285352652001058e-12
5.542885742889555695e+04 -1.001362296696753624e-11
5.544297869301472383e+04 -1.007603243569069430e-11
5.545709995711313968e+04 -1.007880189948675434e-11
5.547122122120761924e+04 -1.054155129549114066e-11
5.548534248530479090e+04 -1.047126345648672242e-11
5.549946374949476012e+04 -1.094320752557215449e-11
5.551358501360610535e+04 -1.101335777380579976e-11
5.552770627768775739e+04 -1.108373525326397540e-11
5.554182754179015319e+04 -1.134948230354920576e-11
5.555594880588796514e+04 -1.122746925882034884e-11
5.557007007008342771e+04 -1.140303395016836436e-11
5.558419133418425918e+04 -1.184578666542564276e-11
5.559831259830668569e+04 -1.175758984919891728e-11
5.561243386240430118e+04 -1.181193966880342531e-11
5.562655512661496323e+04 -1.191831318485580424e-11
5.564067639071625308e+04 -1.205755318014506207e-11
5.565479765478845366e+04 -1.236026885928799583e-11
5.566891891889031103e+04 -1.270893346249401590e-11
5.568304018298284063e+04 -1.261555707966215063e-11
5.569716144719728618e+04 -1.259529940267561214e-11
5.571128271129101631e+04 -1.288438340606950279e-11
5.572540397538302932e+04 -1.313013490776788947e-11
5.573952523949237366e+04 -1.316759982240672058e-11
5.575364650358946528e+04 -1.327428315078516127e-11
5.576776776781375520e+04 -1.346759565301217618e-11
5.578188903190378915e+04 -1.335550725834329014e-11
5.579601029600932088e+04 -1.352767893198103537e-11
5.581013156010111561e+04 -1.370633015859638718e-11
5.582425282429822983e+04 -1.380113832457485556e-11
5.583837408841637080e+04 -1.390942319354167281e-11
5.585249535250438930e+04 -1.411712105726451434e-11
5.586661661661004473e+04 -1.431633890742285400e-11
5.588073788069759757e+04 -1.411688183846072724e-11
5.589485914489134302e+04 -1.423677920864652317e-11
5.590898040900055639e+04 -1.426507096124930501e-11
5.592310167311731493e+04 -1.431660343333839918e-11
5.593722293721647293e+04 -1.452701688334831856e-11
5.595134420130332728e+04 -1.451899452892068171e-11
5.596546546548738843e+04 -1.478144819159877763e-11
5.597958672959744581e+04 -1.454235858727798989e-11
5.599370799371073372e+04 -1.468110096483286568e-11
5.600782925778641220e+04 -1.474555578096746028e-11
5.602195052200136706e+04 -1.484306035310620029e-11
5.603607178608918912e+04 -1.469212154602733414e-11
5.605019305020164029e+04 -1.486412466098122869e-11
5.606431431428896030e+04 -1.501558186426518281e-11
5.607843557838845300e+04 -1.510693574268385589e-11
5.609255684259148256e+04 -1.499709675066438045e-11
5.610667810669289611e+04 -1.511044677145211921e-11
5.612079937078212242e+04 -1.511030132215716633e-11
5.613492063491008594e+04 -1.513992582718237762e-11
5.614904189900771598e+04 -1.540733595429615976e-11
5.616316316319655016e+04 -1.564907667836669931e-11
5.617728442731138784e+04 -1.554772489245927847e-11
5.619140569139141007e+04 -1.560397780686807281e-11
5.620552695551708166e+04 -1.591339747311131784e-11
5.621964821958711400e+04 -1.591875965050709859e-11
5.623376948381095281e+04 -1.601505054684399983e-11
5.624789074789202277e+04 -1.591122985239148958e-11
5.626201201201372896e+04 -1.590345204458064102e-11
5.627613327611083514e+04 -1.622892121471086372e-11
5.629025454028588138e+04 -1.624734718958734284e-11
5.630437580441861792e+04 -1.640083189210917677e-11
5.631849706849700306e+04 -1.623359024363509221e-11
5.633261833259875857e+04 -1.634226777242014961e-11
5.634673959668971656e+04 -1.661200109239341806e-11
5.636086086090018216e+04 -1.673516254721483704e-11
5.637498212499658257e+04 -1.675495777003280976e-11
5.638910338908950507e+04 -1.690238341721821405e-11
5.640322465320215997e+04 -1.698913672910973315e-11
5.641734591731135879e+04 -1.705243594260421134e-11
5.643146718151396635e+04 -1.719929657522076157e-11
5.644558844559214049e+04 -1.710936096062319693e-11
5.645970970968618349e+04 -1.706805176251282934e-11
5.647383097378938692e+04 -1.706726191423529529e-11
5.648795223800903477e+04 -1.712154913203703205e-11
5.650207350209222204e+04 -1.729824764858951729e-11
5.651619476621373178e+04 -1.737054740297878709e-11
5.653031603030738916e+04 -1.729759605705938338e-11
5.654443729441126925e+04 -1.742106705781621713e-11
5.655855855858892755e+04 -1.743613677689214033e-11
5.657267982271478832e+04 -1.755517024219967466e-11
5.658680108679395926e+04 -1.751928768802241226e-11
5.660092235088521556e+04 -1.756762267313840635e-11
5.661504361499804509e+04 -1.757527501095305892e-11
5.662916487918468920e+04 -1.768446480895825244e-11
5.664328614328560070e+04 -1.773370765340977362e-11
5.665740740740397450e+04 -1.789719479206140584e-11
