5.299999999999881402e+04 1.076825821204238270e-11
5.301412126408070617e+04 1.063589727457628076e-11
5.302824252820738184e+04 1.066164244718187320e-11
5.304236379241239774e+04 1.049252140392880156e-11
5.305648505650452717e+04 1.019049810207377164e-11
5.307060632059298223e+04 1.016227777047595952e-11
5.308472758470127883e+04 9.963878841577702228e-12
5.309884884882076585e+04 9.981730111434021658e-12
5.311297011302210012e+04 9.785011492219007815e-12
5.312709137710329378e+04 9.718080246946921464e-12
5.314121264120788692e+04 9.686536820076559023e-12
5.315533390532484191e+04 9.592089445369491662e-12
5.316945516951690661e+04 9.446257346154104385e-12
5.318357643359575013e+04 9.353524726324198439e-12
5.319769769769591221e+04 9.025810842204078368e-12
5.321181896181064076e+04 9.138546979216487682e-12
5.322594022591089015e+04 8.686834053181831782e-12
5.324006149010441732e+04 8.846740093013135736e-12
5.325418275420028658e+04 8.664524151241139165e-12
5.326830401832277857e+04 8.615180448795956130e-12
5.328242528239251988e+04 8.470092577443593495e-12
5.329654654649332952e+04 8.380568748723180272e-12
5.331066781069308490e+04 8.285449788950317699e-12
5.332478907481133501e+04 8.402661588212806910e-12
5.333891033891594998e+04 8.279838493672792027e-12
5.335303160298852890e+04 8.161736315012184081e-12
5.336715286717421986e+04 7.830090002063397808e-12
5.338127413131100184e+04 7.697756185376726654e-12
5.339539539540332044e+04 7.405565976121495773e-12
5.340951665949878952e+04 7.315969215956973094e-12
5.342363792358196952e+04 7.243814809240516162e-12
5.343775918780377833e+04 7.177284013401644823e-12
5.345188045191593119e+04 7.025048571879845068e-12
5.346600171598793531e+04 7.029310250578875984e-12
5.348012298007307254e+04 6.797511702963649148e-12
5.349424424422236189e+04 6.741001956948937499e-12
5.350836550842084398e+04 6.698717113866506315e-12
5.352248677251783374e+04 6.457869005597512278e-12
5.353660803660962119e+04 6.236249397647843938e-12
5.355072930069199356e+04 6.029517810721209373e-12
5.356485056488765258e+04 5.852678109453711685e-12
5.357897182897250605e+04 5.849686188364035092e-12
5.359309309307263902e+04 5.645849152314100099e-12
5.360721435718298744e+04 5.407163971305716092e-12
5.362133562129645725e+04 5.384134953780245318e-12
5.363545688551659987e+04 5.163796168236860323e-12
5.364957814960844553e+04 5.043672499285086421e-12
5.366369941371298773e+04 4.921260053034585186e-12
5.367782067779325735e+04 5.057009524425512367e-12
5.369194194190949202e+04 4.811894445598085418e-12
5.370606320609559043e+04 4.619184939065237498e-12
5.372018447018584993e+04 4.548190892791972320e-12
5.373430573431025550e+04 4.211263015514152542e-12
5.374842699840848945e+04 4.108239172383763230e-12
5.376254826249252073e+04 3.719524581714400832e-12
5.377666952670936007e+04 3.777912456738325356e-12
5.379079079078158247e+04 3.964103162214195214e-12
5.380491205489692948e+04 3.791853716006715043e-12
5.381903331898371835e+04 3.748629038694673979e-12
5.383315458317977755e+04 3.519367985770020237e-12
5.384727584729938826e+04 3.361866855497389331e-12
5.386139711138502753e+04 3.522447270647625874e-12
5.387551837548342155e+04 3.496899712909800956e-12
5.388963963961812260e+04 3.452394598053978267e-12
5.390376090379937523e+04 3.331393057735398227e-12
5.391788216787768033e+04 3.351768063447848873e-12
5.393200343199041527e+04 3.059865635128404393e-12
5.394612469611797133e+04 3.047216359278852405e-12
5.396024596018129523e+04 3.084721979812838652e-12
5.397436722438609286e+04 2.827813944202560993e-12
5.398848848852203810e+04 2.595413567850006879e-12
5.400260975261111162e+04 2.784833654579218603e-12
5.401673101671021141e+04 2.779353982277337664e-12
5.403085228091599129e+04 2.838771364493813054e-12
5.404497354501349764e+04 2.521905599714409420e-12
5.405909480907328543e+04 2.568386598654924535e-12
5.407321607321860211e+04 2.517132534965994848e-12
5.408733733729523374e+04 2.506461837238648949e-12
5.410145860150633962e+04 2.379581522203729991e-12
5.411557986561360303e+04 2.524446461951873482e-12
5.412970112967469322e+04 2.333340677464393004e-12
5.414382239378371014e+04 2.335381218449402836e-12
5.415794365789735457e+04 2.181970406846836938e-12
5.417206492212140438e+04 2.554634691737463990e-12
5.418618618621259520e+04 2.443152725403082228e-12
5.420030745030616526e+04 2.345351851285814453e-12
5.421442871439374721e+04 2.278512010857927438e-12
5.422854997851226653e+04 2.059847762060257249e-12
5.424267124269394844e+04 2.360733266036268653e-12
5.425679250677548407e+04 2.275012071265758559e-12
5.427091377092455514e+04 2.646835046727258320e-12
5.428503503501937666e+04 2.509105072901615637e-12
5.429915629921967047e+04 2.390762932471081030e-12
5.431327756331999990e+04 2.246274388249783880e-12
5.432739882738417509e+04 2.107387517743466144e-12
5.434152009151189122e+04 2.209515785831962478e-12
5.435564135559038550e+04 2.135006020603950588e-12
5.436976261980703566e+04 2.096922721454630661e-12
5.438388388387822488e+04 1.855065888568187580e-12
5.439800514797465439e+04 1.957197235556698893e-12
5.441212641208002606e+04 1.629458335373956252e-12
5.442624767619678460e+04 1.674994881734838411e-12
5.444036894039161416e+04 1.540008207822653302e-12
5.445449020451270189e+04 1.543106350962851348e-12
5.446861146861311863e+04 1.621419712297022285e-12
5.448273273267852346e+04 1.638107350378884323e-12
5.449685399689200858e+04 1.420199356397423718e-12
5.451097526101730182e+04 1.101724481497626328e-12
5.452509652509709849e+04 7.737542789512489798e-13
5.453921778918734344e+04 8.788856291419770676e-13
5.455333905332433642e+04 6.947870362263704798e-13
5.456746031748884707e+04 7.208029716289932519e-13
5.458158158161638130e+04 7.132461964044230291e-13
5.459570284570200602e+04 5.476668022171634215e-13
5.460982410979378619e+04 4.102416394930161703e-13
5.462394537391619815e+04 1.822544814496115892e-13
5.463806663811743783e+04 2.024212765485409885e-13
5.465218790221838572e+04 2.184879387523194392e-14
5.466630916629821877e+04 5.403138114560553690e-14
5.468043043039873737e+04 -3.363069444192223467e-13
5.469455169462037156e+04 -4.015168921516136323e-13
5.470867295868246583e+04 -2.262431964042980634e-13
5.472279422278999846e+04 -2.547588137566831274e-13
5.473691548690776835e+04 -3.094254532498535590e-13
5.475103675100048713e+04 -3.539082460805665826e-13
5.476515801520793320e+04 -4.597800717249271285e-13
5.477927927931484010e+04 -5.704665272679060917e-13
5.479340054338254413e+04 -8.397313432263006306e-13
5.480752180747614329e+04 -8.384151134698438043e-13
5.482164307161905163e+04 -8.818660899329951819e-13
5.483576433581460151e+04 -1.018079705501199064e-12
5.484988559988273482e+04 -1.010137682912239080e-12
5.486400686400342238e+04 -8.172588368785603989e-13
5.487812812810780451e+04 -8.407562320688283194e-13
5.489224939221519162e+04 -8.641855065962620323e-13
5.490637065639896900e+04 -1.001439790369571032e-12
5.492049192048741679e+04 -1.252121520424305233e-12
5.493461318460061739e+04 -1.085981766434296762e-12
5.494873444868364459e+04 -1.149071506643787177e-12
5.496285571291459200e+04 -1.384409538473251995e-12
5.497697697697572585e+04 -1.583744452976101149e-12
5.499109824112408387e+04 -1.536073844042250155e-12
5.500521950519649545e+04 -1.452557911407557781e-12
5.501934076931078016e+04 -1.465841055797719155e-12
5.503346203349358984e+04 -1.470695711396533927e-12
5.504758329760861670e+04 -1.631866120762164877e-12
5.506170456169031968e+04 -1.597367046092927691e-12
5.507582582578108122e+04 -1.593239010897677261e-12
5.508994708988172351e+04 -1.794689129710902842e-12
5.510406835408048210e+04 -1.570812303187661824e-12
5.511818961820279947e+04 -1.824983966409516119e-12
5.513231088231299509e+04 -1.888790320597521686e-12
5.514643214638231439e+04 -1.923481826517703195e-12
5.516055341059374769e+04 -2.019289497737693423e-12
5.517467467468527320e+04 -2.242882295734540931e-12
5.518879593881428445e+04 -2.268400988784724655e-12
5.520291720290998637e+04 -2.226751168830409030e-12
5.521703846701092698e+04 -2.318147546053759164e-12
5.523115973118010152e+04 -2.534770484141416079e-12
5.524528099529741303e+04 -2.616221244590977368e-12
5.525940225937650393e+04 -2.765272333772156408e-12
5.527352352352119487e+04 -2.950799151432269513e-12
5.528764478761143255e+04 -2.878638202053279689e-12
5.530176605179285980e+04 -2.807582577779712085e-12
5.531588731589377858e+04 -2.789924316468088348e-12
5.533000858000008884e+04 -2.959133733773154987e-12
5.534412984408711782e+04 -3.045904833448816047e-12
5.535825110831902566e+04 -2.958632642795696911e-12
5.537237237242236006e+04 -3.160908676537974076e-12
5.538649363648852159e+04 -3.187067780791299069e-12
5.540061490062282974e+04 -3.414072769729885499e-12
5.541473616470045090e+04 -3.439870103231436013e-12
5.542885742887965171e+04 -3.426522301940957436e-12
5.544297869298334990e+04 -3.406251593966518425e-12
5.545709995707643975e+04 -3.719171748376567166e-12
5.547122122119658161e+04 -3.881619131523461828e-12
5.548534248530442710e+04 -4.123191935883512006e-12
5.549946374947569711e+04 -4.164394545610633521e-12
5.551358501361781964e+04 -4.106565875801951585e-12
5.552770627772285661e+04 -4.248661729849011490e-12
5.554182754180579650e+04 -4.095609610098205091e-12
5.555594880592381378e+04 -4.335017947747636739e-12
5.557007007008026994e+04 -4.347023348631530353e-12
5.558419133420509024e+04 -4.581390757231233270e-12
5.559831259830432100e+04 -4.687435001276439457e-12
5.561243386241848202e+04 -4.735857631538980094e-12
5.562655512661980174e+04 -4.752382857645045176e-12
5.564067639071272424e+04 -4.936373304197621505e-12
5.565479765479651542e+04 -4.994482923632681769e-12
5.566891891892173589e+04 -5.077362293689251094e-12
5.568304018302424811e+04 -5.185544833794947471e-12
5.569716144718793657e+04 -5.287348662794352017e-12
5.571128271129696805e+04 -5.207222599076288850e-12
5.572540397537658282e+04 -5.210488542267310370e-12
5.573952523951047624e+04 -5.377786732388001180e-12
5.575364650359017105e+04 -5.340150258603373641e-12
5.576776776777539635e+04 -5.303398198848083921e-12
5.578188903189191478e+04 -5.408317104937769912e-12
5.579601029597522574e+04 -5.531720187268130821e-12
5.581013156010672537e+04 -5.593751555597429581e-12
5.582425282431248343e+04 -5.757433577650381678e-12
5.583837408837752446e+04 -5.713318328508971221e-12
5.585249535251673660e+04 -5.674871334295367805e-12
5.586661661658837693e+04 -5.678362037187491341e-12
5.588073788067644637e+04 -5.885993047781037710e-12
5.589485914488481649e+04 -5.968629954461417774e-12
5.590898040899640910e+04 -6.113881681023958516e-12
5.592310167312110570e+04 -5.985132858542374151e-12
5.593722293720788002e+04 -6.015630132916980334e-12
5.595134420128820057e+04 -5.656822052681825866e-12
5.596546546549297636e+04 -5.928118557787686917e-12
5.597958672961025877e+04 -6.150943170230766037e-12
5.599370799369377346e+04 -6.238203815008828291e-12
5.600782925778946083e+04 -6.306545388919081842e-12
5.602195052202387160e+04 -5.956802360053396823e-12
5.603607178612256394e+04 -5.925692384575784998e-12
5.605019305020293541e+04 -6.208210710511695568e-12
5.606431431427611096e+04 -6.278310336330573334e-12
5.607843557837728440e+04 -6.161902514834527916e-12
5.609255684258793190e+04 -6.112703232043178201e-12
5.610667810669052415e+04 -6.125693111206900721e-12
5.612079937079472438e+04 -6.194796712870892296e-12
5.613492063487436099e+04 -6.126089519583845441e-12
5.614904189900206984e+04 -5.974195835963721786e-12
5.616316316318500321e+04 -6.138191136093210510e-12
5.617728442729541712e+04 -5.897608967813020006e-12
5.619140569139784930e+04 -5.893397802317362089e-12
5.620552695551626675e+04 -5.910818988327823083e-12
5.621964821959942492e+04 -5.855769795507775644e-12
5.623376948382289993e+04 -5.720516027019280022e-12
5.624789074790148879e+04 -5.719588508389730061e-12
5.626201201198689523e+04 -5.692325618480990540e-12
5.627613327610441047e+04 -5.829112679177007556e-12
5.629025454030295077e+04 -5.772226152772947441e-12
5.630437580437240831e+04 -5.592951041593502490e-12
5.631849706850243092e+04 -5.623785455519762505e-12
5.633261833259475679e+04 -5.576652884363551365e-12
5.634673959671425109e+04 -5.446232219173764645e-12
5.636086086090192111e+04 -5.387157364583969604e-12
5.637498212500652153e+04 -5.419121734815772890e-12
5.638910338911525469e+04 -5.221294711595320232e-12
5.640322465318878676e+04 -5.115342834550567482e-12
5.641734591731535329e+04 -5.186282230348564848e-12
5.643146718150777451e+04 -5.258509376077878962e-12
5.644558844562315790e+04 -5.208405666407092241e-12
5.645970970971637871e+04 -4.989827626809844722e-12
5.647383097379675019e+04 -5.094819656774889212e-12
5.648795223797696963e+04 -4.984069314056596992e-12
5.650207350212425808e+04 -4.852143066759424911e-12
5.651619476622178627e+04 -4.848784756567950763e-12
5.653031603029590769e+04 -4.795965457083842701e-12
5.654443729440319294e+04 -4.903703096137355698e-12
5.655855855857919232e+04 -5.098529731293089054e-12
5.657267982267939078e+04 -4.967858905477076228e-12
5.658680108680247213e+04 -4.980381561563506664e-12
5.660092235091696057e+04 -4.862418125834829532e-12
5.661504361497848004e+04 -4.738278416675855496e-12
5.662916487919095380e+04 -4.759543609355172602e-12
5.664328614330263372e+04 -4.572093248910624153e-12
5.665740740738501336e+04 -4.539643951926442344e-12
