5.299999999999655847e+04 -1.642347398250632758e-11
5.301412126412247744e+04 -1.630560334370724270e-11
5.302824252822331619e+04 -1.614396748917340262e-11
5.304236379243125702e+04 -1.612311563477406584e-11
5.305648505653408938e+04 -1.594752442636189998e-11
5.307060632056280883e+04 -1.584641693701721298e-11
5.308472758465505467e+04 -1.590909385334908488e-11
5.309884884883651830e+04 -1.568181535896068002e-11
5.311297011302222381e+04 -1.575737725477036885e-11
5.312709137710376672e+04 -1.572361137053053622e-11
5.314121264123992296e+04 -1.562603004798201155e-11
5.315533390531779878e+04 -1.564045123372453076e-11
5.316945516951322497e+04 -1.568907461493026931e-11
5.318357643358498171e+04 -1.550724546638953167e-11
5.319769769765141245e+04 -1.529377946820927812e-11
5.321181896183885692e+04 -1.535675578069982824e-11
5.322594022594324633e+04 -1.544687269913262352e-11
5.324006149013082904e+04 -1.505245006797701263e-11
5.325418275418495614e+04 -1.513626186063745970e-11
5.326830401829051698e+04 -1.490908699844791809e-11
5.328242528237844817e+04 -1.507352021693385640e-11
5.329654654651327292e+04 -1.479809238169490722e-11
5.331066781072631420e+04 -1.481254112146059519e-11
5.332478907476958557e+04 -1.452055227085809832e-11
5.333891033888397942e+04 -1.473261265045988463e-11
5.335303160300393938e+04 -1.444894832129688565e-11
5.336715286723498139e+04 -1.447148422030402060e-11
5.338127413133048685e+04 -1.443927705155029980e-11
5.339539539538362442e+04 -1.416002709493737085e-11
5.340951665948767186e+04 -1.430141976322996440e-11
5.342363792362937238e+04 -1.418961635359820475e-11
5.343775918781921791e+04 -1.396726509143707892e-11
5.345188045190551202e+04 -1.396019031275217931e-11
5.346600171602857881e+04 -1.385313320652526292e-11
5.348012298013494001e+04 -1.369662695344861597e-11
5.349424424418507260e+04 -1.342316513730904655e-11
5.350836550838015683e+04 -1.335341463936388026e-11
5.352248677248298918e+04 -1.326300187323466390e-11
5.353660803655043128e+04 -1.324404461978775929e-11
5.355072930068759888e+04 -1.322157686835693886e-11
5.356485056489502313e+04 -1.327375388487689626e-11
5.357897182897670427e+04 -1.299437190836706637e-11
5.359309309313833364e+04 -1.279056982649354446e-11
5.360721435722085880e+04 -1.281449475608692059e-11
5.362133562128012272e+04 -1.279951575635320628e-11
5.363545688550377963e+04 -1.282032351148970193e-11
5.364957814961318945e+04 -1.271790351863631838e-11
5.366369941369006847e+04 -1.271756380681611845e-11
5.367782067784303945e+04 -1.249507855814045695e-11
5.369194194188430265e+04 -1.224239050885434139e-11
5.370606320613364369e+04 -1.219233295036186536e-11
5.372018447018633015e+04 -1.184905261695848752e-11
5.373430573430888035e+04 -1.180293731452596510e-11
5.374842699839152192e+04 -1.170045353485710898e-11
5.376254826246789162e+04 -1.150682421022714441e-11
5.377666952667744772e+04 -1.151140429168925707e-11
5.379079079077591450e+04 -1.143918718495143981e-11
5.380491205486656690e+04 -1.147094284394765680e-11
5.381903331898062606e+04 -1.124204860216171995e-11
5.383315458315560682e+04 -1.094407366674562438e-11
5.384727584731725801e+04 -1.091290243520751566e-11
5.386139711140387953e+04 -1.077373413971798741e-11
5.387551837549725315e+04 -1.059234461572382811e-11
5.388963963958790555e+04 -1.047258461316057564e-11
5.390376090377160290e+04 -1.029708245832523862e-11
5.391788216786898556e+04 -1.036271994649664945e-11
5.393200343195835012e+04 -1.010060401777258038e-11
5.394612469613865687e+04 -9.813908874318422451e-12
5.396024596023451886e+04 -9.605599347577616736e-12
5.397436722435627598e+04 -9.500435324587351161e-12
5.398848848847746558e+04 -9.471524335247868804e-12
5.400260975255199446e+04 -9.382319243356883746e-12
5.401673101665066497e+04 -9.140361743929242968e-12
5.403085228087366704e+04 -8.928687334414639411e-12
5.404497354496179469e+04 -9.105854957871634532e-12
5.405909480906304088e+04 -8.728082502537794899e-12
5.407321607316675363e+04 -8.527922810287418973e-12
5.408733733727355866e+04 -8.425607817714729982e-12
5.410145860150779481e+04 -8.237245608142472064e-12
5.411557986561034340e+04 -8.332295402140107408e-12
5.412970112968236208e+04 -8.192452043771022890e-12
5.414382239381976251e+04 -8.026862496868153865e-12
5.415794365788447612e+04 -7.880080312946341753e-12
5.417206492205816903e+04 -7.638164882035071172e-12
5.418618618622221402e+04 -7.533842229372204701e-12
5.420030745030174876e+04 -7.418710447650570233e-12
5.421442871441449824e+04 -7.463215175744990668e-12
5.422854997852935776e+04 -7.199490040764654962e-12
5.424267124269201304e+04 -6.778515869777375605e-12
5.425679250682598649e+04 -6.613470819444108698e-12
5.427091377085565182e+04 -6.621820906912866181e-12
5.428503503496265330e+04 -6.329732442851890192e-12
5.429915629916017497e+04 -6.369655379381907201e-12
5.431327756331464479e+04 -6.144546662780911624e-12
5.432739882740755274e+04 -6.004555722584073587e-12
5.434152009150754020e+04 -5.754264125144100394e-12
5.435564135563932359e+04 -5.854207633364102392e-12
5.436976261979074479e+04 -5.930469303031458893e-12
5.438388388386728911e+04 -5.818649476417701692e-12
5.439800514797095821e+04 -5.513815705483562406e-12
5.441212641206469561e+04 -5.423921442369116884e-12
5.442624767620523198e+04 -5.446177055610680910e-12
5.444036894043612847e+04 -5.276561756903477419e-12
5.445449020453408593e+04 -4.999829925914728541e-12
5.446861146856987034e+04 -5.100785472670818461e-12
5.448273273272218648e+04 -4.928741999719965640e-12
5.449685399689447513e+04 -4.842068885281720862e-12
5.451097526103505515e+04 -4.563844134992524388e-12
5.452509652508703584e+04 -4.487868821953873133e-12
5.453921778920680663e+04 -4.388545311319641979e-12
5.455333905332869472e+04 -4.083492818302424821e-12
5.456746031747629604e+04 -3.776576997828428278e-12
5.458158158155846468e+04 -3.692807637081088498e-12
5.459570284568639909e+04 -3.507892908223306975e-12
5.460982410980208078e+04 -3.415413654485085131e-12
5.462394537388320896e+04 -3.275454436685754061e-12
5.463806663810965983e+04 -3.303005723693293774e-12
5.465218790220327355e+04 -3.194610376918191926e-12
5.466630916631442233e+04 -3.246883757702273430e-12
5.468043043036085146e+04 -2.954465500414388264e-12
5.469455169459731405e+04 -2.869831853968942995e-12
5.470867295872561954e+04 -2.659923638100963597e-12
5.472279422281542793e+04 -2.677848588299625903e-12
5.473691548688646435e+04 -2.445888945403683272e-12
5.475103675099240354e+04 -2.426745034291665992e-12
5.476515801517688669e+04 -2.462480357835461915e-12
5.477927927927181736e+04 -2.272060125660542479e-12
5.479340054341483483e+04 -2.135080590093857619e-12
5.480752180752896675e+04 -1.911092760039801348e-12
5.482164307163750345e+04 -1.703521911983794353e-12
5.483576433576091949e+04 -1.629732024168519019e-12
5.484988559987866756e+04 -1.553950893245063557e-12
5.486400686397741811e+04 -1.213562556579335814e-12
5.487812812808387389e+04 -1.083008559362595848e-12
5.489224939222536341e+04 -9.572691841372421731e-13
5.490637065642933158e+04 -4.251930874781621025e-13
5.492049192053269508e+04 -4.265375698997107513e-13
5.493461318461969495e+04 -3.320277407006053462e-13
5.494873444872369873e+04 -2.337577385830300015e-13
5.496285571291035740e+04 7.779314314174887426e-14
5.497697697702596633e+04 3.839443846917950758e-14
5.499109824113814102e+04 2.380310959337123096e-13
5.500521950519763777e+04 3.940892167048806461e-13
5.501934076925005502e+04 7.363244638453891603e-13
5.503346203351957956e+04 8.815234350657642997e-13
5.504758329760661582e+04 1.096441224586356603e-12
5.506170456165340147e+04 1.293049974933624223e-12
5.507582582578194706e+04 1.579139485661261288e-12
5.508994708987153717e+04 1.791926145706231676e-12
5.510406835405771562e+04 1.850045682183910246e-12
5.511818961820354161e+04 2.134892290566111863e-12
5.513231088227238797e+04 2.227763841769995164e-12
5.514643214642707608e+04 2.266884483809972627e-12
5.516055341055579629e+04 2.236460053942545528e-12
5.517467467468557879e+04 2.421465076201316428e-12
5.518879593881415349e+04 2.663802303842776319e-12
5.520291720290027297e+04 3.079463529030936652e-12
5.521703846700524446e+04 3.410394658004412954e-12
5.523115973122497962e+04 3.686031339485708615e-12
5.524528099534266221e+04 3.680534044659570287e-12
5.525940225939001539e+04 3.798584457962045869e-12
5.527352352348223940e+04 3.876129046368458422e-12
5.528764478756564495e+04 4.143562709178061358e-12
5.530176605183435458e+04 4.040215755377589106e-12
5.531588731593060220e+04 4.187704553566234336e-12
5.533000857996089326e+04 4.389815045005597703e-12
5.534412984414045059e+04 4.521202204058738803e-12
5.535825110831536585e+04 4.685857009049094048e-12
5.537237237239017850e+04 4.789475869113908723e-12
5.538649363650974556e+04 5.181490825877087350e-12
5.540061490063575911e+04 5.403609856147032121e-12
5.541473616472945287e+04 5.515266539002184030e-12
5.542885742888369714e+04 5.628046759062826846e-12
5.544297869302716572e+04 5.773814168284884374e-12
5.545709995713478565e+04 5.886345397451890747e-12
5.547122122116489481e+04 5.964519303501561469e-12
5.548534248530467448e+04 6.148659014000852589e-12
5.549946374953355553e+04 6.385570771112414967e-12
5.551358501355200860e+04 6.569877045574894506e-12
5.552770627771330328e+04 6.852596628726973496e-12
5.554182754182314238e+04 7.214406390736490042e-12
5.555594880590298271e+04 7.165140053821717743e-12
5.557007007005377091e+04 7.473906889015994092e-12
5.558419133424317988e+04 7.684231685802173048e-12
5.559831259833787772e+04 7.790590129737913136e-12
5.561243386241058033e+04 7.729297669468652598e-12
5.562655512657007057e+04 7.981994354771339823e-12
5.564067639073901228e+04 8.259897263809283939e-12
5.565479765481815411e+04 8.440191980316447049e-12
5.566891891888994724e+04 8.545490502851937864e-12
5.568304018301269389e+04 8.782036298073126680e-12
5.569716144719500880e+04 8.967200017824546665e-12
5.571128271134039824e+04 9.162370914165150506e-12
5.572540397540423146e+04 9.481927810777645293e-12
5.573952523950007162e+04 9.786796980829218649e-12
5.575364650360438827e+04 9.716821305164823791e-12
5.576776776781252556e+04 1.009654370463650347e-11
5.578188903191420104e+04 9.931979193047136791e-12
5.579601029600507900e+04 1.014783753882803473e-11
5.581013156013257685e+04 1.050730822292328772e-11
5.582425282434221299e+04 1.069739703727412107e-11
5.583837408841184515e+04 1.084445625776715030e-11
5.585249535252364876e+04 1.106910008306021127e-11
5.586661661661585822e+04 1.134337312897429361e-11
5.588073788071872696e+04 1.159787260411264227e-11
5.589485914485483954e+04 1.180594074991500730e-11
5.590898040897004830e+04 1.199129736920490239e-11
5.592310167305306823e+04 1.208590467423462115e-11
5.593722293724100018e+04 1.225999479760789716e-11
5.595134420133922686e+04 1.210287436129327294e-11
5.596546546547844628e+04 1.234159848481332886e-11
5.597958672962192213e+04 1.257474459667908837e-11
5.599370799371317844e+04 1.279680890367570635e-11
5.600782925781476661e+04 1.307810875990541229e-11
5.602195052200119972e+04 1.320221122521737689e-11
5.603607178605952504e+04 1.344542094704794185e-11
5.605019305015579448e+04 1.347905387083461310e-11
5.606431431433354010e+04 1.385022439076714212e-11
5.607843557839881396e+04 1.394375980368057228e-11
5.609255684257071698e+04 1.411573589860114009e-11
5.610667810672437918e+04 1.409102799867361795e-11
5.612079937079968659e+04 1.445652850344857125e-11
5.613492063486449479e+04 1.464758660377820747e-11
5.614904189895659511e+04 1.480763986552269166e-11
5.616316316315531731e+04 1.502444594999351781e-11
5.617728442728766095e+04 1.514869856228667327e-11
5.619140569141181186e+04 1.562534442933163010e-11
5.620552695553599915e+04 1.579565864684535548e-11
5.621964821963541181e+04 1.603552169849152638e-11
5.623376948381628608e+04 1.607452263337110168e-11
5.624789074793816690e+04 1.611175805864496968e-11
5.626201201198040508e+04 1.655174822509286457e-11
5.627613327613827278e+04 1.654861805385856724e-11
5.629025454027195519e+04 1.682256002396902294e-11
5.630437580441983300e+04 1.690586184274987853e-11
5.631849706852968666e+04 1.692839038831715766e-11
5.633261833256208047e+04 1.728058834938727509e-11
5.634673959669439500e+04 1.743676309913472292e-11
5.636086086091746256e+04 1.783649985178477515e-11
5.637498212502263050e+04 1.798138792640856054e-11
5.638910338912201405e+04 1.810826793986231955e-11
5.640322465322437347e+04 1.812374949590693979e-11
5.641734591726310464e+04 1.825573108651659214e-11
5.643146718148664513e+04 1.838771199308533044e-11
5.644558844559887075e+04 1.856488850907423878e-11
5.645970970969669725e+04 1.874775043114135016e-11
5.647383097382051346e+04 1.905167596674849247e-11
5.648795223799685482e+04 1.914077913654290585e-11
5.650207350211891026e+04 1.923499243400467199e-11
5.651619476621251670e+04 1.961791306678184805e-11
5.653031603028929385e+04 1.962943265783760235e-11
5.654443729437387810e+04 1.981796117485770471e-11
5.655855855859691655e+04 2.010448983985379211e-11
5.657267982271732762e+04 2.042978105147002154e-11
5.658680108681548882e+04 2.049786501197960013e-11
5.660092235085020366e+04 2.075873290805135603e-11
5.661504361499075458e+04 2.089863671853644384e-11
5.662916487917513587e+04 2.091077331449895996e-11
5.664328614332873985e+04 2.116520404352519391e-11
5.665740740736394946e+04 2.132641504452100027e-11
