5.299999999999970896e+04 -1.746292285754464661e-12
5.301412126411360805e+04 -1.589867713303939647e-12
5.302824252821828850e+04 -1.404859253700160335e-12
5.304236379241640680e+04 -1.186602701480721713e-12
5.305648505650164589e+04 -1.186699979322100861e-12
5.307060632061595243e+04 -1.262296298301736677e-12
5.308472758467351377e+04 -1.066946287024192313e-12
5.309884884879458696e+04 -8.531623624775035776e-13
5.311297011299698352e+04 -7.598389394481498022e-13
5.312709137709375500e+04 -7.797522644187984855e-13
5.314121264121211425e+04 -6.838237022105251003e-13
5.315533390529576718e+04 -3.476722501799172946e-13
5.316945516947870055e+04 -1.112072936855059162e-13
5.318357643358600035e+04 -2.663842899728131655e-14
5.319769769767285470e+04 -9.363964699287013268e-15
5.321181896182787023e+04 3.575414237467591108e-15
5.322594022592864349e+04 1.632244856902724815e-13
5.324006149012696551e+04 1.063283287885230308e-13
5.325418275418676058e+04 2.280394894864300272e-13
5.326830401829329639e+04 3.904196663945022084e-13
5.328242528240952379e+04 5.701690409511270985e-13
5.329654654647429561e+04 5.775916282511694755e-13
5.331066781068698037e+04 5.384723467580501398e-13
5.332478907481401257e+04 6.887304016272785960e-13
5.333891033888719539e+04 8.442897213722675240e-13
5.335303160301390017e+04 7.547431336026483404e-13
5.336715286718808784e+04 6.571368851389125884e-13
5.338127413127620821e+04 8.395276089361374595e-13
5.339539539538128156e+04 9.793728803693377415e-13
5.340951665947284346e+04 1.006193099846537346e-12
5.342363792360349908e+04 7.845522350282670011e-13
5.343775918777735933e+04 1.028656703655551945e-12
5.345188045192330173e+04 1.173479726131584498e-12
5.346600171600537578e+04 1.225190602200700990e-12
5.348012298012772226e+04 1.275836874494976305e-12
5.349424424418588751e+04 1.301325794005591201e-12
5.350836550841978897e+04 1.432046073972456188e-12
5.352248677251840854e+04 1.534778856288446122e-12
5.353660803658929945e+04 1.598326927347353753e-12
5.355072930067023844e+04 1.626395289475742020e-12
5.356485056487311522e+04 1.613983990249331903e-12
5.357897182901424821e+04 1.758550885957030399e-12
5.359309309308740194e+04 1.670673623973033925e-12
5.360721435719947476e+04 1.489347224336274319e-12
5.362133562130010978e+04 1.641835147930513082e-12
5.363545688547974714e+04 1.722268124538896507e-12
5.364957814956897346e+04 1.988422088084473094e-12
5.366369941371109599e+04 1.847539391393769840e-12
5.367782067778336932e+04 1.818882049543963971e-12
5.369194194187610265e+04 1.727973823647973838e-12
5.370606320610612602e+04 1.594673374065958032e-12
5.372018447020658641e+04 1.706005081361445327e-12
5.373430573428898060e+04 1.685754066109009494e-12
5.374842699841786816e+04 1.837587803909368253e-12
5.376254826250945189e+04 1.908013717541169634e-12
5.377666952670248429e+04 2.236964596086207879e-12
5.379079079079604708e+04 2.017258159443360820e-12
5.380491205489712593e+04 2.220432899416382193e-12
5.381903331898341276e+04 2.244866498349435713e-12
5.383315458320000471e+04 2.405698226766591543e-12
5.384727584727983776e+04 2.191349425257688590e-12
5.386139711142755550e+04 2.149357609357966436e-12
5.387551837549466291e+04 2.191206486388723138e-12
5.388963963957133819e+04 2.113209510223271152e-12
5.390376090378732624e+04 2.157739329890256710e-12
5.391788216787867714e+04 2.286295730124826180e-12
5.393200343199845520e+04 2.423257114807761879e-12
5.394612469612889254e+04 2.541147456904603471e-12
5.396024596019680030e+04 2.589995864684649939e-12
5.397436722439591540e+04 2.466966881433077481e-12
5.398848848849866044e+04 2.416377706394363149e-12
5.400260975259140105e+04 2.709671264957304018e-12
5.401673101670194592e+04 2.668576899358503818e-12
5.403085228089593875e+04 2.584424827859011217e-12
5.404497354501180962e+04 2.469601296237154830e-12
5.405909480908352270e+04 2.471646507628314008e-12
5.407321607322942873e+04 2.449826743881270303e-12
5.408733733730339009e+04 2.409709239066150776e-12
5.410145860149317741e+04 2.305109303793581616e-12
5.411557986562935548e+04 2.289339052992234862e-12
5.412970112972816423e+04 2.466086879069212292e-12
5.414382239380454121e+04 2.372980660487065502e-12
5.415794365789261064e+04 2.386557168740769810e-12
5.417206492212320154e+04 2.393456485697733160e-12
5.418618618620397319e+04 2.370562555364192568e-12
5.420030745028708770e+04 2.225852497096027849e-12
5.421442871440071758e+04 2.507020186787487766e-12
5.422854997850929067e+04 2.360760393802277325e-12
5.424267124267521285e+04 2.469247192591502049e-12
5.425679250682451675e+04 2.399334874645372993e-12
5.427091377088459558e+04 2.295856528557455304e-12
5.428503503501923115e+04 2.111251538517396201e-12
5.429915629922901280e+04 2.184107412921609062e-12
5.431327756328717078e+04 2.328968239261264740e-12
5.432739882741643669e+04 2.355291807683971902e-12
5.434152009147575882e+04 2.264250485345048747e-12
5.435564135558129055e+04 2.230030159563630028e-12
5.436976261982293363e+04 2.159170731803417147e-12
5.438388388388862222e+04 2.316850423283809863e-12
5.439800514796963398e+04 2.299205190323358376e-12
5.441212641210539732e+04 2.032700478504640142e-12
5.442624767619628983e+04 1.900783337163128083e-12
5.444036894037499587e+04 1.883270753262608283e-12
5.445449020450654643e+04 2.190639652125877442e-12
5.446861146857220592e+04 2.068660900470224215e-12
5.448273273268484627e+04 2.100105214727604344e-12
5.449685399688475445e+04 2.078137590898579477e-12
5.451097526102911070e+04 2.061675014902478744e-12
5.452509652508591535e+04 1.956464401832921208e-12
5.453921778917210759e+04 1.966560941409794968e-12
5.455333905326988315e+04 1.841360808452153107e-12
5.456746031750805560e+04 1.807458348293269227e-12
5.458158158159942832e+04 1.778607960678334697e-12
5.459570284567483031e+04 1.728968579751712612e-12
5.460982410980558052e+04 1.633093284082050269e-12
5.462394537388718163e+04 1.457263040541060788e-12
5.463806663810741884e+04 1.546179741006066450e-12
5.465218790218690265e+04 1.645461410848819811e-12
5.466630916632961453e+04 1.384809139763656426e-12
5.468043043042404315e+04 1.253096899836811775e-12
5.469455169459112221e+04 1.451185789849273710e-12
5.470867295870287489e+04 1.408002593016672622e-12
5.472279422282115411e+04 1.416202676050371444e-12
5.473691548687075556e+04 1.313220701402570085e-12
5.475103675097628002e+04 1.358137507365815635e-12
5.476515801519660454e+04 1.333466124367487698e-12
5.477927927929448924e+04 1.391216111727517090e-12
5.479340054341516225e+04 1.305582978801702382e-12
5.480752180752778804e+04 1.337571087097353021e-12
5.482164307160652243e+04 1.389261495394153071e-12
5.483576433581719175e+04 1.424411483052598648e-12
5.484988559990910289e+04 1.451687977268408826e-12
5.486400686397233949e+04 1.363126051523558051e-12
5.487812812811550248e+04 1.325328451262491965e-12
5.489224939220647502e+04 1.379275012035637752e-12
5.490637065640308720e+04 1.414458777110693417e-12
5.492049192048042460e+04 6.844601308783749418e-13
5.493461318462871714e+04 5.804744524668056570e-13
5.494873444870608364e+04 8.714429615711764034e-13
5.496285571289838845e+04 1.047497791378897142e-12
5.497697697699465061e+04 9.786925226698725905e-13
5.499109824109147303e+04 9.350836409113855098e-13
5.500521950520578685e+04 9.235977534234882431e-13
5.501934076930915035e+04 9.393136471901579824e-13
5.503346203349145799e+04 1.112620650602931999e-12
5.504758329757761385e+04 9.526402920375485582e-13
5.506170456168673991e+04 9.397646092556262472e-13
5.507582582582782197e+04 1.014053004030503593e-12
5.508994708992238884e+04 7.295834040967927790e-13
5.510406835412702640e+04 7.143808823242945957e-13
5.511818961820197728e+04 6.980939041562654552e-13
5.513231088231845933e+04 7.299974570646408950e-13
5.514643214640473161e+04 3.793813855995624263e-13
5.516055341060458886e+04 3.462909255883224773e-13
5.517467467472660792e+04 4.992276861787726018e-13
5.518879593881947949e+04 3.615614495770421209e-13
5.520291720291109959e+04 5.374610374832573748e-13
5.521703846697114932e+04 3.444922222309660488e-13
5.523115973117521207e+04 2.945293833942909561e-13
5.524528099529931933e+04 1.992023555929135975e-13
5.525940225937023206e+04 4.723846402206796071e-15
5.527352352352931484e+04 -1.869949807440146863e-13
5.528764478758096811e+04 -1.511537863483185712e-13
5.530176605180211482e+04 -3.258302291285513988e-13
5.531588731591639953e+04 -8.374412891233800195e-14
5.533000858000191511e+04 -3.564059492886035470e-13
5.534412984408888587e+04 -1.505630170948950671e-13
5.535825110828670586e+04 -4.574937043082373563e-13
5.537237237237800582e+04 -3.199842754485174419e-13
5.538649363650473242e+04 -3.621031481206531636e-13
5.540061490057287301e+04 -4.266775157849022672e-13
5.541473616470889829e+04 -5.565447482137398028e-13
5.542885742892503913e+04 -6.664352111700345337e-13
5.544297869302917388e+04 -8.359698811145262065e-13
5.545709995712451928e+04 -7.800105442178269157e-13
5.547122122120390122e+04 -7.730358432251178836e-13
5.548534248532147467e+04 -1.077679061152012431e-12
5.549946374952179758e+04 -1.097031955029023800e-12
5.551358501361185336e+04 -9.541405086617804833e-13
5.552770627772602165e+04 -1.067223944099471313e-12
5.554182754177552124e+04 -1.243947835185870480e-12
5.555594880591971742e+04 -1.199454700925004202e-12
5.557007007012936810e+04 -1.328274386055931131e-12
5.558419133422796585e+04 -1.450772549376275470e-12
5.559831259827580652e+04 -1.666112080541904160e-12
5.561243386241232656e+04 -1.700371552335950416e-12
5.562655512658906810e+04 -1.718425469668232467e-12
5.564067639070055884e+04 -1.729996807309407807e-12
5.565479765482178482e+04 -1.750994057408273297e-12
5.566891891887002566e+04 -1.523253516825267853e-12
5.568304018300710595e+04 -1.802827404574038597e-12
5.569716144718146097e+04 -1.906314474630484467e-12
5.571128271130646317e+04 -1.884673887775524359e-12
5.572540397538331308e+04 -2.033670546272145852e-12
5.573952523951637704e+04 -2.202811519175355668e-12
5.575364650358205108e+04 -2.310831921185561679e-12
5.576776776778775093e+04 -2.253749429263705533e-12
5.578188903187846154e+04 -2.267969497965004621e-12
5.579601029598557943e+04 -2.427668005239470599e-12
5.581013156012438412e+04 -2.280568698052026717e-12
5.582425282427900675e+04 -2.305632212251131531e-12
5.583837408839955606e+04 -2.169321546143814822e-12
5.585249535249990731e+04 -2.038751698711189743e-12
5.586661661657488730e+04 -2.062296347620349326e-12
5.588073788072026946e+04 -2.283708879339250883e-12
5.589485914491763833e+04 -2.429877406192164464e-12
5.590898040901304194e+04 -2.486476277089445700e-12
5.592310167310034740e+04 -2.568784906931436166e-12
5.593722293719382287e+04 -2.483577906314508787e-12
5.595134420132658852e+04 -2.625852858905744941e-12
5.596546546549181949e+04 -2.781768742902894808e-12
5.597958672961736738e+04 -2.750002312884466033e-12
5.599370799368697772e+04 -2.777698452355642446e-12
5.600782925777763739e+04 -2.793474519136007987e-12
5.602195052198391932e+04 -2.792458959722701314e-12
5.603607178608483810e+04 -2.930984619070230108e-12
5.605019305017402803e+04 -2.774243760818394172e-12
5.606431431432667887e+04 -2.610748537702066654e-12
5.607843557842100563e+04 -2.687189292096951621e-12
5.609255684261715942e+04 -2.815567186513940004e-12
5.610667810669613391e+04 -2.661976128283859490e-12
5.612079937079338561e+04 -2.724579773826692324e-12
5.613492063492228772e+04 -2.729695151065347235e-12
5.614904189899050107e+04 -2.728062426801531293e-12
5.616316316321803606e+04 -2.846960722800655021e-12
5.617728442731033283e+04 -2.703363082365612056e-12
5.619140569139732543e+04 -2.773371363965553923e-12
5.620552695549626515e+04 -2.782765512230140505e-12
5.621964821957386448e+04 -2.940750766300527774e-12
5.623376948377304507e+04 -2.848588078468453310e-12
5.624789074789189908e+04 -2.932006665537057673e-12
5.626201201202315133e+04 -2.834725692476818502e-12
5.627613327608344844e+04 -3.115225215655603067e-12
5.629025454029626417e+04 -3.139415661927365123e-12
5.630437580441031605e+04 -3.185595430103722819e-12
5.631849706847342168e+04 -3.105016830328365317e-12
5.633261833257006947e+04 -3.068072389451077168e-12
5.634673959671502962e+04 -2.960296929634168775e-12
5.636086086087300646e+04 -3.085164657021728224e-12
5.637498212501493254e+04 -3.027063026622553907e-12
5.638910338906927791e+04 -2.940574497397953974e-12
5.640322465318706236e+04 -2.967911388318960925e-12
5.641734591730902321e+04 -2.721911134223003148e-12
5.643146718148397485e+04 -2.846491641723627482e-12
5.644558844562721060e+04 -3.070617103963362435e-12
5.645970970973034127e+04 -3.063293444229517303e-12
5.647383097381110565e+04 -3.023725102048685735e-12
5.648795223800008534e+04 -3.191602441664281300e-12
5.650207350210083678e+04 -2.895417446762926353e-12
5.651619476618809131e+04 -2.955644146419019703e-12
5.653031603030177212e+04 -2.923674157134927732e-12
5.654443729442588665e+04 -2.874678560347402207e-12
5.655855855861365853e+04 -3.058374468128501379e-12
5.657267982269646745e+04 -2.790860460258496797e-12
5.658680108681874117e+04 -2.921784411336775061e-12
5.660092235091108159e+04 -2.851729154521680553e-12
5.661504361502979737e+04 -2.868548965844444432e-12
5.662916487920890359e+04 -2.772352225488235347e-12
5.664328614329965785e+04 -2.856702263965872520e-12
5.665740740739170724e+04 -2.759043923343904613e-12
