5.299999999999921420e+04 -2.420925245504254740e-12
5.301412126412525686e+04 -2.534926311672065591e-12
5.302824252823050483e+04 -2.319993149034266527e-12
5.304236379240661336e+04 -2.377147597078460329e-12
5.305648505650567677e+04 -2.415745697259242076e-12
5.307060632063271623e+04 -2.422184707876973161e-12
5.308472758471943234e+04 -2.304266588719806943e-12
5.309884884879045421e+04 -2.510664218071499386e-12
5.311297011301316525e+04 -2.724487206995736077e-12
5.312709137708128401e+04 -2.643561699875446177e-12
5.314121264117435203e+04 -2.614260910040037491e-12
5.315533390530371253e+04 -2.536695036657574958e-12
5.316945516949742887e+04 -2.616657595747246475e-12
5.318357643356743938e+04 -2.639978833637076193e-12
5.319769769768988044e+04 -2.706882322235673063e-12
5.321181896182811761e+04 -2.722384202887172509e-12
5.322594022587320796e+04 -2.893710867148042053e-12
5.324006149012315291e+04 -2.814043406028743060e-12
5.325418275422099396e+04 -2.785770778904800792e-12
5.326830401829527545e+04 -2.692072616289305250e-12
5.328242528241293621e+04 -2.738603876097659261e-12
5.329654654652468889e+04 -2.770218032033867285e-12
5.331066781072873709e+04 -2.890355174618500360e-12
5.332478907480234921e+04 -2.916242508590433766e-12
5.333891033887895173e+04 -2.957250534475008227e-12
5.335303160300746822e+04 -2.765234250994158764e-12
5.336715286720298900e+04 -2.704753577110494994e-12
5.338127413129916386e+04 -2.872799062310969743e-12
5.339539539539322141e+04 -2.931199147708193306e-12
5.340951665949877497e+04 -2.747217879456543053e-12
5.342363792361664673e+04 -2.812839736385815390e-12
5.343775918782191002e+04 -2.765919651747550100e-12
5.345188045188858086e+04 -2.499973567434461061e-12
5.346600171598947782e+04 -2.409527763793773136e-12
5.348012298006679339e+04 -2.428082233425111573e-12
5.349424424421569711e+04 -2.531080785454953259e-12
5.350836550841824646e+04 -2.676807208134932554e-12
5.352248677247636806e+04 -2.595977952710738762e-12
5.353660803663231491e+04 -2.580214104871016123e-12
5.355072930072078452e+04 -2.579147515378766397e-12
5.356485056492791773e+04 -2.510393875815669539e-12
5.357897182902522763e+04 -2.434777607325535011e-12
5.359309309307015064e+04 -2.411372495596880726e-12
5.360721435722385650e+04 -2.447353017662330189e-12
5.362133562129619531e+04 -2.648093535171297048e-12
5.363545688551983767e+04 -2.595263116057965711e-12
5.364957814963103010e+04 -2.586104733304654605e-12
5.366369941368291620e+04 -2.717648964294965010e-12
5.367782067776845361e+04 -2.659690047900193915e-12
5.369194194188272377e+04 -2.439611499287637549e-12
5.370606320611206320e+04 -2.700971741435089363e-12
5.372018447022803593e+04 -2.811326312404203144e-12
5.373430573431073572e+04 -2.771409262238144204e-12
5.374842699842434376e+04 -2.553436796803124893e-12
5.376254826251569466e+04 -2.281117778692465800e-12
5.377666952668806334e+04 -2.249758569667222615e-12
5.379079079077938513e+04 -2.214170444151693223e-12
5.380491205490616267e+04 -2.143477976437673542e-12
5.381903331897969474e+04 -2.201004345223116477e-12
5.383315458316719742e+04 -1.930784759501012564e-12
5.384727584730975650e+04 -1.917502887579050587e-12
5.386139711143118620e+04 -1.909047025202620605e-12
5.387551837551342760e+04 -1.973625693563838399e-12
5.388963963962045818e+04 -2.023818951683169116e-12
5.390376090377635410e+04 -2.341517780969036508e-12
5.391788216789170838e+04 -2.010393225658788494e-12
5.393200343200249335e+04 -1.912161565050196512e-12
5.394612469612843415e+04 -1.786560183503306951e-12
5.396024596022975311e+04 -1.565959917443964690e-12
5.397436722437673598e+04 -1.694877825763059272e-12
5.398848848847400950e+04 -1.653692199180121490e-12
5.400260975258097460e+04 -1.700531489048535295e-12
5.401673101672735356e+04 -1.376336563206176978e-12
5.403085228089854354e+04 -1.281673666700058860e-12
5.404497354501618247e+04 -1.224267012116286024e-12
5.405909480908478872e+04 -1.028641197659760072e-12
5.407321607319303439e+04 -1.079732065966101502e-12
5.408733733730166568e+04 -1.114788128363095305e-12
5.410145860152203386e+04 -1.049256672898870381e-12
5.411557986559921846e+04 -8.524189368945690305e-13
5.412970112967288878e+04 -9.191179753133581372e-13
5.414382239382134139e+04 -1.082447558474775666e-12
5.415794365791603195e+04 -6.500566121761400314e-13
5.417206492211160366e+04 -3.690849176002964367e-13
5.418618618617523316e+04 -3.824741874480366381e-13
5.420030745031372498e+04 -4.449521917931103315e-13
5.421442871441667376e+04 -3.322139287878535914e-13
5.422854997853286477e+04 -1.657540409457185430e-13
5.424267124271946523e+04 -2.408015438151591296e-13
5.425679250681990379e+04 -2.461743960102968854e-13
5.427091377089299203e+04 -6.233635592187104301e-15
5.428503503499590443e+04 -5.507604457168004126e-14
5.429915629919021740e+04 6.426669821791717207e-14
5.431327756326799135e+04 -1.442547497485965240e-13
5.432739882740534085e+04 1.378080538339216740e-14
5.434152009148244542e+04 -5.131317596114800763e-14
5.435564135557229747e+04 -1.676613512137179402e-15
5.436976261979169794e+04 6.766106385375976305e-14
5.438388388389808097e+04 7.176189107476901486e-14
5.439800514800553356e+04 1.065726132559936281e-13
5.441212641207217530e+04 3.267692850797540282e-14
5.442624767619781778e+04 1.039530746619183330e-14
5.444036894037203456e+04 -2.016383627710512322e-14
5.445449020447648945e+04 -1.300595028064820681e-13
5.446861146858068241e+04 4.393006346500246985e-14
5.448273273273018276e+04 6.809755267137319409e-14
5.449685399691844941e+04 -3.269884922897434452e-14
5.451097526098219532e+04 -3.060512028869745190e-13
5.452509652507687133e+04 -9.893183976800915759e-14
5.453921778919991630e+04 4.750079817161888715e-14
5.455333905328041146e+04 -1.015951112669010472e-13
5.456746031751245755e+04 -2.630240467326609550e-13
5.458158158157741127e+04 -1.632966975797413549e-13
5.459570284567575436e+04 -6.767608746025916531e-14
5.460982410982562578e+04 -5.895813473284689977e-14
5.462394537392289931e+04 -6.779727961503670763e-14
5.463806663810742612e+04 -7.244593478772331403e-14
5.465218790217377682e+04 -1.929424663028855872e-13
5.466630916632696608e+04 -1.469623598406996917e-13
5.468043043036630843e+04 -1.049961394750854604e-15
5.469455169460529578e+04 -2.477603527315133074e-14
5.470867295866786299e+04 -1.260059700848982116e-13
5.472279422278515267e+04 -7.205378456332118635e-14
5.473691548690349737e+04 -2.270881095859407637e-13
5.475103675100114924e+04 -2.083851056673445191e-13
5.476515801519853994e+04 -2.602642156307755764e-13
5.477927927932751481e+04 -9.914762092163747788e-14
5.479340054338855407e+04 -1.145853337757395814e-13
5.480752180752835557e+04 -3.093515852123610661e-14
5.482164307161395845e+04 -1.119624596617735477e-13
5.483576433581220772e+04 -1.103347406398832740e-13
5.484988559992020600e+04 -7.622358292932578211e-14
5.486400686398952530e+04 -2.185839674080140947e-13
5.487812812807467708e+04 -3.184867003296361718e-13
5.489224939220969100e+04 -4.524927085452448206e-13
5.490637065641483787e+04 -5.230127483967763305e-13
5.492049192047129327e+04 -4.554801444256148873e-13
5.493461318457384914e+04 -1.715791467916115450e-13
5.494873444867930084e+04 -1.309433187644939297e-13
5.496285571291651286e+04 -3.440010974675589152e-13
5.497697697697575495e+04 -2.568530998597198146e-13
5.499109824108688917e+04 -2.848553847278320336e-13
5.500521950518698577e+04 -2.727775519370748616e-13
5.501934076927391288e+04 -3.340800909110134771e-13
5.503346203351067379e+04 -1.066970053924142302e-13
5.504758329760185006e+04 -3.397002539260631836e-13
5.506170456169520912e+04 -4.108577842177659726e-13
5.507582582578081201e+04 -5.134996568977747974e-13
5.508994708991861989e+04 -5.717014502531367620e-13
5.510406835408599727e+04 -6.550343582406616180e-13
5.511818961821746780e+04 -4.667766326737818327e-13
5.513231088232568436e+04 -5.168220954824079273e-13
5.514643214642190287e+04 -4.918328643485212469e-13
5.516055341057629994e+04 -4.965731526138444636e-13
5.517467467467975075e+04 -4.760158101969447264e-13
5.518879593879971799e+04 -2.486987399171267315e-13
5.520291720292144601e+04 -1.682409433738365999e-13
5.521703846702961164e+04 -3.651092237423501873e-13
5.523115973116598616e+04 -2.721991796211852699e-13
5.524528099529033352e+04 -3.916365114096332171e-13
5.525940225942948746e+04 -4.863181286551072800e-13
5.527352352353134484e+04 -4.992413506230931562e-13
5.528764478756757308e+04 -3.761505187540343879e-13
5.530176605176858720e+04 -4.849662942131984073e-13
5.531588731587123038e+04 -4.937226737213938176e-13
5.533000857999569416e+04 -2.407650876385187087e-13
5.534412984409842466e+04 -2.907760648746471691e-13
5.535825110832953942e+04 -4.421273307545150564e-13
5.537237237238157832e+04 -3.176196345068374684e-13
5.538649363651018939e+04 -4.315304069770151819e-13
5.540061490063185192e+04 -4.291144462980351800e-13
5.541473616468463297e+04 -4.113671853886601951e-13
5.542885742891106202e+04 -3.431911791648992637e-13
5.544297869299699232e+04 -3.342505481693591132e-13
5.545709995707455528e+04 -2.834936972652095295e-13
5.547122122121701977e+04 -4.335686173489868060e-14
5.548534248526960437e+04 -1.178328894029492087e-13
5.549946374948437733e+04 -2.757600613070880369e-13
5.551358501362211973e+04 -2.649739595318866317e-13
5.552770627771544969e+04 -2.268536076929565741e-13
5.554182754181221389e+04 -3.751001867459623629e-13
5.555594880587992520e+04 -1.871331252901343752e-13
5.557007007009627705e+04 -2.442481304607838937e-13
5.558419133417066769e+04 -2.378564759238576425e-13
5.559831259832123033e+04 -1.599358322143250678e-13
5.561243386239244137e+04 9.853353365574987823e-14
5.562655512659910892e+04 -5.534404673509054730e-14
5.564067639071569283e+04 6.845226141706355785e-14
5.565479765481270442e+04 1.574969655122747813e-13
5.566891891891612613e+04 1.000568106580757552e-13
5.568304018298190931e+04 7.353642010529223972e-14
5.569716144723196339e+04 -3.096964409373377859e-14
5.571128271131870861e+04 -1.418403800600826087e-14
5.572540397539018159e+04 3.162419381356442065e-13
5.573952523951456533e+04 4.319242837301310655e-13
5.575364650362792599e+04 6.633145927729601039e-13
5.576776776778084604e+04 6.901591477072218218e-13
5.578188903187117830e+04 5.359987856219003990e-13
5.579601029600358015e+04 5.482608699000023112e-13
5.581013156011597312e+04 5.129190699023135521e-13
5.582425282430978405e+04 8.185213456580680790e-13
5.583837408837887051e+04 1.005131646161630454e-12
5.585249535251127236e+04 1.046290669588641345e-12
5.586661661656988144e+04 1.214717220365215254e-12
5.588073788071180024e+04 1.103458881071144393e-12
5.589485914489533025e+04 1.251642400791583047e-12
5.590898040898652835e+04 1.436549114013760176e-12
5.592310167313199054e+04 1.307772103890870386e-12
5.593722293722230825e+04 1.517277868626674716e-12
5.595134420133087406e+04 1.643094046025121229e-12
5.596546546552832297e+04 1.505384287323262285e-12
5.597958672960100375e+04 1.300115321494315107e-12
5.599370799367687869e+04 1.491978267340309026e-12
5.600782925779167999e+04 1.403583862612196843e-12
5.602195052196780307e+04 1.607272403918679142e-12
5.603607178607020614e+04 1.853485597323080258e-12
5.605019305021839682e+04 1.927970492709773119e-12
5.606431431430891826e+04 1.963570441850158728e-12
5.607843557837716799e+04 2.108999056979068894e-12
5.609255684261082206e+04 2.028837836359258593e-12
5.610667810668701713e+04 2.180139837135558626e-12
5.612079937079002411e+04 2.473012995431385649e-12
5.613492063492989109e+04 2.463654596357587861e-12
5.614904189901351492e+04 2.634932611328683834e-12
5.616316316317253222e+04 2.869923214140270266e-12
5.617728442732936674e+04 2.810272041437934533e-12
5.619140569140688604e+04 2.806403745505766558e-12
5.620552695553025114e+04 3.021134567126004628e-12
5.621964821959857363e+04 2.909913669310645455e-12
5.623376948380401154e+04 3.016245498247905471e-12
5.624789074787753634e+04 3.387731967609432915e-12
5.626201201200411015e+04 3.347722791699701579e-12
5.627613327610354463e+04 3.619269086660894804e-12
5.629025454029001412e+04 3.629901481312963832e-12
5.630437580436634744e+04 3.667733139644985106e-12
5.631849706850283110e+04 3.858499444285552645e-12
5.633261833263000153e+04 3.879919911316965966e-12
5.634673959671400371e+04 4.208587123261236766e-12
5.636086086086854630e+04 4.214668407645683856e-12
5.637498212500596856e+04 4.262893032226432749e-12
5.638910338907333789e+04 4.416123269156388056e-12
5.640322465317848400e+04 4.515640748968107495e-12
5.641734591730331886e+04 4.561138057415326210e-12
5.643146718149111985e+04 4.890152095688716997e-12
5.644558844561008300e+04 5.168356076746104116e-12
5.645970970971194765e+04 5.120972900134298303e-12
5.647383097377823287e+04 5.431551936652503098e-12
5.648795223800425447e+04 5.436289269011612665e-12
5.650207350207488344e+04 5.488380218920386292e-12
5.651619476616755128e+04 5.754108305150185865e-12
5.653031603026622906e+04 5.805976576790832604e-12
5.654443729438096489e+04 5.894105935261747704e-12
5.655855855858597351e+04 6.099182767186779347e-12
5.657267982272029622e+04 6.064027189280578115e-12
5.658680108677721000e+04 6.327725553243372349e-12
5.660092235089125461e+04 6.507170737083988788e-12
5.661504361497425998e+04 6.389943437841606305e-12
5.662916487922240049e+04 6.563380249651056597e-12
5.664328614330620621e+04 6.625298602419596240e-12
5.665740740741207264e+04 6.722871095942447499e-12
