5.299999999999966531e+04 -4.242808853321903940e-12
5.301412126410917699e+04 -4.385997692011417988e-12
5.302824252821376285e+04 -4.452724063691751538e-12
5.304236379239557573e+04 -4.391889771808494910e-12
5.305648505649077561e+04 -4.296938903841278369e-12
5.307060632061754586e+04 -4.223976338279186615e-12
5.308472758471427369e+04 -4.388329351232217769e-12
5.309884884879706078e+04 -4.300417660050457117e-12
5.311297011301515158e+04 -4.169615620235517682e-12
5.312709137710591312e+04 -4.358921600886861496e-12
5.314121264117879036e+04 -4.473589652613064691e-12
5.315533390530846373e+04 -4.557699361393181745e-12
5.316945516950064484e+04 -4.248188236158836990e-12
5.318357643361935334e+04 -4.130100617733221851e-12
5.319769769771996653e+04 -4.176462988696567915e-12
5.321181896181853517e+04 -4.441677285294636080e-12
5.322594022588190273e+04 -4.358877937900670984e-12
5.324006149009239016e+04 -4.467174110227617918e-12
5.325418275417623227e+04 -4.349134872792595486e-12
5.326830401830400660e+04 -4.396269237948908829e-12
5.328242528240427782e+04 -4.459416038244189649e-12
5.329654654649965232e+04 -4.607692022288899878e-12
5.331066781071438891e+04 -4.748086108180110233e-12
5.332478907479984628e+04 -4.727705615893191150e-12
5.333891033891787083e+04 -4.839584426308052442e-12
5.335303160298225703e+04 -4.784443135881595233e-12
5.336715286720524455e+04 -4.713302106037105525e-12
5.338127413129064371e+04 -4.778021502981374940e-12
5.339539539540468104e+04 -4.598173748645090808e-12
5.340951665949258313e+04 -4.537465727716003524e-12
5.342363792361621745e+04 -4.549998977736302171e-12
5.343775918782017106e+04 -4.230053342403336075e-12
5.345188045191350102e+04 -4.440399735484550801e-12
5.346600171597817098e+04 -4.437319736429216079e-12
5.348012298008677317e+04 -4.312211470108159984e-12
5.349424424420703872e+04 -4.267406812634461749e-12
5.350836550840791460e+04 -4.292173590722703267e-12
5.352248677248546301e+04 -4.401521406230792097e-12
5.353660803660584497e+04 -4.325766725663767389e-12
5.355072930068139976e+04 -4.227838368009579602e-12
5.356485056488813279e+04 -4.427763032495007433e-12
5.357897182900689950e+04 -4.221453964453184075e-12
5.359309309309574746e+04 -4.293492744753421664e-12
5.360721435720974114e+04 -4.298179696107979505e-12
5.362133562129356142e+04 -4.284250946167552859e-12
5.363545688549375336e+04 -3.837000599009789128e-12
5.364957814959916868e+04 -3.635148072143924286e-12
5.366369941372021276e+04 -3.753863528282559568e-12
5.367782067781119258e+04 -3.711514720772799811e-12
5.369194194187834364e+04 -3.748002394305263315e-12
5.370606320611421688e+04 -3.734333649298320205e-12
5.372018447020713938e+04 -3.650787055789022255e-12
5.373430573430423829e+04 -3.733950032649512125e-12
5.374842699840995920e+04 -3.955401407145779747e-12
5.376254826248189784e+04 -3.779328742586050345e-12
5.377666952670724277e+04 -3.498791397074003153e-12
5.379079079080345400e+04 -3.397195605925518808e-12
5.380491205488229753e+04 -3.434216842864866134e-12
5.381903331899311888e+04 -3.346529214001236915e-12
5.383315458320960897e+04 -3.395297252518066537e-12
5.384727584731255774e+04 -3.277287438274130586e-12
5.386139711141949374e+04 -3.153225711111272232e-12
5.387551837548325420e+04 -2.964054150694428272e-12
5.388963963958614477e+04 -3.199554112442926137e-12
5.390376090381186077e+04 -3.039806772495895989e-12
5.391788216788651334e+04 -3.017757736506837362e-12
5.393200343201786745e+04 -2.920339009109933030e-12
5.394612469609081745e+04 -3.007001544289917803e-12
5.396024596019204182e+04 -2.896014865616471091e-12
5.397436722441951861e+04 -2.724869856417685018e-12
5.398848848850420472e+04 -2.568046306689344216e-12
5.400260975261413842e+04 -2.478894209259423985e-12
5.401673101672324265e+04 -2.452241430357073754e-12
5.403085228092149191e+04 -2.520762638139191462e-12
5.404497354498987261e+04 -2.549121790560793407e-12
5.405909480911793798e+04 -2.403936614090594018e-12
5.407321607318144379e+04 -2.335631233564379782e-12
5.408733733728945663e+04 -2.209633065831263018e-12
5.410145860151094530e+04 -2.206330119622472203e-12
5.411557986561943108e+04 -2.060958624869354485e-12
5.412970112971979688e+04 -2.121728065637562484e-12
5.414382239378371014e+04 -2.231803397424394828e-12
5.415794365789424046e+04 -2.227275828836716309e-12
5.417206492210250144e+04 -1.938588688303051588e-12
5.418618618618838809e+04 -1.757069731025783113e-12
5.420030745028035744e+04 -1.568174903012573992e-12
5.421442871441780881e+04 -1.429269990874339542e-12
5.422854997850289510e+04 -1.377966067882539354e-12
5.424267124268962652e+04 -1.220151394102246466e-12
5.425679250677906384e+04 -1.339737021816353886e-12
5.427091377090916649e+04 -1.218616412815624193e-12
5.428503503499772341e+04 -1.326838340909668251e-12
5.429915629920653009e+04 -1.216121703651795856e-12
5.431327756330100965e+04 -1.188600811939530476e-12
5.432739882740098983e+04 -1.262084845660859088e-12
5.434152009148002253e+04 -1.466563327994818378e-12
5.435564135561475996e+04 -1.199862431100720444e-12
5.436976261980894924e+04 -1.140176244143145402e-12
5.438388388389383908e+04 -1.192352397475974719e-12
5.439800514798909717e+04 -9.013786546635460159e-13
5.441212641211636219e+04 -1.004155147859033282e-12
5.442624767621875799e+04 -1.033996611481754701e-12
5.444036894042124186e+04 -1.045482464524873427e-12
5.445449020450015814e+04 -1.174774314021773944e-12
5.446861146862157329e+04 -1.133000931485226509e-12
5.448273273269084166e+04 -1.135365080599975005e-12
5.449685399689464975e+04 -1.006500768083767653e-12
5.451097526101824769e+04 -1.126583759243713634e-12
5.452509652507879218e+04 -8.855146650994358713e-13
5.453921778918160271e+04 -8.809884690221287798e-13
5.455333905328559922e+04 -9.659302193239619972e-13
5.456746031748166570e+04 -9.156941094011163277e-13
5.458158158160930907e+04 -1.008569827468663501e-12
5.459570284571516095e+04 -9.144622813427785518e-13
5.460982410980707209e+04 -8.534171375537143101e-13
5.462394537387677701e+04 -8.608623200634110029e-13
5.463806663809292513e+04 -8.343563997708011295e-13
5.465218790221613017e+04 -9.290066021847810518e-13
5.466630916628379782e+04 -9.457815955079124299e-13
5.468043043040706834e+04 -8.002021654335263697e-13
5.469455169458014279e+04 -1.031389871158860244e-12
5.470867295868481597e+04 -8.003963756510804335e-13
5.472279422281168081e+04 -6.554867306379408709e-13
5.473691548688822513e+04 -4.824955234258162805e-13
5.475103675100336841e+04 -7.299769860253070723e-13
5.476515801521729009e+04 -7.271983387783938243e-13
5.477927927930171427e+04 -7.747983709691562072e-13
5.479340054342097574e+04 -6.987866878350853938e-13
5.480752180750618572e+04 -3.405052079726591004e-13
5.482164307159356395e+04 -4.879313507517732787e-13
5.483576433580089360e+04 -2.635959030556882479e-13
5.484988559991877264e+04 -5.058366592371013290e-14
5.486400686398275866e+04 -1.251693107818891129e-13
5.487812812809593743e+04 3.247379920197789852e-14
5.489224939218391955e+04 2.504806015755056813e-13
5.490637065640799847e+04 2.288868959021611040e-13
5.492049192050362763e+04 4.556866859701070976e-13
5.493461318460574694e+04 4.840276526292880535e-13
5.494873444871723768e+04 3.278798926950688087e-13
5.496285571291902306e+04 3.711386745810712024e-13
5.497697697698255797e+04 4.332976105365322414e-13
5.499109824107868189e+04 2.991031539929662213e-13
5.500521950518101949e+04 4.338733786373373944e-13
5.501934076928834838e+04 4.046752792512129156e-13
5.503346203348977724e+04 5.024659569587682405e-13
5.504758329759343178e+04 7.538789755171540144e-13
5.506170456171799742e+04 8.934495551855207790e-13
5.507582582580290909e+04 8.304382902894161641e-13
5.508994708991872903e+04 1.018295843589434506e-12
5.510406835408062034e+04 1.067459165093229293e-12
5.511818961820728873e+04 1.050667186954251634e-12
5.513231088230783644e+04 8.372939795945935261e-13
5.514643214638067730e+04 1.146547330224808657e-12
5.516055341060196952e+04 1.101288114472480597e-12
5.517467467469015537e+04 9.703458212539633697e-13
5.518879593881328765e+04 1.010289990593018064e-12
5.520291720288134093e+04 8.179683473099988070e-13
5.521703846700642316e+04 8.433021437454272593e-13
5.523115973120051785e+04 7.846966371415386323e-13
5.524528099532292981e+04 8.487304222643414547e-13
5.525940225938545336e+04 9.205085971578077002e-13
5.527352352348619752e+04 9.691469334445394586e-13
5.528764478758805490e+04 9.397628589030891802e-13
5.530176605179363105e+04 1.064746398344143573e-12
5.531588731588164228e+04 1.132120187455765157e-12
5.533000858000940207e+04 1.384181717164640751e-12
5.534412984411689831e+04 1.347217954097096071e-12
5.535825110828655306e+04 1.272581526355174973e-12
5.537237237239404203e+04 1.203519549486722967e-12
5.538649363648149301e+04 1.362238021346587320e-12
5.540061490060998767e+04 1.243899490868699394e-12
5.541473616468457476e+04 1.166627843213677190e-12
5.542885742891362315e+04 1.437024738974177395e-12
5.544297869299224840e+04 1.572374849250468005e-12
5.545709995709246141e+04 1.665333604195485302e-12
5.547122122121854045e+04 1.782377857393136443e-12
5.548534248530100012e+04 1.618067778280160605e-12
5.549946374947868753e+04 1.594437953470833742e-12
5.551358501357804198e+04 1.658298802286839381e-12
5.552770627768659324e+04 1.676182612426271193e-12
5.554182754181011842e+04 1.858377874189050372e-12
5.555594880590038520e+04 1.767964439727807020e-12
5.557007007010096277e+04 1.655551036523282805e-12
5.558419133417677222e+04 1.779736461183363962e-12
5.559831259827826580e+04 1.906708768152586934e-12
5.561243386242265115e+04 2.050746869079883032e-12
5.562655512661780813e+04 2.006071656490588895e-12
5.564067639071930171e+04 1.931370720761211596e-12
5.565479765479790512e+04 2.081406005756370307e-12
5.566891891889298131e+04 1.968015375167403993e-12
5.568304018300017924e+04 2.124379991740305811e-12
5.569716144718271971e+04 2.070344944673201890e-12
5.571128271132114605e+04 2.264154389198826534e-12
5.572540397542223218e+04 2.539261054298809203e-12
5.573952523951021431e+04 2.379288794214665037e-12
5.575364650359719963e+04 2.413666747742479004e-12
5.576776776780840737e+04 2.298254409376430650e-12
5.578188903191254940e+04 2.369300349986751188e-12
5.579601029598881723e+04 2.581900147752121560e-12
5.581013156007856742e+04 2.509328661863982329e-12
5.582425282432065433e+04 2.509972369228172202e-12
5.583837408839388081e+04 2.657196066727503800e-12
5.585249535248128814e+04 2.584972512218515726e-12
5.586661661661359540e+04 2.753597763939195130e-12
5.588073788070512092e+04 2.785538825302576439e-12
5.589485914488570415e+04 3.066385328775782986e-12
5.590898040901409695e+04 3.055061431956490527e-12
5.592310167309684766e+04 3.021027292276713736e-12
5.593722293722186441e+04 2.943617707329364899e-12
5.595134420131378283e+04 2.980497061009068331e-12
5.596546546552106884e+04 2.956205686200723336e-12
5.597958672960047988e+04 3.316984448683924558e-12
5.599370799367973814e+04 3.269329516078305667e-12
5.600782925777954370e+04 3.308017838427523354e-12
5.602195052201046201e+04 3.451996235153663097e-12
5.603607178610505798e+04 3.478936554978823275e-12
5.605019305021991750e+04 3.467821279735984620e-12
5.606431431431389501e+04 3.626585730693291250e-12
5.607843557840064750e+04 3.606832561428003164e-12
5.609255684260416456e+04 3.854406668477563771e-12
5.610667810668631137e+04 3.882636461796660686e-12
5.612079937080587843e+04 3.876621435093970419e-12
5.613492063489496650e+04 3.913255795672377461e-12
5.614904189901304926e+04 3.869514576390825393e-12
5.616316316321815248e+04 4.017027873578523524e-12
5.617728442727680522e+04 4.020387778967728041e-12
5.619140569137651619e+04 4.094562356969670378e-12
5.620552695549926284e+04 4.549340237259415464e-12
5.621964821957789536e+04 4.537401455793732612e-12
5.623376948379792157e+04 4.421230805447481724e-12
5.624789074790449376e+04 4.420912383041315306e-12
5.626201201200041396e+04 4.537980655170466486e-12
5.627613327607894462e+04 4.625981902653962074e-12
5.629025454030448600e+04 4.670051838169465914e-12
5.630437580439848534e+04 4.656418692650281064e-12
5.631849706847716880e+04 4.990883000037683923e-12
5.633261833259261766e+04 5.187336585793823298e-12
5.634673959670165641e+04 5.333819127692595159e-12
5.636086086087984586e+04 5.525341283684270257e-12
5.637498212501095986e+04 5.505837911306577801e-12
5.638910338909606071e+04 5.387187134719195438e-12
5.640322465317849128e+04 5.623445580011691951e-12
5.641734591731429100e+04 5.533730753329494981e-12
5.643146718150364904e+04 5.795246820731806760e-12
5.644558844561927981e+04 5.760724067359809324e-12
5.645970970970336930e+04 5.837096720721559708e-12
5.647383097381782136e+04 5.688030428048614326e-12
5.648795223798786901e+04 5.983848960908313055e-12
5.650207350210373261e+04 5.931015546671376507e-12
5.651619476620428759e+04 6.120824123464349414e-12
5.653031603029552207e+04 6.301644129834979080e-12
5.654443729439541494e+04 6.631336904916185727e-12
5.655855855858616997e+04 6.360389632496750724e-12
5.657267982269753702e+04 6.405040826154545833e-12
5.658680108678908437e+04 6.292061262421815753e-12
5.660092235087662266e+04 6.511581257479819789e-12
5.661504361501101084e+04 6.399091679949682488e-12
5.662916487918324128e+04 6.318698257454895321e-12
5.664328614331691642e+04 6.482533447979364389e-12
5.665740740738561726e+04 6.698490406113196220e-12
