5.299999999999975262e+04 3.454445082327358900e-13
5.301412126409914345e+04 3.516708943834139236e-13
5.302824252818336390e+04 4.409196544145422683e-13
5.304236379239788948e+04 2.799236828586781637e-13
5.305648505651885353e+04 3.003339582045686220e-13
5.307060632060719945e+04 3.189478850787933860e-13
5.308472758470084227e+04 4.135998018458328476e-13
5.309884884882070037e+04 5.671462779100617161e-13
5.311297011300778104e+04 5.268542065407238207e-13
5.312709137710841605e+04 5.512573841744380046e-13
5.314121264121370041e+04 4.529427562233343934e-13
5.315533390528564632e+04 7.385669360199517424e-13
5.316945516951861646e+04 9.321971368509552059e-13
5.318357643360198563e+04 8.161385336196319892e-13
5.319769769769587583e+04 7.596250896216361357e-13
5.321181896179245814e+04 1.071990370467441593e-12
5.322594022591739486e+04 1.126460424196752767e-12
5.324006149008469947e+04 9.220419558179468603e-13
5.325418275418500707e+04 9.343732188975693708e-13
5.326830401830756455e+04 1.041928503841463243e-12
5.328242528241482069e+04 1.038335018005278499e-12
5.329654654650900920e+04 9.576556558992062504e-13
5.331066781071938749e+04 8.099592936781008293e-13
5.332478907481966598e+04 9.972369348076974990e-13
5.333891033890530525e+04 1.167846216617941724e-12
5.335303160300335730e+04 1.248536859891816584e-12
5.336715286718184507e+04 1.189677879662312263e-12
5.338127413131533831e+04 1.458208802448775729e-12
5.339539539538119425e+04 1.393568342054387122e-12
5.340951665950148163e+04 1.503495985586802643e-12
5.342363792358898354e+04 1.368263183776822592e-12
5.343775918780523352e+04 1.507493463453175660e-12
5.345188045189246623e+04 1.666006177807661934e-12
5.346600171599632449e+04 1.583405782714455625e-12
5.348012298009845836e+04 1.775912521233037763e-12
5.349424424420716969e+04 1.788271158894670774e-12
5.350836550840681593e+04 1.637996852607467047e-12
5.352248677250705805e+04 1.686703097371808334e-12
5.353660803658392251e+04 1.660850131896894428e-12
5.355072930068593996e+04 1.690282304247347937e-12
5.356485056488020200e+04 1.899953773468595008e-12
5.357897182898889878e+04 1.720017253674908000e-12
5.359309309310567187e+04 1.835394253480957718e-12
5.360721435719039437e+04 1.923026364971247373e-12
5.362133562127948244e+04 2.015374635717289642e-12
5.363545688551236526e+04 2.081306040376860943e-12
5.364957814960352698e+04 2.022603892046597537e-12
5.366369941371478490e+04 2.263620756566184371e-12
5.367782067778246710e+04 2.318344360458554285e-12
5.369194194188700931e+04 2.334674442522400688e-12
5.370606320609506656e+04 2.340085931939074824e-12
5.372018447020791064e+04 2.373775127904645955e-12
5.373430573430613003e+04 2.453621182489750146e-12
5.374842699840256682e+04 2.548427801145326695e-12
5.376254826251039049e+04 2.580875910874045106e-12
5.377666952668809972e+04 2.451040556187950289e-12
5.379079079080301744e+04 2.428754648638634775e-12
5.380491205488319974e+04 2.556053555022716035e-12
5.381903331897911266e+04 2.610131844561065495e-12
5.383315458321663027e+04 2.686506455034394480e-12
5.384727584728887450e+04 2.694610277980899346e-12
5.386139711139164865e+04 2.611586562982598714e-12
5.387551837551161589e+04 2.575688782584856460e-12
5.388963963961955596e+04 2.765260997467637087e-12
5.390376090378825029e+04 2.794721412182239495e-12
5.391788216792025923e+04 2.737172625203538977e-12
5.393200343199332565e+04 2.828882366074099307e-12
5.394612469611097913e+04 2.721076686538559714e-12
5.396024596018558805e+04 2.668465106593113590e-12
5.397436722440396261e+04 2.912626182468915960e-12
5.398848848850203649e+04 3.010375687024539852e-12
5.400260975259761472e+04 2.900383827613863264e-12
5.401673101671419863e+04 2.987771697876763150e-12
5.403085228090129385e+04 3.200214232134602993e-12
5.404497354498437926e+04 3.404722397630832172e-12
5.405909480909784179e+04 3.311025277884172786e-12
5.407321607321837655e+04 3.245304192059298276e-12
5.408733733728633524e+04 3.098377631484468562e-12
5.410145860150803492e+04 3.192209809687617097e-12
5.411557986560551944e+04 3.489650184419920173e-12
5.412970112970106129e+04 3.580388640409465911e-12
5.414382239378023951e+04 3.588071825686577600e-12
5.415794365791693417e+04 3.614076889703612893e-12
5.417206492207832343e+04 3.736116089656000022e-12
5.418618618619925110e+04 3.677575822139238846e-12
5.420030745029460377e+04 3.814763027104048517e-12
5.421442871439682494e+04 3.792948561923880303e-12
5.422854997850389191e+04 3.757451539095627754e-12
5.424267124268945190e+04 3.914456994764549486e-12
5.425679250680912810e+04 3.999529937838650073e-12
5.427091377088627632e+04 4.096893831567567799e-12
5.428503503501269734e+04 3.882799040117722327e-12
5.429915629921248183e+04 3.823608724889821171e-12
5.431327756328225223e+04 3.830053032830070223e-12
5.432739882740652683e+04 3.654044726110233447e-12
5.434152009149696096e+04 3.980641949587179728e-12
5.435564135559457645e+04 3.909081794419128698e-12
5.436976261979038827e+04 3.898404602985074161e-12
5.438388388390703767e+04 3.881635896494779002e-12
5.439800514801549434e+04 3.816152109640184650e-12
5.441212641208834248e+04 3.840448747294057496e-12
5.442624767621355568e+04 3.649997390215530254e-12
5.444036894040102197e+04 3.558879003427823237e-12
5.445449020450633543e+04 3.583573874194054727e-12
5.446861146858394204e+04 3.604203737865668425e-12
5.448273273269765923e+04 3.754709978651750219e-12
5.449685399691736529e+04 3.797695172443771897e-12
5.451097526098566595e+04 3.746360967806431437e-12
5.452509652511747117e+04 3.621285477040163457e-12
5.453921778921962687e+04 3.384826519869952504e-12
5.455333905328998662e+04 3.445924062460054856e-12
5.456746031751263217e+04 3.271198811076867822e-12
5.458158158160771563e+04 3.341145207024155846e-12
5.459570284569235082e+04 3.623276011487675532e-12
5.460982410980641725e+04 3.353804097305764956e-12
5.462394537390953337e+04 3.382801905251177163e-12
5.463806663808190206e+04 3.340546279569910966e-12
5.465218790220343362e+04 3.149111015324716250e-12
5.466630916631795844e+04 3.082504476161268684e-12
5.468043043040291377e+04 2.999591206162433395e-12
5.469455169458223827e+04 2.930460209868342791e-12
5.470867295868876681e+04 3.051969904937577505e-12
5.472279422280814470e+04 2.991263022088442231e-12
5.473691548689495539e+04 3.030340356242229222e-12
5.475103675099604880e+04 2.888685493270464160e-12
5.476515801520684909e+04 2.781250277818846387e-12
5.477927927929884027e+04 2.699414951014795652e-12
5.479340054340264032e+04 2.647404191866442704e-12
5.480752180749436229e+04 2.691723561252009226e-12
5.482164307161520992e+04 2.756420979710408109e-12
5.483576433579019795e+04 2.664495397755177600e-12
5.484988559988483757e+04 2.541209747094535864e-12
5.486400686401309940e+04 2.441106186264587687e-12
5.487812812808600574e+04 2.230080503571321206e-12
5.489224939217999781e+04 2.218439600627644452e-12
5.490637065639048524e+04 2.074966497407533961e-12
5.492049192048268014e+04 2.086094304439407775e-12
5.493461318461685005e+04 1.908310673242447145e-12
5.494873444871565880e+04 2.149304186533575299e-12
5.496285571288095525e+04 2.081458138918981927e-12
5.497697697699050332e+04 2.073371040500967513e-12
5.499109824110873160e+04 1.766094118559114094e-12
5.500521950518482481e+04 1.955737018241552515e-12
5.501934076931925665e+04 1.962177539496105380e-12
5.503346203348272684e+04 1.920843971781806566e-12
5.504758329759828484e+04 1.833363327719355533e-12
5.506170456171545811e+04 1.842227327819325148e-12
5.507582582580388407e+04 1.767796864893732866e-12
5.508994708990626532e+04 1.572289020182528386e-12
5.510406835409280757e+04 1.639484388971698204e-12
5.511818961818778916e+04 1.563454682453843488e-12
5.513231088232003094e+04 1.516805870250976084e-12
5.514643214639920188e+04 1.338742655426796688e-12
5.516055341059841885e+04 1.391526529571409053e-12
5.517467467470726842e+04 1.043095907485815032e-12
5.518879593878987362e+04 1.079080150540281588e-12
5.520291720287869248e+04 1.138992460507546657e-12
5.521703846699848509e+04 7.142298281627035413e-13
5.523115973121100251e+04 7.134914244519904580e-13
5.524528099529050814e+04 8.422204358005810292e-13
5.525940225940119853e+04 6.852862960456000595e-13
5.527352352349514695e+04 4.789131878441084963e-13
5.528764478760343627e+04 3.664845961880791063e-13
5.530176605181847117e+04 3.095397855778846316e-13
5.531588731587957591e+04 4.990084977183086674e-13
5.533000857998880383e+04 3.457221985171066140e-13
5.534412984410412173e+04 3.553731981275544126e-13
5.535825110827857134e+04 2.611762358690279861e-13
5.537237237238945818e+04 2.542630100167624434e-13
5.538649363650210580e+04 3.058515537100153520e-13
5.540061490059304924e+04 -1.408757490142690708e-13
5.541473616469280387e+04 -1.332985909366444274e-13
5.542885742890035181e+04 -9.205590367904874119e-14
5.544297869302106847e+04 -3.452848295681204095e-13
5.545709995711650117e+04 -1.633629820197533330e-13
5.547122122118994594e+04 -4.468178642482950825e-13
5.548534248529910838e+04 -6.438738322948662894e-13
5.549946374951067264e+04 -8.913760271830745466e-13
5.551358501358580543e+04 -9.809822641495268026e-13
5.552770627768139821e+04 -9.475805407397079955e-13
5.554182754182053031e+04 -9.050510114597672114e-13
5.555594880589125387e+04 -1.026720378442514982e-12
5.557007007009535300e+04 -1.316405620869483245e-12
5.558419133419605350e+04 -1.356577938303686424e-12
5.559831259831284115e+04 -1.186634008725937218e-12
5.561243386239706888e+04 -1.137713816219773847e-12
5.562655512659843225e+04 -1.293047450153927256e-12
5.564067639069251163e+04 -1.199633069605900060e-12
5.565479765479809430e+04 -1.235294182147644315e-12
5.566891891891277191e+04 -1.498552145102477598e-12
5.568304018299021118e+04 -1.468060489650007389e-12
5.569716144721931778e+04 -1.561965245995661813e-12
5.571128271130104986e+04 -1.584366647458704186e-12
5.572540397538070101e+04 -1.496234693456547439e-12
5.573952523951709736e+04 -1.622071939161986677e-12
5.575364650360402447e+04 -1.855160746062789085e-12
5.576776776777846680e+04 -2.029394359419783562e-12
5.578188903191365534e+04 -2.056581500488241908e-12
5.579601029601358459e+04 -2.184624490611580633e-12
5.581013156008096121e+04 -2.238117737209903625e-12
5.582425282429987419e+04 -2.340054685030980770e-12
5.583837408838709234e+04 -2.362794994863812152e-12
5.585249535248965549e+04 -2.647705226628169633e-12
5.586661661659746460e+04 -2.860689256940532007e-12
5.588073788070129376e+04 -2.706914475284550517e-12
5.589485914491335279e+04 -2.777953330055124677e-12
5.590898040899183252e+04 -2.756244260960160894e-12
5.592310167309738608e+04 -3.112595367293146965e-12
5.593722293719958543e+04 -3.347828700526430929e-12
5.595134420131069055e+04 -3.156791038279312093e-12
5.596546546548031620e+04 -3.465938582954972179e-12
5.597958672960707190e+04 -3.378725531348369191e-12
5.599370799369903398e+04 -3.594050995649402967e-12
5.600782925779834477e+04 -3.689298763188559333e-12
5.602195052198810299e+04 -3.817932476280468202e-12
5.603607178611305426e+04 -4.074812398294732688e-12
5.605019305019433523e+04 -4.089614552680256814e-12
5.606431431430142402e+04 -4.122290494665016328e-12
5.607843557839886489e+04 -4.308611208763528287e-12
5.609255684261403803e+04 -4.262827654242189086e-12
5.610667810669120809e+04 -4.442098821803381074e-12
5.612079937077985232e+04 -4.521561158904627394e-12
5.613492063489132124e+04 -4.697242548426045076e-12
5.614904189900745405e+04 -4.898834334822099014e-12
5.616316316318891040e+04 -5.208196458353863343e-12
5.617728442731018731e+04 -5.270309463824766586e-12
5.619140569138227875e+04 -5.201524318157573996e-12
5.620552695552133082e+04 -5.279003694182700617e-12
5.621964821960108384e+04 -5.593416625318599317e-12
5.623376948382049159e+04 -5.767414833048160719e-12
5.624789074790847371e+04 -5.840564765094234925e-12
5.626201201202067023e+04 -5.902657574908092910e-12
5.627613327610932174e+04 -6.184836975171377039e-12
5.629025454028361855e+04 -6.232200208742216788e-12
5.630437580438963050e+04 -6.207622725232559442e-12
5.631849706850995426e+04 -6.402346094890417153e-12
5.633261833261162974e+04 -6.626795578375876617e-12
5.634673959668774478e+04 -6.910687822802302955e-12
5.636086086091765901e+04 -6.950903056007726700e-12
5.637498212497857457e+04 -6.763012760688236823e-12
5.638910338909008715e+04 -6.938865182180255620e-12
5.640322465318477771e+04 -7.017679364913210254e-12
5.641734591730774264e+04 -6.948709302761198137e-12
5.643146718149523076e+04 -6.963933041487539991e-12
5.644558844561996375e+04 -7.243709789676734988e-12
5.645970970971306815e+04 -7.206852715569348663e-12
5.647383097378555976e+04 -7.360260188712820948e-12
5.648795223801592510e+04 -7.516554378585184161e-12
5.650207350211402081e+04 -7.655291600228208451e-12
5.651619476619041234e+04 -7.772406846547276429e-12
5.653031603028225072e+04 -8.115337938773765300e-12
5.654443729439417802e+04 -8.597692273868529601e-12
5.655855855859174335e+04 -8.651940333148915050e-12
5.657267982271184155e+04 -8.541550871740163389e-12
5.658680108679677505e+04 -8.801605298596210491e-12
5.660092235091415932e+04 -8.405268053542406097e-12
5.661504361498251819e+04 -8.785000681819406029e-12
5.662916487921571388e+04 -8.736696456853119978e-12
5.664328614332120196e+04 -8.879676659818472382e-12
5.665740740738926979e+04 -8.845753004896892729e-12
