5.300000000000025466e+04 -2.923261214583334041e-12
5.301412126411450299e+04 -2.975821580721083470e-12
5.302824252817851811e+04 -2.982225039630399900e-12
5.304236379241502436e+04 -3.038581993356232446e-12
5.305648505649276922e+04 -3.026097132816922782e-12
5.307060632060279750e+04 -2.969255444766324878e-12
5.308472758467943640e+04 -2.763335275968347300e-12
5.309884884879853053e+04 -2.294790109211702836e-12
5.311297011299472069e+04 -2.263801976208969738e-12
5.312709137711172662e+04 -2.085777799035847857e-12
5.314121264121068816e+04 -1.869591091172308856e-12
5.315533390530032193e+04 -1.991773853527382379e-12
5.316945516950641468e+04 -1.925005507078045481e-12
5.318357643358233327e+04 -1.692599784456042146e-12
5.319769769768392143e+04 -1.586655508652712149e-12
5.321181896181283082e+04 -1.465624528626468813e-12
5.322594022590952227e+04 -1.332194157900623743e-12
5.324006149010013178e+04 -1.150039632179055502e-12
5.325418275420640566e+04 -1.210914845543580111e-12
5.326830401828587492e+04 -1.045662495751043843e-12
5.328242528240561660e+04 -8.010095714931032643e-13
5.329654654650419980e+04 -7.795674387842963653e-13
5.331066781067958073e+04 -6.898537783951095018e-13
5.332478907480192720e+04 -4.060527828408628059e-13
5.333891033889269602e+04 -4.690335049085469797e-13
5.335303160299659066e+04 -4.149244615402186742e-13
5.336715286720808217e+04 -2.166855752073634145e-13
5.338127413128157787e+04 -1.234493540859940143e-13
5.339539539542030252e+04 1.292134211192242675e-13
5.340951665950880852e+04 1.881181302139947457e-13
5.342363792359580839e+04 -8.597070574367267233e-14
5.343775918781697692e+04 1.298621512140558912e-13
5.345188045189851982e+04 -1.306898940556121724e-13
5.346600171598928864e+04 1.149665796413666150e-13
5.348012298012287647e+04 2.310530016890634562e-13
5.349424424422003358e+04 2.900813412173554046e-13
5.350836550838674157e+04 4.204352922354524763e-13
5.352248677250059700e+04 5.806122006304875689e-13
5.353660803661192767e+04 5.976145172106717075e-13
5.355072930071238807e+04 8.240838773062750429e-13
5.356485056489342242e+04 8.577481146730141485e-13
5.357897182901232009e+04 1.020299716435129647e-12
5.359309309309633682e+04 1.230510190957457927e-12
5.360721435720335285e+04 9.887766757566932048e-13
5.362133562130649079e+04 1.294109065192749452e-12
5.363545688551084459e+04 1.438067061854681660e-12
5.364957814957912342e+04 1.337289631549369749e-12
5.366369941370002198e+04 1.637243437764930202e-12
5.367782067781241494e+04 1.513717183488778590e-12
5.369194194188539404e+04 1.684957532118782698e-12
5.370606320608487295e+04 1.749858729340789247e-12
5.372018447018240840e+04 1.729419898810153457e-12
5.373430573431837547e+04 1.930333776833112687e-12
5.374842699841562717e+04 1.797475238072448776e-12
5.376254826247785968e+04 1.928394427432605860e-12
5.377666952669675084e+04 2.140032421360662089e-12
5.379079079078067298e+04 2.292720292614700988e-12
5.380491205489353888e+04 2.425618722795247809e-12
5.381903331897930912e+04 2.457518176933612604e-12
5.383315458321142796e+04 2.369691446641119428e-12
5.384727584730876697e+04 2.423937348899356177e-12
5.386139711141402950e+04 2.545591014209102608e-12
5.387551837551544304e+04 2.706375030453016917e-12
5.388963963961680565e+04 2.792330490503729444e-12
5.390376090377812216e+04 2.871939588300339796e-12
5.391788216788304271e+04 2.957268489313964992e-12
5.393200343202021031e+04 3.077243088495912217e-12
5.394612469610119297e+04 3.060659961505654571e-12
5.396024596018598822e+04 3.333452491157704943e-12
5.397436722440789163e+04 3.243096776717096837e-12
5.398848848850505601e+04 3.161268759899643049e-12
5.400260975261112617e+04 3.388756505086307526e-12
5.401673101669563039e+04 3.265085520782646724e-12
5.403085228091554018e+04 3.650060965174387253e-12
5.404497354500254733e+04 3.627957162385373083e-12
5.405909480907981197e+04 3.600912098429373699e-12
5.407321607318228780e+04 3.501098490983795177e-12
5.408733733730011591e+04 3.822521958284693329e-12
5.410145860148401698e+04 3.882819817524672383e-12
5.411557986559312121e+04 3.910926454803176241e-12
5.412970112972213246e+04 3.956865216131660895e-12
5.414382239379143721e+04 3.727471584181829775e-12
5.415794365789653966e+04 3.884765266026566106e-12
5.417206492210155557e+04 3.900223685752934187e-12
5.418618618620749476e+04 4.018827635528573339e-12
5.420030745031628612e+04 3.752236408421959718e-12
5.421442871438177826e+04 4.058946205728023000e-12
5.422854997850243672e+04 4.082715557717437647e-12
5.424267124268544285e+04 4.188260836901649783e-12
5.425679250681660051e+04 4.049125333770234003e-12
5.427091377089007437e+04 4.118541679265022499e-12
5.428503503499752696e+04 4.165819110927676681e-12
5.429915629920223000e+04 4.243255115384135894e-12
5.431327756329025578e+04 4.238356383086281847e-12
5.432739882739303721e+04 3.985088230858252760e-12
5.434152009150185768e+04 3.905424570830315363e-12
5.435564135559227725e+04 3.988332128593278079e-12
5.436976261978237017e+04 4.179615772786938756e-12
5.438388388389019383e+04 3.908830177172386432e-12
5.439800514799027587e+04 4.039249240218805090e-12
5.441212641208155401e+04 3.977095111229645351e-12
5.442624767620400235e+04 3.727350261516400277e-12
5.444036894039717299e+04 3.890121595769028220e-12
5.445449020450528042e+04 3.935374620292913645e-12
5.446861146860638837e+04 3.854698509434723986e-12
5.448273273270169011e+04 3.916381194370721907e-12
5.449685399688731559e+04 3.963910667277182303e-12
5.451097526099159586e+04 3.836568683300824213e-12
5.452509652511704189e+04 3.517044179458815828e-12
5.453921778919699864e+04 3.742372513073304598e-12
5.455333905332153518e+04 3.646783275120866324e-12
5.456746031749303074e+04 3.654316984058508196e-12
5.458158158159877348e+04 3.874688396651098511e-12
5.459570284568158240e+04 3.610278175232381608e-12
5.460982410981410794e+04 3.564174903007025033e-12
5.462394537389506877e+04 3.712241303815453663e-12
5.463806663812215265e+04 3.655393228192456804e-12
5.465218790222183452e+04 3.646745526628497521e-12
5.466630916631365835e+04 3.763062313383989548e-12
5.468043043041654892e+04 3.649402756746318824e-12
5.469455169460588513e+04 3.523691375767819791e-12
5.470867295869864029e+04 3.642164936646238461e-12
5.472279422280409199e+04 3.499124195380746123e-12
5.473691548692031938e+04 3.215982809399480892e-12
5.475103675097895757e+04 3.347681529853135500e-12
5.476515801519393426e+04 3.102484796528278811e-12
5.477927927929547150e+04 3.127799693777290181e-12
5.479340054339746712e+04 2.987660806047413931e-12
5.480752180749535182e+04 2.932604712348166857e-12
5.482164307161360193e+04 3.031202455690206180e-12
5.483576433578282013e+04 3.146564485817756204e-12
5.484988559992005321e+04 2.983799580347671795e-12
5.486400686398585822e+04 2.842563513730437184e-12
5.487812812808346644e+04 2.766237051204688848e-12
5.489224939218886720e+04 3.083099544552112757e-12
5.490637065641160734e+04 2.807547418783285550e-12
5.492049192049100384e+04 2.858537225103722783e-12
5.493461318458652386e+04 2.726356840481068353e-12
5.494873444870545063e+04 2.488579581573279637e-12
5.496285571287864150e+04 2.208536539096640557e-12
5.497697697700515710e+04 2.137589813675434026e-12
5.499109824111884518e+04 2.005037548708747543e-12
5.500521950521939289e+04 2.126070094720481879e-12
5.501934076928977447e+04 2.057257725103590195e-12
5.503346203350588621e+04 2.068132587717294322e-12
5.504758329761651839e+04 2.026872331674418535e-12
5.506170456169370300e+04 1.777035336078055932e-12
5.507582582579032896e+04 1.666431923757036022e-12
5.508994708991895459e+04 1.543511623445717615e-12
5.510406835408219195e+04 1.267422117392516923e-12
5.511818961821389530e+04 1.440056357950330881e-12
5.513231088232015463e+04 1.135984174733303681e-12
5.514643214641248778e+04 1.042925734175338009e-12
5.516055341060765932e+04 9.492705707249090386e-13
5.517467467471265263e+04 8.350960521214770315e-13
5.518879593879916501e+04 9.488466007582192729e-13
5.520291720291905222e+04 6.095717230597117427e-13
5.521703846701548900e+04 6.691536796693129165e-13
5.523115973118934198e+04 5.395757980925745269e-13
5.524528099530664622e+04 5.489868763733845507e-13
5.525940225938511867e+04 1.921577958394531532e-13
5.527352352351257287e+04 -6.144020238521050152e-14
5.528764478758536279e+04 -1.596878243395170116e-13
5.530176605177936290e+04 -2.872335512703185014e-13
5.531588731591524993e+04 -1.624406619925949887e-13
5.533000857999398431e+04 -4.428780031318787010e-13
5.534412984409256751e+04 -6.684320034976891487e-13
5.535825110829018377e+04 -6.719094803317808657e-13
5.537237237240935065e+04 -6.871592118863646878e-13
5.538649363647975406e+04 -4.944091459105619550e-13
5.540061490058179334e+04 -8.680994394898849324e-13
5.541473616469679837e+04 -8.797332281248328616e-13
5.542885742890427355e+04 -8.681113080115029960e-13
5.544297869300415186e+04 -1.243111095142685351e-12
5.545709995712032833e+04 -1.210091549276616249e-12
5.547122122120333370e+04 -1.307884211235563845e-12
5.548534248528473108e+04 -1.468375635453477571e-12
5.549946374951649341e+04 -1.688142412805859213e-12
5.551358501358723151e+04 -1.676713026487666723e-12
5.552770627767911355e+04 -1.637926697839844268e-12
5.554182754179859330e+04 -2.047305635924675714e-12
5.555594880588452361e+04 -1.937060257339134106e-12
5.557007007011989481e+04 -1.787476663850530339e-12
5.558419133421419974e+04 -1.774062596972873279e-12
5.559831259831412171e+04 -1.966271326490430243e-12
5.561243386238772655e+04 -2.189497777894476456e-12
5.562655512658635416e+04 -2.531210318060870962e-12
5.564067639069603320e+04 -2.610013345430921694e-12
5.565479765479687921e+04 -2.480927348139020626e-12
5.566891891890156694e+04 -2.390572293060724585e-12
5.568304018301111500e+04 -2.243852310093633954e-12
5.569716144721020100e+04 -2.333168869530349787e-12
5.571128271128569031e+04 -2.613023993748036446e-12
5.572540397538886464e+04 -2.584465033923421438e-12
5.573952523952034971e+04 -2.789812216872171644e-12
5.575364650361281383e+04 -2.777473569925573212e-12
5.576776776780367800e+04 -2.755049976415184096e-12
5.578188903191127611e+04 -2.741175674643671116e-12
5.579601029599783215e+04 -2.891114664418504524e-12
5.581013156012213585e+04 -2.996697032732772590e-12
5.582425282428516948e+04 -3.183957248097910019e-12
5.583837408841405704e+04 -3.208366181530076173e-12
5.585249535248780012e+04 -3.219034004377776403e-12
5.586661661658442608e+04 -3.525857047160945286e-12
5.588073788072201569e+04 -3.299844130625903097e-12
5.589485914489872084e+04 -3.178351349720312841e-12
5.590898040899035550e+04 -3.252885665481733881e-12
5.592310167310418183e+04 -3.491702079393415274e-12
5.593722293720779999e+04 -3.748759751669743765e-12
5.595134420131874504e+04 -3.899238099815886446e-12
5.596546546549924096e+04 -3.746623417778492726e-12
5.597958672959666001e+04 -3.561038642048437948e-12
5.599370799369802262e+04 -4.008240580443092205e-12
5.600782925778228673e+04 -4.033694603139960420e-12
5.602195052199170459e+04 -3.985717423223574132e-12
5.603607178611458949e+04 -3.915584350895516565e-12
5.605019305018398882e+04 -3.850060221129140452e-12
5.606431431430894008e+04 -4.032305326748335020e-12
5.607843557840283756e+04 -4.017803971418000964e-12
5.609255684261455463e+04 -4.104868149196533580e-12
5.610667810669741448e+04 -4.133487770353862934e-12
5.612079937078397052e+04 -3.861420374404560149e-12
5.613492063489496650e+04 -4.076957342524727721e-12
5.614904189900084020e+04 -4.281356362468656969e-12
5.616316316319311591e+04 -4.336434874486516243e-12
5.617728442730822280e+04 -4.304939114923743324e-12
5.619140569140554726e+04 -4.363017066099411452e-12
5.620552695549211057e+04 -4.157898681872965683e-12
5.621964821960735571e+04 -4.095025847963601085e-12
5.623376948379356327e+04 -4.263007628047134932e-12
5.624789074788504513e+04 -4.249114864130883347e-12
5.626201201197778573e+04 -4.213947775214256904e-12
5.627613327607858810e+04 -4.281428892322989681e-12
5.629025454031088157e+04 -4.015281251211851249e-12
5.630437580437929864e+04 -4.016352714969036685e-12
5.631849706847968628e+04 -4.021793772768606111e-12
5.633261833258750266e+04 -3.863655612642628888e-12
5.634673959668690804e+04 -4.058139801499292122e-12
5.636086086092035839e+04 -4.118982458849656493e-12
5.637498212501611124e+04 -4.223447208044890189e-12
5.638910338911887811e+04 -3.959597444591471036e-12
5.640322465317826573e+04 -4.075814008275521233e-12
5.641734591731557157e+04 -4.040166903595675734e-12
5.643146718148402579e+04 -4.039336107082411890e-12
5.644558844558116834e+04 -3.850657603383915814e-12
5.645970970970536291e+04 -3.798529078350456946e-12
5.647383097378927050e+04 -3.988419489978619029e-12
5.648795223799689848e+04 -3.979906463166908845e-12
5.650207350208560092e+04 -3.854127827232574017e-12
5.651619476618996850e+04 -4.153715687364910794e-12
5.653031603029799589e+04 -4.002856227802365951e-12
5.654443729438909941e+04 -4.059542265137159614e-12
5.655855855859177245e+04 -3.996426785896937634e-12
5.657267982271578512e+04 -3.985404226125319828e-12
5.658680108681663842e+04 -3.937566831019101641e-12
5.660092235092227929e+04 -3.943832091708813462e-12
5.661504361501828680e+04 -3.640936870218910849e-12
5.662916487921432417e+04 -3.557992388166468905e-12
5.664328614331875724e+04 -3.509579369761775089e-12
5.665740740740665933e+04 -3.383999201883386920e-12
