5.299999999999745341e+04 -1.539757642303536917e-12
5.301412126410927158e+04 -1.674322947395851017e-12
5.302824252818708919e+04 -1.470753828594063972e-12
5.304236379240894166e+04 -1.463017436918387516e-12
5.305648505649167782e+04 -1.487514674705619691e-12
5.307060632057722250e+04 -1.347735876324692504e-12
5.308472758470137342e+04 -1.427532267430752920e-12
5.309884884877240984e+04 -1.183488062390543094e-12
5.311297011298230063e+04 -1.341422844799061693e-12
5.312709137710115465e+04 -1.195239800632184446e-12
5.314121264118757244e+04 -1.145126765034979541e-12
5.315533390528392920e+04 -1.194936185838707882e-12
5.316945516949705780e+04 -1.143343910068118372e-12
5.318357643362451927e+04 -9.485691216060954817e-13
5.319769769768363767e+04 -8.391219434492268241e-13
5.321181896182225319e+04 -8.525203926008662048e-13
5.322594022591350949e+04 -8.105656710777828481e-13
5.324006149010606896e+04 -7.841729716099909802e-13
5.325418275417198311e+04 -6.225687343355306189e-13
5.326830401830256596e+04 -6.737507152680870561e-13
5.328242528241168475e+04 -7.010927542434973961e-13
5.329654654648454016e+04 -6.324066100000377343e-13
5.331066781071245350e+04 -2.822057135106188842e-13
5.332478907478654583e+04 -7.388566383563791408e-14
5.333891033892777341e+04 -1.289674495081234121e-13
5.335303160300479067e+04 -9.794856144146065047e-14
5.336715286722567544e+04 7.486487484120278444e-15
5.338127413130921923e+04 1.043588541666886705e-13
5.339539539542477723e+04 1.822490591432655010e-13
5.340951665949699236e+04 2.555673750992061274e-13
5.342363792360656953e+04 3.213212292290575527e-13
5.343775918782443478e+04 4.213533572313524937e-13
5.345188045187358512e+04 4.830307918808420897e-13
5.346600171598453744e+04 4.200698100285911139e-13
5.348012298008813377e+04 4.342978799711798494e-13
5.349424424420118885e+04 5.431583743274547555e-13
5.350836550838682888e+04 7.417775390618116981e-13
5.352248677248453896e+04 5.562322677879825264e-13
5.353660803659021622e+04 6.017953712626107625e-13
5.355072930068265123e+04 6.102839419191138230e-13
5.356485056488059490e+04 5.055257186095535977e-13
5.357897182902230270e+04 7.427717519215056007e-13
5.359309309311670950e+04 8.937512212028003408e-13
5.360721435718679277e+04 9.075352989599484163e-13
5.362133562131603685e+04 9.385239892362208069e-13
5.363545688552031061e+04 1.051043891343129952e-12
5.364957814962791599e+04 8.987847130828992207e-13
5.366369941368105356e+04 1.156773862614112287e-12
5.367782067776835174e+04 1.142787374994646671e-12
5.369194194192180294e+04 9.496014418629020767e-13
5.370606320609265822e+04 9.921711823095249408e-13
5.372018447022470355e+04 9.145742627887769575e-13
5.373430573427401396e+04 8.200753859864247116e-13
5.374842699839451234e+04 9.633251240392694103e-13
5.376254826251514896e+04 1.129806050461670736e-12
5.377666952667575970e+04 1.063625137486784500e-12
5.379079079079919757e+04 1.227133472445411641e-12
5.380491205487439584e+04 1.051678327163668264e-12
5.381903331900908961e+04 1.137212467777305645e-12
5.383315458321740880e+04 1.350850715229075284e-12
5.384727584729937371e+04 1.185728520040837349e-12
5.386139711140015424e+04 1.280047677657015658e-12
5.387551837548852200e+04 1.599540977320898784e-12
5.388963963959738612e+04 1.509367552991809947e-12
5.390376090379543894e+04 1.608759036282084745e-12
5.391788216787379497e+04 1.596711529028021869e-12
5.393200343200070347e+04 1.523705802535972761e-12
5.394612469609048276e+04 1.477973591435158347e-12
5.396024596019476303e+04 1.746716089457685302e-12
5.397436722439772711e+04 1.754093607205694220e-12
5.398848848847863701e+04 1.686438364726141034e-12
5.400260975262564170e+04 1.553316570458955274e-12
5.401673101670938195e+04 1.699608891115918093e-12
5.403085228091965109e+04 1.810491113427712268e-12
5.404497354496836488e+04 1.846097186965844456e-12
5.405909480912647996e+04 1.873955918601504612e-12
5.407321607317910821e+04 2.180454347060086760e-12
5.408733733728934021e+04 2.075198057764723375e-12
5.410145860149516375e+04 2.014337826123218814e-12
5.411557986562557198e+04 2.157369914307380425e-12
5.412970112968935427e+04 2.194958317562354643e-12
5.414382239377277438e+04 2.387126444046773173e-12
5.415794365788150026e+04 2.400543519872858907e-12
5.417206492211085424e+04 2.401252462391182835e-12
5.418618618617061293e+04 2.308963047844982491e-12
5.420030745031087281e+04 2.261353267959970138e-12
5.421442871440354793e+04 2.369420040206956064e-12
5.422854997847946652e+04 2.452127441862181498e-12
5.424267124271222565e+04 2.563402969227135044e-12
5.425679250678913377e+04 2.478499200432338320e-12
5.427091377092740731e+04 2.647856536945008670e-12
5.428503503499823273e+04 2.516811447545192984e-12
5.429915629919928324e+04 2.572080515962567114e-12
5.431327756332107674e+04 2.533747497285481161e-12
5.432739882741421752e+04 2.590601074809095865e-12
5.434152009151318634e+04 2.702392278833874561e-12
5.435564135557634290e+04 2.595001033980144891e-12
5.436976261978207913e+04 2.290066343063572029e-12
5.438388388391873741e+04 2.514830472495583842e-12
5.439800514802287216e+04 2.521035299976021499e-12
5.441212641207763227e+04 2.578275409216633355e-12
5.442624767620587227e+04 2.504452366827663206e-12
5.444036894038510945e+04 2.466495945641202586e-12
5.445449020451341494e+04 2.685410621963426759e-12
5.446861146858402208e+04 2.465118700621528849e-12
5.448273273270672507e+04 2.619254092998724833e-12
5.449685399689751648e+04 2.417038851206851375e-12
5.451097526097355876e+04 2.153427832660904971e-12
5.452509652511926834e+04 2.248010247275925791e-12
5.453921778921636724e+04 2.268914117340106216e-12
5.455333905330319976e+04 2.412309256342569126e-12
5.456746031751716509e+04 2.235351333544276632e-12
5.458158158160153107e+04 2.166112485069970924e-12
5.459570284571720549e+04 2.010466638728575753e-12
5.460982410979730048e+04 1.919577498545000567e-12
5.462394537389681500e+04 2.005264716555906634e-12
5.463806663809418387e+04 2.156835723862044928e-12
5.465218790221832751e+04 2.119471743811916218e-12
5.466630916628584237e+04 2.020564328279375813e-12
5.468043043039036274e+04 1.958697578884149288e-12
5.469455169460630714e+04 1.960314600003969482e-12
5.470867295872839895e+04 1.852839365781827009e-12
5.472279422279919527e+04 1.909787318455969958e-12
5.473691548687045724e+04 1.737684071463091269e-12
5.475103675097892119e+04 1.742617317967987738e-12
5.476515801519900560e+04 1.514069151399954864e-12
5.477927927932475723e+04 1.422224519261747277e-12
5.479340054342524672e+04 1.587216214839924529e-12
5.480752180749880790e+04 1.600197087817156438e-12
5.482164307156843279e+04 1.727365571153399126e-12
5.483576433582133177e+04 1.605145687217354057e-12
5.484988559988704219e+04 1.697158298092387452e-12
5.486400686402834981e+04 1.767961335664447079e-12
5.487812812812800257e+04 1.669891104481570749e-12
5.489224939216916391e+04 1.727576899241663618e-12
5.490637065639583307e+04 1.756215016091735664e-12
5.492049192048952682e+04 1.546533300070254575e-12
5.493461318460867187e+04 1.673820994122954250e-12
5.494873444871437096e+04 1.646961555349109811e-12
5.496285571289993095e+04 1.751368468289717169e-12
5.497697697698509000e+04 1.732115034470424206e-12
5.499109824110363115e+04 1.482688736515627701e-12
5.500521950520983228e+04 1.520338551351806722e-12
5.501934076928172726e+04 1.334637606235180106e-12
5.503346203351135046e+04 1.443574074845409119e-12
5.504758329759446497e+04 1.499820309893134992e-12
5.506170456171228579e+04 1.676600319728229858e-12
5.507582582579201699e+04 1.789379979276964601e-12
5.508994708990146319e+04 1.775532570826698600e-12
5.510406835408159532e+04 1.639137900525875450e-12
5.511818961818854586e+04 1.832471492385958591e-12
5.513231088231525064e+04 1.628102329694464474e-12
5.514643214642383828e+04 1.509226216043889390e-12
5.516055341059152852e+04 1.589952191093761454e-12
5.517467467471310374e+04 1.716357093666637428e-12
5.518879593878846208e+04 1.562967219823041837e-12
5.520291720291991078e+04 1.561772403324007006e-12
5.521703846702583542e+04 1.584979207683379322e-12
5.523115973120101989e+04 1.702663214169384341e-12
5.524528099528956227e+04 1.681712833863556035e-12
5.525940225942387042e+04 1.689153117860002643e-12
5.527352352350000729e+04 1.372944434679105035e-12
5.528764478759663325e+04 1.327851174956270412e-12
5.530176605178610771e+04 1.368916557441239863e-12
5.531588731590913085e+04 1.581680592972324936e-12
5.533000858002561290e+04 1.331713782791774541e-12
5.534412984407686599e+04 1.117997416196265860e-12
5.535825110829020559e+04 1.211234646249448333e-12
5.537237237237966474e+04 8.543990412111559401e-13
5.538649363651780004e+04 1.097591160562144669e-12
5.540061490060347569e+04 1.074259726817385429e-12
5.541473616467730608e+04 8.180402242475169114e-13
5.542885742887876404e+04 8.315060680939715689e-13
5.544297869298859587e+04 9.714657709949008130e-13
5.545709995711456577e+04 8.530100557421342770e-13
5.547122122120635322e+04 7.313180404710069173e-13
5.548534248529982142e+04 7.221329450791444000e-13
5.549946374950593599e+04 4.671285790167976728e-13
5.551358501357260684e+04 3.637733394043279280e-13
5.552770627768559643e+04 3.605045273723878390e-13
5.554182754179953918e+04 2.587396670908330360e-13
5.555594880587291118e+04 6.538259433205354979e-14
5.557007007010958478e+04 -2.849629643357345575e-14
5.558419133418500860e+04 7.888049863634319347e-14
5.559831259829357441e+04 1.335976015941197514e-14
5.561243386241629923e+04 3.992071906671098837e-16
5.562655512662168621e+04 -2.014647242322537161e-13
5.564067639072123711e+04 -2.525520883885391449e-17
5.565479765482091170e+04 -2.542768778456787354e-13
5.566891891889341059e+04 -3.074705960629149214e-13
5.568304018300957978e+04 -2.716604193284245368e-13
5.569716144722006720e+04 -2.925462271628387425e-13
5.571128271131970541e+04 -3.912779875109025619e-13
5.572540397538828984e+04 -4.072160990566073533e-13
5.573952523947232839e+04 -4.525170744217533971e-13
5.575364650362303655e+04 -4.598954952812506714e-13
5.576776776781911030e+04 -4.737848984157229730e-13
5.578188903190618294e+04 -6.061562070361227326e-13
5.579601029599727917e+04 -4.763303181455262898e-13
5.581013156008529768e+04 -5.030113924004293762e-13
5.582425282431927917e+04 -3.890044043390807385e-13
5.583837408840271382e+04 -6.317309697178453707e-13
5.585249535252611531e+04 -7.784305936560363270e-13
5.586661661660108075e+04 -8.877960402232128199e-13
5.588073788068215799e+04 -9.693813258542122255e-13
5.589485914491191943e+04 -1.126695219114517354e-12
5.590898040901537752e+04 -1.328769123958470255e-12
5.592310167312543490e+04 -1.347629704280348076e-12
5.593722293719407753e+04 -1.609157696178506215e-12
5.595134420127227349e+04 -1.526568150572505282e-12
5.596546546548246260e+04 -1.452154924825924164e-12
5.597958672957157250e+04 -1.475628598630092216e-12
5.599370799370946042e+04 -1.528071379644798224e-12
5.600782925781098311e+04 -1.671453875086424548e-12
5.602195052202056104e+04 -1.920233996771334814e-12
5.603607178609909897e+04 -2.217151767006174537e-12
5.605019305019814055e+04 -2.204797201846086237e-12
5.606431431427862117e+04 -2.202850996588776847e-12
5.607843557839142886e+04 -2.527048152439525630e-12
5.609255684257874236e+04 -2.611945147898159933e-12
5.610667810667412414e+04 -2.796434568953217882e-12
5.612079937080201489e+04 -2.742986624852022193e-12
5.613492063488904387e+04 -2.785740825820132487e-12
5.614904189896859316e+04 -2.932991347766193079e-12
5.616316316321332124e+04 -3.156246829456981811e-12
5.617728442732222175e+04 -3.130563241840918033e-12
5.619140569141105516e+04 -3.270427214924086143e-12
5.620552695551920624e+04 -3.263253800372435674e-12
5.621964821958594257e+04 -3.229832353524526445e-12
5.623376948378847737e+04 -3.282266103424349293e-12
5.624789074788385187e+04 -3.609453461412894554e-12
5.626201201197750197e+04 -3.896188649617032552e-12
5.627613327611690329e+04 -4.023978925212976966e-12
5.629025454029408138e+04 -3.998238441573149259e-12
5.630437580440728925e+04 -4.191462756943147233e-12
5.631849706850211805e+04 -4.274083008339750465e-12
5.633261833260457934e+04 -4.342275150599104521e-12
5.634673959670318436e+04 -4.448617431459161597e-12
5.636086086091629113e+04 -4.396681295989397983e-12
5.637498212502432580e+04 -4.345775610727796616e-12
5.638910338911696454e+04 -4.478203363816215571e-12
5.640322465322058270e+04 -4.867946545265567646e-12
5.641734591731274850e+04 -4.628462150129838558e-12
5.643146718152276298e+04 -4.844857596955420235e-12
5.644558844559863792e+04 -4.842690129383474735e-12
5.645970970968703477e+04 -4.952469652568041584e-12
5.647383097380740219e+04 -5.057972039743969820e-12
5.648795223802750115e+04 -5.107352369701815079e-12
5.650207350207258423e+04 -5.297526877575788082e-12
5.651619476618946646e+04 -5.304395943555877691e-12
5.653031603031920531e+04 -5.363088256069692725e-12
5.654443729442239419e+04 -5.331207517420842168e-12
5.655855855857751885e+04 -5.683862619379745034e-12
5.657267982267577463e+04 -5.738984029068779607e-12
5.658680108678672696e+04 -5.968254233271717425e-12
5.660092235091224575e+04 -6.229887437658262874e-12
5.661504361498414073e+04 -6.141672410591576188e-12
5.662916487919981591e+04 -6.116505402746825613e-12
5.664328614330450364e+04 -6.251097914072725100e-12
5.665740740740619367e+04 -6.219393282164094246e-12
