5.300000000000011642e+04 -6.444513450621591035e-12
5.301412126411291683e+04 -6.370584279423236998e-12
5.302824252819049434e+04 -6.419371272465472830e-12
5.304236379240429233e+04 -6.329782958206960296e-12
5.305648505649750587e+04 -6.285675248265766182e-12
5.307060632057878684e+04 -6.085446955274990080e-12
5.308472758470665576e+04 -5.946887437457109042e-12
5.309884884879877063e+04 -5.810996220878687729e-12
5.311297011300058512e+04 -5.519191255623343387e-12
5.312709137711313087e+04 -5.480416853111190252e-12
5.314121264118161344e+04 -5.175597582264945660e-12
5.315533390530558245e+04 -5.066609005000355053e-12
5.316945516948521254e+04 -5.084814435541298668e-12
5.318357643361672672e+04 -4.656335022505442068e-12
5.319769769769043342e+04 -4.798305067699739681e-12
5.321181896182162745e+04 -4.592453696717226303e-12
5.322594022588755615e+04 -4.615898084272111289e-12
5.324006149010489753e+04 -4.462597891626890490e-12
5.325418275419719430e+04 -4.307238228199841891e-12
5.326830401831576455e+04 -4.357883575531915554e-12
5.328242528238298837e+04 -4.125158682277619652e-12
5.329654654650526209e+04 -4.021107468050009687e-12
5.331066781070379511e+04 -3.892588031815596004e-12
5.332478907478113979e+04 -3.792690992495424734e-12
5.333891033889663231e+04 -3.804105389849080855e-12
5.335303160299170850e+04 -3.425980412160094749e-12
5.336715286721327720e+04 -3.203128952803339435e-12
5.338127413130698551e+04 -3.193146976086327504e-12
5.339539539541237173e+04 -3.244159172304685804e-12
5.340951665949085145e+04 -3.149962526198851565e-12
5.342363792362000095e+04 -2.763116089892787344e-12
5.343775918780118809e+04 -2.529390664434720490e-12
5.345188045189327386e+04 -2.760162863752215598e-12
5.346600171600250178e+04 -2.590693452172278588e-12
5.348012298011519306e+04 -2.476413843183928908e-12
5.349424424417919363e+04 -2.379965364299536021e-12
5.350836550841973076e+04 -2.200352497022349965e-12
5.352248677249603497e+04 -2.020397202993259426e-12
5.353660803661484533e+04 -1.912623831508727367e-12
5.355072930067731068e+04 -1.900229447556415128e-12
5.356485056490660645e+04 -1.802261627634706733e-12
5.357897182899797917e+04 -1.900647768136854500e-12
5.359309309311611287e+04 -1.541814682924664861e-12
5.360721435722161550e+04 -1.548699915773137331e-12
5.362133562131947110e+04 -1.441941505795758365e-12
5.363545688547890313e+04 -1.339102008471867676e-12
5.364957814958399103e+04 -1.068962534563404592e-12
5.366369941370062588e+04 -1.251136150929168849e-12
5.367782067779371573e+04 -1.157735743934743236e-12
5.369194194191401039e+04 -1.189903011500771607e-12
5.370606320608020906e+04 -1.230145520255096930e-12
5.372018447017997823e+04 -1.066933903725520917e-12
5.373430573431107041e+04 -1.005239888039844202e-12
5.374842699837734108e+04 -9.212541923130498854e-13
5.376254826248109748e+04 -9.649261372921040271e-13
5.377666952672161278e+04 -8.435614819078499548e-13
5.379079079080207157e+04 -7.060041330505413489e-13
5.380491205489954882e+04 -5.578683388396967263e-13
5.381903331898433680e+04 -2.844205487098195578e-13
5.383315458321009646e+04 -1.187122750422106537e-13
5.384727584728730289e+04 -2.236794700630262696e-13
5.386139711139458814e+04 -1.986458777989270941e-13
5.387551837548916228e+04 -2.001237830456352285e-13
5.388963963961414993e+04 -1.119480760519583784e-13
5.390376090380680398e+04 -1.103554255389518715e-13
5.391788216789122816e+04 -1.269426635462757197e-13
5.393200343200446514e+04 3.164280490152109672e-13
5.394612469611533015e+04 5.004213943639237158e-13
5.396024596018184820e+04 3.720860501971371981e-13
5.397436722438588185e+04 6.132123730412605706e-13
5.398848848849768547e+04 7.564797633635261612e-13
5.400260975260799023e+04 6.255774676613345893e-13
5.401673101669943571e+04 6.189866787469521466e-13
5.403085228089439624e+04 7.436267429263994996e-13
5.404497354501461086e+04 8.166669290506357411e-13
5.405909480908539263e+04 8.947565960527598232e-13
5.407321607320981275e+04 9.178019595284454439e-13
5.408733733731538086e+04 7.672751220658153296e-13
5.410145860149663349e+04 9.968778155760529004e-13
5.411557986560020800e+04 1.156739335513227883e-12
5.412970112970752234e+04 1.245591798371799751e-12
5.414382239377839142e+04 1.210908232586119565e-12
5.415794365791441669e+04 1.318887146266888677e-12
5.417206492211648583e+04 1.373701442390161439e-12
5.418618618617927132e+04 1.497506932891005967e-12
5.420030745029999525e+04 1.466015559738924339e-12
5.421442871438564180e+04 1.638245620099965936e-12
5.422854997849080246e+04 1.508987317387292927e-12
5.424267124269406486e+04 1.322815018010238165e-12
5.425679250682299607e+04 1.431105949224440256e-12
5.427091377088753507e+04 1.487097848793883390e-12
5.428503503499792714e+04 1.553524675988894726e-12
5.429915629921843356e+04 1.534560177944956625e-12
5.431327756331644196e+04 1.539375688745316963e-12
5.432739882738439337e+04 1.725743709777799695e-12
5.434152009151665698e+04 1.585752417411486025e-12
5.435564135559765418e+04 1.457749593310699332e-12
5.436976261980269919e+04 1.644010277555037862e-12
5.438388388390544424e+04 1.434102420202610845e-12
5.439800514801796817e+04 1.401286824652977502e-12
5.441212641207717388e+04 1.411343747602481685e-12
5.442624767622235231e+04 1.242360668155343121e-12
5.444036894040815969e+04 1.165795597041318963e-12
5.445449020450576791e+04 1.225330988941030976e-12
5.446861146858748543e+04 1.328150500602923624e-12
5.448273273271205107e+04 1.257287201024753779e-12
5.449685399689307815e+04 1.407958245376110045e-12
5.451097526099714014e+04 1.190723058548601582e-12
5.452509652508403087e+04 1.239717047485549466e-12
5.453921778919234202e+04 1.180197161702904788e-12
5.455333905328303808e+04 1.331965522272060798e-12
5.456746031750884868e+04 1.136149968690820783e-12
5.458158158160630410e+04 1.314038211169738581e-12
5.459570284570729564e+04 1.005809855877415567e-12
5.460982410980897839e+04 9.924280768482922076e-13
5.462394537391166523e+04 8.791441759384034015e-13
5.463806663808113080e+04 8.503489719639546505e-13
5.465218790220944356e+04 9.407510127881237933e-13
5.466630916628021805e+04 8.544157096001517121e-13
5.468043043041862984e+04 8.609251775450254147e-13
5.469455169459717581e+04 8.399261046516610869e-13
5.470867295868797373e+04 7.350578903447921577e-13
5.472279422281478764e+04 9.436168878025493795e-13
5.473691548690832860e+04 8.943787636668853374e-13
5.475103675099243992e+04 8.312924709587501484e-13
5.476515801519066736e+04 8.290585563599139241e-13
5.477927927931641898e+04 7.035634159692970024e-13
5.479340054342172516e+04 8.885298563090808798e-13
5.480752180748403043e+04 8.721615991327859524e-13
5.482164307161291799e+04 8.359579170039365492e-13
5.483576433580838784e+04 9.719472528453568548e-13
5.484988559988256748e+04 7.165008585993458307e-13
5.486400686401754501e+04 6.708150135936222449e-13
5.487812812811669573e+04 7.726702170641154422e-13
5.489224939220405213e+04 9.224637874796495137e-13
5.490637065640110086e+04 7.813116038155600481e-13
5.492049192048838449e+04 8.986712014515072288e-13
5.493461318458346796e+04 9.615915787070216742e-13
5.494873444870512321e+04 1.200316520887981467e-12
5.496285571291384258e+04 1.108740494711624383e-12
5.497697697697946569e+04 1.147459269028797855e-12
5.499109824108065368e+04 1.168031751412620339e-12
5.500521950518312951e+04 1.052467762133072473e-12
5.501934076932197058e+04 1.008010346179462235e-12
5.503346203350820724e+04 1.017388445781795580e-12
5.504758329762001085e+04 9.793674467326527750e-13
5.506170456169615500e+04 8.639526607573306724e-13
5.507582582580726739e+04 1.016971503522873488e-12
5.508994708990044455e+04 1.058594401276572281e-12
5.510406835411125940e+04 1.125798257226847506e-12
5.511818961820442200e+04 1.075803779158676054e-12
5.513231088230370369e+04 1.075626664843729048e-12
5.514643214638177596e+04 7.873658810794121252e-13
5.516055341058917111e+04 9.190045450521131664e-13
5.517467467469917028e+04 7.884547550779194607e-13
5.518879593881965411e+04 1.052246541529578350e-12
5.520291720290321973e+04 1.060705645260386704e-12
5.521703846702339797e+04 1.071386258696377575e-12
5.523115973117746034e+04 8.709559123857046014e-13
5.524528099527851009e+04 8.408657753459425581e-13
5.525940225938484946e+04 1.001510871065587452e-12
5.527352352351901936e+04 8.755209132503325964e-13
5.528764478759479243e+04 8.093700949391199591e-13
5.530176605181040213e+04 7.434615166345373962e-13
5.531588731588228984e+04 9.742345774029806774e-13
5.533000857998495485e+04 7.279367922267063034e-13
5.534412984410875652e+04 7.215689468177145336e-13
5.535825110829881305e+04 8.624568373309003666e-13
5.537237237239503884e+04 9.043085364564372138e-13
5.538649363648736471e+04 1.090029435536642417e-12
5.540061490058396157e+04 9.654619055270323283e-13
5.541473616470275010e+04 8.760298584705208878e-13
5.542885742888479581e+04 8.735922968675334930e-13
5.544297869301941682e+04 1.021191924008227121e-12
5.545709995711476950e+04 8.847880579705396101e-13
5.547122122118395055e+04 8.084514436479743384e-13
5.548534248532105994e+04 7.840386129371380605e-13
5.549946374948959419e+04 6.554274321767423779e-13
5.551358501360384253e+04 7.136656512386757452e-13
5.552770627768008853e+04 6.201837509845516562e-13
5.554182754179180483e+04 8.594769062109349217e-13
5.555594880589070090e+04 9.995722618517895301e-13
5.557007007011126552e+04 1.119546879986050482e-12
5.558419133420696744e+04 1.182015512364336200e-12
5.559831259829566261e+04 9.385991083195547474e-13
5.561243386240777181e+04 1.063117018754549406e-12
5.562655512661969988e+04 1.116902570155498289e-12
5.564067639067705022e+04 9.580227597188763772e-13
5.565479765480909555e+04 8.031893566760742162e-13
5.566891891888005921e+04 9.089028266533034291e-13
5.568304018298815936e+04 1.034827314196496351e-12
5.569716144720595184e+04 1.173888584119148200e-12
5.571128271131070505e+04 1.342345661617324323e-12
5.572540397538894467e+04 1.346405163065556622e-12
5.573952523949119495e+04 1.367757775428056423e-12
5.575364650361021631e+04 1.422627721282581934e-12
5.576776776779475767e+04 1.433908938319648229e-12
5.578188903191483405e+04 1.444906910284950860e-12
5.579601029598248715e+04 1.758280022930031075e-12
5.581013156011569663e+04 1.673576996998682088e-12
5.582425282427956699e+04 1.650938755241109375e-12
5.583837408841493743e+04 1.512382295574094380e-12
5.585249535248539905e+04 1.145524105618792629e-12
5.586661661661542166e+04 1.327905676243449230e-12
5.588073788068631984e+04 1.382126432663421696e-12
5.589485914491245057e+04 1.412893670148458027e-12
5.590898040899250918e+04 1.393351827679045505e-12
5.592310167308588279e+04 1.267986594091415147e-12
5.593722293719688605e+04 9.519664149727485814e-13
5.595134420129333739e+04 9.848280120030151244e-13
5.596546546547731123e+04 1.085008554830234359e-12
5.597958672960453259e+04 1.191919441625442452e-12
5.599370799367741711e+04 1.120834232283019742e-12
5.600782925779105426e+04 1.137152180723940498e-12
5.602195052199642669e+04 1.116490796602265241e-12
5.603607178608735558e+04 1.135863794685833429e-12
5.605019305021733453e+04 1.334576407805823233e-12
5.606431431430473458e+04 1.039229328541727293e-12
5.607843557839353889e+04 1.094436274007183336e-12
5.609255684258439578e+04 1.044504509568039964e-12
5.610667810671107145e+04 9.933784295343311379e-13
5.612079937078703369e+04 1.199587044225057390e-12
5.613492063490950386e+04 1.243038285471186414e-12
5.614904189900185156e+04 1.100834787069930708e-12
5.616316316320576880e+04 1.133708444413471687e-12
5.617728442732102849e+04 9.845003160623250745e-13
5.619140569139026047e+04 8.333639159087585272e-13
5.620552695548423071e+04 1.058711558605525566e-12
5.621964821961679263e+04 8.112018842353429876e-13
5.623376948378855013e+04 8.240440503905224544e-13
5.624789074787894788e+04 8.922964644349298647e-13
5.626201201200773357e+04 8.906931319301658230e-13
5.627613327612142166e+04 8.300394044095186193e-13
5.629025454032183916e+04 8.653961079661113908e-13
5.630437580441300088e+04 7.962377921045914365e-13
5.631849706850128132e+04 6.223583977581526987e-13
5.633261833260173444e+04 7.831630341934017476e-13
5.634673959670826298e+04 7.645405321758932847e-13
5.636086086091308243e+04 7.922306668740088263e-13
5.637498212499480724e+04 5.537162633047857987e-13
5.638910338909539860e+04 7.158037724920737034e-13
5.640322465321450727e+04 7.511763267461130792e-13
5.641734591730061948e+04 4.425022567331985571e-13
5.643146718150542438e+04 3.505065316548851742e-13
5.644558844559166755e+04 4.213677637507794525e-13
5.645970970971691713e+04 1.854397805083904397e-13
5.647383097380400432e+04 3.637601267829183183e-13
5.648795223801019165e+04 3.506770989426260072e-13
5.650207350209094147e+04 4.884303417455522172e-13
5.651619476622102229e+04 1.899000289377189062e-13
5.653031603029926191e+04 1.724718425147757707e-13
5.654443729438831360e+04 2.331476231796965832e-13
5.655855855859466828e+04 2.809619411881985275e-13
5.657267982269978529e+04 2.959790986973583568e-13
5.658680108678975375e+04 3.175691269411783059e-13
5.660092235087898734e+04 2.308947566600002271e-13
5.661504361498612707e+04 2.073826590605874236e-13
5.662916487920897634e+04 3.357085272669439006e-13
5.664328614332142024e+04 3.662218090124549901e-13
5.665740740741647460e+04 5.972026517496007277e-13
