5.299999999999927968e+04 -7.375522357902621649e-12
5.301412126409870689e+04 -7.284607904638709722e-12
5.302824252821169648e+04 -7.278968723368776914e-12
5.304236379240376846e+04 -7.082197726472961641e-12
5.305648505650858715e+04 -6.813822244709911620e-12
5.307060632061018259e+04 -6.630278345316609752e-12
5.308472758469318796e+04 -6.522021551569386388e-12
5.309884884880346362e+04 -6.206978713229024745e-12
5.311297011300020677e+04 -6.178092787613207801e-12
5.312709137709109928e+04 -5.683777190726666611e-12
5.314121264120836713e+04 -5.697547545875296077e-12
5.315533390529184544e+04 -5.526927107276552853e-12
5.316945516950079764e+04 -5.598017278870443975e-12
5.318357643359863869e+04 -5.548453530572584385e-12
5.319769769770873972e+04 -5.341494998613292036e-12
5.321181896181047341e+04 -5.468224754954913867e-12
5.322594022590710665e+04 -5.317828863335537156e-12
5.324006149010539957e+04 -5.258710990189749903e-12
5.325418275420572900e+04 -5.295855027666362956e-12
5.326830401830188930e+04 -5.017085630947149391e-12
5.328242528240039246e+04 -4.918250277072126741e-12
5.329654654649805161e+04 -4.628821378284942670e-12
5.331066781071457081e+04 -4.521107795649474114e-12
5.332478907479824557e+04 -4.522789795652737592e-12
5.333891033890007384e+04 -4.355515146613769789e-12
5.335303160301181197e+04 -4.507308123853178941e-12
5.336715286720720906e+04 -4.323130767709967214e-12
5.338127413131359936e+04 -4.258809050000614693e-12
5.339539539541109116e+04 -4.058772907593282288e-12
5.340951665950121969e+04 -3.887876830460675197e-12
5.342363792359179934e+04 -3.709669212423404443e-12
5.343775918778841151e+04 -3.687551988875387203e-12
5.345188045190301636e+04 -3.624872561847593550e-12
5.346600171598714951e+04 -3.658649807255997891e-12
5.348012298009628284e+04 -3.463942314569430604e-12
5.349424424418223498e+04 -3.381543827818405826e-12
5.350836550838416588e+04 -3.234545689129004302e-12
5.352248677249463071e+04 -3.204451669446141649e-12
5.353660803660660167e+04 -3.122593694813912431e-12
5.355072930069105496e+04 -2.941468806639291375e-12
5.356485056490166608e+04 -2.765404747424283797e-12
5.357897182898922620e+04 -2.779121091690814646e-12
5.359309309309191303e+04 -2.771844234396827139e-12
5.360721435719267902e+04 -2.668572015302381043e-12
5.362133562129447819e+04 -2.664817188706140749e-12
5.363545688550556224e+04 -2.808249368260659371e-12
5.364957814960359974e+04 -2.525748443148799564e-12
5.366369941368381114e+04 -2.348383779556338101e-12
5.367782067781536171e+04 -2.475590606170751112e-12
5.369194194188751862e+04 -2.425338955920175308e-12
5.370606320609651448e+04 -2.231630121651569978e-12
5.372018447021119209e+04 -2.409887004066080445e-12
5.373430573429834476e+04 -2.153082291258305269e-12
5.374842699839708803e+04 -1.932393640861516292e-12
5.376254826249206963e+04 -1.931804950167246325e-12
5.377666952671277977e+04 -2.202603041806256691e-12
5.379079079080426891e+04 -2.135249951705468492e-12
5.380491205489299318e+04 -2.081644476962053189e-12
5.381903331899643672e+04 -1.664304283375092157e-12
5.383315458320161997e+04 -1.518152697787779256e-12
5.384727584730891249e+04 -1.472164711863598371e-12
5.386139711140954023e+04 -1.497962865441996133e-12
5.387551837549061747e+04 -1.397201950716286569e-12
5.388963963958534441e+04 -1.364364451224346455e-12
5.390376090380110691e+04 -1.467462011349107667e-12
5.391788216789673606e+04 -1.393714479537585365e-12
5.393200343199208874e+04 -1.238981089071769441e-12
5.394612469608715037e+04 -1.145844426159146835e-12
5.396024596021559410e+04 -1.183223182954522479e-12
5.397436722441461461e+04 -1.023051538835454470e-12
5.398848848850751529e+04 -1.202670699167691276e-12
5.400260975259297993e+04 -1.050456182660061798e-12
5.401673101668448362e+04 -1.001749225023792756e-12
5.403085228089395969e+04 -8.295047061902408861e-13
5.404497354501282098e+04 -7.676800223121373160e-13
5.405909480910751881e+04 -8.275524966619413875e-13
5.407321607319168106e+04 -1.088172096415034968e-12
5.408733733728859079e+04 -1.000274644180620607e-12
5.410145860150429507e+04 -7.851524961370264233e-13
5.411557986559265555e+04 -8.999437069539930217e-13
5.412970112969852926e+04 -9.671467702737160914e-13
5.414382239380369720e+04 -9.478414630689017101e-13
5.415794365789961012e+04 -7.498620773884186722e-13
5.417206492210034048e+04 -8.357735671710846971e-13
5.418618618620726920e+04 -7.290720138267453908e-13
5.420030745030785329e+04 -5.195186017856917896e-13
5.421442871439933515e+04 -4.930146150139957252e-13
5.422854997850055224e+04 -3.521047219374974067e-13
5.424267124270839849e+04 -5.266300449364538431e-13
5.425679250678494282e+04 -5.724841359915122229e-13
5.427091377088696026e+04 -5.020467484189543294e-13
5.428503503498750797e+04 -6.631214073319096398e-13
5.429915629918637569e+04 -4.362417014064917775e-13
5.431327756329005206e+04 -5.069783979913976798e-13
5.432739882740596659e+04 -4.513443973670320973e-13
5.434152009150890808e+04 -5.664275957901574399e-13
5.435564135561334842e+04 -5.277316063388638883e-13
5.436976261981234711e+04 -3.726169443388691756e-13
5.438388388391343324e+04 -5.489242231493169309e-13
5.439800514798424410e+04 -5.554648448005761327e-13
5.441212641208613059e+04 -6.231312662679390709e-13
5.442624767618669284e+04 -6.891897083895287529e-13
5.444036894039726030e+04 -7.345263373461248247e-13
5.445449020449141972e+04 -8.595271870482199058e-13
5.446861146860026201e+04 -6.913446836417820751e-13
5.448273273268978664e+04 -5.314653994037636569e-13
5.449685399690891791e+04 -5.155302967869918958e-13
5.451097526101488620e+04 -3.364558987118893168e-13
5.452509652509696025e+04 -3.489562690928486190e-13
5.453921778920304496e+04 -3.487538756437857937e-13
5.455333905328455148e+04 -1.051440120260930110e-13
5.456746031750834663e+04 -1.977625303362863742e-13
5.458158158158325386e+04 -2.567764146958600805e-13
5.459570284569189971e+04 -2.237960857374139793e-13
5.460982410980312125e+04 -5.348677587880689612e-14
5.462394537389988545e+04 -8.263391437646150065e-14
5.463806663811257022e+04 8.873302844741997047e-14
5.465218790221068048e+04 -7.832992027021052739e-14
5.466630916630098363e+04 -2.530341834000980521e-13
5.468043043038941687e+04 -4.206761436648328865e-13
5.469455169460917386e+04 -5.159916694685465743e-13
5.470867295871421811e+04 -4.457074109678117932e-13
5.472279422280495055e+04 -3.319186123406241671e-13
5.473691548689574120e+04 -2.860325056449415418e-13
5.475103675099852990e+04 -3.609199431726449555e-13
5.476515801520471723e+04 -4.616722955758619609e-13
5.477927927930575970e+04 -3.051078710587605301e-13
5.479340054339780909e+04 -2.120456010785188911e-13
5.480752180750176922e+04 -2.986029877970353556e-13
5.482164307160666067e+04 -4.785522318659411722e-13
5.483576433579847071e+04 -4.064142925913862173e-13
5.484988559990359499e+04 -3.953909848862056028e-13
5.486400686399878032e+04 -2.847582086931167283e-13
5.487812812810429023e+04 -2.912159371353177295e-13
5.489224939218656073e+04 -1.413607747950895388e-13
5.490637065640390938e+04 -2.373854842661202614e-13
5.492049192050332931e+04 -2.229044873735166979e-13
5.493461318458827736e+04 -9.693820478747987777e-14
5.494873444870905951e+04 -2.520492681301950951e-13
5.496285571288668143e+04 -3.219749018192857534e-13
5.497697697700914432e+04 -1.488417628209644626e-13
5.499109824108826433e+04 -1.591125788798440764e-13
5.500521950518427911e+04 -7.098096573900320536e-14
5.501934076929737057e+04 1.387884747664411546e-14
5.503346203350056021e+04 -1.621741675832642077e-13
5.504758329759509070e+04 -1.198708344383737784e-13
5.506170456170354009e+04 -4.450410389129574522e-13
5.507582582580256712e+04 -4.066173064986006897e-13
5.508994708989067294e+04 -3.476395328034520597e-13
5.510406835410201165e+04 -3.155436048943443248e-13
5.511818961821554694e+04 -2.622700752620530245e-13
5.513231088229191664e+04 -4.980097995011663699e-13
5.514643214638751670e+04 -2.183325794373903898e-13
5.516055341060236242e+04 -7.718827727120496269e-14
5.517467467469045368e+04 -1.624092121951109578e-14
5.518879593880472385e+04 -2.970424114540468708e-13
5.520291720291523961e+04 -2.177523269739827842e-13
5.521703846701532893e+04 -1.301123648724962832e-13
5.523115973119472619e+04 -3.044613536647584938e-13
5.524528099529104657e+04 -4.427979586031722045e-13
5.525940225938455114e+04 -2.687053431191649342e-13
5.527352352350075671e+04 -1.858488651835117222e-13
5.528764478760863130e+04 -1.026186232573145100e-13
5.530176605178843602e+04 -1.602924421009902696e-13
5.531588731591025862e+04 -1.140732734695107477e-13
5.533000858001235611e+04 -3.756594379952270376e-14
5.534412984410013451e+04 1.803219434367847976e-14
5.535825110831003258e+04 8.181281049899137130e-14
5.537237237238997477e+04 -7.570265227293381708e-14
5.538649363650893793e+04 1.470902048352968323e-14
5.540061490060749202e+04 1.724072286144684319e-15
5.541473616470192792e+04 -8.634600647006214695e-15
5.542885742890384427e+04 2.082850146618701177e-13
5.544297869300853927e+04 -9.708737799114056020e-15
5.545709995711474767e+04 3.262251746900068518e-13
5.547122122118624975e+04 2.855821875588875265e-13
5.548534248530738842e+04 5.616289828858258146e-13
5.549946374950688914e+04 2.938774648629662291e-13
5.551358501359516231e+04 1.790897286116487386e-13
5.552770627769453131e+04 5.466516194719154411e-13
5.554182754178475443e+04 4.069120345610281870e-13
5.555594880589903187e+04 4.403482761692945678e-13
5.557007007008880464e+04 4.091159019156302238e-13
5.558419133421005972e+04 4.567030566798312080e-13
5.559831259830971248e+04 5.216138994041596162e-13
5.561243386239047686e+04 7.135831551530300475e-13
5.562655512658337830e+04 8.271205441371757843e-13
5.564067639068438439e+04 6.421654437008911739e-13
5.565479765481540380e+04 6.821974036442818919e-13
5.566891891888591636e+04 6.687210525908031901e-13
5.568304018301228643e+04 9.799612270114337465e-13
5.569716144718365831e+04 8.582566232857065413e-13
5.571128271129915811e+04 7.621744593898345453e-13
5.572540397538845718e+04 9.011665163196339002e-13
5.573952523949374154e+04 1.106758054879247130e-12
5.575364650360891392e+04 1.015822715442805049e-12
5.576776776780576620e+04 1.183516173734125485e-12
5.578188903190503333e+04 1.189261119851730020e-12
5.579601029601119808e+04 1.153838915791715202e-12
5.581013156011306273e+04 1.506114703261818743e-12
5.582425282429417712e+04 1.556576812917428532e-12
5.583837408840248099e+04 1.476197700289617415e-12
5.585249535250430199e+04 1.570338078354137262e-12
5.586661661660747632e+04 1.478623443479243533e-12
5.588073788070001319e+04 1.626641925599006318e-12
5.589485914489802235e+04 1.702262372387049553e-12
5.590898040899950865e+04 1.874826178985431935e-12
5.592310167309732788e+04 2.016923504872526234e-12
5.593722293719393929e+04 2.044770163084357132e-12
5.595134420130180661e+04 2.160556588776543940e-12
5.596546546549628692e+04 2.136522521814870482e-12
5.597958672960863623e+04 2.220326563439698306e-12
5.599370799368492590e+04 2.294571082230679166e-12
5.600782925779546349e+04 2.472723479492454233e-12
5.602195052201570797e+04 2.628559237956277575e-12
5.603607178608351387e+04 2.802097412035984863e-12
5.605019305019722378e+04 2.797994942737384419e-12
5.606431431431324017e+04 2.996271527872499976e-12
5.607843557838589913e+04 3.091636442145083929e-12
5.609255684261395800e+04 3.026566265767415886e-12
5.610667810668991297e+04 3.281337302891582181e-12
5.612079937081567186e+04 3.522212559251765595e-12
5.613492063489442080e+04 3.646157265088150717e-12
5.614904189899850462e+04 3.755736627431396012e-12
5.616316316318244208e+04 3.830053119367965921e-12
5.617728442730681127e+04 3.903445376841863086e-12
5.619140569140254229e+04 4.143583032551385257e-12
5.620552695549683267e+04 4.170306909692019960e-12
5.621964821961412963e+04 4.255454615490025517e-12
5.623376948379858368e+04 4.609343097787854489e-12
5.624789074791126041e+04 4.528402098257924077e-12
5.626201201200946525e+04 4.785417704791439563e-12
5.627613327611241402e+04 5.115493995962619412e-12
5.629025454029582033e+04 5.078437256947941870e-12
5.630437580438559235e+04 5.185157051761938734e-12
5.631849706848496862e+04 5.305983583111474066e-12
5.633261833258628758e+04 5.185524362987705765e-12
5.634673959668486350e+04 5.373536088462197153e-12
5.636086086089970195e+04 5.738223520797576525e-12
5.637498212500153750e+04 5.861961738161097436e-12
5.638910338911572762e+04 6.020974242361284282e-12
5.640322465320939955e+04 5.863947204246324676e-12
5.641734591730640386e+04 6.229829390798489696e-12
5.643146718149865046e+04 6.434063366922328964e-12
5.644558844561455044e+04 6.331294153251411666e-12
5.645970970971432689e+04 6.611459301605632878e-12
5.647383097380624531e+04 6.655768451863123695e-12
5.648795223799470114e+04 6.906983519228648315e-12
5.650207350209273136e+04 7.065017188648817467e-12
5.651619476618286717e+04 7.257585062422383916e-12
5.653031603031147097e+04 7.460290229660598548e-12
5.654443729441455798e+04 7.723955658480061013e-12
5.655855855861170130e+04 7.838397923632548285e-12
5.657267982271032815e+04 7.819487848270325158e-12
5.658680108681374986e+04 7.803425924007359911e-12
5.660092235089826863e+04 7.921162077395238518e-12
5.661504361501434323e+04 8.034702940945034145e-12
5.662916487918667553e+04 8.212524758103618803e-12
5.664328614329470292e+04 8.487918335088516781e-12
5.665740740740075853e+04 8.418903037599502941e-12
