5.300000000000083674e+04 8.857730196572503397e-12
5.301412126406014431e+04 8.902275579068530433e-12
5.302824252822605922e+04 8.775930825297118004e-12
5.304236379240883252e+04 8.899807172651458753e-12
5.305648505645823752e+04 8.924594901159092935e-12
5.307060632060045464e+04 8.867284539302453162e-12
5.308472758473760769e+04 8.857484959589113433e-12
5.309884884878359298e+04 8.799549472806320753e-12
5.311297011302926694e+04 8.662039293270580487e-12
5.312709137709114293e+04 8.744638843767776836e-12
5.314121264118648105e+04 8.730614942324808922e-12
5.315533390531836631e+04 8.528617416264623150e-12
5.316945516950976162e+04 8.796142554031501375e-12
5.318357643363164243e+04 8.736373383562275557e-12
5.319769769768697734e+04 8.534218268393629721e-12
5.321181896180400508e+04 8.593582520167932833e-12
5.322594022587419022e+04 8.362034058336421916e-12
5.324006149013537652e+04 8.666241884122127105e-12
5.325418275418377016e+04 8.584640666260953602e-12
5.326830401830474875e+04 8.668714697078364566e-12
5.328242528243859852e+04 8.459426380937011259e-12
5.329654654646510608e+04 8.474766771168066832e-12
5.331066781066047406e+04 8.382496497016082736e-12
5.332478907483341754e+04 8.422957782309658370e-12
5.333891033889223763e+04 8.714887179070763621e-12
5.335303160297447903e+04 8.586555237104690259e-12
5.336715286722609744e+04 8.445163520319877878e-12
5.338127413131323556e+04 8.380047185602066006e-12
5.339539539539389807e+04 8.264402857046400485e-12
5.340951665948509617e+04 8.467716630440472166e-12
5.342363792363528046e+04 8.351792215011752473e-12
5.343775918782781082e+04 8.470722252333382162e-12
5.345188045187839452e+04 8.457392370748558558e-12
5.346600171602416231e+04 8.400689910085072225e-12
5.348012298013844702e+04 8.249522195613875841e-12
5.349424424422633456e+04 8.431370690547180141e-12
5.350836550839441043e+04 8.173394583517830953e-12
5.352248677247796877e+04 8.230006257401775945e-12
5.353660803662850958e+04 7.897202849633008824e-12
5.355072930068783171e+04 7.820261375910436692e-12
5.356485056492251897e+04 8.060553377265246577e-12
5.357897182904303918e+04 8.196962123221175413e-12
5.359309309307902731e+04 8.061301885288062366e-12
5.360721435720863519e+04 7.902296889394309623e-12
5.362133562133162195e+04 7.846744716543951961e-12
5.363545688546406018e+04 7.864840904054708857e-12
5.364957814955811045e+04 7.769170954753932034e-12
5.366369941367983120e+04 7.814882420192064494e-12
5.367782067781258957e+04 7.528095354032442017e-12
5.369194194188912661e+04 7.455981032694430916e-12
5.370606320608125679e+04 7.479179630378787402e-12
5.372018447019749146e+04 7.409654341952384987e-12
5.373430573427640775e+04 7.560325626586513690e-12
5.374842699842478032e+04 7.292697146421646746e-12
5.376254826249270263e+04 7.191745466960730318e-12
5.377666952670730097e+04 7.248949508484237496e-12
5.379079079080512747e+04 7.188398589797204091e-12
5.380491205493493180e+04 7.270298888928568781e-12
5.381903331896251620e+04 7.097484000498587206e-12
5.383315458320060861e+04 6.965232452004433510e-12
5.384727584730835224e+04 6.835878353921181441e-12
5.386139711142130545e+04 6.758031587914668852e-12
5.387551837553572841e+04 6.878945412950962536e-12
5.388963963957751548e+04 6.841591482253611592e-12
5.390376090383701376e+04 6.532978887965466871e-12
5.391788216789066064e+04 6.577457971162160816e-12
5.393200343201219221e+04 6.442973132279070389e-12
5.394612469611672714e+04 6.553393357743880035e-12
5.396024596017898875e+04 6.562728621028872548e-12
5.397436722437963181e+04 6.466123761062179219e-12
5.398848848851080402e+04 6.376061344123302777e-12
5.400260975261669955e+04 6.353199172625546102e-12
5.401673101668377058e+04 5.904157458966878057e-12
5.403085228091802855e+04 5.916612632466542639e-12
5.404497354501992231e+04 5.865367036743588146e-12
5.405909480912292202e+04 5.707573175121593428e-12
5.407321607316077279e+04 5.627025985332119771e-12
5.408733733728648804e+04 5.490001692133340723e-12
5.410145860153458489e+04 5.434760190354817858e-12
5.411557986560044810e+04 5.137738685466020153e-12
5.412970112971580238e+04 5.287229098088238752e-12
5.414382239376439247e+04 5.117951674671034325e-12
5.415794365787525021e+04 5.021666178127409712e-12
5.417206492211782461e+04 4.830494331649690829e-12
5.418618618618870096e+04 4.659344511389174789e-12
5.420030745029993705e+04 4.624717403467416951e-12
5.421442871438196016e+04 4.722659597768209116e-12
5.422854997846331389e+04 4.749594296787955716e-12
5.424267124267354666e+04 4.284710612038212868e-12
5.425679250675673393e+04 4.112591111706847877e-12
5.427091377086146531e+04 4.093169823541505204e-12
5.428503503500567604e+04 3.858204623797672081e-12
5.429915629918609920e+04 4.000815845266539662e-12
5.431327756333311117e+04 3.992782181093911386e-12
5.432739882740642497e+04 3.878471323605129624e-12
5.434152009151541279e+04 3.465444918553975195e-12
5.435564135560458089e+04 3.276810594758337396e-12
5.436976261979398259e+04 3.263928530231466388e-12
5.438388388391098124e+04 3.132379774431423491e-12
5.439800514798374934e+04 3.069927484396968641e-12
5.441212641210196307e+04 2.994872572830827505e-12
5.442624767618029728e+04 2.921223890530777414e-12
5.444036894040396146e+04 2.732802046431938858e-12
5.445449020447121438e+04 2.885303875847888451e-12
5.446861146856495907e+04 2.554611421672930711e-12
5.448273273273416271e+04 2.418805989280338223e-12
5.449685399690089253e+04 1.970500871903908037e-12
5.451097526100545656e+04 1.972715167895706137e-12
5.452509652508491854e+04 1.894676526284204943e-12
5.453921778916459880e+04 1.940664859206044332e-12
5.455333905334258452e+04 1.832566135398236580e-12
5.456746031751536793e+04 1.950718368254005924e-12
5.458158158161265601e+04 1.714540746482677697e-12
5.459570284573287063e+04 1.339872721604653991e-12
5.460982410977943073e+04 1.300053382546559800e-12
5.462394537389429752e+04 1.268243240302068375e-12
5.463806663805900462e+04 1.237914017156482413e-12
5.465218790222059761e+04 1.088540790306438202e-12
5.466630916634312598e+04 8.901903494662416831e-13
5.468043043039837357e+04 8.687543674485182515e-13
5.469455169463380298e+04 7.572096092853440404e-13
5.470867295870959060e+04 6.268397938636037099e-13
5.472279422282738960e+04 6.520437491712381924e-13
5.473691548693287768e+04 4.222694928080037878e-13
5.475103675103231217e+04 5.088543253759284158e-13
5.476515801516744250e+04 5.313269507628857731e-13
5.477927927930776059e+04 4.301016232076069825e-13
5.479340054341799259e+04 1.190300593374098894e-13
5.480752180745696387e+04 1.314639848673948148e-13
5.482164307159245800e+04 -3.904453303550803794e-14
5.483576433579550212e+04 1.132396656606891543e-13
5.484988559985729808e+04 5.963618918112957958e-14
5.486400686396565288e+04 -1.489138641022740161e-14
5.487812812811616459e+04 9.874790646109458269e-14
5.489224939219488442e+04 -1.047026909801588857e-13
5.490637065643096139e+04 -1.561556153769599236e-13
5.492049192052122817e+04 -1.137292148269228393e-13
5.493461318463724456e+04 -4.296059823530961637e-14
5.494873444873988774e+04 -3.004370560382452945e-13
5.496285571293281828e+04 -4.428177692299787698e-13
5.497697697702492587e+04 -3.962847156308896730e-13
5.499109824106036831e+04 -4.500356401424706991e-13
5.500521950519340317e+04 -7.349309931227082568e-13
5.501934076934374025e+04 -7.377563292122724499e-13
5.503346203351336590e+04 -6.545157982963980225e-13
5.504758329761265486e+04 -9.504034342577295108e-13
5.506170456173248385e+04 -1.061758248449522351e-12
5.507582582578026631e+04 -1.052917805306925312e-12
5.508994708987837657e+04 -1.250220012976244295e-12
5.510406835413015506e+04 -1.238353343848927026e-12
5.511818961823015707e+04 -1.470624558588490132e-12
5.513231088232214097e+04 -1.477488296672982870e-12
5.514643214644236286e+04 -1.651510456107506385e-12
5.516055341064037930e+04 -1.708543869995705043e-12
5.517467467470098927e+04 -1.745109694181290727e-12
5.518879593883427151e+04 -1.690803746946554624e-12
5.520291720290257945e+04 -1.857435476199670405e-12
5.521703846701516886e+04 -1.938381226390110105e-12
5.523115973122180731e+04 -2.155687431696297875e-12
5.524528099532579654e+04 -2.236222387806258878e-12
5.525940225939136872e+04 -2.427196563778167351e-12
5.527352352346954285e+04 -2.658234108520555267e-12
5.528764478757094184e+04 -2.728398767670962543e-12
5.530176605182707863e+04 -3.061894022210066300e-12
5.531588731591028045e+04 -3.107896520445025881e-12
5.533000857998403808e+04 -3.173439424251109455e-12
5.534412984408457851e+04 -3.342960877380698328e-12
5.535825110828690231e+04 -3.392561365148129283e-12
5.537237237242653646e+04 -3.337095149993294117e-12
5.538649363646072743e+04 -3.542056928793300238e-12
5.540061490056154435e+04 -3.815903337539964209e-12
5.541473616465987288e+04 -3.709548878879519722e-12
5.542885742885971558e+04 -3.868414153275678892e-12
5.544297869298537989e+04 -3.955888825058685544e-12
5.545709995710912335e+04 -4.057573881412494204e-12
5.547122122121075517e+04 -4.262641256183030902e-12
5.548534248526462034e+04 -4.330665665296585049e-12
5.549946374950461177e+04 -4.535977713657376448e-12
5.551358501362917013e+04 -4.691917207016393609e-12
5.552770627774096647e+04 -4.734145293182751087e-12
5.554182754184028454e+04 -4.756056457067862316e-12
5.555594880588538945e+04 -4.551987092994414144e-12
5.557007007009323570e+04 -4.616386469704995429e-12
5.558419133418772981e+04 -4.953620079152031967e-12
5.559831259827341273e+04 -5.133299349544374516e-12
5.561243386243205168e+04 -5.303920546074368224e-12
5.562655512663935224e+04 -5.410577627333285461e-12
5.564067639071499434e+04 -5.186365188003244378e-12
5.565479765478172339e+04 -5.423026362054258790e-12
5.566891891888708051e+04 -5.592063619026293039e-12
5.568304018297327275e+04 -5.622831966878597476e-12
5.569716144721893943e+04 -5.653350490117695663e-12
5.571128271132932423e+04 -5.758878209594229590e-12
5.572540397542655410e+04 -5.668928471282444427e-12
5.573952523950838076e+04 -5.911361366551975679e-12
5.575364650358312065e+04 -6.133600964091126122e-12
5.576776776776098268e+04 -5.999913889887837229e-12
5.578188903191259305e+04 -6.048898830412419183e-12
5.579601029599229514e+04 -6.197145270991556465e-12
5.581013156011363753e+04 -6.165323538945421632e-12
5.582425282431989035e+04 -6.496108067655658800e-12
5.583837408836763643e+04 -6.640411400164493403e-12
5.585249535250690678e+04 -6.615099273374851357e-12
5.586661661657154764e+04 -6.811891529771852320e-12
5.588073788072333991e+04 -6.785541471857238563e-12
5.589485914491584845e+04 -6.736552668065442342e-12
5.590898040897389728e+04 -7.062710290408403856e-12
5.592310167312012345e+04 -7.208190631661933487e-12
5.593722293719053414e+04 -7.366848577384246579e-12
5.595134420127464546e+04 -7.514716417776359007e-12
5.596546546551119536e+04 -7.506799295498036277e-12
5.597958672956906230e+04 -7.531533219961235117e-12
5.599370799367427389e+04 -7.933207414302475023e-12
5.600782925777318451e+04 -7.862375697679691142e-12
5.602195052199585916e+04 -7.842402606180538110e-12
5.603607178605999798e+04 -7.957958079590269829e-12
5.605019305021510809e+04 -8.029273992370609140e-12
5.606431431428378710e+04 -7.895129764880267918e-12
5.607843557841100119e+04 -7.922301410955839878e-12
5.609255684261649731e+04 -8.234534530501873744e-12
5.610667810669496976e+04 -8.300386495685120513e-12
5.612079937080103264e+04 -8.337184115903578190e-12
5.613492063494240574e+04 -8.348463568414285025e-12
5.614904189897857577e+04 -8.533954480453029215e-12
5.616316316319791076e+04 -8.633548221488035767e-12
5.617728442729649396e+04 -8.587572766123578077e-12
5.619140569136940758e+04 -8.522771609622684718e-12
5.620552695545951428e+04 -8.696783467011302915e-12
5.621964821959994151e+04 -8.729331493293770894e-12
5.623376948381882539e+04 -8.826075430880188348e-12
5.624789074794458429e+04 -8.744165151641852457e-12
5.626201201201307413e+04 -8.912895922748199690e-12
5.627613327612808644e+04 -9.061990994358795854e-12
5.629025454033840651e+04 -9.168215389689686070e-12
5.630437580436521966e+04 -9.146360887057053186e-12
5.631849706847218476e+04 -9.261123102932067086e-12
5.633261833256153477e+04 -9.579212935575338943e-12
5.634673959667397139e+04 -9.742965242997886346e-12
5.636086086090761091e+04 -9.669037761580521385e-12
5.637498212496236374e+04 -1.007224052198297888e-11
5.638910338905673416e+04 -9.924102252885848352e-12
5.640322465321032359e+04 -9.946594194608878156e-12
5.641734591729598469e+04 -9.912829239153831155e-12
5.643146718147731735e+04 -9.605347938281677280e-12
5.644558844556334952e+04 -9.769168496758347444e-12
5.645970970968459733e+04 -1.001017970969292977e-11
5.647383097379289393e+04 -9.980502090950863550e-12
5.648795223797233484e+04 -1.004737009541153290e-11
5.650207350206910633e+04 -1.012198910166030099e-11
5.651619476618080807e+04 -1.022653426350860346e-11
5.653031603028034442e+04 -1.022839378279453337e-11
5.654443729437056027e+04 -1.015215220431566154e-11
5.655855855861559394e+04 -1.016095787805332714e-11
5.657267982272682275e+04 -1.031828042107514894e-11
5.658680108679004479e+04 -1.036687130834384735e-11
5.660092235088334564e+04 -1.059708597716953938e-11
5.661504361504183908e+04 -1.075592034542798280e-11
5.662916487919052452e+04 -1.100875058052756926e-11
5.664328614331646531e+04 -1.102150580111422961e-11
5.665740740736388398e+04 -1.123384513253826197e-11
