5.300000000000090222e+04 -5.842630965342521221e-12
5.301412126407334290e+04 -5.559874680461123235e-12
5.302824252820367110e+04 -5.330899172210761275e-12
5.304236379241786926e+04 -5.074427257823918364e-12
5.305648505648077116e+04 -4.852314277122069252e-12
5.307060632062868535e+04 -4.979662165350620542e-12
5.308472758467891981e+04 -4.700673373443530362e-12
5.309884884880371101e+04 -4.767207121530451703e-12
5.311297011302885221e+04 -4.764887130869589073e-12
5.312709137709537754e+04 -4.653020133651119297e-12
5.314121264117473766e+04 -4.478056462064034602e-12
5.315533390528279415e+04 -4.619235427032284012e-12
5.316945516949034209e+04 -4.626951977011230003e-12
5.318357643357954657e+04 -4.500563686945858529e-12
5.319769769767723483e+04 -4.442130286135162834e-12
5.321181896182108903e+04 -4.458605136602809274e-12
5.322594022592656984e+04 -4.417203081848816726e-12
5.324006149009829096e+04 -4.420675985741267612e-12
5.325418275417740369e+04 -4.361609864973971956e-12
5.326830401832707867e+04 -4.387594872527449586e-12
5.328242528239572857e+04 -4.260851533240101476e-12
5.329654654648425640e+04 -4.322828921231631554e-12
5.331066781069733406e+04 -3.919777967739030118e-12
5.332478907482408977e+04 -4.092443524481677535e-12
5.333891033888852689e+04 -4.131219641904805862e-12
5.335303160300259333e+04 -3.726842919508864470e-12
5.336715286720333097e+04 -3.840786650407950211e-12
5.338127413132925722e+04 -3.774374609501139931e-12
5.339539539542286366e+04 -3.709256441822881679e-12
5.340951665947404399e+04 -3.590161874205556023e-12
5.342363792360804655e+04 -3.415829873375242718e-12
5.343775918778967025e+04 -3.399644497140289215e-12
5.345188045192915888e+04 -3.378973371958406420e-12
5.346600171597642475e+04 -3.406894782715433223e-12
5.348012298007849313e+04 -3.442700720343954496e-12
5.349424424419845309e+04 -3.492928958815554938e-12
5.350836550837282266e+04 -3.278864599838383383e-12
5.352248677251309709e+04 -3.463885953441821163e-12
5.353660803658777877e+04 -3.406301879892326621e-12
5.355072930069197173e+04 -3.242013764100621129e-12
5.356485056490451097e+04 -3.300007235423211421e-12
5.357897182899612380e+04 -3.095273095761276700e-12
5.359309309310326353e+04 -3.102582451286767183e-12
5.360721435721978924e+04 -3.095771885359763591e-12
5.362133562128016638e+04 -3.085038151433891835e-12
5.363545688548101316e+04 -3.144497564756914628e-12
5.364957814958367089e+04 -3.080478748658998764e-12
5.366369941369415756e+04 -3.123703263515161419e-12
5.367782067781345540e+04 -2.845645164315975809e-12
5.369194194191749557e+04 -3.060367266665657583e-12
5.370606320610746479e+04 -2.967804759392408716e-12
5.372018447022267355e+04 -3.040568446221220607e-12
5.373430573431085941e+04 -2.793051504830937691e-12
5.374842699837337568e+04 -2.887552094027460881e-12
5.376254826252700150e+04 -2.804459034886695922e-12
5.377666952668687736e+04 -2.611331773247941955e-12
5.379079079078644281e+04 -2.617479454723275570e-12
5.380491205490480206e+04 -2.590425417464500623e-12
5.381903331898297620e+04 -2.458940114632093658e-12
5.383315458322152699e+04 -2.381129776628015688e-12
5.384727584732400283e+04 -2.483106544122766977e-12
5.386139711139498104e+04 -2.433463444395542354e-12
5.387551837549643096e+04 -2.212927725795933786e-12
5.388963963962470007e+04 -2.149351881865625940e-12
5.390376090377651417e+04 -2.017425705265267293e-12
5.391788216790302977e+04 -1.911660277189666748e-12
5.393200343200279167e+04 -2.104906518088976844e-12
5.394612469608458196e+04 -2.216621119032352063e-12
5.396024596022305923e+04 -2.090928028773369680e-12
5.397436722440481390e+04 -1.930186208402121913e-12
5.398848848852383526e+04 -1.993839063599843837e-12
5.400260975260578562e+04 -2.065682812018993814e-12
5.401673101672066696e+04 -2.151278212750821393e-12
5.403085228088434087e+04 -1.727722956849073970e-12
5.404497354497656488e+04 -1.837917477080863773e-12
5.405909480910234561e+04 -1.656482918011264598e-12
5.407321607322534692e+04 -1.561599580717290527e-12
5.408733733728903462e+04 -1.732957204953682693e-12
5.410145860152161185e+04 -1.567759432910635207e-12
5.411557986560159043e+04 -1.501229252103131171e-12
5.412970112967894966e+04 -1.563966365690505870e-12
5.414382239377944643e+04 -1.654396479232234549e-12
5.415794365787726565e+04 -1.502928955825362250e-12
5.417206492210221768e+04 -1.507767026074715063e-12
5.418618618621632049e+04 -1.645483316848841553e-12
5.420030745030155231e+04 -1.408006588297766652e-12
5.421442871441323223e+04 -1.299756025508291616e-12
5.422854997848108906e+04 -1.357183348603402869e-12
5.424267124272196816e+04 -1.343317963029311996e-12
5.425679250679226243e+04 -1.118629721348316970e-12
5.427091377092828770e+04 -1.141117850793261623e-12
5.428503503500464285e+04 -1.208957432986780465e-12
5.429915629917455226e+04 -1.377763613080134563e-12
5.431327756330923876e+04 -1.496612772857565669e-12
5.432739882740244502e+04 -1.468222264857199660e-12
5.434152009150075173e+04 -1.462679132323069427e-12
5.435564135558250564e+04 -1.595422215909927419e-12
5.436976261981219432e+04 -1.441803413174621453e-12
5.438388388391827903e+04 -1.412195833373151900e-12
5.439800514798061340e+04 -1.497256561872356372e-12
5.441212641207641718e+04 -1.602161436248590574e-12
5.442624767621028877e+04 -1.679499214649894931e-12
5.444036894037653838e+04 -1.368716992478551636e-12
5.445449020450928219e+04 -1.675032980819775898e-12
5.446861146858809661e+04 -1.761473616933473241e-12
5.448273273269183846e+04 -1.695610727216919264e-12
5.449685399692837382e+04 -1.713088717640630833e-12
5.451097526102048141e+04 -1.714787582002998934e-12
5.452509652511428430e+04 -1.891094281830603262e-12
5.453921778920580255e+04 -1.703327801795779338e-12
5.455333905330624111e+04 -1.883404906127216223e-12
5.456746031749981194e+04 -1.936293810444005229e-12
5.458158158161041501e+04 -1.921439658951500333e-12
5.459570284570528020e+04 -2.153403471923506971e-12
5.460982410979361885e+04 -2.052019712171845385e-12
5.462394537388328899e+04 -1.890620882867967075e-12
5.463806663809941529e+04 -1.950416879495984615e-12
5.465218790218409413e+04 -1.908246600627536582e-12
5.466630916632573644e+04 -2.013710488672415617e-12
5.468043043041052442e+04 -1.869981863200837195e-12
5.469455169462381309e+04 -1.954884792045829403e-12
5.470867295869337249e+04 -2.087210713780860862e-12
5.472279422279704886e+04 -2.175372037613359907e-12
5.473691548692831566e+04 -2.133130413156571032e-12
5.475103675097834639e+04 -1.975669020969228891e-12
5.476515801517463842e+04 -1.878676792019894189e-12
5.477927927927953715e+04 -1.880438608371974560e-12
5.479340054337244510e+04 -1.798544784635228237e-12
5.480752180751351261e+04 -1.558072380733712682e-12
5.482164307159688178e+04 -1.583965793142159130e-12
5.483576433578291471e+04 -1.579286361906881157e-12
5.484988559991597867e+04 -1.386341870878258366e-12
5.486400686398529069e+04 -1.331868255140446323e-12
5.487812812808558374e+04 -1.507854319500449464e-12
5.489224939217278006e+04 -1.495327712907572591e-12
5.490637065640916990e+04 -1.438910139727446184e-12
5.492049192047932593e+04 -1.478804074647898990e-12
5.493461318461082556e+04 -1.406646825319981829e-12
5.494873444867975195e+04 -1.359704785631344560e-12
5.496285571289213112e+04 -1.260113898546687889e-12
5.497697697698004777e+04 -1.169398402651596854e-12
5.499109824107227178e+04 -1.102466168469797269e-12
5.500521950522831321e+04 -1.152175577626185671e-12
5.501934076927632123e+04 -1.051956849364132058e-12
5.503346203350033466e+04 -9.064546565023932843e-13
5.504758329757685715e+04 -8.717294996172484011e-13
5.506170456170729449e+04 -9.263651118085866918e-13
5.507582582582231407e+04 -9.064638894608844306e-13
5.508994708989961509e+04 -7.678914516266712749e-13
5.510406835410466010e+04 -8.740217914026373905e-13
5.511818961817269883e+04 -8.215903382110911136e-13
5.513231088230096793e+04 -7.204013099476057710e-13
5.514643214637681376e+04 -5.872385464293327152e-13
5.516055341062680236e+04 -5.104748901742040759e-13
5.517467467471311829e+04 -4.421938046928365187e-13
5.518879593878206651e+04 -2.917612119968337215e-13
5.520291720288782381e+04 -3.708104451584488865e-13
5.521703846697646077e+04 -3.899327415534447077e-13
5.523115973119626142e+04 -2.954778974694455083e-13
5.524528099531152111e+04 -3.705854967152103694e-13
5.525940225939058291e+04 -3.289641591970531965e-13
5.527352352347718988e+04 -3.917558311755116947e-13
5.528764478762666113e+04 -4.781309972199081361e-13
5.530176605180168553e+04 -1.861789742112956142e-13
5.531588731591070973e+04 -2.878011121640012259e-13
5.533000857997299318e+04 -4.506520340305756208e-13
5.534412984409357159e+04 -3.732244441239482808e-13
5.535825110829505138e+04 -3.026913561306075767e-13
5.537237237238957459e+04 -4.199373697433741012e-14
5.538649363651270687e+04 -1.696242796366971405e-13
5.540061490059117205e+04 3.386760742824893881e-14
5.541473616469019908e+04 1.474338362290271466e-13
5.542885742889075482e+04 2.897791966466617437e-13
5.544297869299159356e+04 3.675358156195184894e-13
5.545709995712001546e+04 3.813835746364898459e-13
5.547122122121106077e+04 5.175915357371105962e-13
5.548534248529873730e+04 5.240638396393935865e-13
5.549946374950229074e+04 5.784619129895509061e-13
5.551358501358289504e+04 7.470523775981577345e-13
5.552770627767605038e+04 7.800719552420319010e-13
5.554182754177271272e+04 9.695129582032016944e-13
5.555594880589333479e+04 8.276997519386014198e-13
5.557007007009931112e+04 1.034266214181094173e-12
5.558419133417888224e+04 9.839776467193532939e-13
5.559831259828899783e+04 1.234503903057847890e-12
5.561243386242817360e+04 1.154211577939381346e-12
5.562655512659619853e+04 1.262945612009846693e-12
5.564067639069824509e+04 1.227146913860141918e-12
5.565479765478451736e+04 1.494124623510107103e-12
5.566891891892757121e+04 1.633325741881579978e-12
5.568304018300864846e+04 1.892464669772574431e-12
5.569716144717483985e+04 1.849456709761022227e-12
5.571128271130500798e+04 1.971987301896826137e-12
5.572540397541924176e+04 2.148847139874035056e-12
5.573952523951603507e+04 2.363128158615799353e-12
5.575364650361508393e+04 2.315809246348751646e-12
5.576776776782341767e+04 2.371560367797790770e-12
5.578188903191268037e+04 2.507568561251058214e-12
5.579601029597238812e+04 2.711382762503331021e-12
5.581013156011801766e+04 2.777257403257964677e-12
5.582425282429785148e+04 2.744856433832996104e-12
5.583837408842668083e+04 3.203045356394839925e-12
5.585249535247917083e+04 3.201275146444130982e-12
5.586661661660084064e+04 3.262378026378575402e-12
5.588073788068842259e+04 3.493787861841114067e-12
5.589485914492177835e+04 3.435067085197381770e-12
5.590898040898210456e+04 3.638871214131300856e-12
5.592310167311599798e+04 3.943950825394576505e-12
5.593722293718012952e+04 3.928566198468762588e-12
5.595134420128939382e+04 3.835952909923813123e-12
5.596546546550752100e+04 4.070599317017424822e-12
5.597958672962914716e+04 3.836679795565024345e-12
5.599370799368534063e+04 3.914292884001336531e-12
5.600782925778612844e+04 4.036411350444490970e-12
5.602195052200119244e+04 4.229438938099533877e-12
5.603607178608228423e+04 4.330345102089245798e-12
5.605019305018463638e+04 4.458193038956077941e-12
5.606431431428166979e+04 4.650234378772295961e-12
5.607843557841802976e+04 4.829360488379146590e-12
5.609255684258844849e+04 4.708638716747740953e-12
5.610667810667768936e+04 4.962377203281287059e-12
5.612079937082959805e+04 5.203861035817512408e-12
5.613492063492046145e+04 5.335133560924692022e-12
5.614904189902861981e+04 5.397622223992669556e-12
5.616316316317737073e+04 5.608306585722206312e-12
5.617728442728975642e+04 5.626420810921943597e-12
5.619140569142007735e+04 5.832304873595955508e-12
5.620552695548124029e+04 5.887727805338628053e-12
5.621964821959607798e+04 5.912169964544241799e-12
5.623376948381479451e+04 5.804323133848787864e-12
5.624789074787389109e+04 5.967591217567188792e-12
5.626201201202708762e+04 5.956998496098272763e-12
5.627613327610382112e+04 5.875902903591077899e-12
5.629025454032384732e+04 5.985760840517872551e-12
5.630437580442534090e+04 6.078130714702601509e-12
5.631849706852691452e+04 6.217720456690564499e-12
5.633261833261016000e+04 6.338850996575167693e-12
5.634673959669661417e+04 6.328160070002300765e-12
5.636086086091867037e+04 6.526416030242912758e-12
5.637498212498682551e+04 6.565101286960890187e-12
5.638910338910321298e+04 6.772034549463439657e-12
5.640322465320953052e+04 6.711836499461126368e-12
5.641734591728038504e+04 6.703557893134032323e-12
5.643146718152186077e+04 6.917022214729263070e-12
5.644558844562576996e+04 6.961632512718958434e-12
5.645970970971202769e+04 7.088244911867705346e-12
5.647383097381307743e+04 7.052807138459017852e-12
5.648795223802707915e+04 7.145354117574804346e-12
5.650207350211107405e+04 7.256177318343853262e-12
5.651619476618673070e+04 7.098065422262817802e-12
5.653031603032410203e+04 6.930963142691008666e-12
5.654443729441505275e+04 7.309764570066516265e-12
5.655855855862283352e+04 7.429982725780224552e-12
5.657267982270669745e+04 7.472628082331033921e-12
5.658680108677747194e+04 7.679423689816078367e-12
5.660092235090483155e+04 7.870789344942718969e-12
5.661504361499892548e+04 8.153121464563435092e-12
5.662916487918639177e+04 8.283270926174147168e-12
5.664328614332196594e+04 8.347978856719446893e-12
5.665740740738284512e+04 8.221088629456103622e-12
