5.300000000000066939e+04 -1.393080343690511773e-11
5.301412126409527991e+04 -1.359960626145649097e-11
5.302824252819274261e+04 -1.334935472973030116e-11
5.304236379240843962e+04 -1.307111156425268235e-11
5.305648505650596053e+04 -1.293533093053266185e-11
5.307060632059227646e+04 -1.291978490868789666e-11
5.308472758470510598e+04 -1.273211834641023398e-11
5.309884884879730089e+04 -1.264236143073710650e-11
5.311297011299971200e+04 -1.262153061680264477e-11
5.312709137709967763e+04 -1.229955615590647463e-11
5.314121264120555134e+04 -1.222983483296735212e-11
5.315533390529333701e+04 -1.225927533403340922e-11
5.316945516950284946e+04 -1.205801143049280223e-11
5.318357643359315989e+04 -1.188300478185517581e-11
5.319769769770758285e+04 -1.198119024857336780e-11
5.321181896180568583e+04 -1.183478972056047414e-11
5.322594022590466193e+04 -1.194589039030808544e-11
5.324006149009605724e+04 -1.178554599126757515e-11
5.325418275420503778e+04 -1.138482888911798934e-11
5.326830401829306356e+04 -1.136275222754292597e-11
5.328242528239892272e+04 -1.125109512925211669e-11
5.329654654649947042e+04 -1.111116519024085352e-11
5.331066781070856086e+04 -1.097204677238206387e-11
5.332478907479195186e+04 -1.118738022384392751e-11
5.333891033889249229e+04 -1.070811729334247549e-11
5.335303160299728916e+04 -1.075466280663411144e-11
5.336715286720109725e+04 -1.058487561909136480e-11
5.338127413129792694e+04 -1.029913614831549341e-11
5.339539539539203543e+04 -1.024793993402541372e-11
5.340951665949844028e+04 -1.001365386913668337e-11
5.342363792359631043e+04 -9.882877156703344822e-12
5.343775918779693893e+04 -9.847808580654648072e-12
5.345188045190163393e+04 -9.576656615832729442e-12
5.346600171600116300e+04 -9.409311075831182659e-12
5.348012298009661026e+04 -9.466074133694603896e-12
5.349424424419678689e+04 -9.401109215466926882e-12
5.350836550840466225e+04 -9.066791689696239395e-12
5.352248677249494358e+04 -9.088508407662814897e-12
5.353660803660159581e+04 -9.038032474149919476e-12
5.355072930069666472e+04 -9.085065280574575206e-12
5.356485056489818817e+04 -9.079873171914271769e-12
5.357897182899677864e+04 -9.000181952165340377e-12
5.359309309310743265e+04 -8.869202490630618140e-12
5.360721435719238798e+04 -8.849472464602787692e-12
5.362133562130617793e+04 -8.738105748153395804e-12
5.363545688549926854e+04 -8.377918132336058500e-12
5.364957814960922406e+04 -8.358164820662484951e-12
5.366369941370133165e+04 -8.204355456107950302e-12
5.367782067779968202e+04 -8.002933964500030607e-12
5.369194194190960116e+04 -7.881499912292234526e-12
5.370606320610750845e+04 -7.585272586673856523e-12
5.372018447020208987e+04 -7.563099470050723995e-12
5.373430573430086952e+04 -7.351453808940820672e-12
5.374842699840853311e+04 -7.180080639346207957e-12
5.376254826249174948e+04 -7.172429304122002918e-12
5.377666952670510364e+04 -6.910734328766555662e-12
5.379079079080720112e+04 -6.708272263964093674e-12
5.380491205490537686e+04 -6.722290091514455011e-12
5.381903331900940248e+04 -6.611642212788145168e-12
5.383315458320896869e+04 -6.663848761729984734e-12
5.384727584730662056e+04 -6.596337443351949300e-12
5.386139711140351574e+04 -6.359896177161339137e-12
5.387551837550823257e+04 -6.211627353239462577e-12
5.388963963959345710e+04 -6.033302860847027964e-12
5.390376090379701782e+04 -6.074829235190537821e-12
5.391788216790034494e+04 -5.834265032242738407e-12
5.393200343199945928e+04 -5.965172341072342097e-12
5.394612469609233085e+04 -5.688256031045162705e-12
5.396024596020869649e+04 -5.558949987522236789e-12
5.397436722439644655e+04 -5.506301339278128163e-12
5.398848848849193018e+04 -5.343200542918684093e-12
5.400260975260327541e+04 -5.184097793543206293e-12
5.401673101669536845e+04 -5.116378150627484145e-12
5.403085228090861347e+04 -5.042562784809904712e-12
5.404497354499351059e+04 -4.948480380058310166e-12
5.405909480910863931e+04 -4.624487971983404239e-12
5.407321607320150360e+04 -4.440939361366940571e-12
5.408733733729726373e+04 -4.280140105114030034e-12
5.410145860150473891e+04 -4.382586976189870311e-12
5.411557986559747224e+04 -4.485949268313555665e-12
5.412970112970850460e+04 -4.415610613388779672e-12
5.414382239379257226e+04 -4.256378513891036309e-12
5.415794365789455333e+04 -4.387181922825269259e-12
5.417206492210010038e+04 -4.233773202564246037e-12
5.418618618620645429e+04 -3.928834880856949988e-12
5.420030745029392710e+04 -3.933021049621170199e-12
5.421442871440081944e+04 -3.861548154171936696e-12
5.422854997849628853e+04 -3.889609259499554195e-12
5.424267124269238411e+04 -3.623537632238375185e-12
5.425679250680688710e+04 -3.749093046962521579e-12
5.427091377089454909e+04 -3.538457261350798424e-12
5.428503503499572253e+04 -3.302371773589789946e-12
5.429915629919581988e+04 -3.368668302787108588e-12
5.431327756329669501e+04 -2.985273228522085071e-12
5.432739882739507448e+04 -3.101865178282767670e-12
5.434152009149701189e+04 -3.096272162955478976e-12
5.435564135559758870e+04 -2.947649659591786521e-12
5.436976261979701667e+04 -3.024250644573874244e-12
5.438388388389805186e+04 -2.988263498995655751e-12
5.439800514800309611e+04 -2.924839172208987412e-12
5.441212641209197318e+04 -2.828580904244501380e-12
5.442624767620796774e+04 -2.772805551320780077e-12
5.444036894039920298e+04 -2.909291444936647782e-12
5.445449020450027456e+04 -2.894727880562120474e-12
5.446861146860273584e+04 -2.859701809016076272e-12
5.448273273270919890e+04 -2.887919551307168945e-12
5.449685399690122722e+04 -2.825160603648426295e-12
5.451097526100824325e+04 -2.662652771338317154e-12
5.452509652509324224e+04 -2.664374728442646734e-12
5.453921778920407087e+04 -2.637165812155843354e-12
5.455333905329511617e+04 -2.555386099560581958e-12
5.456746031750101247e+04 -2.560857898343271995e-12
5.458158158160281164e+04 -2.524746125365303946e-12
5.459570284569266369e+04 -2.373292874599720033e-12
5.460982410980868008e+04 -2.269778668235076723e-12
5.462394537389650941e+04 -2.227476455531441662e-12
5.463806663809723977e+04 -2.148961980809619519e-12
5.465218790220096707e+04 -2.035377093424789878e-12
5.466630916629512649e+04 -2.241387497078227405e-12
5.468043043039492477e+04 -2.304086885958563015e-12
5.469455169460410980e+04 -2.093434833191504433e-12
5.470867295870620728e+04 -1.984479788114003810e-12
5.472279422279250866e+04 -1.993397337719664967e-12
5.473691548690784111e+04 -1.914902541008329957e-12
5.475103675100104010e+04 -2.029410720645198964e-12
5.476515801519359957e+04 -1.782110078774093343e-12
5.477927927929318685e+04 -1.544801143507753508e-12
5.479340054340883944e+04 -1.577746331038189377e-12
5.480752180750143452e+04 -1.616325988904672381e-12
5.482164307159758755e+04 -1.415886036459831762e-12
5.483576433579582226e+04 -1.478588049074899003e-12
5.484988559989305213e+04 -1.419837643339049754e-12
5.486400686399727419e+04 -1.475276633470184091e-12
5.487812812810848118e+04 -1.365142219630842385e-12
5.489224939219715452e+04 -1.170862009215309481e-12
5.490637065639295179e+04 -1.020291645186898983e-12
5.492049192049401609e+04 -6.570400319500333126e-13
5.493461318460112670e+04 -8.199120386408844694e-13
5.494873444870025560e+04 -6.741168718239318672e-13
5.496285571289357904e+04 -4.682436894969555041e-13
5.497697697699634591e+04 -3.450102800102490941e-13
5.499109824110729096e+04 -2.511023536183040880e-13
5.500521950520477549e+04 -1.633434119432672496e-13
5.501934076930797892e+04 -2.578309213374161580e-13
5.503346203349408461e+04 -2.055747838091497816e-13
5.504758329760572087e+04 5.581715018480064871e-14
5.506170456169668614e+04 1.153473666845362709e-15
5.507582582580223243e+04 -2.286419406594924396e-14
5.508994708989597711e+04 3.244568890012409085e-13
5.510406835410463100e+04 5.608629971464473238e-13
5.511818961820372351e+04 5.807952475287138019e-13
5.513231088230070600e+04 5.579372705472732176e-13
5.514643214639425423e+04 7.669025242554052101e-13
5.516055341059358034e+04 9.308520988005121968e-13
5.517467467470192787e+04 1.077472692564016864e-12
5.518879593879525055e+04 1.240479034473124431e-12
5.520291720289208752e+04 1.202192972523104238e-12
5.521703846700923168e+04 1.434751898431408889e-12
5.523115973119325645e+04 1.372595622640508426e-12
5.524528099529661267e+04 1.572223004438981610e-12
5.525940225939174707e+04 1.748828163461818071e-12
5.527352352350876754e+04 1.946876056951886000e-12
5.528764478760794009e+04 1.894059752058429227e-12
5.530176605179971375e+04 2.139992116267021364e-12
5.531588731589187955e+04 2.120288655553347799e-12
5.533000858000285371e+04 2.517567746897421681e-12
5.534412984410164790e+04 2.622388573158387058e-12
5.535825110830028279e+04 2.826658653564374192e-12
5.537237237240940158e+04 3.122787785910422809e-12
5.538649363649872976e+04 3.263360408744184588e-12
5.540061490059709467e+04 3.138441249692444331e-12
5.541473616470718116e+04 3.293571664684324111e-12
5.542885742890052643e+04 3.276846405264456166e-12
5.544297869299431477e+04 3.383569963952756417e-12
5.545709995710714429e+04 3.708757220824418980e-12
5.547122122119971027e+04 3.882469187558752897e-12
5.548534248529662727e+04 3.970857563195893672e-12
5.549946374950262543e+04 4.107351328015956473e-12
5.551358501359590446e+04 4.305811934979300081e-12
5.552770627770471037e+04 4.478433477559193336e-12
5.554182754180503252e+04 4.633382330107648353e-12
5.555594880590645334e+04 4.909132127673171191e-12
5.557007007010326197e+04 4.936212743331601096e-12
5.558419133420613070e+04 5.134112920556281841e-12
5.559831259829310147e+04 5.343082634613456920e-12
5.561243386240538530e+04 5.303321246623875233e-12
5.562655512660637032e+04 5.621038468341284094e-12
5.564067639069264260e+04 5.666950677662086716e-12
5.565479765479430353e+04 6.089473770352491444e-12
5.566891891889243561e+04 6.120473983326414125e-12
5.568304018300655298e+04 6.490145088331012945e-12
5.569716144719479053e+04 6.606196811110465051e-12
5.571128271129689529e+04 6.812085735845830494e-12
5.572540397539640253e+04 6.937723011093601683e-12
5.573952523949450551e+04 7.178128215716667515e-12
5.575364650360930682e+04 7.186294852442153056e-12
5.576776776780004730e+04 7.272200912649755005e-12
5.578188903189651319e+04 7.320263010209606226e-12
5.579601029600292532e+04 7.660410015400264539e-12
5.581013156010639068e+04 7.822970847151950329e-12
5.582425282430394145e+04 7.738151537870165121e-12
5.583837408839580166e+04 7.858584372904393176e-12
5.585249535249210021e+04 8.220136330782148031e-12
5.586661661660693790e+04 8.124156965819627918e-12
5.588073788070284354e+04 8.098339940807922702e-12
5.589485914489472634e+04 8.285793193451910041e-12
5.590898040899271291e+04 8.593716275789839678e-12
5.592310167309508688e+04 8.383295111679160202e-12
5.593722293720878224e+04 8.666512320664204909e-12
5.595134420129184582e+04 8.974289523351060131e-12
5.596546546549229970e+04 8.943194593553326914e-12
5.597958672959208343e+04 8.941370048420992511e-12
5.599370799370359600e+04 9.071353540251610388e-12
5.600782925779663492e+04 9.295627761371509524e-12
5.602195052200869395e+04 9.471592204372895651e-12
5.603607178609837138e+04 9.727351242271637866e-12
5.605019305020094180e+04 9.709171121943113818e-12
5.606431431429614895e+04 9.745261905043230029e-12
5.607843557840866561e+04 9.909969476552287349e-12
5.609255684259580448e+04 9.858944132986600826e-12
5.610667810669575556e+04 1.007016894704556076e-11
5.612079937079878437e+04 1.036158768842802188e-11
5.613492063490740838e+04 1.035271579180668953e-11
5.614904189899896301e+04 1.055582906756952757e-11
5.616316316320708574e+04 1.042867317465912287e-11
5.617728442730339884e+04 1.071255208954347016e-11
5.619140569140805746e+04 1.073158151280460387e-11
5.620552695550864883e+04 1.083620765794848653e-11
5.621964821960113477e+04 1.089451911286374278e-11
5.623376948379519308e+04 1.102543560476490748e-11
5.624789074790733866e+04 1.094064489419169659e-11
5.626201201199593197e+04 1.112339274096808426e-11
5.627613327610801207e+04 1.120121848532286885e-11
5.629025454029461253e+04 1.149270859229002905e-11
5.630437580439889280e+04 1.152574036306660653e-11
5.631849706849944778e+04 1.156244378822654319e-11
5.633261833259182458e+04 1.174056284218949554e-11
5.634673959670762270e+04 1.184682462356504000e-11
5.636086086089445598e+04 1.204278349946183067e-11
5.637498212500019144e+04 1.207762512245624687e-11
5.638910338909738493e+04 1.233967482674740130e-11
5.640322465319743787e+04 1.241883500258666200e-11
5.641734591730632383e+04 1.240108543712759001e-11
5.643146718149259686e+04 1.261118099575808267e-11
5.644558844560688885e+04 1.277161870136498263e-11
5.645970970969905466e+04 1.275680457032359029e-11
5.647383097380585241e+04 1.295052120251878104e-11
5.648795223800690292e+04 1.318941487356298939e-11
5.650207350210600998e+04 1.333970134949344373e-11
5.651619476620615023e+04 1.351983438223634994e-11
5.653031603029299004e+04 1.357012612957108957e-11
5.654443729440486641e+04 1.366138801948624697e-11
5.655855855859258008e+04 1.379185322901357998e-11
5.657267982270742505e+04 1.401886243121766674e-11
5.658680108680127159e+04 1.406879367740028949e-11
5.660092235090173199e+04 1.423919370378296245e-11
5.661504361499185325e+04 1.399901965018974713e-11
5.662916487920546933e+04 1.413185409217968884e-11
5.664328614329564152e+04 1.396871289030537841e-11
5.665740740739357716e+04 1.445583338158093641e-11
