5.299999999999839201e+04 -1.237814505233385667e-11
5.301412126406353491e+04 -1.241485152268260083e-11
5.302824252822222479e+04 -1.227160824387443136e-11
5.304236379242352996e+04 -1.239655224044615824e-11
5.305648505646482954e+04 -1.221208246901549369e-11
5.307060632057049224e+04 -1.222378433709677845e-11
5.308472758469905966e+04 -1.199606228165358859e-11
5.309884884883166524e+04 -1.205148343675571862e-11
5.311297011298677535e+04 -1.217506753360856267e-11
5.312709137712115626e+04 -1.236168113033399838e-11
5.314121264123114815e+04 -1.215715717575139772e-11
5.315533390533384227e+04 -1.206322520362170585e-11
5.316945516951424361e+04 -1.225710482581147862e-11
5.318357643358824862e+04 -1.215837253921744775e-11
5.319769769773380540e+04 -1.207495915858971651e-11
5.321181896180932381e+04 -1.206087527495668480e-11
5.322594022593138652e+04 -1.181034228374111525e-11
5.324006149013083632e+04 -1.187730569564543605e-11
5.325418275416784309e+04 -1.192183787198373235e-11
5.326830401830891788e+04 -1.182338063198764216e-11
5.328242528236990620e+04 -1.182749253101301858e-11
5.329654654651495366e+04 -1.175364585243474245e-11
5.331066781067188276e+04 -1.160073866671026060e-11
5.332478907477878238e+04 -1.132176378162693705e-11
5.333891033893302665e+04 -1.130474223698821131e-11
5.335303160298345756e+04 -1.127842491305513546e-11
5.336715286717170238e+04 -1.084139098430394241e-11
5.338127413130731293e+04 -1.101993473708780333e-11
5.339539539538489043e+04 -1.080146848952297919e-11
5.340951665951399627e+04 -1.053739299211632001e-11
5.342363792360633670e+04 -1.055272555276379285e-11
5.343775918777341576e+04 -1.039053886522245942e-11
5.345188045191356650e+04 -1.046668543758202689e-11
5.346600171601985494e+04 -1.042662586335993342e-11
5.348012298011354142e+04 -1.021999932191092317e-11
5.349424424422500306e+04 -1.024016870634757282e-11
5.350836550838119729e+04 -9.984532608919680753e-12
5.352248677247690648e+04 -9.917331789562210878e-12
5.353660803659613157e+04 -9.805124979657820679e-12
5.355072930069344875e+04 -9.924892028213012330e-12
5.356485056492896547e+04 -9.859134569988544870e-12
5.357897182897075254e+04 -9.701622754615957802e-12
5.359309309309981472e+04 -9.596520075046471991e-12
5.360721435722474416e+04 -9.596172623129689094e-12
5.362133562128906487e+04 -9.447852086775743566e-12
5.363545688548659382e+04 -9.128687117125218664e-12
5.364957814959265670e+04 -9.295883103542025693e-12
5.366369941372262110e+04 -9.271820069014767071e-12
5.367782067779138015e+04 -8.967750785187973725e-12
5.369194194190538838e+04 -8.994782663751689552e-12
5.370606320611168485e+04 -8.899147939967577634e-12
5.372018447018291045e+04 -8.665588088675795782e-12
5.373430573431769153e+04 -8.696060559528103160e-12
5.374842699842729053e+04 -8.696855404006842220e-12
5.376254826250718179e+04 -8.541680508229506315e-12
5.377666952668481827e+04 -8.548222036647597312e-12
5.379079079078436916e+04 -8.467344553049505885e-12
5.380491205490227003e+04 -8.354293218868919308e-12
5.381903331898237229e+04 -8.346123054985466148e-12
5.383315458322021004e+04 -8.125212215983665025e-12
5.384727584729430964e+04 -8.090826016526116938e-12
5.386139711141385487e+04 -7.842525517261371907e-12
5.387551837552139477e+04 -7.710689602822888647e-12
5.388963963961225090e+04 -7.728746449907380541e-12
5.390376090376503271e+04 -7.667982989568136027e-12
5.391788216792030289e+04 -7.564283465681533470e-12
5.393200343201181386e+04 -7.327951359025494147e-12
5.394612469610633707e+04 -7.250979614591532284e-12
5.396024596023053891e+04 -7.107455389911226086e-12
5.397436722439073492e+04 -7.169010014744214078e-12
5.398848848849376373e+04 -7.068878849642843978e-12
5.400260975259137194e+04 -7.030394664085653698e-12
5.401673101668590243e+04 -6.904597023976663060e-12
5.403085228090339660e+04 -6.951483131770679269e-12
5.404497354498231289e+04 -6.853243091590825105e-12
5.405909480906721728e+04 -6.695909594087732289e-12
5.407321607323158241e+04 -6.345126322466948745e-12
5.408733733728107472e+04 -6.433957480304798870e-12
5.410145860147377971e+04 -6.301172904470824329e-12
5.411557986562843871e+04 -6.077698649253332446e-12
5.412970112970632181e+04 -5.770784607901728835e-12
5.414382239383256092e+04 -5.666034028651125688e-12
5.415794365793187171e+04 -5.819023207023781026e-12
5.417206492211711884e+04 -5.580355649538432589e-12
5.418618618623097427e+04 -5.662745122761657635e-12
5.420030745029071113e+04 -5.428623218322755949e-12
5.421442871439205919e+04 -5.378557732613781075e-12
5.422854997846983315e+04 -5.091000412345367159e-12
5.424267124272298679e+04 -5.001758839338662579e-12
5.425679250678136304e+04 -4.705354706015651038e-12
5.427091377089119487e+04 -4.858968965348640041e-12
5.428503503500561055e+04 -4.623473942297377890e-12
5.429915629917515616e+04 -4.499237325999575667e-12
5.431327756331373530e+04 -4.427242809694646471e-12
5.432739882740331086e+04 -4.451679846907633934e-12
5.434152009149079822e+04 -4.342687988106503524e-12
5.435564135559803253e+04 -4.036760440978604777e-12
5.436976261979553237e+04 -3.849236088317171674e-12
5.438388388387385203e+04 -3.966478731725697265e-12
5.439800514798461518e+04 -3.750522169367553635e-12
5.441212641209693538e+04 -3.444623997558488983e-12
5.442624767620775674e+04 -3.368553930150169942e-12
5.444036894037427555e+04 -3.428006670219149454e-12
5.445449020446661598e+04 -3.143570622839427323e-12
5.446861146861988527e+04 -2.928694232919556158e-12
5.448273273271394282e+04 -2.684875083805523565e-12
5.449685399687493191e+04 -2.601209204558099524e-12
5.451097526101090625e+04 -2.306757981167865169e-12
5.452509652509782609e+04 -2.220888307396477855e-12
5.453921778921692749e+04 -2.305844763838395316e-12
5.455333905329108529e+04 -2.246188397932926166e-12
5.456746031751253031e+04 -2.022344723870667380e-12
5.458158158160559105e+04 -2.225230496009285801e-12
5.459570284567109047e+04 -1.999538242816965892e-12
5.460982410981241992e+04 -1.836795231929711720e-12
5.462394537386990123e+04 -1.670325364657799341e-12
5.463806663813242631e+04 -1.509159969794788876e-12
5.465218790222190728e+04 -1.274909943772971867e-12
5.466630916632006847e+04 -1.383510691186195924e-12
5.468043043037709867e+04 -1.119612381829075577e-12
5.469455169457988814e+04 -1.067423157410103759e-12
5.470867295866455243e+04 -9.591727833052595106e-13
5.472279422283093299e+04 -7.550805571379520006e-13
5.473691548691259231e+04 -5.522714190728635166e-13
5.475103675101910630e+04 -5.571630229895799811e-13
5.476515801517978980e+04 -3.967695211199343113e-13
5.477927927931646991e+04 -3.343540057616859862e-13
5.479340054342958319e+04 -1.329887960675016654e-14
5.480752180752090499e+04 1.985562426307450551e-13
5.482164307159831515e+04 2.471424389321444735e-13
5.483576433582707250e+04 1.826595467393758950e-13
5.484988559990262002e+04 5.055809417768136522e-13
5.486400686400866107e+04 5.649614056492329704e-13
5.487812812810218020e+04 7.745754493042447917e-13
5.489224939219692169e+04 8.358375798911263477e-13
5.490637065643298411e+04 1.174906297166557813e-12
5.492049192047899123e+04 1.341098938902044080e-12
5.493461318460222537e+04 1.365288706947701999e-12
5.494873444872482651e+04 1.848649442264394612e-12
5.496285571286781487e+04 1.610580237427298100e-12
5.497697697699701530e+04 1.829730833079246508e-12
5.499109824112090428e+04 2.176505826304827329e-12
5.500521950522346742e+04 2.205779203098438296e-12
5.501934076932616881e+04 2.264231568298549856e-12
5.503346203346726543e+04 2.486900746096565248e-12
5.504758329756899911e+04 2.663001973399937236e-12
5.506170456171920523e+04 2.906710335597224112e-12
5.507582582576321147e+04 3.128154401197005340e-12
5.508994708992297092e+04 3.052699988822537501e-12
5.510406835413215595e+04 3.285028287942339689e-12
5.511818961816796218e+04 3.278523172007375113e-12
5.513231088233117043e+04 3.502491771876104118e-12
5.514643214640910446e+04 3.555121626077588167e-12
5.516055341060045612e+04 3.735994244454448036e-12
5.517467467468161340e+04 3.832376602383459472e-12
5.518879593878585001e+04 3.968474068570522081e-12
5.520291720291295496e+04 4.105955338238663542e-12
5.521703846702419833e+04 4.083065637875122162e-12
5.523115973121196294e+04 4.223434856470930414e-12
5.524528099528869643e+04 4.433869827305361120e-12
5.525940225941768585e+04 4.540380149556979524e-12
5.527352352352231537e+04 4.810129376814457292e-12
5.528764478759220947e+04 5.124197373560987266e-12
5.530176605178452155e+04 5.013708083671859982e-12
5.531588731591368560e+04 5.004054901974980419e-12
5.533000858000123844e+04 5.256955931255423649e-12
5.534412984410509671e+04 5.398216351831861651e-12
5.535825110830321501e+04 5.507295561855810917e-12
5.537237237240459217e+04 5.601860007196400771e-12
5.538649363646419079e+04 5.798661020984514359e-12
5.540061490061352379e+04 5.940652015424529051e-12
5.541473616469758417e+04 6.060044157438029947e-12
5.542885742892290727e+04 6.037573394313861146e-12
5.544297869303153857e+04 6.136782949137522964e-12
5.545709995712291129e+04 6.305021791653512507e-12
5.547122122118397238e+04 6.679758537546475361e-12
5.548534248527242744e+04 6.820022134116761699e-12
5.549946374950697646e+04 7.030275817269244132e-12
5.551358501363019604e+04 7.025758216038255298e-12
5.552770627772127045e+04 6.948595128524745141e-12
5.554182754177124298e+04 7.263506293763525793e-12
5.555594880590356479e+04 7.263719345526498296e-12
5.557007007012380927e+04 7.360899808271833745e-12
5.558419133421886363e+04 7.653117990941552448e-12
5.559831259826735914e+04 7.644738277736986976e-12
5.561243386241872213e+04 7.577784372460575865e-12
5.562655512659451779e+04 7.709766195076124203e-12
5.564067639069647703e+04 7.700800589523384348e-12
5.565479765479034540e+04 7.874380962542806159e-12
5.566891891891082196e+04 8.068781915940460828e-12
5.568304018297256698e+04 8.246923920888551682e-12
5.569716144721863384e+04 8.199006319756045408e-12
5.571128271130018402e+04 8.372543953300590438e-12
5.572540397540850972e+04 8.515618089991329999e-12
5.573952523951319017e+04 8.649131173732391548e-12
5.575364650360628002e+04 8.599361119801407409e-12
5.576776776782605157e+04 8.531848760661444811e-12
5.578188903189774283e+04 8.544399575457036252e-12
5.579601029599436879e+04 8.625980323556358745e-12
5.581013156006991630e+04 8.626307713098794063e-12
5.582425282426813646e+04 8.819128403465451457e-12
5.583837408837390831e+04 8.830104184682410487e-12
5.585249535252129135e+04 8.959064933299004142e-12
5.586661661661538528e+04 9.233697823452942519e-12
5.588073788072342722e+04 9.145699568886035314e-12
5.589485914486953698e+04 8.976279257502651110e-12
5.590898040898075124e+04 9.047216843379813140e-12
5.592310167311733676e+04 9.024271943241319455e-12
5.593722293722780887e+04 9.218898989752286437e-12
5.595134420126958139e+04 9.263981130164184405e-12
5.596546546552782820e+04 9.393095792539242477e-12
5.597958672956547525e+04 9.317028436698814831e-12
5.599370799370578607e+04 9.579022450661799735e-12
5.600782925778027857e+04 9.468990770135081487e-12
5.602195052199003112e+04 9.777983744765318404e-12
5.603607178608859249e+04 9.592833046987963743e-12
5.605019305020156025e+04 9.628171813789990584e-12
5.606431431426484778e+04 9.529812916550853535e-12
5.607843557841089205e+04 9.535127976986764669e-12
5.609255684259007830e+04 9.528102691944445166e-12
5.610667810666697187e+04 9.627536919536332137e-12
5.612079937076576607e+04 9.618057665551407260e-12
5.613492063487184350e+04 9.793342581796892024e-12
5.614904189897052129e+04 9.701382597416934155e-12
5.616316316318419558e+04 9.664963399932072225e-12
5.617728442729508970e+04 9.577069347045602196e-12
5.619140569138751016e+04 9.562942594815414007e-12
5.620552695552012301e+04 9.656922826397476840e-12
5.621964821960099653e+04 9.516939037809228918e-12
5.623376948378222005e+04 9.609631791131532048e-12
5.624789074787844584e+04 9.623536582161385673e-12
5.626201201202219090e+04 9.648606060304699580e-12
5.627613327611392742e+04 9.527034979806249031e-12
5.629025454032318521e+04 9.616606976728981990e-12
5.630437580441315367e+04 9.597777978406562777e-12
5.631849706851757219e+04 9.526218926992922816e-12
5.633261833263148583e+04 9.502031999637437606e-12
5.634673959670263139e+04 9.593801399531245244e-12
5.636086086087504373e+04 9.591831768263131857e-12
5.637498212498553039e+04 9.605184561543464053e-12
5.638910338910918654e+04 9.727051332064464729e-12
5.640322465321310301e+04 9.862542440021879709e-12
5.641734591729238309e+04 9.804342250635759680e-12
5.643146718149509252e+04 9.906556351806459525e-12
5.644558844558704004e+04 9.941194436552868615e-12
5.645970970966565801e+04 9.863426023787954054e-12
5.647383097378871753e+04 9.989334838180532327e-12
5.648795223797906510e+04 1.008952236515737846e-11
5.650207350209041761e+04 9.835765255156626053e-12
5.651619476617807231e+04 9.370440771920672191e-12
5.653031603027183883e+04 9.367438678896963744e-12
5.654443729439605522e+04 9.407331782218808313e-12
5.655855855858049472e+04 9.580323228516460258e-12
5.657267982270081848e+04 9.608013501588902454e-12
5.658680108678811666e+04 9.683276942110377742e-12
5.660092235091559996e+04 9.784936463085946073e-12
5.661504361502786924e+04 9.606148523929205180e-12
5.662916487917384075e+04 9.702072368639843242e-12
5.664328614332518191e+04 9.477541505800287472e-12
5.665740740736931912e+04 9.418225312543030423e-12
