5.300000000000056752e+04 -4.480262021932015879e-12
5.301412126407883625e+04 -4.559194904266168343e-12
5.302824252821680420e+04 -4.625255237823040788e-12
5.304236379238062364e+04 -4.415367628716118433e-12
5.305648505649945582e+04 -4.460702015011095083e-12
5.307060632061753131e+04 -4.416974525509304248e-12
5.308472758468045504e+04 -4.379341216324615864e-12
5.309884884881144535e+04 -4.402678536543441898e-12
5.311297011299141741e+04 -4.186083444173040723e-12
5.312709137711508811e+04 -3.944068129201574967e-12
5.314121264118196996e+04 -4.135683365230861997e-12
5.315533390530086763e+04 -3.839712238973060525e-12
5.316945516951911850e+04 -3.855357345319747802e-12
5.318357643361361261e+04 -3.955613822235907857e-12
5.319769769770832499e+04 -3.741580619860849088e-12
5.321181896182251512e+04 -3.864779215975148894e-12
5.322594022588100779e+04 -3.674808296999180586e-12
5.324006149008753709e+04 -3.639035315234965998e-12
5.325418275422228908e+04 -3.731340080061097484e-12
5.326830401828265167e+04 -3.762879892309194712e-12
5.328242528239253443e+04 -3.665500530180709706e-12
5.329654654648149153e+04 -3.590363339938523568e-12
5.331066781070798606e+04 -3.542976658424825653e-12
5.332478907478286419e+04 -3.373627678267744199e-12
5.333891033890844847e+04 -3.485638382816764650e-12
5.335303160300684976e+04 -3.568787029172490944e-12
5.336715286718449352e+04 -3.444548079417590372e-12
5.338127413129298657e+04 -3.428245850937785814e-12
5.339539539540092665e+04 -3.224520677365120673e-12
5.340951665948160371e+04 -3.077972335931784907e-12
5.342363792360111984e+04 -3.177024986305578437e-12
5.343775918779145286e+04 -3.102597559204399686e-12
5.345188045190329285e+04 -3.107142578027293531e-12
5.346600171599446912e+04 -2.860119574918106586e-12
5.348012298011509847e+04 -2.925970783684191148e-12
5.349424424418369745e+04 -3.007026794662513429e-12
5.350836550840291602e+04 -2.894712586332358401e-12
5.352248677248419699e+04 -3.017515857174969761e-12
5.353660803659239173e+04 -2.957979747007725167e-12
5.355072930071816518e+04 -2.914656901602780223e-12
5.356485056487921247e+04 -2.859719818027343384e-12
5.357897182898720348e+04 -2.704749992173531438e-12
5.359309309311883408e+04 -2.769268650359071512e-12
5.360721435720091540e+04 -2.479008866372395657e-12
5.362133562128361518e+04 -2.612778406409536997e-12
5.363545688551068451e+04 -2.590138051478502741e-12
5.364957814962037810e+04 -2.576571664396983585e-12
5.366369941371701861e+04 -2.495434103344281467e-12
5.367782067778378405e+04 -2.485863545656364442e-12
5.369194194188514666e+04 -2.300432592629204809e-12
5.370606320609054092e+04 -2.416325768240910163e-12
5.372018447022268811e+04 -2.351380804867157463e-12
5.373430573429851211e+04 -2.081310400544049748e-12
5.374842699841994909e+04 -2.097225711403308242e-12
5.376254826251130726e+04 -2.081883280497741924e-12
5.377666952669811144e+04 -2.198534842809277633e-12
5.379079079077869392e+04 -2.148892342935415398e-12
5.380491205490446737e+04 -2.155192200077997604e-12
5.381903331901835918e+04 -1.982819364699757857e-12
5.383315458321136248e+04 -2.015743022483767247e-12
5.384727584729751834e+04 -1.872092670006460369e-12
5.386139711141739826e+04 -1.846978643291576037e-12
5.387551837551592325e+04 -2.100148343474754183e-12
5.388963963960536785e+04 -1.935765593037692501e-12
5.390376090378882509e+04 -2.015600672252358845e-12
5.391788216788569844e+04 -2.105664839466083211e-12
5.393200343197997427e+04 -1.994961876714187311e-12
5.394612469611352572e+04 -1.735158249860775213e-12
5.396024596018982265e+04 -2.006576239135681774e-12
5.397436722440880112e+04 -2.097722466909712649e-12
5.398848848848050693e+04 -1.958396919062573958e-12
5.400260975261723797e+04 -1.820805666702776368e-12
5.401673101670991309e+04 -1.799204795655328134e-12
5.403085228089128941e+04 -1.708211313779881455e-12
5.404497354499079665e+04 -1.574690607082950050e-12
5.405909480908290425e+04 -1.405710569568110505e-12
5.407321607321338524e+04 -1.535884699774423648e-12
5.408733733730602398e+04 -1.683337505669061068e-12
5.410145860148390784e+04 -1.704050810391493050e-12
5.411557986561006692e+04 -1.672291011744174131e-12
5.412970112969882757e+04 -1.454405531299941943e-12
5.414382239380067767e+04 -1.429497678414545819e-12
5.415794365790917072e+04 -1.418704905035951304e-12
5.417206492212244484e+04 -1.374205236973096588e-12
5.418618618619678455e+04 -1.367947459503226212e-12
5.420030745028192177e+04 -1.180338552077219517e-12
5.421442871440402814e+04 -1.189162444076504052e-12
5.422854997848678613e+04 -1.248799694559459353e-12
5.424267124271811190e+04 -1.126831846037981786e-12
5.425679250678845710e+04 -9.708070463423217288e-13
5.427091377090676542e+04 -1.027907505532359208e-12
5.428503503498975624e+04 -1.057321528093991790e-12
5.429915629919464845e+04 -1.041669960695195222e-12
5.431327756331816636e+04 -9.139027380676025500e-13
5.432739882738164306e+04 -6.702970516862305947e-13
5.434152009147877834e+04 -7.307555184590796560e-13
5.435564135561642615e+04 -7.544549889320322346e-13
5.436976261981466087e+04 -8.370360981271567736e-13
5.438388388388617022e+04 -7.632667871671121096e-13
5.439800514802173711e+04 -5.636209396614618273e-13
5.441212641208275454e+04 -8.068895744911315179e-13
5.442624767620116472e+04 -8.081918078271629638e-13
5.444036894040753396e+04 -7.123367155754664966e-13
5.445449020451003162e+04 -5.101526685988744736e-13
5.446861146858309075e+04 -3.739277630921929832e-13
5.448273273269436322e+04 -4.785292147178621962e-13
5.449685399690301711e+04 -6.052844543503339510e-13
5.451097526099062088e+04 -3.069732054274417707e-13
5.452509652508587169e+04 -2.972592620830992203e-13
5.453921778918727068e+04 -4.156567166421721351e-13
5.455333905327841785e+04 -4.839518597856037276e-13
5.456746031752185081e+04 -3.641646163510180231e-13
5.458158158159794402e+04 -3.392734959339048197e-13
5.459570284567800991e+04 -3.037567611530252896e-13
5.460982410980688292e+04 -2.115502581610563504e-13
5.462394537389316974e+04 -1.510155012729166590e-13
5.463806663808016310e+04 -1.836660967713062737e-13
5.465218790221607196e+04 -2.083213887864296661e-13
5.466630916629059357e+04 -1.284134156505298440e-13
5.468043043040248449e+04 -1.733862315293893666e-13
5.469455169459400349e+04 -1.316321792769855814e-13
5.470867295870320231e+04 1.276692250259298778e-13
5.472279422282140877e+04 -2.803765777235177118e-14
5.473691548692199285e+04 3.275173083609582962e-14
5.475103675099468819e+04 -9.352696478631357631e-14
5.476515801521955291e+04 2.429727848306163439e-14
5.477927927929816360e+04 2.766975336272219739e-13
5.479340054339079506e+04 3.295343610971264748e-13
5.480752180748950195e+04 1.735882537027975948e-13
5.482164307160711905e+04 1.195607702967493258e-13
5.483576433579726290e+04 1.699286475208836303e-13
5.484988559988290217e+04 3.141328695485608252e-13
5.486400686398025573e+04 3.800404054355983247e-13
5.487812812811207550e+04 3.426232929945678051e-13
5.489224939219877706e+04 5.507424790055717795e-13
5.490637065641839581e+04 7.274836482817158816e-13
5.492049192050521378e+04 6.368327678360652932e-13
5.493461318460940674e+04 5.649167848233756560e-13
5.494873444868703518e+04 7.569354431479875013e-13
5.496285571291373344e+04 5.796267781282423653e-13
5.497697697700670687e+04 5.400568099907893149e-13
5.499109824109945475e+04 6.253332547575141269e-13
5.500521950519062375e+04 7.409012654967178650e-13
5.501934076929415460e+04 7.469625607152641697e-13
5.503346203349271673e+04 6.501249743729456036e-13
5.504758329758861510e+04 8.586857484454203844e-13
5.506170456169919635e+04 7.471585459625798877e-13
5.507582582582292525e+04 9.061587429885784588e-13
5.508994708991705556e+04 1.067563445407257080e-12
5.510406835412039072e+04 1.076138007062323226e-12
5.511818961818898970e+04 1.084209103656871751e-12
5.513231088232241018e+04 1.078665355279081441e-12
5.514643214639945654e+04 8.188172465669167875e-13
5.516055341060076898e+04 1.033612273252864063e-12
5.517467467468989344e+04 1.027976744801521008e-12
5.518879593881461187e+04 1.250196017365073057e-12
5.520291720290259400e+04 9.706978611724648544e-13
5.521703846698208508e+04 9.848016752550761283e-13
5.523115973119491537e+04 1.208431113858485796e-12
5.524528099530919280e+04 1.078897787487013822e-12
5.525940225939793891e+04 1.065281368668648385e-12
5.527352352350048750e+04 1.163703900793781387e-12
5.528764478760361089e+04 1.291650624702410881e-12
5.530176605179213220e+04 1.315255001741754728e-12
5.531588731588982773e+04 1.296916713507503574e-12
5.533000858001800952e+04 1.283227317933903570e-12
5.534412984411075013e+04 1.160331728596730291e-12
5.535825110828582547e+04 1.180730926785848094e-12
5.537237237239920796e+04 1.244186576231404163e-12
5.538649363649620500e+04 1.171002570325261904e-12
5.540061490060346841e+04 1.079862969271343003e-12
5.541473616467812826e+04 1.084624267671895600e-12
5.542885742888740788e+04 1.049136193455501018e-12
5.544297869297943544e+04 1.250051389198626195e-12
5.545709995709020586e+04 1.161937879883903528e-12
5.547122122122267319e+04 1.039183025515111126e-12
5.548534248531301273e+04 1.076363067044130852e-12
5.549946374950391328e+04 9.682713219354121835e-13
5.551358501360079390e+04 1.280004826777384709e-12
5.552770627769440762e+04 1.331749239436807679e-12
5.554182754178295727e+04 1.268403924881118405e-12
5.555594880589132663e+04 1.437506391050029307e-12
5.557007007008526853e+04 1.660888155989248629e-12
5.558419133419334685e+04 1.695023882298764043e-12
5.559831259830482304e+04 1.663710476084997277e-12
5.561243386239141546e+04 1.685237873373202288e-12
5.562655512660759268e+04 1.610663747255541621e-12
5.564067639069598226e+04 1.536378214798763539e-12
5.565479765481220238e+04 1.553588469601930167e-12
5.566891891889136605e+04 1.814080032836980840e-12
5.568304018300453026e+04 2.025748075970025199e-12
5.569716144718159921e+04 1.959285220937592717e-12
5.571128271128172491e+04 1.823581424133727637e-12
5.572540397538265097e+04 2.134004826409535507e-12
5.573952523948541784e+04 2.179927831118470752e-12
5.575364650358033396e+04 2.358809348156825663e-12
5.576776776782127854e+04 2.312386688751437137e-12
5.578188903190978453e+04 2.322764132447004918e-12
5.579601029599119647e+04 2.294535298777423569e-12
5.581013156011814135e+04 2.577997890277103117e-12
5.582425282427978527e+04 2.539862607043922271e-12
5.583837408841630531e+04 2.505286535182957387e-12
5.585249535249153269e+04 2.377812959090332471e-12
5.586661661661665130e+04 2.373856807183401547e-12
5.588073788068004797e+04 2.392470269970308050e-12
5.589485914491143922e+04 2.489196196078737546e-12
5.590898040900287742e+04 2.439089908631028899e-12
5.592310167309985263e+04 2.636479523606507850e-12
5.593722293718507717e+04 2.763212398058601113e-12
5.595134420130369836e+04 2.727170992712845111e-12
5.596546546550995117e+04 2.745718188298630261e-12
5.597958672960827244e+04 2.880195213541740529e-12
5.599370799369749875e+04 3.180739335806409145e-12
5.600782925778044591e+04 3.398053178806970189e-12
5.602195052199692873e+04 3.271373152447771043e-12
5.603607178611546260e+04 3.080946066626085809e-12
5.605019305021868786e+04 2.912126230069956252e-12
5.606431431428883661e+04 3.065020235848648953e-12
5.607843557841246366e+04 2.963448189322232061e-12
5.609255684261847637e+04 3.131730598877269096e-12
5.610667810672004271e+04 3.049360467883714012e-12
5.612079937079350202e+04 3.077441857030800663e-12
5.613492063489241264e+04 3.156039396264530313e-12
5.614904189899005723e+04 3.156688814835517472e-12
5.616316316321701743e+04 2.936528132874792891e-12
5.617728442729030940e+04 2.916193876542773563e-12
5.619140569141917513e+04 2.898048425863785026e-12
5.620552695550468343e+04 3.037884313993557841e-12
5.621964821958708490e+04 3.049339593715360578e-12
5.623376948379678652e+04 3.250371585400462246e-12
5.624789074792167230e+04 2.829893769186730488e-12
5.626201201199053321e+04 2.987129601982878941e-12
5.627613327610128908e+04 3.221397245718267998e-12
5.629025454028003151e+04 2.896872017375882264e-12
5.630437580442218314e+04 2.871608309620465496e-12
5.631849706851581141e+04 2.913737351397213620e-12
5.633261833261691208e+04 3.044434329820372660e-12
5.634673959669467149e+04 2.940908560536901906e-12
5.636086086088668526e+04 2.638901258471479274e-12
5.637498212500374939e+04 2.681587607409655640e-12
5.638910338908679114e+04 2.739213731172586649e-12
5.640322465319492039e+04 2.923183078245018465e-12
5.641734591732102854e+04 2.948362460987008685e-12
5.643146718148954824e+04 2.887009138497020160e-12
5.644558844560787838e+04 2.695452528232225241e-12
5.645970970972176292e+04 2.638474663364262003e-12
5.647383097378758248e+04 2.852900250403958816e-12
5.648795223801647808e+04 2.915317989811955061e-12
5.650207350210438017e+04 3.013144117126998106e-12
5.651619476620406931e+04 3.102862949388879988e-12
5.653031603030923725e+04 3.142455779710719984e-12
5.654443729441993491e+04 2.915839512684778280e-12
5.655855855859833537e+04 3.004801904845862899e-12
5.657267982268392370e+04 3.022020940053177998e-12
5.658680108678787656e+04 2.922780339330204945e-12
5.660092235091887414e+04 2.971105033075772201e-12
5.661504361501005042e+04 2.910852905800414133e-12
5.662916487921099906e+04 2.922160740999722172e-12
5.664328614330809069e+04 2.893332851832006118e-12
5.665740740739943431e+04 2.790834389833915788e-12
