5.300000000000050204e+04 -3.645795068366218746e-13
5.301412126410641213e+04 -2.542330327488252197e-13
5.302824252817484376e+04 -1.172860821183796069e-13
5.304236379241601389e+04 3.815271762333078538e-14
5.305648505651815503e+04 1.317759927557052046e-13
5.307060632058465853e+04 -5.630409092854058605e-14
5.308472758468556276e+04 -1.962986625483657671e-14
5.309884884878845332e+04 -1.115495315461417627e-13
5.311297011300222948e+04 6.053001181179104686e-14
5.312709137711498624e+04 -2.578558895837285958e-15
5.314121264120231353e+04 2.013595266435582894e-13
5.315533390528310701e+04 1.818495085185039501e-13
5.316945516948575823e+04 4.177587322682355332e-14
5.318357643361651571e+04 1.325011512384010401e-14
5.319769769770959101e+04 2.371961171915665532e-13
5.321181896179185424e+04 3.853234875500079873e-13
5.322594022587654763e+04 4.956490947530968421e-13
5.324006149012212700e+04 5.367639170710357732e-13
5.325418275419611746e+04 5.096885631782643737e-13
5.326830401828722097e+04 4.670239853632210669e-13
5.328242528237945226e+04 6.637164864030587605e-13
5.329654654652106547e+04 7.298115650998985298e-13
5.331066781068198179e+04 6.619943974302582170e-13
5.332478907479817281e+04 6.195023607216047853e-13
5.333891033889850223e+04 5.669979567056947677e-13
5.335303160299151932e+04 4.781266214426233154e-13
5.336715286717348499e+04 8.167009615771166442e-13
5.338127413132782385e+04 5.713755384344190291e-13
5.339539539538021199e+04 6.911133564248851760e-13
5.340951665950307506e+04 5.026133396628133796e-13
5.342363792362247477e+04 6.345373145072849257e-13
5.343775918781437213e+04 6.426743613898569962e-13
5.345188045188129763e+04 6.876820515822879908e-13
5.346600171598926681e+04 5.672544844276497582e-13
5.348012298008017387e+04 7.092208292146046258e-13
5.349424424422539596e+04 7.680741645797182135e-13
5.350836550839987467e+04 6.882621717402339607e-13
5.352248677248980675e+04 7.564489220444998861e-13
5.353660803658782243e+04 7.413446196071540858e-13
5.355072930070390430e+04 9.995342176338402204e-13
5.356485056490503484e+04 1.011766157055786646e-12
5.357897182898376923e+04 9.120830763150605075e-13
5.359309309308593220e+04 9.219509326595646927e-13
5.360721435719381407e+04 1.116505460447301087e-12
5.362133562132227962e+04 1.184083437557902748e-12
5.363545688548278849e+04 1.134581373371591955e-12
5.364957814961100667e+04 1.225602101574913060e-12
5.366369941367520369e+04 1.001395834432746610e-12
5.367782067782607919e+04 1.064960725497256063e-12
5.369194194187504763e+04 1.007922912917067328e-12
5.370606320610452531e+04 1.123534589948770645e-12
5.372018447022520559e+04 1.197769207096505863e-12
5.373430573431621451e+04 1.268770599083347564e-12
5.374842699840253772e+04 1.346774128581489583e-12
5.376254826250446786e+04 1.326459956780083993e-12
5.377666952668970771e+04 1.495606716590776933e-12
5.379079079078042560e+04 1.451287945039743599e-12
5.380491205488664855e+04 1.425802523183289925e-12
5.381903331898386386e+04 1.461770803498720342e-12
5.383315458317645971e+04 1.603884462262791398e-12
5.384727584728234797e+04 1.364634936107200348e-12
5.386139711141226871e+04 1.513260308684265246e-12
5.387551837552418874e+04 1.625383374801934891e-12
5.388963963962048001e+04 1.604172238404134762e-12
5.390376090379036759e+04 1.592655794352368024e-12
5.391788216791249579e+04 1.611635316055249038e-12
5.393200343198500923e+04 1.691483851896808528e-12
5.394612469607716048e+04 1.720726143523439830e-12
5.396024596018321608e+04 1.669467938930576330e-12
5.397436722437616118e+04 1.807306896974606830e-12
5.398848848852457013e+04 1.671988575551000448e-12
5.400260975258261169e+04 1.788463581006733858e-12
5.401673101669179596e+04 1.596649778374648037e-12
5.403085228091983299e+04 1.827845725186498217e-12
5.404497354501484369e+04 1.785097887463317417e-12
5.405909480908326077e+04 1.566107303344631635e-12
5.407321607320868497e+04 1.690612633506421390e-12
5.408733733729555388e+04 1.653449230918572546e-12
5.410145860151804663e+04 1.711269395952283251e-12
5.411557986560805148e+04 1.702768164833119436e-12
5.412970112968587637e+04 1.625314856673043757e-12
5.414382239380631654e+04 1.778545478034376108e-12
5.415794365788655705e+04 1.492210293704706134e-12
5.417206492212547164e+04 1.553389508099637874e-12
5.418618618621633505e+04 1.312365985297843965e-12
5.420030745032049890e+04 1.401500596280412718e-12
5.421442871437312715e+04 1.472680135402371769e-12
5.422854997850763175e+04 1.663500632796227849e-12
5.424267124269473425e+04 1.433402637092186871e-12
5.425679250680399855e+04 1.529425603965957596e-12
5.427091377088815352e+04 1.269516408534794195e-12
5.428503503500523220e+04 1.394798692752072353e-12
5.429915629917862680e+04 1.432210836910865945e-12
5.431327756328210671e+04 1.604645636385565309e-12
5.432739882739001041e+04 1.406308077360256472e-12
5.434152009152794926e+04 1.418962752874392666e-12
5.435564135562424053e+04 1.485073196242559413e-12
5.436976261980417621e+04 1.361709419634236817e-12
5.438388388392638444e+04 1.413551481737531303e-12
5.439800514802143152e+04 1.326579136798216106e-12
5.441212641209877620e+04 1.332555163421696260e-12
5.442624767619456543e+04 1.440291408244776056e-12
5.444036894039838080e+04 1.478733815905261941e-12
5.445449020450841635e+04 1.449045533548756748e-12
5.446861146860631561e+04 1.293915091340893818e-12
5.448273273267535842e+04 1.214731388980273036e-12
5.449685399687566678e+04 1.148830652612652221e-12
5.451097526102878328e+04 1.164073237091942229e-12
5.452509652512348839e+04 1.118963392598255253e-12
5.453921778922896192e+04 9.774431423565212817e-13
5.455333905332253198e+04 1.171755157494121322e-12
5.456746031752363342e+04 1.140167054291085550e-12
5.458158158157213620e+04 1.118078470582089686e-12
5.459570284568014176e+04 1.185604955280676144e-12
5.460982410982382862e+04 1.140907880605885626e-12
5.462394537392179336e+04 1.136952100631229803e-12
5.463806663811149338e+04 1.203955771243306374e-12
5.465218790222802636e+04 1.104823742363421001e-12
5.466630916628393607e+04 1.127978717314797081e-12
5.468043043039079203e+04 1.023852339730818932e-12
5.469455169460143952e+04 1.154424223498502861e-12
5.470867295870077942e+04 1.059169074929701452e-12
5.472279422281558800e+04 1.085251227399589914e-12
5.473691548687647446e+04 1.013275216936943454e-12
5.475103675098246458e+04 1.064923767233793512e-12
5.476515801517340151e+04 9.998942492565598359e-13
5.477927927930266742e+04 9.535112133496567985e-13
5.479340054339205381e+04 9.960090637177312104e-13
5.480752180750546540e+04 9.265499525230239522e-13
5.482164307162478508e+04 9.706187367189508991e-13
5.483576433582203754e+04 8.439141822504450385e-13
5.484988559992350201e+04 9.131150008623016515e-13
5.486400686401221901e+04 9.591915738654365431e-13
5.487812812812823540e+04 1.130107347185685788e-12
5.489224939217238716e+04 1.058563623827134993e-12
5.490637065640632500e+04 9.580006042068900433e-13
5.492049192052316357e+04 7.914957373416894983e-13
5.493461318461626797e+04 7.042750660928167645e-13
5.494873444871105312e+04 8.247000378637848157e-13
5.496285571287481434e+04 1.082791634203087098e-12
5.497697697699175478e+04 8.926226819257789138e-13
5.499109824110719637e+04 8.736402533931873087e-13
5.500521950518851372e+04 7.566378659756848714e-13
5.501934076928846480e+04 9.172941914632818347e-13
5.503346203347271512e+04 9.609165696679474758e-13
5.504758329757213505e+04 6.967613265524617110e-13
5.506170456170747639e+04 6.759899519637271799e-13
5.507582582578188158e+04 5.431129522355861465e-13
5.508994708992704545e+04 3.799434648325350490e-13
5.510406835411995417e+04 3.566365042134364344e-13
5.511818961819070682e+04 3.763315212864972368e-13
5.513231088228870794e+04 6.250689396172862854e-13
5.514643214640540828e+04 5.501184118379842680e-13
5.516055341061743093e+04 4.803378883295687970e-13
5.517467467468247196e+04 4.907842037864701006e-13
5.518879593877548177e+04 3.220939283409417512e-14
5.520291720287400676e+04 1.391475052709375029e-13
5.521703846698040434e+04 4.571203210093324633e-14
5.523115973118331749e+04 4.590357970105163322e-15
5.524528099531402404e+04 -2.367147120522238722e-13
5.525940225938097865e+04 -3.005628113828172475e-13
5.527352352350080037e+04 -1.806834930746560184e-13
5.528764478757380857e+04 -2.450456860026275330e-13
5.530176605179257604e+04 -3.108255813065674340e-13
5.531588731588415976e+04 -3.375019728215675066e-13
5.533000858000032895e+04 -4.361265522862703729e-13
5.534412984411887010e+04 -5.061304864210101033e-13
5.535825110829732876e+04 -3.282765258430923829e-13
5.537237237241228286e+04 -2.942118037266776130e-13
5.538649363652429747e+04 -5.084601028033131709e-13
5.540061490061466611e+04 -6.339089068368664154e-13
5.541473616468557884e+04 -5.875831770013997636e-13
5.542885742890748952e+04 -4.726770290665829248e-13
5.544297869300108869e+04 -4.759600855939426925e-13
5.545709995712195814e+04 -5.912665455060394009e-13
5.547122122122098517e+04 -7.577099536859314315e-13
5.548534248531066260e+04 -5.778361617205766436e-13
5.549946374951327743e+04 -6.279706689996232385e-13
5.551358501358847570e+04 -7.094673772870582707e-13
5.552770627768134727e+04 -9.394897954186251939e-13
5.554182754179013864e+04 -7.426592199675370001e-13
5.555594880590651883e+04 -6.728678996630537926e-13
5.557007007008179789e+04 -7.986073866676608918e-13
5.558419133417258854e+04 -9.210322572794794395e-13
5.559831259831037460e+04 -1.105525416916267422e-12
5.561243386242113775e+04 -1.280603770382007932e-12
5.562655512661410467e+04 -1.060307604461903283e-12
5.564067639071614394e+04 -8.562714134197769321e-13
5.565479765479250636e+04 -9.191627505142160052e-13
5.566891891892298008e+04 -1.027085862961544621e-12
5.568304018302496115e+04 -1.064472676175717825e-12
5.569716144721188903e+04 -1.372081701372658080e-12
5.571128271127987682e+04 -1.317405895562975723e-12
5.572540397542208666e+04 -1.355968729025755359e-12
5.573952523950247996e+04 -1.227195342326120454e-12
5.575364650361324311e+04 -1.386095942668552026e-12
5.576776776777979831e+04 -1.483424906605129235e-12
5.578188903188467521e+04 -1.435303586531324049e-12
5.579601029597347224e+04 -1.446300538587678805e-12
5.581013156009095837e+04 -1.563298773391309114e-12
5.582425282430188236e+04 -1.282564634652460015e-12
5.583837408839644195e+04 -1.240729541458388246e-12
5.585249535249260225e+04 -1.270593479381687511e-12
5.586661661661875405e+04 -1.436043582323349700e-12
5.588073788069771399e+04 -1.490884662165145605e-12
5.589485914491042058e+04 -1.268451561146407790e-12
5.590898040899928310e+04 -1.408959404126099825e-12
5.592310167310228280e+04 -1.439132296521490715e-12
5.593722293720845482e+04 -1.533649110343815324e-12
5.595134420128411875e+04 -1.699212164382801432e-12
5.596546546549419145e+04 -1.636124823913594653e-12
5.597958672958595707e+04 -1.617375772280620619e-12
5.599370799369715678e+04 -1.549409110511581250e-12
5.600782925778004574e+04 -1.615987968724531988e-12
5.602195052201199724e+04 -1.548377601225727117e-12
5.603607178612051939e+04 -1.599865860627110382e-12
5.605019305022482149e+04 -1.728943218662190357e-12
5.606431431428143696e+04 -1.762556136389309802e-12
5.607843557837769185e+04 -1.759978193697449299e-12
5.609255684259677219e+04 -1.642097943707364317e-12
5.610667810670170002e+04 -1.680378399426834356e-12
5.612079937077465001e+04 -1.650139065209488397e-12
5.613492063490417786e+04 -1.796214732869023671e-12
5.614904189897675678e+04 -1.808557962342745165e-12
5.616316316318318422e+04 -1.857597010082305735e-12
5.617728442727359652e+04 -1.770325676944192425e-12
5.619140569138769933e+04 -1.702850684657621171e-12
5.620552695549643249e+04 -1.769580698015520018e-12
5.621964821961044800e+04 -1.813764509615706949e-12
5.623376948378975794e+04 -1.960883313879938316e-12
5.624789074791166058e+04 -2.010441438353524059e-12
5.626201201201351796e+04 -2.226672195292746870e-12
5.627613327611194109e+04 -2.336544544691685407e-12
5.629025454031696427e+04 -2.136681730591118057e-12
5.630437580441648606e+04 -2.103386903086608920e-12
5.631849706848971982e+04 -2.071106974412464595e-12
5.633261833258439583e+04 -2.134460082169492052e-12
5.634673959668775206e+04 -2.025027079318232404e-12
5.636086086088403681e+04 -2.165750027696504339e-12
5.637498212502142997e+04 -2.222764585639008346e-12
5.638910338910375867e+04 -2.404192285715339840e-12
5.640322465322315838e+04 -2.290364986864520108e-12
5.641734591732296394e+04 -2.336434085162684764e-12
5.643146718151657842e+04 -2.331627849867002648e-12
5.644558844559622958e+04 -2.546239917918843040e-12
5.645970970967743051e+04 -2.555391448370392910e-12
5.647383097382699634e+04 -2.499901730241759599e-12
5.648795223801999964e+04 -2.545723332753141750e-12
5.650207350210659934e+04 -2.453227180841028483e-12
5.651619476622607181e+04 -2.503537758948256464e-12
5.653031603027282836e+04 -2.606053337611208633e-12
5.654443729439955496e+04 -2.734649822959888029e-12
5.655855855861410237e+04 -2.706676154871213447e-12
5.657267982270206994e+04 -2.833514423506404073e-12
5.658680108678995020e+04 -2.773412812411307903e-12
5.660092235090718896e+04 -2.939847915363455171e-12
5.661504361502387474e+04 -2.981741145151737751e-12
5.662916487918018538e+04 -2.919741789517046864e-12
5.664328614330153505e+04 -3.062640707564350581e-12
5.665740740738649765e+04 -3.091579443116924429e-12
