5.300000000000085856e+04 1.058985211776412629e-11
5.301412126410032215e+04 1.078167091040830273e-11
5.302824252820000402e+04 1.058959038476163851e-11
5.304236379240677343e+04 1.050498088179164845e-11
5.305648505647993443e+04 1.053348387053553850e-11
5.307060632062191871e+04 1.052951474692029424e-11
5.308472758468349639e+04 1.053255037904161518e-11
5.309884884881687321e+04 1.042528264318178659e-11
5.311297011301222665e+04 1.038085287272189227e-11
5.312709137710485084e+04 1.023410150234554559e-11
5.314121264118324325e+04 9.992072023096910059e-12
5.315533390531682380e+04 9.936798916175021296e-12
5.316945516948648583e+04 9.981020359324879762e-12
5.318357643359834765e+04 9.772898866159252997e-12
5.319769769767974503e+04 9.636386934089817615e-12
5.321181896181442426e+04 9.722253716499632953e-12
5.322594022590341774e+04 9.668876031145852211e-12
5.324006149008453940e+04 9.687886143346763816e-12
5.325418275418029953e+04 9.410700322405652278e-12
5.326830401828027243e+04 9.371140845137494781e-12
5.328242528240384127e+04 9.330824783957463273e-12
5.329654654650097655e+04 9.023926059778386003e-12
5.331066781068916316e+04 9.002988988604494541e-12
5.332478907480345515e+04 8.947294794566576380e-12
5.333891033890168910e+04 8.782106888733997820e-12
5.335303160299794399e+04 8.673465510609033648e-12
5.336715286721872690e+04 8.740498578466823556e-12
5.338127413131881622e+04 8.570422727909931028e-12
5.339539539539623365e+04 8.660981209227433997e-12
5.340951665948406298e+04 8.531932423582771588e-12
5.342363792360419757e+04 8.227331928945207784e-12
5.343775918779144558e+04 8.182463851318613192e-12
5.345188045188110846e+04 7.961240017777427373e-12
5.346600171599594614e+04 8.214427324960136031e-12
5.348012298009292863e+04 7.826044497781948928e-12
5.349424424421019648e+04 7.836259322007322328e-12
5.350836550841993449e+04 7.788625602256578991e-12
5.352248677248032618e+04 7.574738294813147330e-12
5.353660803659239173e+04 7.538690099630816244e-12
5.355072930072116287e+04 7.378233432138896765e-12
5.356485056489129056e+04 7.011348131906731666e-12
5.357897182899698237e+04 6.968792875755248897e-12
5.359309309309339005e+04 7.167059596734442937e-12
5.360721435720101726e+04 7.083910287377656047e-12
5.362133562129725760e+04 6.910434555518310760e-12
5.363545688548527687e+04 6.656187921027219689e-12
5.364957814960225369e+04 6.576997262043014600e-12
5.366369941371492314e+04 6.700517509233333288e-12
5.367782067779972567e+04 6.577645426319238504e-12
5.369194194188599067e+04 6.242623103669791314e-12
5.370606320610759576e+04 6.367267400454607543e-12
5.372018447018198640e+04 6.268645071445925941e-12
5.373430573428696516e+04 6.275859998097039778e-12
5.374842699839746638e+04 6.242492796133746095e-12
5.376254826248087193e+04 6.198712366718914050e-12
5.377666952671205217e+04 6.105635913892129104e-12
5.379079079079105577e+04 5.899597968406252599e-12
5.380491205491306027e+04 5.735071563563401071e-12
5.381903331901563797e+04 5.721161449831493311e-12
5.383315458320688776e+04 5.338473713123920458e-12
5.384727584731688694e+04 5.113792768089104850e-12
5.386139711138741404e+04 5.086919839540250477e-12
5.387551837551067001e+04 5.020533288482311404e-12
5.388963963958352542e+04 5.062329136476707108e-12
5.390376090382171242e+04 5.016050583720335671e-12
5.391788216789009311e+04 5.035538974002825272e-12
5.393200343199069175e+04 4.691919727378376408e-12
5.394612469609374239e+04 4.501491463632167994e-12
5.396024596021524485e+04 4.472135003675370971e-12
5.397436722441063466e+04 4.178595351606777871e-12
5.398848848852223455e+04 3.994763975517723891e-12
5.400260975258586404e+04 3.945296536111635686e-12
5.401673101668184972e+04 3.613877479645554264e-12
5.403085228090250894e+04 3.542814606126084426e-12
5.404497354500011716e+04 3.570920239258853393e-12
5.405909480909427657e+04 3.272973666341480918e-12
5.407321607321137708e+04 3.044621202530668098e-12
5.408733733729230880e+04 2.809648080332163696e-12
5.410145860147965141e+04 2.786172012712410512e-12
5.411557986561008875e+04 2.742935642757226687e-12
5.412970112968004833e+04 2.476481600592224645e-12
5.414382239380981628e+04 2.537716257675383530e-12
5.415794365792017197e+04 2.265302744307393535e-12
5.417206492210092983e+04 2.137749945661437915e-12
5.418618618620286725e+04 2.321746069387876442e-12
5.420030745032026607e+04 1.910963996528383609e-12
5.421442871439627197e+04 1.822210835511591342e-12
5.422854997849167557e+04 1.615025148151936605e-12
5.424267124269782653e+04 1.249631990806939381e-12
5.425679250680816040e+04 1.169114642634253420e-12
5.427091377089965681e+04 1.101505664106921265e-12
5.428503503499583167e+04 9.074522462769512648e-13
5.429915629919776984e+04 7.030150202164050494e-13
5.431327756328097894e+04 5.342731155891634356e-13
5.432739882741256588e+04 3.690172709689775409e-13
5.434152009148908110e+04 3.980189743466064984e-13
5.435564135558606358e+04 2.614896260983615226e-13
5.436976261981482821e+04 3.203169279430536232e-13
5.438388388389839383e+04 -1.896526367726056093e-13
5.439800514800573728e+04 -3.483499563997711877e-13
5.441212641211586742e+04 -3.229173144579373327e-13
5.442624767620590137e+04 -2.410816713811518935e-13
5.444036894040750485e+04 -3.621893855501149144e-13
5.445449020449586533e+04 -3.696409996402709957e-13
5.446861146860716690e+04 -3.983186993310438015e-13
5.448273273270589561e+04 -6.344888307920301082e-13
5.449685399691468047e+04 -8.425501910700113439e-13
5.451097526098727394e+04 -9.067520315537206976e-13
5.452509652510874002e+04 -9.662089831782452468e-13
5.453921778920788347e+04 -1.237284118120625928e-12
5.455333905330648122e+04 -1.437367142576356253e-12
5.456746031748997484e+04 -1.536136803043613009e-12
5.458158158158141305e+04 -1.572411722355487373e-12
5.459570284570593503e+04 -1.425525710011206634e-12
5.460982410979409906e+04 -1.666757045795156171e-12
5.462394537391623453e+04 -1.744315212595393197e-12
5.463806663808384474e+04 -1.944489554312988043e-12
5.465218790221739619e+04 -1.890668697814642658e-12
5.466630916631566652e+04 -2.204365301768483412e-12
5.468043043038853648e+04 -2.251443586627473086e-12
5.469455169459402532e+04 -2.372928651337302751e-12
5.470867295869992813e+04 -2.336445208587253008e-12
5.472279422279684513e+04 -2.370469204464919845e-12
5.473691548690821946e+04 -2.406161387847988493e-12
5.475103675099123939e+04 -2.571734175541999974e-12
5.476515801519474917e+04 -2.449828455198048798e-12
5.477927927932043531e+04 -2.762675275148009386e-12
5.479340054340959614e+04 -3.052861606734525383e-12
5.480752180748590035e+04 -2.990374710704732722e-12
5.482164307160527824e+04 -2.816106228904544972e-12
5.483576433580310550e+04 -2.935810293202992242e-12
5.484988559988786437e+04 -3.218682928007219808e-12
5.486400686400005361e+04 -3.013700308815675100e-12
5.487812812810726609e+04 -2.898950755132170530e-12
5.489224939218315558e+04 -3.157543196943696604e-12
5.490637065641500521e+04 -3.265404730359411939e-12
5.492049192051376303e+04 -3.215635881228165808e-12
5.493461318459618633e+04 -3.489203569472917845e-12
5.494873444871135143e+04 -3.501602005954938547e-12
5.496285571287931089e+04 -3.674359202761519503e-12
5.497697697700622666e+04 -3.553034649321256419e-12
5.499109824109498732e+04 -3.541715074510336101e-12
5.500521950519640814e+04 -3.662733354247576080e-12
5.501934076931534946e+04 -3.763373135752914718e-12
5.503346203349783173e+04 -3.837807687348342069e-12
5.504758329760002380e+04 -4.007202149522138163e-12
5.506170456168624514e+04 -4.001305125518843844e-12
5.507582582581523457e+04 -4.105757010450747636e-12
5.508994708988053753e+04 -4.124734055447298818e-12
5.510406835407960170e+04 -4.166394339671504266e-12
5.511818961821970879e+04 -4.343625611601912109e-12
5.513231088232010370e+04 -4.251093296686031840e-12
5.514643214642099338e+04 -4.371514091658357862e-12
5.516055341058228805e+04 -4.578115160259065049e-12
5.517467467470889096e+04 -4.493844076394201304e-12
5.518879593881130859e+04 -4.733201996187321406e-12
5.520291720289474324e+04 -4.842994842620718240e-12
5.521703846700882423e+04 -4.788494441343790432e-12
5.523115973120459239e+04 -4.706595095847216230e-12
5.524528099529230531e+04 -4.693238926433200360e-12
5.525940225938308140e+04 -4.842474553891606765e-12
5.527352352348163549e+04 -5.093478405720180226e-12
5.528764478760874772e+04 -5.254674397847677642e-12
5.530176605179234321e+04 -5.260137115698323111e-12
5.531588731588632800e+04 -5.379420053655112957e-12
5.533000858000154403e+04 -5.423184557464997786e-12
5.534412984408161719e+04 -5.472226634161611004e-12
5.535825110829093319e+04 -5.474031013047250283e-12
5.537237237241453113e+04 -5.498746924315205941e-12
5.538649363648442522e+04 -5.541126292750966475e-12
5.540061490061957738e+04 -5.372289148299066079e-12
5.541473616470029083e+04 -5.330431323812510634e-12
5.542885742891515838e+04 -5.332917914819433689e-12
5.544297869301850733e+04 -5.585064644543920206e-12
5.545709995708860515e+04 -5.694285738224336704e-12
5.547122122118804691e+04 -5.620050139013865070e-12
5.548534248532199126e+04 -5.540268349816473377e-12
5.549946374948041193e+04 -5.552270136748677067e-12
5.551358501359073853e+04 -5.645491567496360027e-12
5.552770627771649742e+04 -5.604998167252372134e-12
5.554182754180019401e+04 -5.592181742478930062e-12
5.555594880590982211e+04 -5.566478600606761542e-12
5.557007007008696382e+04 -5.841940415973900363e-12
5.558419133418920683e+04 -5.759474966214770319e-12
5.559831259830541967e+04 -5.890335426711871185e-12
5.561243386241843837e+04 -5.804639040429864079e-12
5.562655512661343528e+04 -5.739196257980370238e-12
5.564067639071993472e+04 -5.848689106811215672e-12
5.565479765479006164e+04 -5.686482034897713001e-12
5.566891891889904946e+04 -5.807303872690186107e-12
5.568304018300047028e+04 -5.724326920742606347e-12
5.569716144721438468e+04 -5.618302872642519144e-12
5.571128271131125803e+04 -5.817658183248545133e-12
5.572540397539295373e+04 -5.707337516765471103e-12
5.573952523951393960e+04 -5.801128189825945554e-12
5.575364650359320513e+04 -5.783989414657581417e-12
5.576776776779775537e+04 -5.804275026602500412e-12
5.578188903189905977e+04 -5.729692359035939397e-12
5.579601029598096648e+04 -5.675699694287178849e-12
5.581013156011559477e+04 -5.956943681018976861e-12
5.582425282431536471e+04 -5.932156849815690021e-12
5.583837408842232253e+04 -5.666663992437943008e-12
5.585249535250123881e+04 -5.607754630579582087e-12
5.586661661660185928e+04 -5.552416369889669503e-12
5.588073788071306626e+04 -5.385093020871563936e-12
5.589485914488822891e+04 -5.306457875230367755e-12
5.590898040898152249e+04 -5.401882217243649042e-12
5.592310167311114492e+04 -5.404823197924730077e-12
5.593722293721042661e+04 -5.257069985397759578e-12
5.595134420130200306e+04 -5.167159825258992620e-12
5.596546546552197105e+04 -5.097923767684349140e-12
5.597958672960728290e+04 -4.977779121132782123e-12
5.599370799371659814e+04 -4.928991226505276746e-12
5.600782925780449295e+04 -4.629298014826605556e-12
5.602195052199956262e+04 -5.014343682481430122e-12
5.603607178609491530e+04 -4.580640663088913556e-12
5.605019305018043087e+04 -4.552632309513456604e-12
5.606431431429465010e+04 -4.404826377742523632e-12
5.607843557838915149e+04 -4.340790069408757638e-12
5.609255684257963003e+04 -4.238176454305040891e-12
5.610667810668452876e+04 -4.293349025942498718e-12
5.612079937078975490e+04 -4.297427863639114313e-12
5.613492063489196880e+04 -4.151577564775190742e-12
5.614904189901083737e+04 -3.947018739268004003e-12
5.616316316317937890e+04 -3.955584361191902807e-12
5.617728442729380185e+04 -3.763101380602485783e-12
5.619140569142131426e+04 -3.638466184163353909e-12
5.620552695552157093e+04 -3.520132820207945490e-12
5.621964821958605899e+04 -3.382489777930981144e-12
5.623376948380307294e+04 -3.497253295938035649e-12
5.624789074788158905e+04 -3.464891839075345728e-12
5.626201201202237280e+04 -3.343840296005605193e-12
5.627613327609038970e+04 -3.328337700230237138e-12
5.629025454032065318e+04 -3.397490913278653240e-12
5.630437580441667524e+04 -3.233368375501160638e-12
5.631849706848055939e+04 -3.378006759363981604e-12
5.633261833258169645e+04 -3.380023270445568026e-12
5.634673959670875047e+04 -3.180855615243648364e-12
5.636086086088632146e+04 -2.964571778835063344e-12
5.637498212498095381e+04 -2.899543219016707609e-12
5.638910338908763515e+04 -2.847643006165241543e-12
5.640322465322171774e+04 -2.781531819015501756e-12
5.641734591728021041e+04 -2.651305244666051859e-12
5.643146718147995125e+04 -2.415932021062470987e-12
5.644558844559558202e+04 -2.399454746883833882e-12
5.645970970970125927e+04 -2.261435138578562462e-12
5.647383097378766251e+04 -2.375594895720230902e-12
5.648795223801456450e+04 -2.131526762523032270e-12
5.650207350208074058e+04 -2.138127337389213512e-12
5.651619476621298236e+04 -2.064302195149597122e-12
5.653031603030505357e+04 -2.022400437959739750e-12
5.654443729439312301e+04 -1.795199324780476321e-12
5.655855855859612348e+04 -1.738873833486351480e-12
5.657267982270562061e+04 -1.566632532138551524e-12
5.658680108680415287e+04 -1.699381471267614076e-12
5.660092235089899623e+04 -1.351303918221773031e-12
5.661504361498920480e+04 -1.312228916684409786e-12
5.662916487920764484e+04 -1.323286150495608927e-12
5.664328614330791606e+04 -1.263825747015825022e-12
5.665740740739116154e+04 -8.892015441944077017e-13
