5.299999999999569263e+04 1.241023792251739496e-12
5.301412126405550953e+04 1.011100410271053029e-12
5.302824252826127486e+04 1.320778809798514628e-12
5.304236379244432464e+04 1.016881486482873248e-12
5.305648505651406595e+04 8.869012439347119939e-13
5.307060632059229829e+04 7.699890749700022879e-13
5.308472758466166852e+04 8.315024565287103339e-13
5.309884884886489453e+04 5.912195721888651959e-13
5.311297011291902891e+04 5.109941232564399726e-13
5.312709137715039833e+04 3.767464141002517124e-13
5.314121264124940353e+04 3.444451909643837255e-13
5.315533390528525342e+04 3.710564163786847639e-13
5.316945516955498169e+04 3.981876678667422671e-13
5.318357643356588960e+04 3.777503474587264537e-13
5.319769769767199614e+04 3.505536174642251593e-13
5.321181896175444854e+04 1.465881543803216574e-13
5.322594022591860994e+04 3.787389442237018288e-14
5.324006149007662316e+04 -2.151463759212868210e-13
5.325418275428425113e+04 -2.725734762359274950e-13
5.326830401829486800e+04 -3.851689641022831479e-13
5.328242528239601234e+04 -4.194810532931376850e-13
5.329654654656533239e+04 -3.171466810494840982e-13
5.331066781071521109e+04 -5.862820989571012481e-13
5.332478907484225783e+04 -8.735172968368897661e-13
5.333891033893204440e+04 -9.106861076533910769e-13
5.335303160298319563e+04 -9.631016943058152623e-13
5.336715286718217976e+04 -1.018639634099059212e-12
5.338127413129313936e+04 -1.279417797886172415e-12
5.339539539531609626e+04 -1.276390409701794817e-12
5.340951665951365430e+04 -1.457703520115184407e-12
5.342363792355929036e+04 -1.211620591918749130e-12
5.343775918781290966e+04 -1.198359293374991885e-12
5.345188045191900164e+04 -1.428916634030647205e-12
5.346600171596476139e+04 -1.590364832914932479e-12
5.348012298017997819e+04 -1.546323398062094511e-12
5.349424424416780676e+04 -1.502288384327307898e-12
5.350836550833850924e+04 -1.697780675212203177e-12
5.352248677252927882e+04 -1.855405605227336328e-12
5.353660803664806008e+04 -1.727795684612439208e-12
5.355072930077829369e+04 -1.788979476940647725e-12
5.356485056484556844e+04 -1.903767100714344793e-12
5.357897182890797558e+04 -1.927700973366457344e-12
5.359309309301156463e+04 -2.085435062388461909e-12
5.360721435728374490e+04 -2.024117102488340233e-12
5.362133562134848762e+04 -2.076824681035305945e-12
5.363545688553112268e+04 -2.109497357401599533e-12
5.364957814964286081e+04 -2.107052263238396513e-12
5.366369941377742362e+04 -2.070252497733051975e-12
5.367782067774650204e+04 -2.194910393812278470e-12
5.369194194182377396e+04 -2.094389480487733101e-12
5.370606320606429654e+04 -2.069467431562889950e-12
5.372018447015673155e+04 -2.196638688428811815e-12
5.373430573437010025e+04 -2.270794491034889731e-12
5.374842699845624156e+04 -2.250358099999223134e-12
5.376254826257358218e+04 -2.473569343650656896e-12
5.377666952667456644e+04 -2.507668860038656744e-12
5.379079079088612343e+04 -2.363329899178740646e-12
5.380491205495430768e+04 -2.343631936718969127e-12
5.381903331893656286e+04 -2.509698609250017578e-12
5.383315458320509060e+04 -2.464794378903239677e-12
5.384727584731118986e+04 -2.401365560932162108e-12
5.386139711136443657e+04 -2.549443640219400459e-12
5.387551837556487590e+04 -2.723132855784456211e-12
5.388963963967714517e+04 -2.501145680005741262e-12
5.390376090375383501e+04 -2.645309242956783403e-12
5.391788216789711441e+04 -2.589425914603098091e-12
5.393200343205449462e+04 -2.435874339107534118e-12
5.394612469608931860e+04 -2.721211589672803117e-12
5.396024596011546237e+04 -2.659205556280451793e-12
5.397436722432328679e+04 -2.515305597123093292e-12
5.398848848852528317e+04 -2.413228407555071586e-12
5.400260975265882007e+04 -2.485809346470682370e-12
5.401673101669394237e+04 -2.648330210023109848e-12
5.403085228080656088e+04 -2.530452338698848980e-12
5.404497354491351143e+04 -2.323461515152057711e-12
5.405909480917295878e+04 -2.405314548533686027e-12
5.407321607318443421e+04 -2.649722240825906059e-12
5.408733733728370862e+04 -2.634264244001455183e-12
5.410145860148270731e+04 -2.580753011837337459e-12
5.411557986562201404e+04 -2.480687997894431200e-12
5.412970112972707284e+04 -2.494209858649637073e-12
5.414382239372607000e+04 -2.490627888637779514e-12
5.415794365794019541e+04 -2.532407062215084778e-12
5.417206492213047022e+04 -2.580112589800119762e-12
5.418618618621100177e+04 -2.555212169904502013e-12
5.420030745036196458e+04 -2.560665726851510706e-12
5.421442871441508032e+04 -2.569517069108379903e-12
5.422854997843044112e+04 -2.707583273539379512e-12
5.424267124266929022e+04 -2.676926152334017511e-12
5.425679250672685157e+04 -2.491274731793048364e-12
5.427091377084883425e+04 -2.720046325723290490e-12
5.428503503500375518e+04 -2.686668340232103399e-12
5.429915629926804831e+04 -2.598654075103501346e-12
5.431327756324034272e+04 -2.519843299863842942e-12
5.432739882740700705e+04 -2.656933494351051189e-12
5.434152009144138719e+04 -2.397566286767306727e-12
5.435564135556896508e+04 -2.607532115693320562e-12
5.436976261973900546e+04 -2.739652364808854652e-12
5.438388388384087739e+04 -2.685574384488318132e-12
5.439800514806021238e+04 -2.598844680923549554e-12
5.441212641203554085e+04 -2.211274782142701820e-12
5.442624767611241259e+04 -2.422499826113925647e-12
5.444036894037964521e+04 -2.259500758243470589e-12
5.445449020457005099e+04 -2.359180167149719693e-12
5.446861146852362435e+04 -1.914075698815268347e-12
5.448273273274699750e+04 -2.082819301666528418e-12
5.449685399694089574e+04 -2.188170923487110170e-12
5.451097526106661098e+04 -2.116355111480343675e-12
5.452509652504098631e+04 -2.116546393207554949e-12
5.453921778927737614e+04 -2.187559903411495566e-12
5.455333905335820600e+04 -2.147271781036409300e-12
5.456746031747003872e+04 -2.272246339621637131e-12
5.458158158166358771e+04 -1.989296731110691503e-12
5.459570284576722042e+04 -2.106751146597150558e-12
5.460982410986631294e+04 -2.065270723986020112e-12
5.462394537386344018e+04 -1.968476086852694287e-12
5.463806663804339041e+04 -1.927233583563042063e-12
5.465218790210517909e+04 -1.685890116395598879e-12
5.466630916622452787e+04 -1.794014309399997687e-12
5.468043043030770059e+04 -1.763185507775160211e-12
5.469455169452179689e+04 -1.863181917140992184e-12
5.470867295862841274e+04 -1.792974088275693789e-12
5.472279422271651129e+04 -1.983177067654260097e-12
5.473691548680570850e+04 -1.968238843438379537e-12
5.475103675092763297e+04 -1.692018566645152574e-12
5.476515801513045881e+04 -1.563065618496797327e-12
5.477927927938271023e+04 -1.310910340345361264e-12
5.479340054338060872e+04 -1.444772402220694475e-12
5.480752180752723507e+04 -1.359773020993949450e-12
5.482164307161965553e+04 -1.157868736804499908e-12
5.483576433576149429e+04 -1.075273557357578638e-12
5.484988559997935226e+04 -9.916145000356382619e-13
5.486400686393511569e+04 -9.550884769314261899e-13
5.487812812803783163e+04 -1.081568956676465332e-12
5.489224939226595598e+04 -1.094270604089018203e-12
5.490637065630694997e+04 -1.111070276632600466e-12
5.492049192043809308e+04 -9.813907282837080481e-13
5.493461318464991200e+04 -9.777753008672677852e-13
5.494873444877185102e+04 -7.864442324331697327e-13
5.496285571294098918e+04 -7.284770822950600800e-13
5.497697697697739932e+04 -6.394580811682270437e-13
5.499109824102319544e+04 -6.916272996596317466e-13
5.500521950524058775e+04 -3.997158380706187190e-13
5.501934076938095677e+04 -5.361247181372302561e-13
5.503346203354479803e+04 -4.554707440632790082e-13
5.504758329768060503e+04 -4.786178607773213629e-13
5.506170456174931314e+04 -4.115421857067105315e-13
5.507582582588361402e+04 -3.458358985489260084e-13
5.508994708986901969e+04 -9.678371018415598726e-14
5.510406835410877829e+04 -7.857003985497008626e-14
5.511818961819481774e+04 -1.807617956871693790e-13
5.513231088234992785e+04 1.026014680077102384e-13
5.514643214648495632e+04 -5.575276583661340406e-14
5.516055341054037126e+04 7.687508955855175576e-14
5.517467467462668719e+04 2.848618623104513654e-13
5.518879593878948799e+04 2.512827944381852525e-13
5.520291720283048926e+04 2.396375899218552307e-13
5.521703846704349417e+04 2.515883044759925044e-13
5.523115973123386357e+04 2.586745151759288547e-13
5.524528099533382920e+04 3.130830140993146243e-13
5.525940225930491579e+04 4.441211358464208000e-13
5.527352352351775335e+04 3.462714076311989154e-13
5.528764478766692628e+04 2.307602252391993850e-13
5.530176605185597873e+04 5.852546069844321671e-13
5.531588731594636920e+04 5.071569138020450565e-13
5.533000857994834223e+04 4.650012599347872677e-13
5.534412984418436827e+04 6.282308121479243900e-13
5.535825110822132410e+04 8.725861216349895907e-13
5.537237237242930132e+04 8.566184908094176317e-13
5.538649363646493293e+04 1.066708010746313558e-12
5.540061490065604448e+04 9.301632733398806397e-13
5.541473616472299182e+04 1.000321760982259013e-12
5.542885742895439762e+04 1.310059598095892576e-12
5.544297869301070750e+04 1.492240911260528652e-12
5.545709995701600565e+04 1.397934964302438186e-12
5.547122122114452213e+04 1.300205547562282000e-12
5.548534248521676636e+04 1.176013013564980778e-12
5.549946374950087193e+04 1.118099260092771162e-12
5.551358501359293587e+04 1.194935034601295105e-12
5.552770627761760261e+04 1.287947971156010937e-12
5.554182754186294187e+04 1.227488075399686516e-12
5.555594880594305141e+04 1.234906832423961569e-12
5.557007007004584011e+04 1.378856132804240697e-12
5.558419133414002863e+04 1.353412283549337627e-12
5.559831259825008601e+04 1.670761511228784055e-12
5.561243386239743268e+04 1.817356312246181704e-12
5.562655512667141011e+04 1.827993739182045831e-12
5.564067639063598472e+04 1.908496985958583335e-12
5.565479765475048771e+04 2.022945642289890194e-12
5.566891891889254475e+04 2.226497788143441695e-12
5.568304018306963553e+04 2.156984791842005837e-12
5.569716144724657352e+04 2.069358835378714418e-12
5.571128271123144805e+04 2.204363180360008317e-12
5.572540397539965488e+04 2.429291566159781189e-12
5.573952523954161734e+04 2.370526845568989143e-12
5.575364650350841839e+04 2.456515754882791507e-12
5.576776776777194027e+04 2.499611595614186008e-12
5.578188903182175272e+04 2.461856773287112040e-12
5.579601029598373134e+04 2.465966288839917603e-12
5.581013156011878891e+04 2.336604416857771323e-12
5.582425282433871325e+04 2.423097552915388218e-12
5.583837408846862672e+04 2.403394859105473617e-12
5.585249535245478910e+04 2.553588189860229410e-12
5.586661661664833809e+04 2.518618105045911737e-12
5.588073788074167533e+04 2.307288971371540911e-12
5.589485914483247325e+04 2.552358038823040977e-12
5.590898040898721229e+04 2.735716782266128717e-12
5.592310167318319145e+04 2.511088499246856797e-12
5.593722293714374246e+04 2.401083256607020690e-12
5.595134420134926040e+04 2.589904681743821350e-12
5.596546546543861768e+04 2.671738113817714674e-12
5.597958672959075921e+04 2.619568895326309668e-12
5.599370799372233887e+04 2.745541768791717735e-12
5.600782925785156840e+04 2.679219054301012256e-12
5.602195052195986500e+04 2.576085083883186470e-12
5.603607178604900400e+04 2.416473662715142685e-12
5.605019305027349037e+04 2.542412740822386110e-12
5.606431431425322080e+04 2.696410077092139962e-12
5.607843557834027888e+04 2.950624168462958620e-12
5.609255684260284033e+04 2.944039480878183878e-12
5.610667810674235079e+04 3.050565153441400951e-12
5.612079937086528662e+04 2.938018499867592919e-12
5.613492063492853049e+04 3.000334436694312893e-12
5.614904189908462286e+04 2.781902870548087018e-12
5.616316316323805222e+04 2.503642705936049990e-12
5.617728442730000825e+04 2.792140160443283209e-12
5.619140569132186647e+04 2.952411267002698554e-12
5.620552695543995651e+04 2.946398396878067222e-12
5.621964821961838607e+04 2.965199430532152431e-12
5.623376948388266464e+04 2.846093773845774671e-12
5.624789074780647934e+04 2.799260166501384050e-12
5.626201201201382355e+04 2.954962140636956240e-12
5.627613327609167754e+04 3.004353380687237636e-12
5.629025454024655482e+04 3.200947738201878011e-12
5.630437580448699009e+04 3.018500117614905423e-12
5.631849706857006095e+04 2.983054194157630904e-12
5.633261833266314352e+04 2.914379322738675171e-12
5.634673959669786564e+04 2.980185644156626880e-12
5.636086086098336091e+04 3.006170219142162197e-12
5.637498212492158200e+04 3.041105156783988691e-12
5.638910338903175580e+04 3.116656707682260895e-12
5.640322465312411077e+04 3.216727466836055241e-12
5.641734591733472189e+04 3.332173762140378865e-12
5.643146718148189393e+04 3.319514020971950061e-12
5.644558844566219341e+04 3.206587507572372959e-12
5.645970970973521617e+04 3.190554989659124791e-12
5.647383097383056884e+04 3.107640106123967376e-12
5.648795223807457660e+04 3.303308470824899881e-12
5.650207350212267193e+04 3.069555441101207426e-12
5.651619476623428636e+04 3.201864268315299716e-12
5.653031603024290234e+04 2.932838347368135563e-12
5.654443729438917217e+04 3.034454230297211606e-12
5.655855855858438736e+04 3.332231890156421580e-12
5.657267982275501709e+04 3.266728375147624301e-12
5.658680108687856409e+04 3.075853544048747397e-12
5.660092235091748444e+04 3.006518987238420103e-12
5.661504361504197732e+04 3.098092241535327370e-12
5.662916487923369277e+04 3.153935691366378825e-12
5.664328614332207508e+04 3.014323011345770577e-12
5.665740740734443534e+04 3.007059712969052350e-12
