5.299999999999985448e+04 -1.149709678307320494e-12
5.301412126410267956e+04 -1.120454277904595022e-12
5.302824252820137190e+04 -1.148020559577376936e-12
5.304236379241575196e+04 -1.108370968056759644e-12
5.305648505650381412e+04 -1.096685349109898717e-12
5.307060632061955403e+04 -9.077856618111373069e-13
5.308472758468129177e+04 -1.018655679780777744e-12
5.309884884881720063e+04 -1.181492165343250879e-12
5.311297011300227314e+04 -1.053801462421163436e-12
5.312709137711250514e+04 -1.165454912335071026e-12
5.314121264119073749e+04 -1.000358434871896437e-12
5.315533390530864563e+04 -9.399164899184817252e-13
5.316945516949790908e+04 -6.531071034384880981e-13
5.318357643361952796e+04 -6.287395484272350608e-13
5.319769769770214771e+04 -7.052359730425434516e-13
5.321181896179469913e+04 -9.334264659983616529e-13
5.322594022590988607e+04 -9.893695706011421689e-13
5.324006149010366062e+04 -7.281618203378234093e-13
5.325418275420906139e+04 -6.590638626929058789e-13
5.326830401829874609e+04 -6.025400929267300463e-13
5.328242528238263912e+04 -5.973474354977805590e-13
5.329654654651087185e+04 -9.405841950164311018e-13
5.331066781069691933e+04 -8.794215956715467366e-13
5.332478907479938789e+04 -9.450419452646275704e-13
5.333891033890445397e+04 -6.750997013021493456e-13
5.335303160299339652e+04 -7.798752918542185748e-13
5.336715286720015865e+04 -7.118156480952545793e-13
5.338127413131260982e+04 -6.713089670857537087e-13
5.339539539538065583e+04 -6.496727252208133556e-13
5.340951665948439040e+04 -7.782466658787901944e-13
5.342363792360124353e+04 -6.959540344216772250e-13
5.343775918778531923e+04 -7.901868041009435334e-13
5.345188045190977573e+04 -6.315565959090837113e-13
5.346600171598403540e+04 -4.251116524693503509e-13
5.348012298010961240e+04 -6.409012395494684400e-13
5.349424424418686249e+04 -5.837978563524401098e-13
5.350836550839454867e+04 -5.524178564805443418e-13
5.352248677250093897e+04 -5.199632035500186355e-13
5.353660803661159298e+04 -4.625644285750967509e-13
5.355072930069365975e+04 -2.407789142700115036e-13
5.356485056491658906e+04 -3.807943993917033748e-13
5.357897182900117332e+04 -8.328278856389118690e-13
5.359309309309725359e+04 -6.760227235414578705e-13
5.360721435721348826e+04 -5.797646433850321015e-13
5.362133562128621998e+04 -3.409621690750798432e-13
5.363545688551123021e+04 -3.186437517230704669e-13
5.364957814959051029e+04 -3.623298927419202495e-13
5.366369941371260211e+04 -3.250778887518789452e-13
5.367782067778580677e+04 -4.037638029208997597e-13
5.369194194188988331e+04 -3.476928221476031355e-13
5.370606320608288661e+04 -1.877008741796419091e-13
5.372018447019222367e+04 -1.588548244024570323e-13
5.373430573429536162e+04 -1.558974250261396697e-13
5.374842699838939734e+04 -1.660495453927121587e-13
5.376254826250795304e+04 -1.436860557566441553e-14
5.377666952669128659e+04 2.902993082764177531e-13
5.379079079081925011e+04 1.604258613955458497e-13
5.380491205489957065e+04 3.776135636910811436e-13
5.381903331898171018e+04 3.169160477298316051e-13
5.383315458321815095e+04 8.955533548343081239e-14
5.384727584731945535e+04 2.208745156772489750e-13
5.386139711138942221e+04 3.565440968666466124e-13
5.387551837549982156e+04 3.573446466647094500e-13
5.388963963959897956e+04 6.439913047337260488e-13
5.390376090378268418e+04 6.129910165763233143e-13
5.391788216791558807e+04 8.509367277971464155e-13
5.393200343198408518e+04 7.668347537004867707e-13
5.394612469610373955e+04 9.761315605958905065e-13
5.396024596020657191e+04 9.635505908555813482e-13
5.397436722440396261e+04 9.321993866953673859e-13
5.398848848850389186e+04 8.766059650296583942e-13
5.400260975261807471e+04 8.794092311885359432e-13
5.401673101669127936e+04 1.017931401166391797e-12
5.403085228088776785e+04 1.039285633643376430e-12
5.404497354498114873e+04 1.016911728333088677e-12
5.405909480908090336e+04 1.108463958161198954e-12
5.407321607319473696e+04 1.161929325960335175e-12
5.408733733731176471e+04 1.090117390622736978e-12
5.410145860150846420e+04 1.235882733821083273e-12
5.411557986559349229e+04 1.379042681645105244e-12
5.412970112970048649e+04 1.092806924600463593e-12
5.414382239381661202e+04 1.322338340281368806e-12
5.415794365789707081e+04 1.422740935721513811e-12
5.417206492209343560e+04 1.408141872565285519e-12
5.418618618618598703e+04 1.310729171410357985e-12
5.420030745030516118e+04 1.244923861956349395e-12
5.421442871441903117e+04 1.151361734972823527e-12
5.422854997850833752e+04 1.363095805102304187e-12
5.424267124268636690e+04 1.733675289661829913e-12
5.425679250678264361e+04 1.710977595795000369e-12
5.427091377091459435e+04 1.645178161536574110e-12
5.428503503498193459e+04 1.803335162617574053e-12
5.429915629921681830e+04 1.874427640362802600e-12
5.431327756330651027e+04 2.115084573011711986e-12
5.432739882738019514e+04 1.987850176946525170e-12
5.434152009148029902e+04 1.894454586371113431e-12
5.435564135561648436e+04 2.181640674434529930e-12
5.436976261979078845e+04 2.148241565680811808e-12
5.438388388390274486e+04 2.051202918644631258e-12
5.439800514801372628e+04 2.193088891959894181e-12
5.441212641210191214e+04 2.530206308879707402e-12
5.442624767619136401e+04 2.377774141894177931e-12
5.444036894041270716e+04 2.205521966344739929e-12
5.445449020449527598e+04 2.437395046398269886e-12
5.446861146861418820e+04 2.446181147525291935e-12
5.448273273270202480e+04 2.621510765027453432e-12
5.449685399688565667e+04 2.302993201855655197e-12
5.451097526098817616e+04 2.346229854145810756e-12
5.452509652509009902e+04 2.562998894356140274e-12
5.453921778921253281e+04 2.626100525843057177e-12
5.455333905331874121e+04 2.750453755007940454e-12
5.456746031751658302e+04 2.787798964261233225e-12
5.458158158161069878e+04 2.614999742723122032e-12
5.459570284569687647e+04 2.695782086249160786e-12
5.460982410981079738e+04 2.880281796056286527e-12
5.462394537388996105e+04 2.804453765605076058e-12
5.463806663811970066e+04 2.799720679030572936e-12
5.465218790218979120e+04 2.875792276231977589e-12
5.466630916630413412e+04 3.065718925958561140e-12
5.468043043038828182e+04 2.946435192715233371e-12
5.469455169459194440e+04 2.760252420706943792e-12
5.470867295868224755e+04 2.790516786217690187e-12
5.472279422281888401e+04 3.113289876856404011e-12
5.473691548690942000e+04 3.232918868506797060e-12
5.475103675098639360e+04 3.203381721649251498e-12
5.476515801519357774e+04 3.203444680535245679e-12
5.477927927928227291e+04 2.916796934467047066e-12
5.479340054338242044e+04 2.878299026347140172e-12
5.480752180750882690e+04 2.715728302718172855e-12
5.482164307158102747e+04 2.716656293487078884e-12
5.483576433581296442e+04 2.936355097894504465e-12
5.484988559989782516e+04 2.902938436087317741e-12
5.486400686399667029e+04 2.745232954666818208e-12
5.487812812809508614e+04 2.636133764165684217e-12
5.489224939219995576e+04 2.562010120699603890e-12
5.490637065639968932e+04 2.521398737902161863e-12
5.492049192049659177e+04 2.468297849828971790e-12
5.493461318458862661e+04 2.486720577310168896e-12
5.494873444871493120e+04 2.463668195710030826e-12
5.496285571288914798e+04 2.825835995927675255e-12
5.497697697701593279e+04 2.721581158050716317e-12
5.499109824108508474e+04 2.736352415210804484e-12
5.500521950518260564e+04 2.802455473774267743e-12
5.501934076929623552e+04 2.737654242498621114e-12
5.503346203348784911e+04 2.507277523986636279e-12
5.504758329758687614e+04 2.284392042508621511e-12
5.506170456169801037e+04 2.420263846479300633e-12
5.507582582579764858e+04 2.300854485597099275e-12
5.508994708991276275e+04 2.093776036500368512e-12
5.510406835409830819e+04 2.203932472073221428e-12
5.511818961819367541e+04 2.194508658359031811e-12
5.513231088231761532e+04 2.025255008554987992e-12
5.514643214640354563e+04 2.119930521368020511e-12
5.516055341059286729e+04 1.957823865656784599e-12
5.517467467471465352e+04 2.059978574979506942e-12
5.518879593879613822e+04 1.836562004834153708e-12
5.520291720290771627e+04 1.931090565224346737e-12
5.521703846701160364e+04 2.123266471926370200e-12
5.523115973120794661e+04 2.138916687358898703e-12
5.524528099528851453e+04 2.188748355490230971e-12
5.525940225939957600e+04 1.999912896409842438e-12
5.527352352348155546e+04 2.008277869320179658e-12
5.528764478761642386e+04 1.961033608310030749e-12
5.530176605180271872e+04 1.856227227381112571e-12
5.531588731591586111e+04 1.501523246618053593e-12
5.533000858000623703e+04 1.610281385642292369e-12
5.534412984411585785e+04 1.665662865067361654e-12
5.535825110831487109e+04 1.821113867116348293e-12
5.537237237241737603e+04 1.555329303227690655e-12
5.538649363648155122e+04 1.810008731999685496e-12
5.540061490060755750e+04 1.590080577364709397e-12
5.541473616471666173e+04 1.501784656554831556e-12
5.542885742888659297e+04 1.666140134041834211e-12
5.544297869300394086e+04 1.559052291361691694e-12
5.545709995710893418e+04 1.449887240643411551e-12
5.547122122121363645e+04 1.432838583595711118e-12
5.548534248528299941e+04 1.221991160266223384e-12
5.549946374951508187e+04 1.230348589715565805e-12
5.551358501358199283e+04 1.248958307989496804e-12
5.552770627770040301e+04 1.203401316110681999e-12
5.554182754180616757e+04 1.087423504648282510e-12
5.555594880591626861e+04 7.929589921908811811e-13
5.557007007009405061e+04 8.318407464221721761e-13
5.558419133420963772e+04 8.362442417778297689e-13
5.559831259828218754e+04 9.096654729720573867e-13
5.561243386239287065e+04 8.963403843245881433e-13
5.562655512658335647e+04 6.905791395707784845e-13
5.564067639068898279e+04 7.281264265387951518e-13
5.565479765481931827e+04 6.116046154854315256e-13
5.566891891890620900e+04 2.964539020487494641e-13
5.568304018301794713e+04 3.304453175571093730e-13
5.569716144719436124e+04 1.492447114027056106e-13
5.571128271129745553e+04 -1.884318354454132669e-14
5.572540397540565027e+04 -5.075594034918794352e-14
5.573952523950421892e+04 -9.341247147553963493e-14
5.575364650358452491e+04 -1.534357906103876142e-13
5.576776776778968633e+04 -3.938273239921854567e-13
5.578188903191697318e+04 -3.721773008042740526e-13
5.579601029601955815e+04 -3.994953645303588513e-13
5.581013156010055536e+04 -1.523266117110511529e-13
5.582425282428592618e+04 -1.054326864374829161e-13
5.583837408839878481e+04 -4.121738915306475329e-13
5.585249535250876943e+04 -4.585165638853721105e-13
5.586661661661255494e+04 -5.248877054472622986e-13
5.588073788071126910e+04 -7.702567625531030775e-13
5.589485914489995048e+04 -9.602602975552094994e-13
5.590898040899747139e+04 -9.933491089422417560e-13
5.592310167310315592e+04 -1.117711042100580338e-12
5.593722293719615845e+04 -1.247980955883346990e-12
5.595134420131094521e+04 -1.518788014128900478e-12
5.596546546550926723e+04 -1.437801416889774204e-12
5.597958672960615513e+04 -1.751556590042436255e-12
5.599370799371462635e+04 -1.981686695406517348e-12
5.600782925781854283e+04 -1.886725836674704777e-12
5.602195052201235376e+04 -1.937506095026120629e-12
5.603607178608628601e+04 -2.011232981457191384e-12
5.605019305021587206e+04 -1.971119467085399671e-12
5.606431431429470103e+04 -2.133430666642838078e-12
5.607843557838546258e+04 -2.077786906881645098e-12
5.609255684259865666e+04 -2.332570783575105214e-12
5.610667810669733444e+04 -2.458314475694492857e-12
5.612079937080637319e+04 -2.446608184763175176e-12
5.613492063489591965e+04 -2.564947679783147014e-12
5.614904189898521872e+04 -2.726877644427237407e-12
5.616316316321618797e+04 -2.680736034321333405e-12
5.617728442728688242e+04 -2.788100373860243282e-12
5.619140569139391300e+04 -2.993925157766277576e-12
5.620552695551567012e+04 -3.142961606771730527e-12
5.621964821958012180e+04 -3.367464000100648007e-12
5.623376948380921385e+04 -3.423189867533437243e-12
5.624789074789699953e+04 -3.665362818242445385e-12
5.626201201199686329e+04 -3.778727400736410575e-12
5.627613327610986016e+04 -3.808737899771374412e-12
5.629025454030421679e+04 -3.996066697584627835e-12
5.630437580440999591e+04 -3.811041846839025157e-12
5.631849706849261565e+04 -4.062524588947957613e-12
5.633261833259279956e+04 -4.106116799370767633e-12
5.634673959669146279e+04 -4.282390655096284657e-12
5.636086086088882439e+04 -4.533163441472369706e-12
5.637498212501602393e+04 -4.477133224401755932e-12
5.638910338910092833e+04 -4.874797505662760899e-12
5.640322465320962510e+04 -4.892211005102800846e-12
5.641734591729052772e+04 -4.939904827374923126e-12
5.643146718148146465e+04 -5.190369202249570353e-12
5.644558844558567944e+04 -5.154321033087693391e-12
5.645970970968238544e+04 -5.236827637717251901e-12
5.647383097381757398e+04 -5.151095333113112111e-12
5.648795223799240921e+04 -5.220662871204950012e-12
5.650207350210392906e+04 -5.341623138654350544e-12
5.651619476619167835e+04 -5.326608749943740959e-12
5.653031603028550307e+04 -5.643087982914835668e-12
5.654443729439555318e+04 -5.427218500428125253e-12
5.655855855858411087e+04 -5.736726414907654052e-12
5.657267982271309302e+04 -5.783271890309890266e-12
5.658680108679206751e+04 -5.894570434890652946e-12
5.660092235088488815e+04 -6.093504267178026122e-12
5.661504361499595689e+04 -6.254310546267021691e-12
5.662916487921331282e+04 -6.287361060082849596e-12
5.664328614329417906e+04 -6.210082364055735165e-12
5.665740740738593740e+04 -6.323970346689486634e-12
